100 100 1000 1 1000
  0 -0.2728 -0.2998  0  0 0.000 250.000
  1  1.9805 -1.7482  0  1 25.000 83.333
  2 41.6127 -12.8290  0  1 20.000 70.000
  3 12.6834 -4.6913  0  1 23.333 58.333
  4 -119.2315 24.8813  0  1 0.000 38.333
  5 -1.2052  3.1633  0  1 11.667 71.667
  6 -132.6271 37.4915  0  1 11.667 51.667
  7 54.9263 -8.4744  0  1 18.333 73.333
  8 -1.4342  1.7253  0  1 35.000 83.333
  9 -1.6978  0.2194  0  1 68.333 130.000
 10 47.5621  4.9579  0  1 38.333 75.000
 11 -1.0382  0.0906  0  1 31.667 81.667
 12 13.1740 -5.1736  0  1 38.333 81.667
 13 -1.0382  0.0907  0  1 10.000 70.000
 14 -1.3053  1.2252  0  1 40.000 103.333
 15 -135.8786 25.2518  0  1 16.667 66.667
 16 -1.0915  0.4513  0  1 53.333 113.333
 17 61.7270 -17.6447  0  1 48.333 86.667
 18  1.9807 -1.7480  0  1 35.000 98.333
 19 -118.2590 29.0124  0  1 26.667 80.000
 20  1.4967 -2.1418  0  1 41.667 103.333
 21  1.9805 -1.7483  0  1 33.333 73.333
 22 -0.7249  1.4008  0  1 38.333 95.000
 23 55.1079 -9.3699  0  1 30.000 76.667
 24 -1.3053  1.2252  0  1 43.333 105.000
 25 36.3395 -12.9234  0  1 43.333 106.667
 26 -0.4920  0.1984  0  1 30.000 80.000
 27 -1.9973  0.5515  0  1 16.667 63.333
 28 42.1260 -26.9910  0  1 20.000 71.667
 29 41.6099 -12.8455  0  1 36.667 98.333
 30 -12.5973  1.2861  0  1 28.333 61.667
 31 -1.6125  2.1083  0  1 48.333 103.333
 32 38.8760 -9.8157  0  1 30.000 81.667
 33 55.1073 -9.3748  0  1 36.667 91.667
 34 55.2442 -7.8937  0  1 51.667 98.333
 35 26.2772 -8.1999  0  1 21.667 70.000
 36 55.2791 -5.1713  0  1 36.667 75.000
 37 -65.2797 13.9844  0  1 25.000 68.333
 38 -17.2907 -15.4273  0  1 35.000 96.667
 39 -15.0083 -0.4909  0  1 43.333 78.333
 40 83.6354 -5.7985  0  1 53.333 108.333
 41 41.6055 -12.8709  0  1 50.000 88.333
 42 45.0664 -13.2350  0  1 55.000 103.333
 43 -135.0330 27.3823  0  1 40.000 100.000
 44 -14.9024 -0.0866  0  1 36.667 95.000
 45 35.7770 -12.9281  0  1 25.000 70.000
 46 -133.7140 33.2258  0  1 40.000 93.333
 47 36.3404 -12.9181  0  1 58.333 115.000
 48 55.0285 -8.0631  0  1 53.333 98.333
 49 -134.0380 31.9447  0  1 40.000 86.667
 50  1.9805 -1.7483  0  1 45.000 95.000
 51 -0.2398  0.3280  0  1 61.667 95.000
 52 84.6487 -5.3995  0  1 65.000 126.667
 53 -117.8963 30.2275  0  1 20.000 60.000
 54 -1.3211  1.6359  0  1 46.667 111.667
 55 -1.7660  1.1203  0  1 50.000 110.000
 56 13.0375 -5.8453  0  1 28.333 81.667
 57 36.6614 -12.0353  0  1 63.333 115.000
 58 -1.7660  1.1203  0  1 51.667 95.000
 59 -0.2398  0.3278  0  1 73.333 123.333
 60 24.0692 -7.9967  0  1 25.000 78.333
 61 -97.4126 21.6463  0  1 66.667 123.333
 62 -1.6978  0.2194  0  1 95.000 148.333
 63 -1.9053  0.4021  0  1 60.000 111.667
 64 51.9667 -2.9691  0  1 66.667 106.667
 65 -1.7805  0.6177  0  1 60.000 115.000
 66 60.8753 -14.9491  0  1 55.000 111.667
 67 -1.7805  0.6177  0  1 60.000 111.667
 68 56.3943 -9.2259  0  1 55.000 115.000
 69 35.7789 -12.9174  0  1 61.667 96.667
 70 55.2796 -5.1653  0  1 56.667 101.667
 71 -66.5579 16.8483  0  1 48.333 108.333
 72 -0.7249  1.4008  0  1 41.667 106.667
 73 26.2801 -8.1846  0  1 45.000 81.667
 74 -0.2398  0.3278  0  1 81.667 135.000
 75 36.7828 -12.3199  0  1 55.000 115.000
 76 36.3795 -11.0012  0  1 80.000 130.000
 77 -146.3393 24.7477  0  1 55.000 105.000
 78 -12.5976  1.2840  0  1 46.667 108.333
 79 26.2823 -8.1726  0  1 66.667 123.333
 80  1.9805 -1.7483  0  1 58.333 121.667
 81 35.7762 -12.9325  0  1 63.333 126.667
 82 55.0048 -9.1014  0  1 78.333 131.667
 83 -132.5975 31.0322  0  1 43.333 98.333
 84 55.0275 -7.7705  0  1 71.667 125.000
 85 36.2956 -11.3411  0  1 81.667 118.333
 86 -0.8951  3.0198  0  1 55.000 110.000
 87 84.2426 -5.7580  0  1 75.000 136.667
 88 26.4107 -8.1557  0  1 41.667 95.000
 89  1.9807 -1.7482  0  1 56.667 98.333
 90 13.0398 -5.8345  0  1 55.000 101.667
 91  1.9805 -1.7483  0  1 53.333 108.333
 92  1.4967 -2.1419  0  1 71.667 115.000
 93 -1.7660  1.1203  0  1 66.667 116.667
 94 -130.7786 27.9011  0  1 53.333 88.333
 95 -1.7805  0.6177  0  1 73.333 118.333
 96 89.3313 -12.4228  0  1 91.667 128.333
 97 -135.2472 28.6019  0  1 66.667 123.333
 98 60.8729 -14.9581  0  1 48.333 83.333
 99 36.3412 -12.9141  0  1 61.667 98.333
100 55.7004 -8.2319  0  1 80.000 141.667
101 -13.4157 -3.1726  0 -1 25.000 103.333
102 32.9933 -6.8051  0 -1 20.000 141.667
103 24.0365  0.5932  0 -1 23.333 118.333
104 -110.2393 29.6891  0 -1 0.000 105.000
105  8.9133 -1.7065  0 -1 11.667 93.333
106 -135.8180 38.6348  0 -1 11.667 128.333
107 71.3273 -18.3910  0 -1 18.333 133.333
108 -1.4009  3.3701  0 -1 35.000 136.667
109 -19.9080 -14.2468  0 -1 68.333 158.333
110 13.1870 -10.7989  0 -1 38.333 140.000
111 13.1870 -10.7989  0 -1 31.667 143.333
112 -5.7907 -3.4293  0 -1 38.333 158.333
113 -13.5258  1.1602  0 -1 10.000 126.667
114 -22.2280 -23.9312  0 -1 40.000 115.000
115 -140.8005 57.8359  0 -1 16.667 98.333
116  6.7428 -10.7966  0 -1 53.333 125.000
117 50.7081 -44.4521  0 -1 48.333 145.000
118 12.8162  5.3822  0 -1 35.000 136.667
119 -90.2220 23.9565  0 -1 26.667 126.667
120 -9.7341 -13.6879  0 -1 41.667 160.000
121 -16.4722 -25.7429  0 -1 33.333 135.000
122 -13.8742 -21.3843  0 -1 38.333 160.000
123 41.2839 -0.5203  0 -1 30.000 103.333
124 -27.9218 -15.6615  0 -1 43.333 173.333
125  6.2001 -14.8609  0 -1 43.333 171.667
126 -12.7124  8.8846  0 -1 30.000 150.000
127 -18.1836 -14.1754  0 -1 16.667 146.667
128 30.8667 -3.6129  0 -1 20.000 101.667
129 10.0373  0.1535  0 -1 36.667 120.000
130  5.1369  2.8965  0 -1 28.333 118.333
131 -11.0240 -12.7242  0 -1 48.333 171.667
132 42.3710  3.1016  0 -1 30.000 105.000
133 61.9571 -11.0116  0 -1 36.667 141.667
134 60.2635  1.9170  0 -1 51.667 136.667
135 -5.0934  0.6475  0 -1 21.667 146.667
136 63.1196 -5.4326  0 -1 36.667 106.667
137 -61.5639 15.4166  0 -1 25.000 153.333
138 -32.2116 24.7195  0 -1 35.000 110.000
139  0.8909  2.7322  0 -1 43.333 171.667
140 84.1445 13.6914  0 -1 53.333 156.667
141 15.3600  0.0142  0 -1 50.000 148.333
142 34.3550 -10.7385  0 -1 55.000 180.000
143 -120.5115 31.6174  0 -1 40.000 115.000
144  0.3933 -7.4326  0 -1 36.667 128.333
145 16.8203 -0.1341  0 -1 25.000 128.333
146 -132.7144 36.2142  0 -1 40.000 168.333
147  4.9746 -9.3541  0 -1 58.333 150.000
148 38.3536 -18.6407  0 -1 53.333 168.333
149 -125.3996 27.6341  0 -1 40.000 168.333
150 -10.1859 -15.1258  0 -1 45.000 118.333
151 -0.9581 -4.8014  0 -1 61.667 143.333
152 75.5616 -21.9164  0 -1 65.000 190.000
153 -114.4801 21.6399  0 -1 20.000 120.000
154 29.4739 -7.4493  0 -1 46.667 115.000
155  0.4135  3.1953  0 -1 50.000 140.000
156 -12.7661 -0.2340  0 -1 28.333 106.667
157 45.9561 -18.4396  0 -1 63.333 131.667
158 -13.5253  1.1632  0 -1 51.667 160.000
159 -9.7749 -22.8112  0 -1 73.333 173.333
160 51.1982 -1.1695  0 -1 25.000 103.333
161 -121.5001 28.8272  0 -1 66.667 183.333
162  0.8869  0.7875  0 -1 95.000 216.667
163 24.5946 -4.6278  0 -1 60.000 126.667
164 64.8965 -3.6902  0 -1 66.667 171.667
165 -22.2285 -23.9300  0 -1 60.000 181.667
166 73.8315 -3.7081  0 -1 55.000 176.667
167 -20.7633  2.7316  0 -1 60.000 126.667
168 54.5511 -13.5327  0 -1 55.000 140.000
169  1.7825 10.1007  0 -1 61.667 155.000
170 51.0882 -5.0627  0 -1 56.667 168.333
171 -98.5821 20.5293  0 -1 48.333 178.333
172  6.3486  3.3673  0 -1 41.667 145.000
173 18.8702  2.7562  0 -1 45.000 130.000
174  4.5911 -15.2682  0 -1 81.667 183.333
175  5.9300  7.0300  0 -1 55.000 145.000
176 39.9211 -12.1385  0 -1 80.000 173.333
177 -118.0638 26.9429  0 -1 55.000 131.667
178 -3.3349 -3.2499  0 -1 46.667 140.000
179 11.9044 -0.4660  0 -1 66.667 183.333
180 -7.8981 -12.6585  0 -1 58.333 181.667
181 45.5654 -3.6015  0 -1 63.333 188.333
182 35.2179  0.9592  0 -1 78.333 145.000
183 -148.9276 46.2156  0 -1 43.333 125.000
184 39.2105 -7.8859  0 -1 71.667 170.000
185 51.5706 -8.5922  0 -1 81.667 158.333
186 -4.2674  1.7229  0 -1 55.000 161.667
187 96.3526 -30.2545  0 -1 75.000 175.000
188  5.1581 -9.3561  0 -1 41.667 133.333
189  1.1989 -0.5093  0 -1 56.667 166.667
190 -4.9509  0.6102  0 -1 55.000 143.333
191 -8.3376 -3.3419  0 -1 53.333 178.333
192 36.7969 -7.6087  0 -1 71.667 170.000
193 22.9862 -6.2614  0 -1 66.667 166.667
194 -117.1650 28.0851  0 -1 53.333 140.000
195 -13.4983  4.9492  0 -1 73.333 145.000
196 86.2122 -9.7385  0 -1 91.667 166.667
197 -151.1012 40.6675  0 -1 66.667 155.000
198 76.6440  8.3457  0 -1 48.333 173.333
199 61.5846 -12.5265  0 -1 61.667 150.000
200 79.4580 11.0620  0 -1 80.000 186.667
201 -0.2728 -0.2998  0  0 0.000 250.000
