50 50 1000 1 1000
  0 -5.0479 -0.1899  0  0 0.000 5000.000
  1  1.9805 -1.7482  0  1 25.000 315.000
  2 41.6127 -12.8290  0  1 20.000 188.333
  3 12.6834 -4.6913  0  1 23.333 195.000
  4 -119.2315 24.8813  0  1 0.000 300.000
  5 -1.2052  3.1633  0  1 11.667 291.667
  6 -132.6271 37.4915  0  1 11.667 306.667
  7 54.9263 -8.4744  0  1 18.333 306.667
  8 -1.4342  1.7253  0  1 35.000 291.667
  9 -1.6978  0.2194  0  1 68.333 370.000
 10 47.5621  4.9579  0  1 38.333 261.667
 11 -1.0382  0.0906  0  1 31.667 348.333
 12 13.1740 -5.1736  0  1 38.333 356.667
 13 -1.0382  0.0907  0  1 10.000 193.333
 14 -1.3053  1.2252  0  1 40.000 301.667
 15 -135.8786 25.2518  0  1 16.667 300.000
 16 -1.0915  0.4513  0  1 53.333 246.667
 17 61.7270 -17.6447  0  1 48.333 351.667
 18  1.9807 -1.7480  0  1 35.000 271.667
 19 -118.2590 29.0124  0  1 26.667 273.333
 20  1.4967 -2.1418  0  1 41.667 213.333
 21  1.9805 -1.7483  0  1 33.333 283.333
 22 -0.7249  1.4008  0  1 38.333 303.333
 23 55.1079 -9.3699  0  1 30.000 323.333
 24 -1.3053  1.2252  0  1 43.333 300.000
 25 36.3395 -12.9234  0  1 43.333 353.333
 26 -0.4920  0.1984  0  1 30.000 225.000
 27 -1.9973  0.5515  0  1 16.667 326.667
 28 42.1260 -26.9910  0  1 20.000 300.000
 29 41.6099 -12.8455  0  1 36.667 333.333
 30 -12.5973  1.2861  0  1 28.333 230.000
 31 -1.6125  2.1083  0  1 48.333 243.333
 32 38.8760 -9.8157  0  1 30.000 333.333
 33 55.1073 -9.3748  0  1 36.667 221.667
 34 55.2442 -7.8937  0  1 51.667 368.333
 35 26.2772 -8.1999  0  1 21.667 280.000
 36 55.2791 -5.1713  0  1 36.667 293.333
 37 -65.2797 13.9844  0  1 25.000 326.667
 38 -17.2907 -15.4273  0  1 35.000 241.667
 39 -15.0083 -0.4909  0  1 43.333 316.667
 40 83.6354 -5.7985  0  1 53.333 363.333
 41 41.6055 -12.8709  0  1 50.000 291.667
 42 45.0664 -13.2350  0  1 55.000 350.000
 43 -135.0330 27.3823  0  1 40.000 250.000
 44 -14.9024 -0.0866  0  1 36.667 218.333
 45 35.7770 -12.9281  0  1 25.000 241.667
 46 -133.7140 33.2258  0  1 40.000 308.333
 47 36.3404 -12.9181  0  1 58.333 336.667
 48 55.0285 -8.0631  0  1 53.333 306.667
 49 -134.0380 31.9447  0  1 40.000 293.333
 50  1.9805 -1.7483  0  1 45.000 365.000
 51 -13.4157 -3.1726  0 -1 25.000 273.333
 52 32.9933 -6.8051  0 -1 20.000 241.667
 53 24.0365  0.5932  0 -1 23.333 355.000
 54 -110.2393 29.6891  0 -1 0.000 235.000
 55  8.9133 -1.7065  0 -1 11.667 268.333
 56 -135.8180 38.6348  0 -1 11.667 258.333
 57 71.3273 -18.3910  0 -1 18.333 210.000
 58 -1.4009  3.3701  0 -1 35.000 305.000
 59 -19.9080 -14.2468  0 -1 68.333 246.667
 60 13.1870 -10.7989  0 -1 38.333 331.667
 61 13.1870 -10.7989  0 -1 31.667 275.000
 62 -5.7907 -3.4293  0 -1 38.333 270.000
 63 -13.5258  1.1602  0 -1 10.000 276.667
 64 -22.2280 -23.9312  0 -1 40.000 326.667
 65 -140.8005 57.8359  0 -1 16.667 236.667
 66  6.7428 -10.7966  0 -1 53.333 355.000
 67 50.7081 -44.4521  0 -1 48.333 221.667
 68 12.8162  5.3822  0 -1 35.000 340.000
 69 -90.2220 23.9565  0 -1 26.667 290.000
 70 -9.7341 -13.6879  0 -1 41.667 363.333
 71 -16.4722 -25.7429  0 -1 33.333 345.000
 72 -13.8742 -21.3843  0 -1 38.333 285.000
 73 41.2839 -0.5203  0 -1 30.000 323.333
 74 -27.9218 -15.6615  0 -1 43.333 228.333
 75  6.2001 -14.8609  0 -1 43.333 326.667
 76 -12.7124  8.8846  0 -1 30.000 213.333
 77 -18.1836 -14.1754  0 -1 16.667 271.667
 78 30.8667 -3.6129  0 -1 20.000 285.000
 79 10.0373  0.1535  0 -1 36.667 223.333
 80  5.1369  2.8965  0 -1 28.333 271.667
 81 -11.0240 -12.7242  0 -1 48.333 313.333
 82 42.3710  3.1016  0 -1 30.000 323.333
 83 61.9571 -11.0116  0 -1 36.667 358.333
 84 60.2635  1.9170  0 -1 51.667 290.000
 85 -5.0934  0.6475  0 -1 21.667 281.667
 86 63.1196 -5.4326  0 -1 36.667 245.000
 87 -61.5639 15.4166  0 -1 25.000 321.667
 88 -32.2116 24.7195  0 -1 35.000 301.667
 89  0.8909  2.7322  0 -1 43.333 228.333
 90 84.1445 13.6914  0 -1 53.333 300.000
 91 15.3600  0.0142  0 -1 50.000 325.000
 92 34.3550 -10.7385  0 -1 55.000 316.667
 93 -120.5115 31.6174  0 -1 40.000 325.000
 94  0.3933 -7.4326  0 -1 36.667 356.667
 95 16.8203 -0.1341  0 -1 25.000 343.333
 96 -132.7144 36.2142  0 -1 40.000 233.333
 97  4.9746 -9.3541  0 -1 58.333 363.333
 98 38.3536 -18.6407  0 -1 53.333 330.000
 99 -125.3996 27.6341  0 -1 40.000 250.000
100 -10.1859 -15.1258  0 -1 45.000 231.667
101 -5.0479 -0.1899  0  0 0.000 5000.000
