416 416 1000 200 1000
  0 200.000 200.000   0   0    0 1676
  1 385.000  56.000  90  10  473  544
  2 201.000 297.000  90  10  805  855
  3 201.000 386.000  90  20    0 1400
  4 359.000  23.000  90  30  298  358
  5 219.000 148.000  90  10   55  110
  6 306.000 390.000  90  20    0 1369
  7  32.000 251.000   0  20    0 1411
  8 130.000  70.000  90  30  956 1015
  9 368.000 102.000  90  20    0 1392
 10 158.000 366.000  90  20    0 1415
 11 286.000   9.000  90  20    0 1377
 12  53.000 330.000  90  30  624  690
 13 109.000 170.000  90  20  151  220
 14 276.000  16.000  90  10  199  241
 15 128.000  93.000  90  10    0 1458
 16 221.000 379.000  90  30    0 1406
 17  14.000 210.000  90  10    0 1400
 18 142.000 260.000   0  20    0 1503
 19  15.000 100.000  90  10    0 1376
 20  51.000 288.000  90  10  236  291
 21  56.000 351.000  90  10    0 1378
 22 208.000 384.000  90  20    0 1402
 23  61.000 333.000  90  10    0 1394
 24 271.000 154.000  90  10    0 1502
 25 273.000 160.000  90  10    0 1503
 26 173.000 381.000  90  10    0 1403
 27 153.000 368.000  90  30  331  385
 28 270.000 151.000  90  20    0 1501
 29 107.000 247.000  90  20    0 1482
 30 126.000  91.000  90  30    0 1455
 31 196.000 293.000  90  20    0 1493
 32  83.000 357.000  90  10    0 1391
 33 270.000 106.000  90  30  182  247
 34 369.000 106.000  90  10    0 1393
 35 393.000 272.000  90  10    0 1381
 36 134.000  98.000  90  10    0 1465
 37 339.000  41.000  90  20    0 1375
 38 211.000 274.000  90  20    0 1512
 39 159.000 207.000  90  20   41   92
 40 155.000 206.000  90  10    0 1541
 41  95.000  47.000  90  10  900  952
 42  18.000 100.000  90  20    0 1379
 43 126.000 126.000  90  20  624  674
 44 102.000 169.000  90  20    0 1484
 45  35.000 293.000  90  20    0 1397
 46 240.000 246.000  90  20    0 1526
 47 367.000 104.000  90  20    0 1394
 48 277.000 154.000   0  20  430  485
 49 234.000 214.000  90  10    0 1550
 50  52.000 297.000  90  20    0 1410
 51  23.000  98.000   0  10 1201 1254
 52  14.000 201.000  90  10    0 1400
 53 244.000 109.000  90  20    0 1485
 54 393.000 307.000  90  10    0 1366
 55  96.000 235.000  90  30  834  879
 56  49.000 353.000  90  10    0 1372
 57  28.000 356.000  90  30    0 1354
 58  85.000 155.000  90  20    0 1463
 59 248.000 243.000  90  20    0 1522
 60  94.000  13.000  90  30    0 1372
 61 134.000 279.000   0  30    0 1484
 62 337.000  47.000  90  20    0 1381
 63 250.000 241.000  90  30  212  283
 64 200.000  89.000   0  30    0 1475
 65 289.000  11.000  90  20    0 1378
 66 393.000 301.000  90  10  272  348
 67 182.000 379.000  90  20    0 1407
 68 301.000  57.000  90  10    0 1411
 69 111.000 170.000  90  10    0 1493
 70 363.000 270.000  90  10    0 1409
 71 106.000 173.000  90  10    0 1489
 72 305.000 336.000  90  20    0 1415
 73  22.000 125.000  90  10  193  258
 74 293.000 310.000  90  30    0 1442
 75  40.000  54.000  90  10    0 1370
 76 291.000 301.000  90  20    0 1451
 77  92.000 162.000  90  20    0 1472
 78  93.000  23.000  90  10  445  513
 79 161.000 233.000  90  30    0 1535
 80 344.000 283.000  90  20    0 1420
 81 346.000 385.000  90  10    0 1351
 82  55.000 357.000  90  10  462  509
 83 272.000 154.000  90  20    0 1501
 84 158.000 283.000  90  10    0 1493
 85 266.000 116.000   0  10  650  717
 86 306.000 329.000  90  20    0 1420
 87 302.000 203.000   0  30    0 1484
 88 329.000 241.000  90  20  300  363
 89 362.000  28.000  90  10    0 1350
 90  53.000 347.000  90  20    0 1379
 91 244.000 106.000  90  40    0 1483
 92 243.000 244.000  90  30   61  126
 93 122.000 281.000  90  20    0 1474
 94  84.000 363.000  90  20  265  323
 95  68.000 254.000  90  20    0 1444
 96 314.000 390.000  90  10    0 1365
 97 393.000 312.000  90  30    0 1363
 98  82.000 365.000  90  30    0 1384
 99 140.000 264.000  90  20  421  485
100 172.000 383.000  90  20    0 1401
101 100.000 175.000  90  10    0 1483
102 280.000 290.000  90  20  271  335
103 165.000  63.000  90  10    0 1445
104 308.000 393.000  90  30  378  433
105 243.000 106.000  90  10  529  588
106 210.000 141.000  90  20  215  280
107 366.000 251.000   0  20    0 1413
108 131.000 131.000  90  10    0 1489
109 369.000  19.000  90  10    0 1339
110 153.000 280.000  90  20    0 1494
111  91.000  70.000   0  20    0 1417
112 328.000 239.000  90  10    0 1453
113 230.000 241.000  90  10    0 1536
114 371.000 244.000  90  20    0 1410
115  76.000 206.000  90  10  749  807
116 349.000 275.000  90  10    0 1420
117  21.000 104.000  90  30  203  254
118  17.000  96.000  90  10    0 1376
119 199.000 290.000  90  10   90  142
120 198.000 295.000  90  20  598  681
121 101.000 239.000   0  10  106  166
122 200.000  83.000  90  10    0 1469
123 113.000 183.000  90  30  785  865
124 174.000 375.000  90  30    0 1410
125  85.000  67.000  90  10    0 1411
126 125.000  95.000   0  10    0 1457
127 153.000 281.000  90  10    0 1493
128 156.000 111.000  90  20  632  704
129  75.000 368.000  90  10    0 1377
130 207.000 381.000  90  20  181  232
131 110.000 254.000  90  20    0 1482
132 220.000 288.000  90  20    0 1496
133 295.000  19.000  90  30  204  260
134 344.000 176.000  90  10    0 1441
135 281.000 291.000  90  40    0 1465
136  96.000  69.000  90  10    0 1419
137  27.000 251.000  90  10    0 1406
138 157.000 283.000  90  20    0 1493
139 151.000 111.000  90  20    0 1485
140 350.000 182.000  90  20  599  645
141 222.000 284.000  90  10    0 1500
142 152.000 237.000  90  10    0 1526
143 152.000 109.000   0  30    0 1484
144  40.000  53.000  90  10    0 1369
145 396.000  59.000  90  20    0 1345
146 370.000 104.000   0  10  717  785
147  73.000 213.000  90  10    0 1459
148  85.000  44.000  90  20    0 1393
149 361.000  39.000  90  30    0 1359
150 233.000 214.000   0  10    0 1551
151  31.000 353.000  90  20  284  351
152  52.000 295.000  90  10  605  668
153 353.000 276.000   0  10    0 1416
154 359.000 178.000  90  20  489  555
155  78.000 251.000  90  10  383  433
156  24.000  96.000  90  10    0 1382
157 383.000 273.000  90  10    0 1389
158 362.000 272.000  90  30    0 1409
159  39.000 285.000  90  20    0 1404
160 237.000 108.000   0  20    0 1487
161 306.000 303.000  90  10    0 1439
162 122.000 183.000  90  20    0 1507
163 348.000 179.000  90  20    0 1437
164 382.000 266.000  90  30  721  800
165 161.000 182.000  90  20  479  542
166 340.000 388.000   0  10 1051 1104
167 181.000 134.000  90  10  501  554
168  90.000  53.000  90  40  242  305
169 131.000 132.000  90  10    0 1490
170 369.000 100.000  90  30  357  398
171 358.000  23.000  90  20    0 1349
172  53.000 353.000  90  20    0 1374
173 172.000 178.000  90  20   35  103
174  74.000 201.000  90  10  555  630
175 174.000 387.000  90  20    0 1398
176 161.000  63.000  90  10    0 1444
177 290.000 311.000  90  30    0 1444
178  89.000 154.000  90  10    0 1466
179 135.000 134.000  90  10    0 1494
180 195.000  91.000  90  20    0 1477
181 105.000 250.000  90  30    0 1479
182 159.000 367.000  90  40  226  299
183 304.000 297.000  90  30  142  203
184 197.000 292.000  90  20    0 1494
185 300.000 144.000  90  10    0 1472
186 158.000 239.000  90  20    0 1529
187 195.000 294.000  90  10    0 1492
188 356.000 274.000  90  30    0 1414
189  46.000 292.000  90  30  179  223
190 299.000  58.000  90  30    0 1413
191 158.000 364.000  90  10  704  748
192  39.000  56.000  90  10    0 1370
193  92.000  26.000  90  20    0 1382
194 321.000 217.000  90  20  460  527
195 232.000 232.000  90  20    0 1541
196 303.000  59.000  90  20    0 1412
197 131.000 283.000  90  20    0 1479
198 131.000  95.000  90  20  187  244
199  73.000 250.000  90  10    0 1450
200 278.000   7.000  90  20    0 1378
201 180.000 387.000  90  10    0 1398
202 287.000 307.000   0  10  851  910
203  39.000  48.000  90  10    0 1365
204 370.000  98.000  90  20    0 1388
205  90.000  26.000  90  30    0 1381
206 204.000 381.000  90  10    0 1405
207 277.000 163.000  90  10  705  777
208 315.000 341.000  90  20    0 1405
209 222.000 283.000  90  20    0 1501
210 109.000 167.000  90  10    0 1490
211  41.000 297.000   0  10    0 1400
212 302.000 136.000  90  20  551  609
213 108.000 186.000  90  10    0 1493
214 321.000 209.000  90  30  121  186
215  92.000 155.000  90  20    0 1469
216 100.000 243.000  90  20    0 1478
217 211.000 147.000  90  30    0 1532
218  41.000  52.000   0  30  551  612
219  94.000  31.000  90  10    0 1387
220  87.000 365.000  90  20    0 1387
221 300.000  62.000  90  20    0 1416
222  83.000 248.000  90  30  195  248
223 317.000 331.000  90  10  806  858
224 348.000 176.000  90  10    0 1437
225 211.000 154.000  90  10    0 1539
226 279.000  12.000  90  20    0 1383
227 308.000 396.000  90  10  467  530
228 363.000 267.000   0  10  521  570
229 320.000 216.000  90  20    0 1465
230 389.000 271.000  90  10  268  319
231  28.000 246.000  90  20  241  295
232  92.000  46.000  90  20    0 1398
233 272.000 161.000  90  20    0 1505
234  24.000 121.000  90  20    0 1394
235 152.000 263.000  90  20   79  139
236 156.000 367.000  90  10  428  474
237 280.000 283.000  90  20  827  886
238  31.000 357.000  90  20    0 1356
239 275.000  12.000  90  20    0 1384
240 264.000 112.000  90  20    0 1478
241  21.000 204.000  90  30  236  302
242 295.000 307.000  90  20  290  358
243  72.000 253.000  90  20  138  188
244 111.000 179.000  90  10    0 1495
245  58.000 294.000  90  20    0 1416
246  84.000 360.000  90  40    0 1389
247 278.000 159.000  90  10  610  683
248  98.000  28.000  90  20    0 1387
249 346.000 155.000  90  20  787  837
250 295.000  16.000  90  20    0 1379
251 337.000 388.000  90  10    0 1354
252 308.000 389.000   0  20    0 1369
253 392.000 307.000  90  20    0 1367
254  43.000 386.000  90  10    0 1343
255 302.000 392.000  90  20    0 1369
256 221.000 281.000  90  20    0 1503
257  60.000 293.000  90  20    0 1418
258 177.000 137.000  90  30  129  185
259 157.000 281.000  90  10    0 1495
260 189.000 306.000  90  40  623  685
261 126.000  70.000  90  10    0 1437
262 382.000  54.000  90  40    0 1353
263 335.000  47.000  90  30    0 1382
264  17.000 125.000  90  20    0 1389
265 305.000 306.000  90  20    0 1437
266 356.000  41.000  90  20    0 1364
267 117.000 187.000  90  30    0 1502
268 299.000 141.000  90  10    0 1471
269 336.000  42.000  90  10  463  501
270 324.000 216.000  90  20    0 1461
271  40.000 380.000  90  30    0 1346
272 225.000 288.000  90  20  324  399
273 294.000 136.000  90  10    0 1473
274 154.000 284.000  90  20    0 1491
275 361.000 269.000  90  30    0 1411
276 257.000 239.000  90  10    0 1517
277 119.000 179.000  90  10    0 1503
278  22.000 205.000  90  20    0 1408
279 389.000 306.000   0  30 1117 1176
280  55.000 324.000  90  10    0 1396
281  56.000 289.000  90  10    0 1417
282 187.000 338.000  90  20    0 1448
283 366.000  39.000  90  20    0 1355
284 351.000 177.000  90  10    0 1434
285 393.000 297.000  90  20    0 1370
286 249.000 242.000  90  20    0 1522
287 297.000 135.000  90  30  356  426
288  12.000 117.000  90  20  727  773
289 279.000   4.000  90  20  728  783
290 291.000 308.000  90  30  663  728
291 157.000 102.000  90  30    0 1479
292 364.000  43.000  90  10    0 1359
293 133.000  68.000   0  20  409  451
294 274.000  14.000  90  20    0 1386
295  34.000 242.000  90  30    0 1415
296 344.000 391.000  90  10    0 1347
297 309.000 397.000  90  30    0 1361
298 150.000 284.000  90  30    0 1489
299 132.000 159.000  90  10    0 1507
300 376.000 254.000  90  20    0 1402
301 383.000  53.000  90  10    0 1352
302 276.000 116.000  90  50  113  163
303 322.000 242.000  90  10    0 1457
304 158.000 206.000  90  20   99  167
305 237.000 213.000  90  20    0 1547
306  52.000 334.000  90  30    0 1387
307 102.000  67.000  90  20  165  231
308 321.000 339.000  90  10    0 1402
309 167.000 180.000  90  10    0 1548
310 371.000 253.000  90  30  698  769
311 186.000 306.000  90  10  721  774
312 137.000  64.000  90  30    0 1437
313  94.000  70.000  90  30    0 1419
314  73.000 203.000  90  20  476  525
315 232.000 230.000  90  20  569  636
316 353.000 164.000  90  20    0 1429
317 210.000 144.000  90  10    0 1530
318 341.000 394.000  90  20    0 1347
319 177.000 138.000  90  40    0 1520
320 313.000 340.000  90  10    0 1407
321  75.000 208.000  90  30    0 1461
322 376.000 251.000  90  20    0 1403
323 156.000 207.000  90  20    0 1542
324 129.000 293.000  90  20    0 1469
325 220.000 296.000  90  20    0 1488
326  95.000 243.000  90  20    0 1473
327 357.000  39.000  90  10    0 1362
328  99.000  67.000  90  10    0 1419
329  99.000  28.000  90  20    0 1387
330 210.000 271.000  90  20    0 1515
331  21.000 125.000  90  10    0 1392
332 327.000 241.000  90  20    0 1453
333 361.000  44.000  90  20    0 1362
334 211.000 266.000   0  10    0 1520
335  97.000  29.000  90  20    0 1387
336  35.000 291.000  90  10    0 1398
337 175.000 299.000   0  20    0 1484
338 303.000  58.000  90  10  701  761
339  53.000 326.000  90  20  253  315
340  66.000 254.000  90  20    0 1442
341 214.000 378.000  90  20    0 1408
342 168.000  62.000  90  20    0 1445
343  76.000 207.000  90  10    0 1462
344 345.000 382.000  90  20  232  289
345 308.000 196.000  90  10    0 1478
346 130.000 286.000  90  10    0 1476
347 164.000  62.000  90  10    0 1444
348 390.000  52.000  90  10    0 1346
349 207.000 391.000  90  10    0 1395
350  22.000 210.000  90  20    0 1408
351 364.000  25.000  90  40    0 1347
352 244.000 114.000  90  10   96  155
353  23.000  97.000  90  20 1105 1168
354  32.000 352.000  90  30    0 1360
355  51.000 326.000  90  10    0 1391
356 220.000 283.000   0  10    0 1501
357 142.000 168.000  90  10    0 1520
358 301.000 139.000  90  30    0 1469
359 197.000 300.000   0  10    0 1486
360  44.000  54.000  90  20    0 1373
361  70.000 264.000  90  30  679  724
362 229.000 209.000  90  20    0 1556
363  84.000 252.000  90  10    0 1459
364 323.000 243.000  90  20  761  833
365 308.000 301.000  90  30  303  360
366 131.000  67.000  90  30    0 1437
367 151.000 264.000  90  40  152  190
368 186.000 336.000  90  20    0 1450
369 150.000 108.000  90  10  259  318
370  93.000  48.000  90  10    0 1401
371 156.000 206.000  90  40    0 1542
372  11.000 115.000  90  20    0 1379
373 138.000 168.000  90  10  135  185
374 280.000 287.000  90  10    0 1468
375 134.000  62.000  90  20  211  276
376 147.000 264.000  90  20  241  288
377 307.000 196.000  90  20  170  225
378  49.000 351.000  90  20    0 1373
379 160.000 366.000  90  20    0 1416
380 154.000 206.000   0  30  288  347
381 156.000  63.000  90  10  942 1001
382 168.000 177.000  90  10    0 1547
383 220.000 381.000  90  20    0 1404
384  96.000   8.000  90  20    0 1368
385 126.000 161.000  90  20  414  482
386 114.000 252.000  90  10  163  219
387 355.000 156.000   0  20    0 1425
388 236.000 243.000  90  20    0 1530
389 127.000  94.000  90  10    0 1458
390  41.000 378.000  90  20    0 1348
391  34.000 355.000  90  30    0 1359
392 277.000  19.000  90  20    0 1390
393 211.000 389.000  90  30    0 1397
394 133.000  94.000  90  10    0 1461
395 306.000 306.000  90  10    0 1437
396  93.000  59.000  90  20    0 1409
397 282.000 283.000  90  10    0 1470
398  25.000 256.000  90  20    0 1403
399  76.000 250.000  90  20    0 1453
400 202.000  85.000  90  10    0 1471
401 321.000 212.000  90  30  178  250
402 239.000 254.000  90  10    0 1520
403 116.000 252.000  90  20   98  153
404  33.000  56.000  90  20    0 1366
405  67.000 258.000  90  20    0 1441
406 347.000 395.000  90  10  575  643
407 310.000 200.000  90  30    0 1476
408 348.000 279.000  90  10    0 1419
409  95.000   8.000  90  30    0 1368
410 129.000 287.000  90  10    0 1474
411 223.000 372.000  90  30    0 1413
412  19.000 206.000   0  20    0 1405
413  49.000 289.000  90  10    0 1411
414 335.000  50.000  90  20    0 1385
415 181.000 132.000  90  30    0 1516
416  89.000 152.000  90  20    0 1466
417 386.000  57.000  90 -10    0 1352
418 183.000 294.000  90 -10    0 1491
419 203.000 384.000  90 -20  997 1040
420 360.000  23.000  90 -30  379  460
421 163.000  63.000  90 -10    0 1445
422 314.000 399.000  90 -20    0 1357
423  32.000 251.000  90 -20    0 1411
424 148.000 112.000  90 -30    0 1484
425 374.000 104.000  90 -20    0 1388
426 179.000 336.000  90 -20    0 1449
427 281.000  16.000  90 -20 1020 1058
428  47.000 328.000  90 -30    0 1387
429 106.000 174.000  90 -20    0 1489
430 275.000  15.000  90 -10  259  321
431 129.000  98.000  90 -10    0 1462
432 219.000 377.000  90 -30    0 1408
433  17.000 209.000  90 -10    0 1403
434 142.000 260.000  90 -20    0 1503
435  14.000 100.000  90 -10    0 1375
436  51.000 354.000  90 -10    0 1372
437  46.000 380.000  90 -10    0 1350
438 203.000 387.000  90 -20    0 1399
439  39.000 384.000  90 -10    0 1342
440 227.000 229.000  90 -10    0 1547
441 357.000 160.000  90 -10    0 1424
442 185.000 386.000  90 -10  602  689
443 176.000 342.000  90 -30    0 1442
444 268.000 160.000  90 -20    0 1508
445 108.000 250.000  90 -20  900  982
446 128.000  95.000  90 -30 1117 1172
447 183.000 301.000  90 -20    0 1484
448  85.000 358.000  90 -10 1020 1065
449 268.000 114.000  90 -30  570  611
450 369.000 107.000  90 -10    0 1394
451 391.000 269.000  90 -10  544  598
452 127.000  90.000  90 -10    0 1454
453 263.000 110.000  90 -20    0 1477
454 213.000 271.000  90 -20    0 1514
455 167.000 174.000  90 -20    0 1544
456  93.000 237.000  90 -10    0 1473
457  89.000  51.000  90 -10    0 1401
458  24.000  93.000  90 -20    0 1381
459 129.000 132.000  90 -20  719  773
460 103.000 168.000  90 -20  984 1058
461  34.000 289.000  90 -20  619  682
462 231.000 243.000  90 -20    0 1533
463 372.000 104.000  90 -20    0 1390
464 277.000 154.000  90 -20  430  485
465 229.000 229.000  90 -10    0 1545
466  60.000 328.000  90 -20    0 1397
467  23.000  98.000  90 -10 1201 1254
468  18.000 208.000  90 -10    0 1404
469 188.000 133.000  90 -20    0 1518
470 395.000 310.000  90 -10    0 1363
471 150.000 236.000  90 -30    0 1525
472  53.000 354.000  90 -10    0 1374
473  32.000 357.000  90 -30    0 1357
474  87.000 153.000  90 -20    0 1464
475 251.000 241.000  90 -20    0 1521
476  97.000  10.000  90 -30    0 1370
477 134.000 279.000  90 -30    0 1484
478 344.000  49.000  90 -20    0 1378
479 255.000 239.000  90 -30    0 1519
480 200.000  89.000  90 -30    0 1475
481 215.000 143.000  90 -20    0 1528
482 393.000 305.000  90 -10  368  441
483 183.000 375.000  90 -20    0 1411
484 299.000  52.000  90 -10    0 1408
485 104.000 171.000  90 -10  717  776
486 358.000 266.000  90 -10  700  765
487 114.000 178.000  90 -10    0 1498
488 307.000 310.000  90 -20    0 1433
489  20.000 127.000  90 -10  341  411
490 275.000 287.000  90 -30    0 1472
491  39.000  54.000  90 -10    0 1369
492 293.000 306.000  90 -20    0 1445
493 111.000 165.000  90 -20    0 1491
494 101.000  10.000  90 -10 1114 1157
495 152.000 240.000  90 -30    0 1524
496 250.000 236.000  90 -20    0 1525
497 339.000 384.000  90 -10    0 1356
498  42.000 384.000  90 -10    0 1344
499 236.000 210.000  90 -20    0 1549
500 154.000 282.000  90 -10  436  480
501 266.000 116.000  90 -10  650  717
502 313.000 334.000  90 -20    0 1411
503 302.000 203.000  90 -30    0 1484
504 327.000 242.000  90 -20  679  726
505 363.000  30.000  90 -10  954 1015
506  49.000 352.000  90 -20    0 1372
507 242.000 105.000  90 -40  615  685
508 253.000 243.000  90 -30  399  463
509  54.000 285.000  90 -20    0 1418
510  86.000 357.000  90 -20    0 1392
511  68.000 261.000  90 -20  766  824
512 311.000 334.000  90 -10    0 1412
513 389.000 307.000  90 -30    0 1369
514  82.000 360.000  90 -30    0 1388
515 140.000 260.000  90 -20  790  851
516 182.000 378.000  90 -20    0 1408
517  93.000 149.000  90 -10    0 1468
518 280.000 282.000  90 -20    0 1472
519 129.000 124.000  90 -10    0 1482
520 311.000 395.000  90 -30    0 1362
521 237.000 109.000  90 -10  990 1060
522 209.000  85.000  90 -20    0 1471
523 366.000 251.000  90 -20    0 1413
524 133.000 137.000  90 -10  903  964
525 364.000  27.000  90 -10    0 1348
526 126.000 284.000  90 -20  734  783
527  91.000  70.000  90 -20    0 1417
528 329.000 236.000  90 -10    0 1453
529 229.000 237.000  90 -10    0 1539
530 375.000 247.000  90 -20  243  300
531 111.000 184.000  90 -10    0 1496
532 350.000 271.000  90 -10    0 1421
533  22.000  96.000  90 -30    0 1380
534  20.000  91.000  90 -10    0 1376
535 196.000 295.000  90 -10    0 1491
536 183.000 303.000  90 -20    0 1482
537 101.000 239.000  90 -10  106  166
538 204.000  87.000  90 -10    0 1473
539 116.000 181.000  90 -30 1168 1224
540 177.000 379.000  90 -30    0 1406
541  93.000  62.000  90 -10    0 1412
542 125.000  95.000  90 -10    0 1457
543 132.000 279.000  90 -10    0 1482
544 162.000  69.000  90 -20 1124 1198
545  84.000 359.000  90 -10    0 1390
546 201.000 387.000  90 -20  721  765
547 114.000 254.000  90 -20    0 1485
548 206.000 296.000  90 -20  893  956
549 293.000  15.000  90 -30    0 1379
550 351.000 176.000  90 -10    0 1434
551 280.000 288.000  90 -40    0 1468
552  93.000  51.000  90 -10 1170 1233
553  33.000 247.000  90 -10    0 1413
554 177.000 300.000  90 -20    0 1484
555 166.000  67.000  90 -20    0 1449
556 305.000 198.000  90 -20    0 1481
557 218.000 284.000  90 -10    0 1501
558  52.000 292.000  90 -10    0 1412
559 152.000 109.000  90 -30    0 1484
560  37.000  56.000  90 -10    0 1369
561 386.000  60.000  90 -20 1042 1110
562 370.000 104.000  90 -10  717  785
563  79.000 209.000  90 -10    0 1465
564  89.000  48.000  90 -20    0 1398
565 355.000  39.000  90 -30    0 1363
566 233.000 214.000  90 -10    0 1551
567  28.000 353.000  90 -20    0 1356
568  55.000 291.000  90 -10    0 1415
569 353.000 276.000  90 -10    0 1416
570 345.000 178.000  90 -20    0 1440
571  69.000 245.000  90 -10    0 1448
572  21.000  96.000  90 -10    0 1379
573 388.000 267.000  90 -10  639  690
574 364.000 267.000  90 -30  427  481
575  49.000 291.000  90 -20    0 1410
576 237.000 108.000  90 -20    0 1487
577 305.000 304.000  90 -10    0 1439
578 155.000 202.000  90 -20    0 1541
579 346.000 179.000  90 -20    0 1439
580 374.000 253.000  90 -30    0 1405
581 166.000 170.000  90 -20    0 1541
582 340.000 388.000  90 -10 1051 1104
583 209.000 150.000  90 -10  593  642
584  90.000  54.000  90 -40    0 1404
585 139.000 161.000  90 -10    0 1514
586 351.000 153.000  90 -30    0 1428
587 363.000  24.000  90 -20    0 1347
588  54.000 348.000  90 -20 1206 1266
589 129.000 134.000  90 -20    0 1490
590  75.000 206.000  90 -10    0 1461
591 180.000 375.000  90 -20    0 1410
592 131.000 127.000  90 -10    0 1486
593 286.000 308.000  90 -30    0 1448
594  87.000 155.000  90 -10    0 1465
595 168.000 178.000  90 -10    0 1548
596 158.000  64.000  90 -20    0 1444
597  99.000 241.000  90 -30    0 1477
598 179.000 305.000  90 -40    0 1479
599 308.000 296.000  90 -30    0 1442
600 197.000 293.000  90 -20    0 1493
601 345.000 158.000  90 -10  874  936
602 208.000 274.000  90 -20    0 1512
603 184.000 343.000  90 -10    0 1443
604 349.000 272.000  90 -30    0 1421
605  33.000 293.000  90 -30    0 1395
606 301.000  58.000  90 -30  324  386
607 182.000 300.000  90 -10    0 1485
608  40.000  56.000  90 -10 1215 1271
609  98.000  13.000  90 -20    0 1373
610 318.000 219.000  90 -20    0 1467
611 232.000 234.000  90 -20    0 1540
612 302.000  60.000  90 -20    0 1413
613 129.000 278.000  90 -20    0 1481
614 129.000  85.000  90 -20    0 1451
615  82.000 247.000  90 -10    0 1459
616 243.000 104.000  90 -20    0 1481
617 179.000 383.000  90 -10    0 1402
618 287.000 307.000  90 -10  851  910
619  38.000  49.000  90 -10  741  793
620 349.000 157.000  90 -20    0 1431
621  99.000   7.000  90 -30    0 1369
622 204.000 292.000  90 -10    0 1494
623 231.000 219.000  90 -10    0 1550
624 316.000 336.000  90 -20    0 1408
625 217.000 286.000  90 -20    0 1499
626 132.000 170.000  90 -10    0 1512
627  41.000 297.000  90 -10    0 1400
628 276.000 157.000  90 -20    0 1499
629 110.000 188.000  90 -10    0 1496
630 236.000 204.000  90 -30    0 1550
631  86.000 154.000  90 -20    0 1464
632 114.000 250.000  90 -20 1000 1074
633 212.000 146.000  90 -30    0 1531
634  41.000  52.000  90 -30  551  612
635  89.000  29.000  90 -10    0 1383
636  75.000 367.000  90 -20    0 1378
637 301.000  66.000  90 -20    0 1419
638  78.000 246.000  90 -30    0 1456
639 313.000 335.000  90 -10    0 1410
640 310.000 196.000  90 -10    0 1476
641 207.000  87.000  90 -10    0 1473
642 275.000   8.000  90 -20    0 1380
643 309.000 399.000  90 -10    0 1360
644 363.000 267.000  90 -10  521  570
645 319.000 217.000  90 -20    0 1466
646 391.000 271.000  90 -10    0 1383
647  26.000 247.000  90 -20    0 1406
648  86.000  47.000  90 -20    0 1396
649 310.000 143.000  90 -20    0 1463
650  79.000 154.000  90 -20    0 1457
651 147.000 263.000  90 -20    0 1504
652 158.000 365.000  90 -10  605  664
653 237.000 247.000  90 -20    0 1527
654  48.000 361.000  90 -20    0 1365
655 245.000 106.000  90 -20    0 1482
656 233.000 208.000  90 -20    0 1553
657  20.000 204.000  90 -30  328  393
658 294.000 311.000  90 -20  386  449
659  72.000 257.000  90 -20    0 1446
660 113.000 179.000  90 -10  986 1037
661  57.000 291.000  90 -20  979 1034
662 127.000 279.000  90 -40    0 1479
663 230.000 225.000  90 -10    0 1547
664 134.000  63.000  90 -20    0 1434
665 346.000 163.000  90 -20    0 1436
666 286.000  17.000  90 -20  656  698
667 336.000 387.000  90 -10  954 1013
668 308.000 389.000  90 -20    0 1369
669 397.000 313.000  90 -20  842  887
670  46.000 378.000  90 -10    0 1351
671 310.000 395.000  90 -20    0 1363
672 230.000 290.000  90 -20    0 1492
673  62.000 258.000  90 -20    0 1437
674 176.000 132.000  90 -30    0 1514
675 157.000 282.000  90 -10    0 1494
676 182.000 338.000  90 -40    0 1447
677  99.000  16.000  90 -10    0 1377
678 385.000  55.000  90 -40    0 1351
679 346.000  53.000  90 -30  923  985
680  16.000 120.000  90 -20  623  687
681 304.000 301.000  90 -20    0 1442
682 359.000  49.000  90 -20    0 1367
683 149.000 234.000  90 -30    0 1525
684 267.000 161.000  90 -10    0 1509
685 347.000  45.000  90 -10    0 1373
686 324.000 217.000  90 -20    0 1461
687  34.000 385.000  90 -30    0 1338
688 217.000 289.000  90 -20  725  775
689 300.000 132.000  90 -10  459  513
690 147.000 283.000  90 -20  808  859
691 344.000 280.000  90 -30  786  853
692 249.000 239.000  90 -10    0 1524
693 106.000 177.000  90 -10  440  489
694  21.000 201.000  90 -20  421  486
695 389.000 306.000  90 -30 1117 1176
696  62.000 301.000  90 -10 1266 1315
697  63.000 262.000  90 -10    0 1436
698 188.000 338.000  90 -20    0 1448
699 359.000  38.000  90 -20    0 1360
700 313.000 194.000  90 -10    0 1473
701 393.000 306.000  90 -20    0 1366
702 254.000 240.000  90 -20    0 1519
703 281.000 155.000  90 -30    0 1494
704  15.000 116.000  90 -20    0 1383
705 273.000  12.000  90 -20    0 1385
706 289.000 306.000  90 -30  766  811
707 164.000  69.000  90 -30    0 1451
708 360.000  46.000  90 -10  943  990
709 133.000  68.000  90 -20  409  451
710 242.000 113.000  90 -20    0 1490
711  26.000 250.000  90 -30    0 1405
712 342.000 385.000  90 -10    0 1353
713 314.000 396.000  90 -30    0 1360
714 154.000 288.000  90 -30    0 1487
715 103.000 167.000  90 -10    0 1484
716 373.000 253.000  90 -20    0 1406
717 389.000  54.000  90 -10    0 1348
718 267.000 112.000  90 -50    0 1476
719 328.000 243.000  90 -10    0 1451
720 157.000 205.000  90 -20    0 1543
721 235.000 212.000  90 -20    0 1549
722  48.000 326.000  90 -30    0 1389
723  95.000  63.000  90 -20  420  468
724 318.000 335.000  90 -10    0 1407
725 172.000 180.000  90 -10    0 1552
726 367.000 255.000  90 -30    0 1411
727 187.000 341.000  90 -10    0 1445
728 128.000  68.000  90 -30  673  737
729  82.000  65.000  90 -30  701  763
730 115.000 185.000  90 -20    0 1500
731 227.000 240.000  90 -20    0 1538
732 352.000 162.000  90 -20    0 1430
733 206.000  81.000  90 -10    0 1467
734 342.000 384.000  90 -20    0 1354
735 178.000 133.000  90 -40    0 1516
736 317.000 335.000  90 -10    0 1408
737 113.000 184.000  90 -30    0 1498
738 372.000 256.000  90 -20    0 1406
739 109.000 186.000  90 -20    0 1494
740 127.000 286.000  90 -20    0 1474
741 185.000 299.000  90 -20    0 1486
742  76.000 251.000  90 -20  562  621
743 298.000 137.000  90 -10    0 1470
744  95.000  64.000  90 -10    0 1415
745  96.000  14.000  90 -20    0 1373
746 210.000 268.000  90 -20    0 1518
747  19.000 127.000  90 -10    0 1391
748 256.000 231.000  90 -20    0 1522
749 298.000 138.000  90 -20    0 1471
750 211.000 266.000  90 -10    0 1520
751  91.000  27.000  90 -20  623  704
752  37.000 286.000  90 -10    0 1402
753 175.000 299.000  90 -20    0 1484
754 303.000  61.000  90 -10    0 1413
755  52.000 331.000  90 -20    0 1389
756  68.000 263.000  90 -20    0 1440
757 186.000 304.000  90 -20    0 1482
758 164.000  66.000  90 -20    0 1448
759  72.000 210.000  90 -10    0 1458
760 347.000 385.000  90 -20    0 1350
761 240.000 210.000  90 -10  837  908
762 130.000 279.000  90 -10    0 1481
763 162.000  61.000  90 -10  750  820
764 391.000  54.000  90 -10  843  915
765 204.000 385.000  90 -10    0 1401
766  75.000 203.000  90 -20    0 1461
767 359.000  30.000  90 -40    0 1354
768 307.000  59.000  90 -10  889  944
769  88.000 150.000  90 -20    0 1464
770  29.000 355.000  90 -30    0 1356
771  65.000 298.000  90 -10 1355 1415
772 220.000 283.000  90 -10    0 1501
773 103.000 171.000  90 -10  816  858
774 304.000 141.000  90 -30    0 1467
775 197.000 300.000  90 -10    0 1486
776  41.000  56.000  90 -20    0 1372
777  70.000 256.000  90 -30    0 1445
778 234.000 212.000  90 -20  374  428
779  97.000 248.000  90 -10    0 1473
780 331.000 251.000  90 -20    0 1446
781 282.000 282.000  90 -30    0 1471
782 129.000  67.000  90 -30    0 1436
783 142.000 262.000  90 -40    0 1502
784 183.000 332.000  90 -20    0 1453
785 153.000 107.000  90 -10  446  501
786  93.000  47.000  90 -10    0 1400
787  96.000 237.000  90 -40    0 1476
788  25.000 118.000  90 -20 1009 1064
789 135.000 167.000  90 -10    0 1514
790 238.000 250.000  90 -10    0 1524
791 124.000  69.000  90 -20  770  829
792 143.000 261.000  90 -20  605  669
793 308.000 204.000  90 -20    0 1478
794  58.000 346.000  90 -20    0 1383
795 181.000 339.000  90 -20    0 1446
796 154.000 206.000  90 -30  288  347
797 131.000 130.000  90 -10    0 1488
798 171.000 179.000  90 -10    0 1551
799 222.000 383.000  90 -20  336  401
800  97.000   6.000  90 -20  822  893
801 103.000 172.000  90 -20    0 1486
802 109.000 252.000  90 -10    0 1482
803 355.000 156.000  90 -20    0 1425
804 234.000 243.000  90 -20    0 1532
805 128.000  94.000  90 -10    0 1458
806  41.000 382.000  90 -20    0 1345
807  57.000 353.000  90 -30    0 1377
808 238.000 101.000  90 -20    0 1480
809 203.000 388.000  90 -30    0 1398
810 127.000  87.000  90 -10    0 1452
811 300.000 299.000  90 -10    0 1446
812  92.000  50.000  90 -20    0 1402
813 227.000 231.000  90 -10    0 1545
814  29.000 250.000  90 -20    0 1408
815  74.000 253.000  90 -20    0 1450
816 203.000  88.000  90 -10    0 1474
817 234.000 203.000  90 -30    0 1552
818 277.000 285.000  90 -10    0 1472
819  97.000 242.000  90 -20  552  598
820  29.000  59.000  90 -20    0 1365
821 102.000 252.000  90 -20    0 1476
822 338.000 391.000  90 -10    0 1351
823 312.000 200.000  90 -30    0 1474
824 348.000 280.000  90 -10    0 1418
825 100.000   6.000  90 -30    0 1368
826 129.000 288.000  90 -10    0 1473
827 179.000 338.000  90 -30  845  923
828  19.000 206.000  90 -20    0 1405
829 115.000 257.000  90 -10    0 1484
830 346.000  48.000  90 -20    0 1376
831 179.000 134.000  90 -30    0 1517
832  91.000 150.000  90 -20    0 1467
833 200.000 200.000   0   0    0 1676
