420 420 1000 200 1000
  0 200.000 200.000   0   0    0 1676
  1 201.000 297.000  90  10  740  920
  2 210.000 268.000  90  30   68  248
  3 219.000 148.000  90  10   55  235
  4 306.000 390.000  90  20  222  402
  5  99.000 241.000  90  20  109  289
  6 368.000 102.000  90  20  195  375
  7 183.000 303.000  90  20  377  557
  8 318.000 335.000  90  40  648  828
  9 233.000 208.000  90  30   34  214
 10 109.000 170.000  90  20   96  276
 11 276.000  16.000  90  10  199  379
 12 128.000  93.000  90  10  873 1053
 13 180.000 375.000  90  10  176  356
 14 164.000  69.000  90  30  135  315
 15  53.000 354.000  90  10  959 1139
 16 183.000 294.000  90  20   95  275
 17  15.000 100.000  90  10  301  481
 18  51.000 288.000  90  10  173  353
 19  56.000 351.000  90  10  209  389
 20 208.000 384.000  90  20  184  364
 21 204.000  87.000  90  30  113  293
 22 313.000 194.000  90  10  384  564
 23 271.000 154.000  90  10   89  269
 24 314.000 399.000  90  10  872 1052
 25  14.000 100.000  90  30  392  572
 26 273.000 160.000  90  10  746  926
 27 153.000 368.000  90  30  268  448
 28 270.000 151.000  90  20   85  265
 29 310.000 395.000  90  10  686  866
 30 312.000 200.000   0  30  481  661
 31  82.000 247.000  90  20  223  403
 32  42.000 384.000  90  10  712  892
 33 270.000 106.000  90  30  125  305
 34 393.000 272.000  90  10  388  568
 35 275.000  15.000  90  20  200  380
 36 134.000  98.000  90  10  121  301
 37 339.000  41.000  90  20  485  665
 38  97.000  10.000  90  10  492  672
 39 159.000 207.000  90  20   41  221
 40  18.000 100.000  90  20  208  388
 41  21.000  96.000  90  20  581  761
 42 126.000 126.000  90  20  559  739
 43  35.000 293.000  90  20  284  464
 44 255.000 239.000  90  20  529  709
 45 179.000 383.000  90  20  458  638
 46 367.000 104.000  90  20  192  372
 47 231.000 243.000  90  10  630  810
 48 375.000 247.000  90  10  182  362
 49 187.000 341.000  90  30  323  503
 50 364.000  27.000  90  20  710  890
 51  52.000 297.000  90  20  454  634
 52 153.000 107.000   0  20  383  563
 53 386.000  57.000  90  10  510  690
 54 244.000 109.000  90  20  193  373
 55 393.000 307.000  90  10  587  767
 56  96.000 235.000   0  30  766  946
 57  49.000 353.000  90  10  592  772
 58  85.000 155.000  90  20  592  772
 59 248.000 243.000  90  20   64  244
 60  94.000  13.000   0  30  398  578
 61 134.000 279.000  90  30  102  282
 62 346.000 179.000  90  20  718  898
 63  20.000 127.000  90  10  286  466
 64 337.000  47.000  90  20  297  477
 65 250.000 241.000  90  30  157  337
 66 200.000  89.000  90  30  678  858
 67 111.000 170.000  90  10   93  273
 68 352.000 162.000  90  10  157  337
 69 363.000 270.000  90  10  271  451
 70 106.000 173.000  90  10  190  370
 71 311.000 334.000  90  10 1020 1200
 72 305.000 336.000  90  20  171  351
 73  22.000 125.000  90  10  193  373
 74 293.000 310.000  90  30  419  599
 75 234.000 212.000  90  10  311  491
 76 304.000 301.000  90  20  801  981
 77 291.000 301.000  90  20  135  315
 78 135.000 167.000  90  10  163  343
 79 300.000 132.000  90  10  396  576
 80  93.000  23.000  90  10  389  569
 81 236.000 210.000  90  30  128  308
 82 114.000 250.000   0  20  947 1127
 83 344.000 283.000   0  20  637  817
 84 346.000 385.000  90  10  236  416
 85 185.000 299.000  90  10  101  281
 86  37.000  56.000  90  10  970 1150
 87 298.000 137.000  90  10  209  389
 88 115.000 257.000  90  10  286  466
 89 362.000  28.000  90  10  802  982
 90 244.000 106.000  90  40  377  557
 91 149.000 234.000  90  10   61  241
 92 243.000 244.000  90  30   61  241
 93  68.000 263.000  90  10  520  700
 94  84.000 363.000  90  20  204  384
 95  68.000 254.000  90  20  143  323
 96  32.000 357.000  90  20  689  869
 97 393.000 312.000  90  30  869 1049
 98  82.000 365.000  90  30  296  476
 99 276.000 157.000  90  20  275  455
100 106.000 177.000  90  20  374  554
101 140.000 264.000  90  20  363  543
102 305.000 198.000  90  20  105  285
103 100.000 175.000  90  10  470  650
104 168.000 178.000  90  20   40  220
105 280.000 290.000  90  20  213  393
106 165.000  63.000  90  10  420  600
107 131.000 131.000  90  10  188  368
108 369.000  19.000  90  10  520  700
109 131.000 127.000  90  10  372  552
110 116.000 181.000  90  20 1106 1286
111  49.000 291.000  90  10  357  537
112  76.000 206.000  90  10  688  868
113  21.000 104.000  90  30  203  383
114  17.000  96.000  90  10  487  667
115 154.000 288.000  90  20  554  734
116 129.000  85.000  90  20  318  498
117 199.000 290.000   0  10   90  270
118 198.000 295.000  90  20  550  730
119 237.000 109.000   0  10  935 1115
120 101.000 239.000  90  10  106  286
121 200.000  83.000   0  10  491  671
122 328.000 243.000  90  20  149  329
123  88.000 150.000  90  10  214  394
124  85.000  67.000  90  10  736  916
125 125.000  95.000   0  10  689  869
126 347.000 385.000  90  20  327  507
127 302.000  60.000  90  10  173  353
128 207.000 381.000  90  20  181  361
129  38.000  49.000  90  20  677  857
130 295.000  19.000  90  30  204  384
131 344.000 176.000   0  10  145  325
132  27.000 251.000  90  10  555  735
133 166.000 170.000  90  30  318  498
134 157.000 283.000  90  20  275  455
135 236.000 204.000  90  10  879 1059
136  75.000 206.000  90  20  316  496
137 369.000 107.000  90  20  844 1024
138 109.000 186.000  90  10  459  639
139  93.000 149.000  90  20  118  298
140 152.000 237.000  90  10  156  336
141 395.000 310.000  90  10  681  861
142 396.000  59.000  90  20  886 1066
143  79.000 154.000  90  10  496  676
144 110.000 188.000  90  10  275  455
145  73.000 213.000  90  10  127  307
146  85.000  44.000  90  20  555  735
147 361.000  39.000  90  30  501  681
148  48.000 326.000  90  20  379  559
149  54.000 285.000  90  20  168  348
150 197.000 293.000  90  30  184  364
151  21.000 201.000  90  20  364  544
152  31.000 353.000  90  20  228  408
153 277.000 285.000  90  10  114  294
154 219.000 377.000   0  20  465  645
155  99.000  16.000  90  20  209  389
156  51.000 354.000   0  20  867 1047
157 353.000 276.000  90  10  263  443
158  78.000 251.000  90  10  318  498
159 237.000 247.000   0  30  350  530
160 383.000 273.000  90  10  197  377
161 362.000 272.000  90  30  179  359
162  39.000 285.000  90  20  747  927
163 129.000 288.000  90  10  384  564
164 306.000 303.000  90  10  334  514
165 122.000 183.000  90  20   79  259
166 382.000 266.000  90  30  671  851
167 308.000 296.000  90  30  146  326
168 342.000 384.000   0  10 1172 1352
169 301.000  58.000  90  10  265  445
170  90.000  53.000  90  40  184  364
171 281.000 155.000  90  10  462  642
172 358.000  23.000  90  20  237  417
173  76.000 251.000  90  10  502  682
174 172.000 178.000  90  20   35  215
175  74.000 201.000  90  10  502  682
176 174.000 387.000  90  20  746  926
177 140.000 260.000   0  20  730  910
178  89.000 154.000  90  10  867 1047
179 130.000 279.000  90  10 1042 1222
180 135.000 134.000  90  10   92  272
181 159.000 367.000  90  40  172  352
182 304.000 297.000  90  30  142  322
183 197.000 292.000  90  20   93  273
184 158.000 239.000  90  20  345  525
185 195.000 294.000  90  10  366  546
186 356.000 274.000  90  30  172  352
187  91.000 150.000  90  10  121  301
188  46.000 292.000  90  30  179  359
189 203.000  88.000  90  30  112  292
190  55.000 291.000  90  10  732  912
191 158.000 364.000  90  10  636  816
192  86.000  47.000  90  10  462  642
193  72.000 210.000  90  20  131  311
194 128.000  94.000  90  10  964 1144
195  39.000  54.000  90  20  309  489
196 203.000 388.000  90  30  470  650
197 321.000 217.000  90  20  403  583
198 232.000 232.000   0  20  420  600
199 303.000  59.000  90  20  732  912
200 131.000 283.000  90  20  108  288
201 131.000  95.000  90  20  126  306
202 278.000   7.000   0  20  759  939
203 180.000 387.000  90  10  650  830
204 287.000 307.000  90  10  790  970
205  39.000  48.000  90  10  586  766
206 370.000  98.000  90  20  379  559
207  90.000  26.000   0  30  665  845
208 204.000 381.000   0  10 1021 1201
209 315.000 341.000  90  20  273  453
210 222.000 283.000  90  20   86  266
211 302.000 136.000  90  20  490  670
212 108.000 186.000  90  10  368  548
213 321.000 209.000  90  30  121  301
214 211.000 147.000  90  30  434  614
215  41.000  52.000  90  30  491  671
216  25.000 118.000  90  10  947 1127
217  87.000 365.000  90  20  199  379
218 300.000  62.000  90  20  170  350
219  83.000 248.000  90  30  131  311
220 186.000 304.000  90  10  471  651
221 348.000 176.000  90  10  150  330
222 298.000 138.000  90  20  118  298
223 182.000 378.000  90  10  272  452
224 275.000 287.000  90  10  118  298
225 391.000 271.000  90  30  295  475
226 349.000 272.000  90  20  165  345
227  28.000 246.000  90  20  178  358
228 307.000  59.000   0  10  826 1006
229 293.000  15.000  90  10  300  480
230 152.000 263.000  90  20   79  259
231  48.000 361.000  90  10  494  674
232  31.000 357.000  90  20  598  778
233 275.000  12.000  90  20  476  656
234 264.000 112.000  90  20  315  495
235  58.000 346.000  90  20  203  383
236  21.000 204.000  90  30  179  359
237 295.000 307.000  90  20  234  414
238  72.000 253.000  90  20  138  318
239  84.000 360.000  90  40  677  857
240 346.000 155.000   0  20  722  902
241 295.000  16.000  90  20  207  387
242 392.000 307.000   0  20  496  676
243  34.000 289.000  90  30  561  741
244 227.000 231.000  90  10   42  222
245 302.000 392.000  90  20  217  397
246 221.000 281.000  90  20   83  263
247 177.000 137.000  90  30   67  247
248 157.000 281.000  90  10   91  271
249  90.000  54.000  90  20  182  362
250 230.000 290.000  90  20  367  547
251  99.000   7.000  90  20  860 1040
252 346.000 163.000  90  30  150  330
253 382.000  54.000  90  40  233  413
254 329.000 236.000  90  10  336  516
255 335.000  47.000  90  30  205  385
256 356.000  41.000  90  20  222  402
257 117.000 187.000  90  30   86  266
258 109.000 252.000  90  30  474  654
259 324.000 216.000  90  20  219  399
260  40.000 380.000  90  30  241  421
261 294.000 136.000  90  10  113  293
262 361.000 269.000  90  30  548  728
263 181.000 339.000  90  20  604  784
264 257.000 239.000  90  10  437  617
265 346.000  48.000   0  30  677  857
266  22.000 205.000  90  20  178  358
267  89.000  48.000  90  20  369  549
268 217.000 289.000  90  20  660  840
269 280.000 288.000  90  10  398  578
270  97.000 248.000  90  10  297  477
271  55.000 324.000  90  10  190  370
272 187.000 338.000  90  20  139  319
273 366.000  39.000  90  20  596  776
274  40.000  56.000   0  10 1153 1333
275  46.000 380.000   0  10  808  988
276 351.000 177.000  90  10  334  514
277 393.000 297.000  90  20  216  396
278 351.000 176.000  90  30  243  423
279 249.000 242.000  90  20   66  246
280  63.000 262.000  90  20  424  604
281  12.000 117.000  90  20  660  840
282 279.000   4.000  90  20  666  846
283 157.000 102.000  90  30  479  659
284 242.000 113.000  90  10   99  279
285  82.000 360.000  90  10  585  765
286 133.000  68.000  90  20  340  520
287 274.000  14.000  90  20  292  472
288  34.000 242.000  90  30  171  351
289 331.000 251.000  90  20  140  320
290 344.000 391.000  90  10  424  604
291 309.000 397.000  90  30  594  774
292 213.000 271.000  90  10  352  532
293 348.000 280.000  90  10  542  722
294 150.000 284.000   0  30  650  830
295 132.000 159.000  90  10  455  635
296 376.000 254.000  90  20  369  549
297 383.000  53.000  90  10  235  415
298 276.000 116.000  90  50  113  293
299 322.000 242.000   0  10  798  978
300 134.000  63.000  90  10  244  424
301 158.000 206.000  90  20   43  223
302  52.000 334.000  90  30  752  932
303  17.000 209.000  90  20  653  833
304 102.000  67.000  90  20  165  345
305 321.000 339.000  90  10  369  549
306 371.000 253.000  90  30  644  824
307 137.000  64.000  90  30  149  329
308 393.000 305.000  90  20  314  494
309 215.000 143.000  90  20   62  242
310  33.000 293.000  90  10  376  556
311  94.000  70.000   0  30  925 1105
312 166.000  67.000  90  30  231  411
313 164.000  66.000  90  20  139  319
314 232.000 230.000  90  20  512  692
315 360.000  23.000  90  20  329  509
316 142.000 262.000  90  10  456  636
317 129.000  67.000  90  30  524  704
318  82.000  65.000  90  30  642  822
319 341.000 394.000  90  20  615  795
320  26.000 250.000   0  30  364  544
321 148.000 112.000  90  20  102  282
322 177.000 138.000  90  40   66  246
323 313.000 340.000  90  10  181  361
324 293.000 306.000  90  20  141  321
325 374.000 104.000  90  10  477  657
326 156.000 207.000  90  20  135  315
327 183.000 375.000  90  30  179  359
328 129.000 293.000  90  20  479  659
329 220.000 296.000  90  20  469  649
330  95.000 243.000  90  20  393  573
331 357.000  39.000  90  10  317  497
332  16.000 120.000  90  30  565  745
333 374.000 253.000   0  20  461  641
334  99.000  67.000  90  10  168  348
335  99.000  28.000  90  20  199  379
336 210.000 271.000  90  20   72  252
337  21.000 125.000  90  10  194  374
338 327.000 241.000  90  20  522  702
339 310.000 143.000  90  20  591  771
340 139.000 161.000  90  30  552  732
341  97.000  29.000  90  20  292  472
342 227.000 240.000  90  10  141  321
343 227.000 229.000  90  10   39  219
344  53.000 326.000  90  20  194  374
345  96.000  14.000  90  10  305  485
346  66.000 254.000  90  20  235  415
347 214.000 378.000  90  20  178  358
348 263.000 110.000   0  10  223  403
349 168.000  62.000  90  20  326  506
350 157.000 282.000  90  20   93  273
351 345.000 382.000  90  20  232  412
352 308.000 196.000  90  10  199  379
353 130.000 286.000   0  10  201  381
354 176.000 132.000  90  20  162  342
355 338.000 391.000  90  40  709  889
356 355.000  39.000  90  10  225  405
357 309.000 399.000  90  10  502  682
358 162.000  61.000  90  10  695  875
359 179.000 305.000   0  10  754  934
360 207.000 391.000  90  10  375  555
361 114.000 254.000   0  10  193  373
362 349.000 157.000  90  10  629  809
363 391.000 269.000   0  10  481  661
364 244.000 114.000  90  10   96  276
365  95.000  63.000  90  10  354  534
366  32.000 352.000  90  30  226  406
367  51.000 326.000  90  10  286  466
368 299.000  52.000  90  30  453  633
369 129.000 124.000  90  10  466  646
370 142.000 168.000   0  10   66  246
371  44.000  54.000  90  20  213  393
372 229.000 209.000  90  20   30  210
373  84.000 252.000  90  10  127  307
374 103.000 167.000   0  20 1022 1202
375 308.000 301.000  90  30  241  421
376 186.000 336.000  90  20  136  316
377 154.000 282.000  90  10  368  548
378 150.000 108.000  90  10  199  379
379  28.000 353.000  90  20  321  501
380  93.000  48.000  90  10  928 1108
381 138.000 168.000  90  10   70  250
382 134.000  62.000  90  20  153  333
383 147.000 264.000  90  20  175  355
384 307.000 196.000  90  20  108  288
385  49.000 351.000  90  20  774  954
386 160.000 366.000  90  20  170  350
387 154.000 206.000  90  30  227  407
388 168.000 177.000   0  10  131  311
389 220.000 381.000  90  20  185  365
390 389.000  54.000  90  30  604  784
391 231.000 219.000  90  10  499  679
392 114.000 252.000  90  10  101  281
393  89.000  29.000  90  30  758  938
394 355.000 156.000  90  20  439  619
395 236.000 243.000  90  20  445  625
396  41.000 378.000  90  20  238  418
397 183.000 301.000  90  20  285  465
398 211.000 389.000  90  30  280  460
399 115.000 185.000  90  10  179  359
400 133.000  94.000  90  10  218  398
401  98.000  13.000  90  10  213  393
402  85.000 358.000   0  10  952 1132
403 282.000 283.000  90  10  583  763
404  25.000 256.000  90  20  460  640
405 212.000 146.000  90  20  343  523
406 178.000 133.000  90  20  254  434
407  39.000 384.000  90  40  426  606
408 321.000 212.000  90  30  124  304
409 239.000 254.000  90  10  163  343
410 116.000 252.000  90  20   98  278
411 348.000 279.000  90  10  451  631
412 106.000 174.000  90  20  281  461
413 129.000 287.000  90  10  293  473
414 286.000  17.000  90  20  587  767
415 158.000 365.000  90  10  545  725
416 223.000 372.000  90  30  561  741
417 207.000  87.000  90  20  206  386
418  49.000 289.000  90  10  265  445
419 335.000  50.000  90  20  201  381
420  18.000 208.000  90  20  744  924
421 206.000 296.000  90 -10  835 1015
422 211.000 274.000  90 -30  258  438
423 210.000 144.000  90 -10  250  430
424 308.000 393.000  90 -20  315  495
425 100.000 243.000  90 -20  201  381
426 369.000 100.000  90 -20  287  467
427 189.000 306.000  90 -20  564  744
428 313.000 335.000  90 -40  928 1108
429 371.000 244.000  90 -30  176  356
430 104.000 171.000  90 -20  656  836
431 275.000   8.000  90 -10  570  750
432 129.000  98.000  90 -10 1148 1328
433 172.000 383.000  90 -10  841 1021
434 156.000  63.000  90 -30  882 1062
435  54.000 348.000  90 -10 1146 1326
436 182.000 300.000  90 -20  194  374
437  23.000  97.000  90 -10 1046 1226
438  58.000 294.000  90 -10 1010 1190
439  55.000 357.000  90 -10  396  576
440 201.000 387.000  90 -20  653  833
441 206.000  81.000  90 -30  394  574
442 310.000 200.000  90 -10  573  753
443 272.000 154.000  90 -10  180  360
444 314.000 396.000  90 -10  965 1145
445  24.000  93.000  90 -30  862 1042
446 272.000 161.000  90 -10  837 1017
447 156.000 367.000  90 -30  361  541
448 277.000 154.000  90 -20  368  548
449 308.000 389.000  90 -10 1157 1337
450 312.000 200.000  90 -30  481  661
451  69.000 245.000  90 -20  784  964
452  46.000 378.000  90 -10  900 1080
453 267.000 112.000  90 -30  408  588
454 367.000 255.000  90 -10  832 1012
455 273.000  12.000  90 -20  384  564
456 127.000  90.000  90 -10  504  684
457 346.000  53.000  90 -20  864 1044
458  96.000   8.000  90 -10  676  856
459 155.000 202.000  90 -20  594  774
460  24.000  96.000  90 -20  955 1135
461  23.000  98.000  90 -20 1137 1317
462 129.000 132.000  90 -20  656  836
463  37.000 286.000  90 -20  655  835
464 250.000 236.000  90 -20  808  988
465 177.000 379.000  90 -20 1027 1207
466 370.000 104.000  90 -20  661  841
467 230.000 241.000  90 -10  722  902
468 376.000 251.000  90 -10  276  456
469 184.000 343.000  90 -30  417  597
470 363.000  30.000  90 -20  895 1075
471  56.000 289.000  90 -20  825 1005
472 153.000 107.000  90 -20  383  563
473 391.000  54.000  90 -10  789  969
474 242.000 105.000  90 -20  560  740
475 397.000 313.000  90 -10  775  955
476  96.000 235.000  90 -30  766  946
477  49.000 352.000  90 -10  683  863
478  86.000 154.000  90 -20  684  864
479 249.000 239.000  90 -20  715  895
480  94.000  13.000  90 -30  398  578
481 127.000 286.000  90 -30  576  756
482 345.000 178.000  90 -20  809  989
483  11.000 115.000  90 -10  753  933
484 336.000  42.000  90 -20  392  572
485 253.000 243.000  90 -30  341  521
486 195.000  91.000  90 -30  773  953
487 103.000 172.000  90 -10  565  745
488 353.000 164.000  90 -10  249  429
489 363.000 267.000  90 -10  455  635
490 103.000 171.000  90 -10  747  927
491 306.000 329.000  90 -10 1117 1297
492 317.000 335.000  90 -20  557  737
493  17.000 125.000  90 -10  470  650
494 291.000 308.000  90 -30  605  785
495 233.000 214.000  90 -10  404  584
496 300.000 299.000  90 -20  895 1075
497 289.000 306.000  90 -20  698  878
498 126.000 161.000  90 -10  358  538
499 267.000 161.000  90 -10 1023 1203
500  91.000  27.000  90 -10  574  754
501 235.000 212.000  90 -30  220  400
502 114.000 250.000  90 -20  947 1127
503 344.000 283.000  90 -20  637  817
504 340.000 388.000  90 -10  988 1168
505 177.000 300.000  90 -10  850 1030
506  39.000  56.000  90 -10 1062 1242
507 301.000 139.000  90 -10  781  961
508 110.000 254.000  90 -10  382  562
509 359.000  30.000  90 -10  989 1169
510 243.000 104.000  90 -40  651  831
511 150.000 236.000  90 -10   64  244
512 240.000 246.000  90 -30   65  245
513  70.000 256.000  90 -10  892 1072
514  75.000 367.000  90 -20  485  665
515 108.000 250.000  90 -20  851 1031
516  61.000 333.000  90 -20  851 1031
517 389.000 307.000  90 -30  965 1145
518  86.000 357.000  90 -30 1044 1224
519 277.000 163.000  90 -20  651  831
520 109.000 167.000  90 -20 1118 1298
521 143.000 261.000  90 -20  547  727
522 302.000 203.000  90 -20  763  943
523 103.000 168.000  90 -10  931 1111
524 167.000 174.000  90 -20  224  404
525 280.000 287.000  90 -20  489  669
526 161.000  63.000  90 -10  787  967
527 131.000 130.000  90 -10  279  459
528 364.000  25.000  90 -10  618  798
529 129.000 134.000  90 -10  748  928
530 119.000 179.000  90 -20 1200 1380
531  60.000 293.000  90 -10 1102 1282
532  79.000 209.000  90 -10  872 1052
533  20.000  91.000  90 -30  768  948
534  22.000  96.000  90 -10  672  852
535 153.000 281.000  90 -20  839 1019
536 127.000  87.000  90 -20  411  591
537 199.000 290.000  90 -10   90  270
538 197.000 300.000  90 -20  645  825
539 237.000 109.000  90 -10  935 1115
540  97.000 242.000  90 -10  485  665
541 200.000  83.000  90 -10  491  671
542 327.000 242.000  90 -20  613  793
543  89.000 152.000  90 -10  306  486
544  96.000  69.000  90 -10 1018 1198
545 125.000  95.000  90 -10  689  869
546 337.000 388.000  90 -20  802  982
547 303.000  58.000  90 -10  641  821
548 204.000 385.000  90 -20  837 1017
549  41.000  56.000  90 -20 1192 1372
550 286.000   9.000  90 -30  489  669
551 344.000 176.000  90 -10  145  325
552  32.000 251.000  90 -10  741  921
553 161.000 182.000  90 -30  421  601
554 154.000 284.000  90 -20  460  640
555 234.000 203.000  90 -10  972 1152
556  73.000 203.000  90 -20  410  590
557 300.000 144.000  90 -20  967 1147
558 111.000 179.000  90 -10  829 1009
559  87.000 153.000  90 -20  398  578
560 152.000 240.000  90 -10  249  429
561 389.000 306.000  90 -10 1056 1236
562 386.000  60.000  90 -20  986 1166
563  87.000 155.000  90 -10  775  955
564 113.000 183.000  90 -10  735  915
565  75.000 208.000  90 -10  224  404
566  95.000  47.000  90 -20  836 1016
567 359.000  49.000  90 -30  969 1149
568  65.000 298.000  90 -20 1240 1420
569  52.000 292.000  90 -20  639  819
570 196.000 295.000  90 -30  458  638
571  14.000 210.000  90 -20  560  740
572  28.000 356.000  90 -20  505  685
573 280.000 282.000  90 -10  858 1038
574 219.000 377.000  90 -20  465  645
575  95.000   8.000  90 -20  585  765
576  51.000 354.000  90 -20  867 1047
577 349.000 275.000  90 -10  357  537
578  78.000 246.000  90 -10  883 1063
579 237.000 247.000  90 -30  350  530
580 389.000 271.000  90 -10  203  383
581 323.000 243.000  90 -30  707  887
582  67.000 258.000  90 -20  799  979
583 122.000 281.000  90 -10  763  943
584 305.000 306.000  90 -10  616  796
585 114.000 178.000  90 -20 1012 1192
586 372.000 256.000  90 -30  737  917
587 305.000 304.000  90 -30  708  888
588 342.000 384.000  90 -10 1172 1352
589 303.000  61.000  90 -10  921 1101
590  89.000  51.000  90 -40  276  456
591 278.000 159.000  90 -10  557  737
592 359.000  23.000  90 -20  238  418
593  74.000 253.000  90 -10  594  774
594 167.000 180.000  90 -20  517  697
595  76.000 207.000  90 -10  779  959
596 174.000 375.000  90 -20 1122 1302
597 140.000 260.000  90 -20  730  910
598  92.000 162.000  90 -10 1058 1238
599 132.000 279.000  90 -10 1134 1314
600 131.000 132.000  90 -10   97  277
601 158.000 366.000  90 -40  454  634
602 307.000 310.000  90 -30  521  701
603 196.000 293.000  90 -20  275  455
604 161.000 233.000  90 -20  442  622
605 204.000 292.000  90 -10  929 1109
606 364.000 267.000  90 -30  364  544
607  92.000 155.000  90 -10  961 1141
608  41.000 297.000  90 -30  186  366
609 202.000  85.000  90 -30  583  763
610  57.000 291.000  90 -10  917 1097
611 179.000 336.000  90 -10  886 1066
612  93.000  47.000  90 -10  744  924
613  75.000 203.000  90 -20  595  775
614 128.000  95.000  90 -10 1055 1235
615  40.000  53.000  90 -20  400  580
616 203.000 387.000  90 -30  561  741
617 320.000 216.000  90 -20  495  675
618 232.000 232.000  90 -20  420  600
619 301.000  66.000  90 -20 1016 1196
620 129.000 278.000  90 -20  951 1131
621 126.000  91.000  90 -20  595  775
622 278.000   7.000  90 -20  759  939
623 173.000 381.000  90 -10  933 1113
624 286.000 308.000  90 -10  882 1062
625  29.000  59.000  90 -10  871 1051
626 369.000 106.000  90 -20  753  933
627  90.000  26.000  90 -30  665  845
628 204.000 381.000  90 -10 1021 1201
629 317.000 331.000  90 -20  742  922
630 225.000 288.000  90 -20  272  452
631 268.000 160.000  90 -20  932 1112
632 113.000 179.000  90 -10  921 1101
633 319.000 217.000  90 -30  586  766
634 211.000 154.000  90 -30  622  802
635  33.000  56.000  90 -30  776  956
636 111.000 165.000  90 -10 1211 1391
637  75.000 368.000  90 -20  394  574
638 299.000  58.000  90 -20  357  537
639  76.000 250.000  90 -30  411  591
640 186.000 306.000  90 -10  657  837
641 350.000 182.000  90 -10  532  712
642 299.000 141.000  90 -20  874 1054
643 185.000 386.000  90 -10  555  735
644 281.000 291.000  90 -10  305  485
645 388.000 267.000  90 -30  575  755
646 350.000 271.000  90 -20  167  347
647  26.000 247.000  90 -20  271  451
648 307.000  59.000  90 -10  826 1006
649 237.000 108.000  90 -10  844 1024
650 151.000 264.000  90 -20   81  261
651  53.000 347.000  90 -10 1199 1379
652  34.000 355.000  90 -20  782  962
653 277.000  19.000  90 -20 1044 1224
654 268.000 114.000  90 -20  500  680
655  57.000 353.000  90 -20  301  481
656  14.000 201.000  90 -30  461  641
657 290.000 311.000  90 -20  512  692
658  68.000 261.000  90 -20  705  885
659  84.000 359.000  90 -40  768  948
660 346.000 155.000  90 -20  722  902
661 289.000  11.000  90 -20  395  575
662 392.000 307.000  90 -20  496  676
663  72.000 257.000  90 -30  984 1164
664 232.000 234.000  90 -10  328  508
665 308.000 396.000  90 -20  408  588
666 222.000 284.000  90 -20  177  357
667 181.000 132.000  90 -30  530  710
668 158.000 283.000  90 -10  184  364
669  92.000  46.000  90 -20  653  833
670 220.000 283.000  90 -20  938 1118
671 100.000   6.000  90 -20  951 1131
672 357.000 160.000  90 -30  345  525
673 385.000  56.000  90 -40  419  599
674 328.000 239.000  90 -10  430  610
675 347.000  45.000  90 -30  584  764
676 364.000  43.000  90 -20  691  871
677 113.000 184.000  90 -30  644  824
678 102.000 252.000  90 -30  571  751
679 324.000 217.000  90 -20  310  490
680  41.000 382.000  90 -30  333  513
681 297.000 135.000  90 -10  301  481
682 358.000 266.000  90 -30  642  822
683 183.000 332.000  90 -20  982 1162
684 254.000 240.000  90 -10  620  800
685 346.000  48.000  90 -30  677  857
686  20.000 204.000  90 -20  270  450
687  92.000  50.000  90 -20 1021 1201
688 217.000 286.000  90 -20  753  933
689 282.000 282.000  90 -10  674  854
690  96.000 237.000  90 -10  674  854
691  47.000 328.000  90 -10  471  651
692 182.000 338.000  90 -20  512  692
693 360.000  46.000  90 -20  876 1056
694  40.000  56.000  90 -10 1153 1333
695  46.000 380.000  90 -10  808  988
696 359.000 178.000  90 -10  432  612
697 393.000 301.000  90 -20  220  400
698 348.000 179.000  90 -30  626  806
699 251.000 241.000  90 -20  248  428
700  70.000 264.000  90 -20  612  792
701  15.000 116.000  90 -20  847 1027
702 281.000  16.000  90 -20  949 1129
703 156.000 111.000  90 -30  578  758
704 245.000 106.000  90 -10  286  466
705  83.000 357.000  90 -10  860 1040
706 130.000  70.000  90 -20  896 1076
707 279.000  12.000  90 -20  854 1034
708  33.000 247.000  90 -30  835 1015
709 329.000 241.000  90 -20  241  421
710 339.000 384.000  90 -10 1176 1356
711 314.000 390.000  90 -30 1061 1241
712 211.000 266.000  90 -10  447  627
713 256.000 231.000  90 -10  906 1086
714 150.000 284.000  90 -30  650  830
715 172.000 180.000  90 -10  703  883
716 373.000 253.000  90 -20  552  732
717 385.000  55.000  90 -10  328  508
718 266.000 116.000  90 -50  593  773
719 322.000 242.000  90 -10  798  978
720 126.000  70.000  90 -10  802  982
721 157.000 205.000  90 -20  501  681
722  62.000 301.000  90 -30 1200 1380
723  22.000 210.000  90 -20  931 1111
724  93.000  62.000  90 -20  446  626
725 313.000 334.000  90 -10  837 1017
726 366.000 251.000  90 -30  926 1106
727 128.000  68.000  90 -30  615  795
728 393.000 306.000  90 -20  405  585
729 210.000 141.000  90 -20  157  337
730  35.000 291.000  90 -10  468  648
731  94.000  70.000  90 -30  925 1105
732 158.000  64.000  90 -30  974 1154
733 163.000  63.000  90 -20  602  782
734 230.000 225.000  90 -20  700  880
735 363.000  24.000  90 -20  422  602
736 142.000 260.000  90 -10  638  818
737 124.000  69.000  90 -30  709  889
738  91.000  70.000  90 -30  832 1012
739 336.000 387.000  90 -20  893 1073
740  26.000 250.000  90 -30  364  544
741 151.000 111.000  90 -20  105  285
742 181.000 134.000  90 -40  438  618
743 316.000 336.000  90 -10  465  645
744 294.000 311.000  90 -20  328  508
745 372.000 104.000  90 -10  569  749
746 155.000 206.000  90 -20  318  498
747 182.000 379.000  90 -30  363  543
748 126.000 284.000  90 -20  668  848
749 220.000 288.000  90 -20  567  747
750  93.000 237.000  90 -20  581  761
751 359.000  38.000  90 -10  409  589
752  24.000 121.000  90 -30 1040 1220
753 374.000 253.000  90 -20  461  641
754  95.000  64.000  90 -10  263  443
755  98.000  28.000  90 -20  200  380
756 208.000 274.000  90 -20  165  345
757  19.000 127.000  90 -10  377  557
758 240.000 210.000  90 -20  782  962
759 304.000 141.000  90 -20  687  867
760 171.000 179.000  90 -30  611  791
761  92.000  26.000  90 -20  482  662
762 229.000 229.000  90 -10  606  786
763 229.000 237.000  90 -10  234  414
764  53.000 330.000  90 -20  567  747
765  97.000   6.000  90 -10  768  948
766  62.000 258.000  90 -20  330  510
767 221.000 379.000  90 -20  372  552
768 263.000 110.000  90 -10  223  403
769 164.000  62.000  90 -20  511  691
770 147.000 283.000  90 -20  743  923
771 347.000 395.000  90 -20  519  699
772 310.000 196.000  90 -10  291  471
773 130.000 286.000  90 -10  201  381
774 188.000 133.000  90 -20  627  807
775 342.000 385.000  90 -40 1081 1261
776 361.000  44.000  90 -10  784  964
777 311.000 395.000  90 -10  777  957
778 162.000  69.000  90 -10 1071 1251
779 179.000 305.000  90 -10  754  934
780 203.000 384.000  90 -10  928 1108
781 114.000 254.000  90 -10  193  373
782 345.000 158.000  90 -10  815  995
783 391.000 269.000  90 -10  481  661
784 243.000 106.000  90 -10  468  648
785  93.000  59.000  90 -10  539  719
786  29.000 355.000  90 -30  413  593
787  52.000 331.000  90 -10  659  839
788 301.000  57.000  90 -30  549  729
789 133.000 137.000  90 -10  843 1023
790 142.000 168.000  90 -10   66  246
791  40.000  54.000  90 -20  218  398
792 237.000 213.000  90 -20  688  868
793  73.000 250.000  90 -10  688  868
794 103.000 167.000  90 -20 1022 1202
795 306.000 306.000  90 -30  427  607
796 188.000 338.000  90 -20  230  410
797 153.000 280.000  90 -10  930 1110
798 152.000 109.000  90 -10  291  471
799  60.000 328.000  90 -20  946 1126
800  93.000  51.000  90 -10 1112 1292
801 132.000 170.000  90 -10  258  438
802 131.000  67.000  90 -20  432  612
803 147.000 263.000  90 -20  266  446
804 308.000 204.000  90 -20  667  847
805  53.000 353.000  90 -20 1050 1230
806 179.000 338.000  90 -20  794  974
807 156.000 206.000  90 -30  409  589
808 168.000 177.000  90 -10  131  311
809 222.000 383.000  90 -20  278  458
810 390.000  52.000  90 -30  696  876
811 234.000 214.000  90 -10  595  775
812 105.000 250.000  90 -10  665  845
813  94.000  31.000  90 -30  854 1034
814 351.000 153.000  90 -20  534  714
815 234.000 243.000  90 -20  537  717
816  34.000 385.000  90 -20  521  701
817 175.000 299.000  90 -20  942 1122
818 201.000 386.000  90 -30  744  924
819 111.000 184.000  90 -10  552  732
820 127.000  94.000  90 -10  781  961
821 101.000  10.000  90 -10 1046 1226
822  85.000 358.000  90 -10  952 1132
823 280.000 283.000  90 -10  767  947
824  29.000 250.000  90 -20  647  827
825 209.000 150.000  90 -20  528  708
826 179.000 134.000  90 -20  346  526
827  43.000 386.000  90 -40  620  800
828 318.000 219.000  90 -30  678  858
829 238.000 250.000  90 -10  257  437
830 107.000 247.000  90 -20  758  938
831 344.000 280.000  90 -10  730  910
832 102.000 169.000  90 -20  839 1019
833 127.000 279.000  90 -10  858 1038
834 238.000 101.000  90 -20  747  927
835 176.000 342.000  90 -10  699  879
836 218.000 284.000  90 -30  845 1025
837 209.000  85.000  90 -20  299  479
838  52.000 295.000  90 -10  546  726
839 344.000  49.000  90 -20  769  949
840  19.000 206.000  90 -20  836 1016
841 200.000 200.000   0   0    0 1676
