421 421 1000 200 1000
  0 200.000 200.000   0   0    0 1676
  1 201.000 297.000   0  10  750  909
  2  57.000 353.000  90  10  282  501
  3 359.000  23.000  90  30  237  521
  4 210.000 268.000  90  30   68  283
  5 219.000 148.000  90  10   55  187
  6 306.000 390.000  90  20  220  403
  7  99.000 241.000  90  20  147  251
  8 368.000 102.000  90  20  194  377
  9 307.000 310.000  90  10  556  666
 10 286.000   9.000  90  20  480  677
 11 143.000 261.000   0  30  564  709
 12 183.000 303.000  90  20  433  502
 13 233.000 208.000  90  30   46  202
 14 113.000 179.000  90  10  921 1102
 15 109.000 170.000  90  20  126  245
 16 276.000  16.000   0  10  199  387
 17 185.000 386.000  90  10  566  724
 18 180.000 375.000  90  10  176  351
 19 164.000  69.000  90  30  135  222
 20  53.000 354.000  90  10  976 1123
 21 275.000   8.000  90  10  612  708
 22 183.000 294.000  90  20   95  294
 23  15.000 100.000  90  10  316  467
 24  51.000 288.000  90  10  215  312
 25 131.000 130.000  90  40  289  449
 26  56.000 351.000  90  10  208  538
 27 208.000 384.000  90  20  184  464
 28 204.000  87.000  90  30  175  231
 29 271.000 154.000  90  10   84  313
 30  14.000 100.000  90  30  363  601
 31 359.000  38.000  90  10  438  561
 32 153.000 368.000  90  30  256  461
 33 270.000 151.000  90  20   85  215
 34  29.000 355.000  90  10  473  533
 35 107.000 247.000   0  20  683 1013
 36 126.000  91.000  90  30  583  788
 37 229.000 229.000  90  50  672  719
 38  82.000 247.000  90  20  194  432
 39 270.000 106.000  90  30  128  301
 40 393.000 272.000  90  10  440  515
 41  93.000  62.000  90  20  387  686
 42 275.000  15.000  90  20  199  492
 43 372.000 104.000  90  20  567  750
 44 134.000  98.000  90  10  121  194
 45  97.000  10.000   0  10  512  651
 46 159.000 207.000  90  20   41  181
 47 111.000 184.000  90  10  637  646
 48  18.000 100.000  90  20  235  362
 49 126.000 126.000  90  20  546  753
 50  35.000 293.000  90  20  369  378
 51 367.000 104.000  90  20  192  440
 52 187.000 341.000  90  30  359  468
 53  52.000 297.000  90  20  506  582
 54 103.000 168.000  90  10  983 1058
 55  14.000 201.000  90  10  499  603
 56 386.000  57.000  90  10  540  659
 57 393.000 307.000  90  10  668  687
 58  49.000 353.000  90  10  673  690
 59 248.000 243.000  90  20   64  124
 60  94.000  13.000  90  30  480  496
 61 134.000 279.000  90  30  102  259
 62 158.000  64.000  90  10 1023 1105
 63 346.000 179.000  90  20  729  886
 64  20.000 127.000  90  10  278  474
 65  46.000 378.000  90  10  927 1053
 66 393.000 301.000  90  10  217  469
 67 182.000 379.000  90  20  351  555
 68 301.000  57.000  90  10  582  696
 69 111.000 170.000  90  10   93  231
 70 294.000 311.000  90  10  381  454
 71 352.000 162.000  90  10  205  288
 72 106.000 173.000  90  10  167  394
 73 311.000 334.000  90  10 1040 1179
 74 305.000 336.000  90  20  171  225
 75  22.000 125.000  90  10  193  520
 76  40.000  54.000   0  10  234  382
 77 234.000 212.000   0  10  348  454
 78  91.000  27.000  90  20  562  766
 79 351.000 153.000   0  30  605  644
 80 291.000 301.000  90  20  135  209
 81 135.000 167.000  90  10  212  295
 82 300.000 132.000  90  10  404  568
 83  93.000  23.000  90  10  350  608
 84 236.000 210.000  90  30  128  308
 85 346.000 385.000  90  10  266  385
 86 238.000 101.000  90  20  781  894
 87 185.000 299.000  90  10  139  242
 88 272.000 154.000  90  20  213  327
 89 158.000 283.000   0  10  243  305
 90 298.000 137.000  90  10  236  362
 91 266.000 116.000   0  10  574  792
 92 115.000 257.000  90  10  250  501
 93 329.000 241.000  90  20  237  425
 94 362.000  28.000  90  10  854  931
 95  53.000 347.000   0  20 1247 1379
 96 149.000 234.000  90  10   61  170
 97  84.000 359.000  90  20  772  943
 98 243.000 244.000  90  30   61  236
 99  68.000 263.000  90  10  513  707
100  82.000 365.000  90  30  235  538
101 276.000 157.000  90  20  362  367
102 106.000 177.000  90  20  399  529
103 140.000 264.000  90  20  416  490
104 347.000  45.000  90  20  597  752
105 305.000 198.000  90  20  105  339
106 168.000 178.000  90  20   38  295
107 280.000 290.000  90  20  260  347
108 165.000  63.000  90  10  445  574
109 308.000 393.000  90  30  320  490
110 131.000 131.000  90  10  234  322
111 369.000  19.000  90  10  509  711
112 328.000 239.000  90  10  438  602
113 230.000 241.000   0  10  717  906
114  20.000 204.000  90  20  311  409
115 371.000 244.000  90  20  176  297
116 182.000 300.000  90  10  203  365
117 349.000 275.000  90  10  391  503
118  21.000 104.000  90  30  203  351
119 126.000 284.000  90  10  726  791
120 199.000 290.000  90  10   90  334
121 385.000  55.000  90  20  343  492
122 101.000 239.000  90  10  106  385
123 200.000  83.000  90  10  454  708
124  88.000 150.000  90  10  286  321
125 281.000  16.000  90  20  979 1098
126  87.000 155.000  90  10  761  970
127  85.000  67.000  90  10  766  886
128 125.000  95.000  90  10  719  840
129 347.000 385.000  90  20  272  562
130 302.000  60.000  90  10  173  388
131  75.000 368.000  90  10  378  591
132 207.000 381.000  90  20  181  274
133 110.000 254.000  90  20  360  583
134 220.000 288.000   0  20  540  773
135 295.000  19.000  90  30  204  228
136 344.000 176.000  90  10  145  463
137 167.000 174.000  90  30  255  373
138 314.000 396.000  90  10  978 1132
139  97.000 242.000  90  20  470  680
140  75.000 206.000  90  20  402  410
141 151.000 111.000  90  20  111  280
142 350.000 182.000  90  20  532  711
143 369.000 107.000  90  20  852 1015
144 109.000 186.000  90  10  400  697
145 222.000 284.000  90  10  163  370
146  93.000 149.000  90  20  118  327
147 152.000 237.000  90  10  201  290
148 395.000 310.000  90  10  759  783
149 243.000 104.000  90  20  645  838
150  40.000  53.000  90  10  427  553
151 396.000  59.000  90  20  864 1087
152  79.000 154.000  90  10  495  678
153  73.000 213.000  90  10  127  348
154 344.000  49.000  90  20  780  939
155  48.000 326.000  90  20  433  505
156  54.000 285.000  90  20  168  223
157 197.000 293.000  90  30  194  354
158  21.000 201.000  90  20  333  575
159  31.000 353.000  90  20  227  562
160 277.000 285.000  90  10  114  391
161 219.000 377.000  90  20  451  660
162  99.000  16.000  90  20  209  276
163 217.000 286.000  90  10  719  967
164  62.000 258.000  90  20  382  458
165 383.000 273.000  90  10  197  326
166 362.000 272.000  90  30  203  335
167 245.000 106.000  90  20  313  440
168 327.000 242.000  90  40  642  764
169 127.000 279.000   0  10  826 1070
170 122.000 183.000  90  20   79  320
171 222.000 383.000  90  30  282  455
172 308.000 296.000  90  30  159  313
173 253.000 243.000  90  10  316  547
174 342.000 384.000   0  10 1120 1354
175 301.000  58.000  90  10  292  419
176  90.000  53.000  90  40  271  277
177 131.000 132.000  90  10   96  305
178 281.000 155.000  90  10  442  661
179 358.000  23.000  90  20  237  355
180  26.000 247.000  90  10  298  424
181  76.000 251.000  90  10  578  606
182 172.000 178.000  90  20   35  252
183 174.000 387.000  90  20  767  906
184 273.000  12.000  90  10  357  592
185 147.000 283.000  90  10  736  930
186 135.000 134.000  90  10   92  180
187 105.000 250.000  90  30  697  813
188 159.000 367.000   0  40  212  313
189 304.000 297.000  90  30  142  470
190 197.000 292.000  90  20   92  319
191  69.000 245.000  90  30  834  914
192 195.000 294.000  90  10  358  554
193 356.000 274.000  90  30  172  506
194  91.000 150.000  90  10  160  261
195  46.000 292.000  90  30  179  492
196 203.000  88.000  90  30  112  329
197  55.000 291.000  90  10  654  991
198  72.000 210.000  90  20  172  269
199  39.000  54.000  90  20  328  470
200 232.000 232.000   0  20  373  647
201 201.000 387.000   0  20  641  845
202 303.000  59.000  90  20  761  884
203 131.000 283.000  90  20  162  234
204 131.000  95.000  90  20  125  333
205 150.000 236.000  90  20   79  229
206  33.000 247.000   0  10  827 1022
207  22.000  96.000  90  10  680  844
208 287.000 307.000  90  10  759 1001
209 129.000  98.000   0  20 1118 1357
210 127.000  90.000  90  20  453  734
211  39.000  48.000  90  10  621  730
212 316.000 336.000  90  10  477  634
213 315.000 341.000  90  20  297  429
214 222.000 283.000  90  20  130  221
215  41.000 297.000  90  10  186  503
216 321.000 209.000  90  30  121  374
217 211.000 147.000  90  30  500  549
218  41.000  52.000  90  30  498  664
219  94.000  31.000   0  10  786 1102
220  87.000 365.000  90  20  199  516
221 300.000  62.000  90  20  170  205
222  83.000 248.000  90  30  152  290
223 317.000 331.000  90  10  716  948
224 182.000 378.000  90  10  242  482
225 275.000 287.000  90  10  129  287
226 391.000 271.000   0  30  342  429
227 320.000 216.000  90  20  535  635
228 349.000 272.000  90  20  165  282
229  28.000 246.000  90  20  243  293
230  92.000  46.000  90  20  700  786
231 293.000  15.000   0  10  321  459
232 272.000 161.000   0  20  817 1037
233 152.000 263.000  90  20   79  108
234 156.000 367.000  90  10  384  518
235  48.000 361.000  90  10  492  676
236  58.000 346.000  90  20  203  287
237  21.000 204.000  90  30  179  447
238 295.000 307.000  90  20  242  406
239  72.000 253.000  90  20  138  245
240 111.000 179.000  90  10  878  960
241  98.000  28.000  90  20  206  374
242 295.000  16.000  90  20  207  406
243 337.000 388.000  90  10  846  938
244 182.000 338.000  90  20  533  672
245 227.000 231.000  90  10  120  144
246 302.000 392.000  90  20  217  360
247 221.000 281.000  90  20   83  159
248  60.000 293.000  90  20 1106 1278
249 177.000 137.000  90  30  122  193
250 157.000 281.000  90  10   91  122
251  90.000  54.000  90  20  182  359
252 229.000 237.000  90  30  264  384
253 126.000  70.000  90  10  801  982
254 171.000 179.000  90  10  689  713
255 346.000 163.000  90  30  150  306
256 382.000  54.000  90  40  233  438
257 335.000  47.000  90  30  261  329
258  17.000 125.000  90  20  455  666
259 356.000  41.000  90  20  222  382
260  89.000  51.000  90  10  276  456
261  47.000 328.000  90  50  389  732
262 117.000 187.000  90  30  149  203
263 299.000 141.000   0  10  831 1096
264 336.000  42.000  90  10  447  517
265 324.000 216.000  90  20  189  429
266  40.000 380.000  90  30  270  391
267  86.000 154.000  90  30  758  790
268 294.000 136.000  90  10  113  268
269 154.000 284.000  90  20  477  623
270 181.000 339.000  90  20  545  842
271 257.000 239.000  90  10  345  709
272 238.000 250.000  90  20  268  427
273  95.000  64.000  90  20  268  438
274  22.000 205.000  90  20  178  379
275  89.000  48.000  90  20  385  534
276 280.000 288.000  90  10  369  607
277 389.000 306.000   0  30 1001 1292
278  97.000 248.000  90  10  326  449
279  55.000 324.000  90  10  190  372
280  56.000 289.000  90  10  899  930
281 187.000 338.000  90  20  159  298
282 366.000  39.000  90  20  581  792
283 351.000 177.000  90  10  393  455
284 393.000 297.000  90  20  216  291
285 351.000 176.000   0  30  215  450
286 249.000 242.000  90  20   64  314
287  63.000 262.000   0  20  469  559
288 297.000 135.000  90  30  323  460
289 157.000 102.000   0  30  502  637
290 364.000  43.000  90  10  755  807
291 242.000 113.000  90  10   96  343
292 133.000  68.000  90  20  366  493
293 274.000  14.000  90  20  311  452
294  34.000 242.000  90  30  171  252
295 331.000 251.000  90  20  140  373
296 344.000 391.000  90  10  481  546
297 348.000 280.000   0  10  613  650
298 376.000 254.000  90  20  392  525
299 276.000 116.000  90  50  113  156
300 158.000 206.000  90  20   79  187
301  52.000 334.000  90  30  697  987
302 102.000  67.000  90  20  165  191
303 321.000 339.000  90  10  377  541
304 254.000 240.000  90  10  665  755
305 350.000 271.000  90  10  234  279
306 137.000  64.000  90  30  149  257
307 393.000 305.000  90  20  332  476
308 215.000 143.000  90  20   68  235
309 166.000  67.000  90  30  160  483
310 164.000  66.000  90  20  169  289
311  73.000 203.000  90  20  416  584
312 360.000  23.000  90  20  283  556
313 353.000 164.000  90  20  245  433
314 308.000 204.000   0  30  621  894
315 210.000 144.000  90  10  222  459
316 148.000 112.000  90  20  102  340
317 177.000 138.000  90  40   66  188
318 293.000 306.000  90  20  141  383
319 372.000 256.000  90  20  740  914
320 324.000 217.000  90  30  256  544
321 282.000 282.000  90  10  679  849
322 374.000 104.000  90  10  514  620
323 376.000 251.000  90  20  321  410
324 156.000 207.000  90  20  205  245
325 183.000 375.000  90  30  193  346
326 364.000 267.000  90  20  358  550
327 220.000 296.000  90  20  487  630
328  75.000 367.000  90  10  530  621
329  97.000   6.000  90  10  693 1023
330 206.000  81.000   0  20  475  494
331 358.000 266.000   0  30  584  880
332  16.000 120.000  90  30  603  707
333 374.000 253.000  90  20  455  646
334  99.000  67.000   0  10  167  366
335  99.000  28.000  90  20  199  341
336 210.000 271.000  90  20   71  326
337  21.000 125.000  90  10  217  351
338  29.000  59.000  90  20  938  984
339 139.000 161.000   0  30  552  733
340  35.000 291.000  90  10  501  616
341 227.000 229.000  90  10   39  234
342 203.000 387.000  90  10  604  698
343  53.000 326.000   0  20  193  388
344  66.000 254.000  90  20  293  357
345 214.000 378.000  90  20  178  454
346  41.000 382.000  90  20  398  449
347  96.000 237.000   0  10  662  867
348 263.000 110.000  90  10  224  402
349 157.000 282.000  90  20  100  266
350 345.000 382.000  90  20  232  467
351 308.000 196.000  90  10  278  299
352 130.000 286.000  90  10  245  337
353 176.000 132.000  90  20  240  264
354 355.000  39.000  90  10  235  395
355 309.000 399.000  90  10  474  710
356 162.000  61.000  90  10  734  836
357 179.000 305.000  90  10  800  888
358 305.000 304.000  90  10  698  898
359 208.000 274.000  90  30  198  313
360 391.000 269.000  90  10  490  653
361 244.000 114.000  90  10   96  251
362  32.000 352.000  90  30  226  288
363 299.000  52.000   0  30  371  716
364 142.000 168.000  90  10   66  260
365 204.000 385.000  90  10  881  973
366 301.000 139.000  90  30  763  978
367  44.000  54.000  90  20  213  358
368  70.000 264.000  90  30  658  745
369 311.000 395.000  90  10  753  980
370 229.000 209.000  90  20   30  117
371  84.000 252.000  90  10  127  244
372 323.000 243.000  90  20  716  877
373 103.000 167.000   0  20 1075 1149
374 131.000  67.000  90  30  354  689
375 151.000 264.000  90  40  126  216
376 186.000 336.000  90  20  136  312
377 154.000 282.000  90  10  404  513
378 150.000 108.000  90  10  181  397
379  28.000 353.000  90  20  381  441
380 156.000 206.000  90  40  312  686
381  11.000 115.000  90  20  714  971
382  93.000  47.000  90  10  706  962
383 138.000 168.000  90  10   95  226
384  20.000  91.000  90  10  771  945
385 134.000  62.000  90  20  152  344
386 147.000 264.000  90  20  172  357
387 307.000 196.000  90  20  107  465
388 160.000 366.000  90  20  170  378
389 168.000 177.000   0  10   85  357
390 389.000  54.000  90  30  580  808
391 231.000 219.000  90  10  425  752
392 114.000 252.000  90  10  105  277
393 355.000 156.000  90  20  436  623
394 236.000 243.000  90  20  440  630
395  41.000 378.000  90  20  238  389
396  34.000 355.000  90  30  759  984
397 211.000 389.000  90  30  255  485
398 115.000 185.000  90  10  219  319
399 133.000  94.000  90  10  280  335
400  98.000  13.000  90  10  213  411
401 306.000 306.000  90  10  449  585
402  85.000 358.000   0  10 1015 1070
403  93.000  59.000  90  20  482  776
404  25.000 256.000  90  20  451  649
405 202.000  85.000  90  10  538  808
406 178.000 133.000  90  20  296  392
407  39.000 384.000  90  40  502  529
408 321.000 212.000  90  30  143  286
409 239.000 254.000  90  10  175  332
410 206.000 296.000  90  30  853  996
411 116.000 252.000  90  20   98  163
412 347.000 395.000  90  10  470  748
413 310.000 200.000  90  30  582  744
414 348.000 279.000  90  10  494  587
415 106.000 174.000  90  20  290  452
416  95.000   8.000  90  30  615  735
417 129.000 287.000  90  10  329  436
418 158.000 365.000  90  10  532  737
419  75.000 203.000  90  10  649  721
420  49.000 289.000  90  10  247  463
421 335.000  50.000   0  20  201  397
422 201.000 297.000  90 -10  750  909
423  54.000 348.000  90 -10 1145 1326
424 363.000  24.000  90 -30  388  636
425 213.000 271.000  90 -30  414  470
426 212.000 146.000  90 -10  390  475
427 310.000 395.000  90 -20  712  839
428 100.000 243.000  90 -20  258  324
429 369.000 100.000  90 -20  260  494
430 305.000 306.000  90 -10  655  757
431 286.000  17.000  90 -20  579  775
432 143.000 261.000  90 -30  564  709
433 189.000 306.000  90 -20  581  728
434 233.000 214.000  90 -30  414  573
435 116.000 181.000  90 -10 1142 1250
436 103.000 171.000  90 -20  719  956
437 276.000  16.000  90 -10  199  387
438 177.000 379.000  90 -10 1108 1126
439 179.000 383.000  90 -10  517  579
440 156.000  63.000  90 -30  838 1106
441  53.000 353.000  90 -10 1093 1188
442 278.000   7.000  90 -10  721  976
443 186.000 304.000  90 -20  483  638
444  21.000  96.000  90 -10  519  824
445  52.000 292.000  90 -10  714  745
446 129.000 134.000  90 -40  796  880
447  49.000 351.000  90 -10  717 1010
448 207.000 391.000  90 -20  331  598
449 209.000  85.000  90 -30  283  495
450 277.000 163.000  90 -10  629  853
451  24.000  93.000  90 -30  896 1007
452 361.000  39.000  90 -10  510  672
453 176.000 342.000  90 -30  703  876
454 273.000 160.000  90 -20  830  842
455  31.000 357.000  90 -10  537  839
456 107.000 247.000  90 -20  683 1013
457 128.000  94.000  90 -30  966 1142
458 230.000 225.000  90 -50  713  866
459  76.000 250.000  90 -20  409  593
460 267.000 112.000  90 -30  463  534
461 382.000 266.000  90 -10  678  844
462  82.000  65.000  90 -20  671  793
463 279.000  12.000  90 -20  890  998
464 370.000 104.000  90 -20  679  822
465 129.000  85.000  90 -10  274  541
466  97.000  10.000  90 -10  512  651
467 157.000 205.000  90 -20  506  675
468 113.000 184.000  90 -10  723  744
469  24.000  96.000  90 -20  936 1153
470 129.000 132.000  90 -20  655  838
471  33.000 293.000  90 -20  435  496
472 370.000  98.000  90 -20  465  474
473 179.000 338.000  90 -30  846  923
474  52.000 295.000  90 -20  514  758
475 109.000 167.000  90 -10 1158 1258
476  14.000 210.000  90 -10  585  715
477 390.000  52.000  90 -10  736  837
478 389.000 307.000  90 -10  981 1130
479  49.000 352.000  90 -10  564  982
480 251.000 241.000  90 -20  271  406
481  96.000   8.000  90 -30  676  856
482 127.000 286.000  90 -30  450  881
483 162.000  69.000  90 -10 1129 1192
484 345.000 178.000  90 -20  822  976
485  15.000 116.000  90 -10  909  965
486 132.000 279.000  90 -10 1181 1268
487 397.000 313.000  90 -10  711 1019
488 180.000 387.000  90 -20  617  863
489 301.000  66.000  90 -10 1056 1155
490 103.000 172.000  90 -10  556  754
491 291.000 308.000  90 -10  646  744
492 346.000 155.000  90 -10  688  937
493 100.000 175.000  90 -10  436  685
494 306.000 329.000  90 -10 1189 1224
495 313.000 340.000  90 -20  211  331
496  25.000 118.000  90 -10  961 1112
497  40.000  54.000  90 -10  234  382
498 234.000 212.000  90 -10  348  454
499  90.000  26.000  90 -20  639  871
500 351.000 153.000  90 -30  605  644
501 290.000 311.000  90 -20  476  729
502 126.000 161.000  90 -10  393  504
503 310.000 143.000  90 -10  587  775
504  92.000  26.000  90 -10  444  700
505 235.000 212.000  90 -30  219  401
506 342.000 385.000  90 -10 1097 1245
507 237.000 109.000  90 -20  886 1165
508 186.000 306.000  90 -10  599  895
509 278.000 159.000  90 -20  533  760
510 158.000 283.000  90 -10  243  305
511 304.000 141.000  90 -10  732  823
512 266.000 116.000  90 -10  574  792
513 109.000 252.000  90 -10  519  610
514 329.000 236.000  90 -20  307  545
515 363.000  30.000  90 -10  885 1085
516  53.000 347.000  90 -20 1247 1379
517 158.000 239.000  90 -10  279  591
518  83.000 357.000  90 -20  878 1022
519 240.000 246.000  90 -30   81  230
520  67.000 258.000  90 -10  816  961
521  84.000 360.000  90 -30  706  828
522 277.000 154.000  90 -20  389  527
523 104.000 171.000  90 -20  711  781
524 140.000 260.000  90 -20  704  936
525 346.000  48.000  90 -20  664  870
526 313.000 194.000  90 -20  373  576
527 167.000 180.000  90 -20  502  713
528 280.000 287.000  90 -20  477  681
529 163.000  63.000  90 -10  631  753
530 308.000 396.000  90 -30  445  552
531 131.000 127.000  90 -10  395  529
532 359.000  30.000  90 -10 1072 1085
533 327.000 241.000  90 -10  577  646
534 230.000 241.000  90 -10  717  906
535  19.000 206.000  90 -20  813 1040
536 375.000 247.000  90 -20  238  306
537 183.000 301.000  90 -10  319  432
538 256.000 231.000  90 -10  848 1144
539  17.000  96.000  90 -30  513  641
540 122.000 281.000  90 -10  706 1000
541 196.000 293.000  90 -10  334  396
542 385.000  56.000  90 -20  482  535
543  95.000 243.000  90 -10  436  530
544 195.000  91.000  90 -10  765  961
545  87.000 153.000  90 -10  383  594
546 277.000  19.000  90 -20 1048 1220
547  92.000 155.000  90 -10  989 1112
548  94.000  70.000  90 -10  987 1044
549 128.000  95.000  90 -10 1011 1278
550 339.000 384.000  90 -20 1225 1356
551 303.000  58.000  90 -10  675  787
552  86.000 357.000  90 -10 1083 1184
553 203.000 388.000  90 -20  535  585
554 108.000 250.000  90 -20  862 1020
555 220.000 288.000  90 -20  540  773
556 289.000  11.000  90 -30  416  554
557 348.000 176.000  90 -10  149  413
558 161.000 182.000  90 -30  410  612
559 308.000 389.000  90 -10 1212 1281
560  96.000 235.000  90 -20  745  968
561  74.000 201.000  90 -20  578  606
562 156.000 111.000  90 -20  559  777
563 348.000 179.000  90 -20  595  836
564 300.000 144.000  90 -20  942 1172
565 119.000 179.000  90 -10 1227 1352
566 220.000 283.000  90 -10  966 1089
567  89.000 152.000  90 -20  282  510
568 152.000 240.000  90 -10  311  367
569 393.000 312.000  90 -10  894 1024
570 242.000 105.000  90 -20  554  745
571  38.000  49.000  90 -10  711  823
572 386.000  60.000  90 -20  998 1153
573  92.000 162.000  90 -10 1103 1192
574  75.000 208.000  90 -10  260  369
575 346.000  53.000  90 -20  828 1079
576  53.000 330.000  90 -20  511  803
577  49.000 291.000  90 -20  445  450
578 198.000 295.000  90 -30  527  753
579  22.000 210.000  90 -20  906 1137
580  32.000 357.000  90 -20  709  848
581 281.000 291.000  90 -10  338  451
582 223.000 372.000  90 -20  600  703
583  96.000  14.000  90 -20  378  413
584 218.000 284.000  90 -10  872  998
585  68.000 261.000  90 -20  661  929
586 389.000 271.000  90 -10  255  332
587 363.000 267.000  90 -30  452  639
588 243.000 106.000  90 -20  500  616
589 240.000 210.000  90 -40  674 1070
590 127.000 279.000  90 -10  826 1070
591 108.000 186.000  90 -20  395  520
592 221.000 379.000  90 -30  369  556
593 306.000 303.000  90 -30  356  492
594 249.000 239.000  90 -10  677  934
595 342.000 384.000  90 -10 1120 1354
596 299.000  58.000  90 -10  307  587
597  93.000  48.000  90 -40  919 1117
598 129.000 124.000  90 -10  436  676
599 268.000 160.000  90 -10  969 1074
600 364.000  25.000  90 -20  638  779
601  32.000 251.000  90 -10  772  889
602  74.000 253.000  90 -10  591  777
603 166.000 170.000  90 -20  396  420
604 173.000 381.000  90 -20  913 1133
605 275.000  12.000  90 -10  415  718
606 153.000 280.000  90 -10  915 1126
607 133.000 137.000  90 -10  869  998
608 114.000 250.000  90 -30  991 1084
609 159.000 367.000  90 -40  212  313
610 308.000 301.000  90 -30  234  429
611 196.000 295.000  90 -20  411  684
612  78.000 246.000  90 -30  933 1013
613 197.000 300.000  90 -10  601  869
614 363.000 270.000  90 -30  327  396
615  85.000 155.000  90 -10  642  722
616  37.000 286.000  90 -30  648  841
617 207.000  87.000  90 -30  221  372
618  62.000 301.000  90 -10 1160 1415
619  76.000 206.000  90 -20  679  876
620  39.000  56.000  90 -20 1083 1220
621 232.000 232.000  90 -20  373  647
622 201.000 387.000  90 -20  641  845
623 307.000  59.000  90 -20  861  972
624 129.000 288.000  90 -20  423  525
625 128.000  93.000  90 -20  916 1009
626 161.000 233.000  90 -20  455  608
627  33.000 247.000  90 -10  827 1022
628  23.000  97.000  90 -10 1065 1208
629 286.000 308.000  90 -10  842 1101
630 129.000  98.000  90 -20 1118 1357
631 127.000  94.000  90 -20  765  977
632  33.000  56.000  90 -10  815  916
633 317.000 335.000  90 -10  600  693
634 318.000 335.000  90 -20  605  871
635 230.000 290.000  90 -20  369  546
636  34.000 289.000  90 -10  623  679
637 321.000 217.000  90 -30  414  573
638 211.000 154.000  90 -30  651  774
639  40.000  56.000  90 -30 1132 1354
640  94.000  31.000  90 -10  786 1102
641  84.000 363.000  90 -20  200  458
642 303.000  61.000  90 -20  912 1110
643  73.000 250.000  90 -30  682  874
644 313.000 335.000  90 -10  992 1044
645 172.000 383.000  90 -10  790 1071
646 282.000 283.000  90 -10  643  703
647 391.000 271.000  90 -30  342  429
648 318.000 219.000  90 -20  756  780
649 353.000 276.000  90 -20  289  417
650  26.000 250.000  90 -20  417  490
651  93.000  51.000  90 -20 1116 1287
652 293.000  15.000  90 -10  321  459
653 272.000 161.000  90 -20  817 1037
654 142.000 262.000  90 -20  500  592
655 158.000 364.000  90 -10  626  826
656  51.000 354.000  90 -10  909 1005
657  55.000 357.000  90 -20  360  612
658  18.000 208.000  90 -30  809  860
659 293.000 310.000  90 -20  429  589
660  68.000 254.000  90 -20  146  320
661 114.000 178.000  90 -10 1017 1188
662  97.000  29.000  90 -20  276  487
663 237.000 108.000  90 -20  874  995
664 340.000 388.000  90 -10  954 1202
665 183.000 332.000  90 -20  985 1160
666 232.000 230.000  90 -10  518  686
667 309.000 397.000  90 -20  605  762
668 225.000 288.000  90 -20  281  443
669  65.000 298.000  90 -20 1297 1420
670 181.000 134.000  90 -30  500  555
671 157.000 283.000  90 -10  210  521
672  95.000  47.000  90 -20  860  993
673 232.000 234.000  90 -30  307  529
674 130.000  70.000  90 -10  932 1039
675 172.000 180.000  90 -10  718  867
676 357.000 160.000  90 -30  349  520
677 383.000  53.000  90 -40  267  383
678 337.000  47.000  90 -30  244  529
679  12.000 117.000  90 -20  660  841
680 357.000  39.000  90 -20  267  547
681  86.000  47.000  90 -10  455  650
682  52.000 331.000  90 -50  728  770
683 110.000 188.000  90 -30  302  427
684 299.000 141.000  90 -10  831 1096
685 339.000  41.000  90 -10  485  665
686 236.000 204.000  90 -20  908 1031
687  34.000 385.000  90 -30  516  707
688  89.000 154.000  90 -30  902 1012
689 298.000 138.000  90 -10  115  367
690 150.000 284.000  90 -20  734  746
691 179.000 336.000  90 -20  916 1037
692 255.000 239.000  90 -10  485  753
693 237.000 247.000  90 -20  373  507
694  95.000  63.000  90 -20  352  537
695  17.000 209.000  90 -20  655  831
696  85.000  44.000  90 -20  504  786
697 280.000 282.000  90 -10  851 1044
698 389.000 306.000  90 -30 1001 1292
699  93.000 237.000  90 -10  610  732
700  51.000 326.000  90 -10  360  392
701  58.000 294.000  90 -10 1058 1141
702 188.000 338.000  90 -20  238  402
703 359.000  49.000  90 -20  978 1140
704 359.000 178.000  90 -10  461  583
705 393.000 306.000  90 -20  461  529
706 351.000 176.000  90 -30  215  450
707 250.000 241.000  90 -20  223  272
708  63.000 262.000  90 -20  469  559
709 302.000 136.000  90 -30  527  634
710 157.000 102.000  90 -30  502  637
711 361.000  44.000  90 -10  836  913
712 244.000 109.000  90 -10  178  388
713 128.000  68.000  90 -20  660  750
714 279.000   4.000  90 -20  652  860
715  27.000 251.000  90 -30  549  742
716 328.000 243.000  90 -20  176  302
717 341.000 394.000  90 -10  550  860
718 348.000 280.000  90 -10  613  650
719 371.000 253.000  90 -20  730  737
720 264.000 112.000  90 -50  312  498
721 154.000 206.000  90 -20  142  493
722  60.000 328.000  90 -30 1008 1064
723  91.000  70.000  90 -20  802 1043
724 313.000 334.000  90 -10  860  994
725 250.000 236.000  90 -10  812  984
726 344.000 283.000  90 -10  614  840
727 124.000  69.000  90 -30  683  915
728 392.000 307.000  90 -20  462  710
729 210.000 141.000  90 -20  203  292
730 164.000  62.000  90 -30  527  676
731 168.000  62.000  90 -20  374  459
732  79.000 209.000  90 -20  914 1011
733 364.000  27.000  90 -20  705  896
734 349.000 157.000  90 -20  642  795
735 308.000 204.000  90 -30  621  894
736 209.000 150.000  90 -10  481  754
737 153.000 107.000  90 -20  419  528
738 188.000 133.000  90 -40  655  779
739 289.000 306.000  90 -20  706  871
740 367.000 255.000  90 -20  809 1036
741 319.000 217.000  90 -30  589  763
742 280.000 283.000  90 -10  816  897
743 369.000 106.000  90 -10  773  912
744 373.000 253.000  90 -20  609  675
745 155.000 206.000  90 -20  297  520
746 174.000 375.000  90 -30 1091 1333
747 361.000 269.000  90 -20  585  692
748 217.000 289.000  90 -20  737  763
749  82.000 360.000  90 -10  586  763
750 101.000  10.000  90 -10 1053 1219
751 206.000  81.000  90 -20  475  494
752 358.000 266.000  90 -30  584  880
753 111.000 165.000  90 -30 1238 1363
754 366.000 251.000  90 -20  961 1071
755  99.000  67.000  90 -10  167  366
756  89.000  29.000  90 -20  813  883
757 211.000 274.000  90 -20  258  438
758  19.000 127.000  90 -10  427  508
759  37.000  56.000  90 -20 1034 1086
760 139.000 161.000  90 -30  552  733
761  39.000 285.000  90 -10  776  899
762 227.000 240.000  90 -10  105  356
763 203.000 384.000  90 -10 1002 1034
764  53.000 326.000  90 -20  193  388
765  70.000 256.000  90 -20  924 1040
766 220.000 381.000  90 -20  222  328
767  46.000 380.000  90 -20  767 1029
768  96.000 237.000  90 -10  662  867
769 268.000 114.000  90 -10  561  620
770 154.000 288.000  90 -20  561  727
771 336.000 387.000  90 -20  899 1067
772 312.000 200.000  90 -10  433  708
773 129.000 293.000  90 -10  510  628
774 181.000 132.000  90 -20  477  763
775 360.000  46.000  90 -10  916 1017
776 314.000 390.000  90 -10  996 1306
777 161.000  63.000  90 -10  778  975
778 177.000 300.000  90 -10  878 1002
779 300.000 299.000  90 -10  884 1086
780 211.000 266.000  90 -30  458  617
781 388.000 267.000  90 -10  578  752
782 244.000 106.000  90 -10  441  493
783  28.000 356.000  90 -30  481  708
784 299.000  52.000  90 -30  371  716
785 132.000 159.000  90 -10  451  638
786 204.000 381.000  90 -10 1105 1118
787 267.000 161.000  90 -30  953 1272
788  41.000  56.000  90 -20 1097 1372
789  72.000 257.000  90 -30  960 1188
790 314.000 399.000  90 -10  916 1008
791 237.000 213.000  90 -20  774  781
792  78.000 251.000  90 -10  387  430
793 322.000 242.000  90 -20  761 1015
794 103.000 167.000  90 -20 1075 1149
795 129.000  67.000  90 -30  555  673
796 147.000 263.000  90 -40  286  425
797 184.000 343.000  90 -20  406  608
798 153.000 281.000  90 -10  811 1048
799 152.000 109.000  90 -10  252  510
800  61.000 333.000  90 -20  830 1052
801 155.000 202.000  90 -40  630  738
802  24.000 121.000  90 -20 1064 1197
803  92.000  50.000  90 -10 1059 1162
804 132.000 170.000  90 -10  272  424
805  23.000  98.000  90 -10 1139 1315
806 134.000  63.000  90 -20  291  378
807 142.000 260.000  90 -20  656  800
808 310.000 196.000  90 -20  302  460
809 158.000 366.000  90 -20  515  572
810 168.000 177.000  90 -10   85  357
811 391.000  54.000  90 -30  793  964
812 234.000 214.000  90 -10  522  847
813 114.000 254.000  90 -10  207  358
814 345.000 158.000  90 -20  859  952
815 234.000 243.000  90 -20  598  656
816  42.000 384.000  90 -20  670  935
817 130.000 279.000  90 -30 1031 1233
818 201.000 386.000  90 -30  779  888
819 113.000 183.000  90 -10  765  884
820 127.000  87.000  90 -10  410  592
821  99.000   7.000  90 -10  842 1058
822 304.000 301.000  90 -10  776 1005
823  85.000 358.000  90 -10 1015 1070
824  96.000  69.000  90 -20 1016 1200
825  29.000 250.000  90 -20  708  767
826 200.000  89.000  90 -10  711  825
827 179.000 134.000  90 -20  286  586
828  43.000 386.000  90 -40  668  753
829 234.000 203.000  90 -30 1016 1108
830 231.000 243.000  90 -10  548  891
831 204.000 292.000  90 -30  963 1076
832 102.000 252.000  90 -20  611  712
833 338.000 391.000  90 -10  721  877
834 302.000 203.000  90 -30  801  905
835 344.000 280.000  90 -10  672  968
836 102.000 169.000  90 -20  825 1033
837 100.000   6.000  90 -30  885 1197
838 129.000 278.000  90 -10 1007 1074
839 175.000 299.000  90 -10  923 1141
840  76.000 207.000  90 -10  764  973
841  57.000 291.000  90 -10  930 1084
842 335.000  50.000  90 -20  201  397
843 200.000 200.000   0   0    0 1676
