418 418 1000 200 1000
  0 200.000 200.000   0   0    0 1676
  1  57.000 353.000  90  10  211  571
  2 201.000 386.000  90  20  654 1014
  3 210.000 268.000  90  30   68  428
  4 219.000 148.000  90  10   55  415
  5 306.000 390.000  90  20  217  577
  6 103.000 172.000  90  10  475  835
  7 319.000 217.000  90  10  496  856
  8  99.000 241.000  90  20  109  469
  9 368.000 102.000  90  20  194  554
 10 158.000 366.000  90  20  364  724
 11 286.000   9.000  90  20  399  759
 12 318.000 335.000  90  40  558  918
 13 113.000 179.000  90  10  831 1191
 14 109.000 170.000  90  20   95  455
 15 276.000  16.000  90  10  199  559
 16 221.000 379.000   0  30  282  642
 17  14.000 210.000  90  10  470  830
 18 180.000 375.000  90  10  176  536
 19 164.000  69.000  90  30  135  495
 20 275.000   8.000  90  10  480  840
 21 142.000 260.000  90  20  548  908
 22 183.000 294.000  90  20   95  455
 23 373.000 253.000  90  10  462  822
 24  51.000 288.000  90  10  173  533
 25 131.000 130.000  90  40  189  549
 26 184.000 343.000  90  30  327  687
 27 208.000 384.000  90  20  184  544
 28 204.000  87.000  90  30  113  473
 29 313.000 194.000   0  10  294  654
 30 271.000 154.000  90  10   84  444
 31 359.000  38.000   0  10  319  679
 32 153.000 368.000  90  30  178  538
 33 270.000 151.000  90  20   85  445
 34 310.000 395.000  90  10  596  956
 35 126.000  91.000  90  30  505  865
 36  82.000 247.000  90  20  133  493
 37  42.000 384.000  90  10  622  982
 38  83.000 357.000  90  10  770 1130
 39 270.000 106.000   0  30  117  477
 40 369.000 106.000  90  10  663 1023
 41 393.000 272.000  90  10  298  658
 42 372.000 104.000  90  20  479  839
 43 134.000  98.000  90  10  121  481
 44 339.000  41.000  90  20  395  755
 45  97.000  10.000  90  10  402  762
 46 211.000 274.000  90  20  168  528
 47 159.000 207.000  90  20   41  401
 48 111.000 184.000  90  10  462  822
 49 155.000 206.000  90  10  228  588
 50  18.000 100.000  90  20  207  567
 51 102.000 169.000  90  20  749 1109
 52 240.000 246.000  90  20   60  420
 53 255.000 239.000  90  20  439  799
 54 179.000 383.000  90  20  368  728
 55 147.000 263.000  90  20  176  536
 56 367.000 104.000  90  20  192  552
 57 277.000 154.000  90  20  278  638
 58 179.000 336.000  90  10  796 1156
 59 231.000 243.000  90  10  540  900
 60 152.000 240.000  90  30  159  519
 61 187.000 341.000  90  30  233  593
 62 234.000 214.000   0  10  505  865
 63 364.000  27.000  90  20  620  980
 64 153.000 107.000  90  20  293  653
 65 386.000  57.000  90  10  420  780
 66 244.000 109.000  90  20  103  463
 67  28.000 356.000  90  30  415  775
 68 248.000 243.000  90  20   64  424
 69 134.000 279.000  90  30  102  462
 70 346.000 179.000  90  20  628  988
 71 337.000  47.000  90  20  207  567
 72 250.000 241.000  90  30   67  427
 73 393.000 301.000  90  10  217  577
 74 182.000 379.000  90  20  273  633
 75 111.000 170.000  90  10   93  453
 76 294.000 311.000  90  10  238  598
 77 305.000 336.000  90  20  171  531
 78  22.000 125.000  90  10  193  553
 79  40.000  54.000  90  10  216  576
 80 234.000 212.000  90  10  221  581
 81  91.000  27.000  90  20  484  844
 82 291.000 301.000  90  20  135  495
 83 135.000 167.000  90  10   73  433
 84 300.000 132.000  90  10  306  666
 85 236.000 210.000  90  30   38  398
 86 346.000 385.000  90  10  235  595
 87 127.000  87.000  90  20  321  681
 88 185.000 299.000   0  10  100  460
 89 272.000 154.000   0  20   90  450
 90 158.000 283.000  90  10   94  454
 91 115.000 257.000  90  10  196  556
 92 329.000 241.000  90  20  151  511
 93 244.000 106.000  90  40  287  647
 94 149.000 234.000  90  10   61  421
 95  84.000 359.000  90  20  678 1038
 96 122.000 281.000   0  20  673 1033
 97  84.000 363.000  90  20  200  560
 98  68.000 254.000  90  20  142  502
 99  32.000 357.000  90  20  599  959
100  82.000 365.000  90  30  206  566
101 179.000 134.000   0  30  256  616
102 140.000 264.000   0  20  273  633
103 172.000 383.000  90  20  751 1111
104 305.000 198.000  90  20  105  465
105 100.000 175.000  90  10  380  740
106 168.000 178.000  90  20   38  398
107 280.000 290.000  90  20  123  483
108 165.000  63.000  90  10  330  690
109 243.000 106.000  90  10  378  738
110 210.000 141.000  90  20   67  427
111 131.000 127.000  90  10  282  642
112 371.000 244.000  90  20  176  536
113 182.000 300.000  90  10  104  464
114  49.000 291.000  90  10  267  627
115 349.000 275.000   0  10  267  627
116  21.000 104.000  90  30  203  563
117  17.000  96.000  90  10  397  757
118 199.000 290.000  90  10   90  450
119 101.000 239.000  90  10  106  466
120  54.000 348.000   0  20 1019 1379
121  57.000 291.000  90  20  827 1187
122 328.000 243.000  90  20  135  495
123  88.000 150.000  90  10  124  484
124 209.000  85.000  90  10  209  569
125  85.000  67.000  90  10  646 1006
126 125.000  95.000  90  10  599  959
127 235.000 212.000  90  20  130  490
128 153.000 281.000  90  10  749 1109
129 347.000 385.000  90  20  237  597
130 207.000 381.000  90  20  181  541
131 295.000  19.000  90  30  204  564
132 344.000 176.000  90  10  145  505
133 188.000 338.000  90  10  140  500
134 281.000 291.000   0  40  215  575
135  27.000 251.000  90  10  465  825
136 166.000 170.000  90  30  228  588
137 157.000 283.000  90  20  185  545
138 151.000 111.000  90  20  101  461
139  74.000 253.000  90  10  504  864
140 350.000 182.000  90  20  442  802
141 360.000  46.000  90  20  786 1146
142 286.000 308.000   0  10  792 1152
143 222.000 284.000  90  10   87  447
144  93.000 149.000  90  20  118  478
145 357.000 160.000  90  20  255  615
146 395.000 310.000   0  10  591  951
147 243.000 104.000   0  20  561  921
148  40.000  53.000  90  10  310  670
149 110.000 188.000  90  10  185  545
150  73.000 213.000  90  10  127  487
151 361.000  39.000  90  30  411  771
152 344.000  49.000  90  20  679 1039
153  54.000 285.000  90  20  168  528
154  78.000 246.000   0  20  793 1153
155  31.000 353.000  90  20  227  587
156  52.000 295.000  90  10  456  816
157 277.000 285.000  90  10  114  474
158 393.000 306.000  90  20  315  675
159 219.000 377.000  90  20  375  735
160  99.000  16.000  90  20  209  569
161  51.000 354.000  90  20  777 1137
162 353.000 276.000  90  10  173  533
163 217.000 286.000  90  10  663 1023
164  78.000 251.000  90  10  228  588
165 237.000 247.000  90  30  260  620
166  24.000  96.000  90  10  865 1225
167 128.000  68.000  90  10  525  885
168 383.000 273.000  90  10  197  557
169 362.000 272.000  90  30  177  537
170 327.000 242.000  90  40  523  883
171 129.000 288.000  90  10  294  654
172 348.000 179.000  90  20  536  896
173 127.000 286.000  90  10  486  846
174 161.000 182.000  90  20  331  691
175 253.000 243.000  90  10  251  611
176 342.000 384.000  90  10  994 1354
177  90.000  53.000  90  40  183  543
178 131.000 132.000  90  10   96  456
179 369.000 100.000  90  30  197  557
180 358.000  23.000  90  20  237  597
181 172.000 178.000  90  20   35  395
182  74.000 201.000  90  10  412  772
183 317.000 335.000  90  20  467  827
184 130.000 279.000  90  10  952 1312
185 135.000 134.000  90  10   92  452
186 159.000 367.000  90  40  171  531
187 304.000 297.000  90  30  142  502
188 197.000 292.000  90  20   92  452
189 158.000 239.000  90  20  255  615
190 195.000 294.000  90  10  276  636
191 356.000 274.000  90  30  172  532
192  91.000 150.000  90  10  119  479
193  46.000 292.000  90  30  179  539
194 203.000  88.000  90  30  112  472
195  55.000 291.000  90  10  642 1002
196 299.000  58.000  90  30  267  627
197  86.000  47.000  90  10  372  732
198  72.000 210.000  90  20  128  488
199  39.000  54.000  90  20  219  579
200 203.000 388.000  90  30  380  740
201  92.000  26.000  90  20  392  752
202 321.000 217.000  90  20  313  673
203 155.000 202.000  90  20  504  864
204 303.000  59.000  90  20  642 1002
205 131.000  95.000  90  20  125  485
206 150.000 236.000  90  20   61  421
207 127.000  90.000  90  20  414  774
208 363.000  24.000  90  20  332  692
209 277.000 163.000  90  10  561  921
210 315.000 341.000  90  20  183  543
211  41.000 297.000  90  10  186  546
212 108.000 186.000  90  10  278  638
213 321.000 209.000  90  30  121  481
214  92.000 155.000   0  20  871 1231
215  41.000  52.000  90  30  401  761
216 300.000  62.000  90  20  170  530
217  34.000 385.000  90  20  431  791
218  83.000 248.000  90  30  126  486
219 186.000 304.000  90  10  381  741
220 317.000 331.000  90  10  652 1012
221 348.000 176.000   0  10  149  509
222 298.000 138.000  90  20  115  475
223 182.000 378.000  90  10  182  542
224 275.000 287.000  90  10  114  474
225 363.000 267.000  90  10  365  725
226 391.000 271.000   0  30  205  565
227 320.000 216.000   0  20  405  765
228 389.000 271.000  90  10  201  561
229 349.000 272.000  90  20  165  525
230  28.000 246.000  90  20  178  538
231  24.000  93.000   0  10  772 1132
232 293.000  15.000  90  10  210  570
233 152.000 263.000  90  20   79  439
234 156.000 367.000  90  10  271  631
235 275.000  12.000  90  20  386  746
236 264.000 112.000  90  20  225  585
237  58.000 346.000  90  20  203  563
238  21.000 204.000  90  30  179  539
239 295.000 307.000  90  20  144  504
240  72.000 253.000  90  20  138  498
241 336.000 387.000  90  10  803 1163
242 278.000 159.000  90  10  467  827
243  98.000  28.000  90  20  199  559
244  43.000 386.000  90  10  530  890
245 227.000 231.000  90  10   41  401
246 302.000 392.000  90  20  217  577
247 221.000 281.000  90  20   83  443
248 177.000 137.000  90  30   67  427
249  90.000  54.000  90  20  182  542
250 229.000 237.000  90  30  144  504
251 230.000 290.000  90  20  277  637
252 346.000 163.000  90  30  150  510
253 313.000 334.000  90  10  747 1107
254 382.000  54.000  90  40  233  593
255 335.000  47.000  90  30  204  564
256  89.000  51.000   0  10  186  546
257 117.000 187.000  90  30   84  444
258 391.000  54.000  90  20  699 1059
259 299.000 141.000  90  10  784 1144
260 109.000 252.000  90  30  384  744
261  86.000 154.000  90  30  594  954
262 294.000 136.000  90  10  113  473
263 154.000 284.000  90  20  370  730
264 181.000 339.000  90  20  514  874
265 257.000 239.000  90  10  347  707
266 238.000 250.000  90  20  167  527
267  95.000  64.000  90  20  173  533
268 389.000 307.000  90  10  875 1235
269  22.000 205.000  90  20  178  538
270  89.000  48.000  90  20  279  639
271 217.000 289.000  90  20  570  930
272 280.000 288.000   0  10  308  668
273  97.000 248.000  90  10  207  567
274  55.000 324.000  90  10  190  550
275  56.000 289.000  90  10  735 1095
276 187.000 338.000  90  20  138  498
277 366.000  39.000  90  20  506  866
278 351.000 176.000  90  30  153  513
279 249.000 242.000  90  20   64  424
280  63.000 262.000   0  20  334  694
281 297.000 135.000  90  30  211  571
282  12.000 117.000  90  20  570  930
283 279.000   4.000  90  20  576  936
284 242.000 113.000  90  10   96  456
285  82.000 360.000  90  10  495  855
286 274.000  14.000  90  20  202  562
287  34.000 242.000  90  30  171  531
288 331.000 251.000  90  20  140  500
289 397.000 313.000  90  20  685 1045
290 132.000 159.000  90  10  365  725
291 376.000 254.000  90  20  279  639
292 383.000  53.000  90  10  234  594
293 276.000 116.000  90  50  113  473
294 322.000 242.000   0  10  708 1068
295 134.000  63.000  90  10  154  514
296 158.000 206.000  90  20   42  402
297  52.000 334.000  90  30  662 1022
298 101.000  10.000   0  20  956 1316
299  52.000 331.000   0  10  569  929
300 102.000  67.000  90  20  165  525
301 321.000 339.000  90  10  279  639
302 167.000 180.000   0  10  427  787
303 350.000 271.000  90  10  165  525
304 114.000 178.000  90  10  922 1282
305 137.000  64.000  90  30  149  509
306 215.000 143.000  90  20   58  418
307 256.000 231.000   0  20  816 1176
308 267.000 112.000  90  30  318  678
309  33.000 293.000  90  10  286  646
310 166.000  67.000  90  30  141  501
311 164.000  66.000  90  20  138  498
312 232.000 230.000  90  20  422  782
313 360.000  23.000  90  20  239  599
314 353.000 164.000  90  20  159  519
315 148.000 112.000  90  20  102  462
316 177.000 138.000  90  40   66  426
317  75.000 208.000  90  30  134  494
318 293.000 306.000  90  20  141  501
319 376.000 251.000  90  20  186  546
320 156.000 207.000  90  20   45  405
321 183.000 375.000  90  30  175  535
322 129.000 293.000  90  20  389  749
323 220.000 296.000  90  20  379  739
324  93.000  51.000   0  20 1022 1382
325 357.000  39.000  90  10  227  587
326 358.000 266.000  90  30  552  912
327 374.000 253.000  90  20  371  731
328  99.000  67.000  90  10  167  527
329 210.000 271.000  90  20   71  431
330  21.000 125.000  90  10  194  554
331 132.000 170.000  90  30  168  528
332 310.000 143.000  90  20  501  861
333 139.000 161.000  90  30  462  822
334  97.000  29.000  90  20  202  562
335  35.000 291.000  90  10  378  738
336 227.000 240.000  90  10   51  411
337 227.000 229.000  90  10   39  399
338 303.000  58.000  90  10  551  911
339  53.000 326.000  90  20  193  553
340  96.000  14.000  90  10  215  575
341  66.000 254.000  90  20  145  505
342 214.000 378.000  90  20  178  538
343  41.000 382.000   0  20  243  603
344  96.000 237.000  90  10  584  944
345 263.000 110.000  90  10  133  493
346  76.000 207.000   0  10  689 1049
347 157.000 282.000  90  20   92  452
348 345.000 382.000  90  20  232  592
349 308.000 196.000  90  10  109  469
350 130.000 286.000  90  10  111  471
351 176.000 132.000  90  20   72  432
352 164.000  62.000   0  10  421  781
353 355.000  39.000  90  10  223  583
354 309.000 399.000  90  10  412  772
355 129.000 132.000  90  30  566  926
356  22.000 210.000   0  20  841 1201
357 208.000 274.000  90  30   75  435
358 349.000 157.000  90  10  539  899
359 244.000 114.000  90  10   96  456
360  95.000  63.000  90  10  264  624
361  32.000 352.000  90  30  226  586
362  51.000 326.000  90  10  196  556
363  87.000 153.000  90  20  308  668
364 299.000  52.000  90  30  363  723
365 142.000 168.000  90  10   66  426
366 197.000 300.000  90  10  555  915
367  44.000  54.000  90  20  213  573
368  70.000 264.000  90  30  522  882
369 311.000 395.000  90  10  687 1047
370 229.000 209.000  90  20   30  390
371  84.000 252.000  90  10  127  487
372 308.000 301.000  90  30  151  511
373 131.000  67.000  90  30  342  702
374 151.000 264.000  90  40   80  440
375 186.000 336.000  90  20  136  496
376  28.000 353.000   0  20  231  591
377  93.000  48.000  90  10  838 1198
378  11.000 115.000  90  20  663 1023
379 138.000 168.000  90  10   69  429
380 280.000 287.000  90  10  399  759
381  20.000  91.000  90  10  678 1038
382 134.000  62.000  90  20  152  512
383 147.000 264.000  90  20   85  445
384 307.000 196.000  90  20  107  467
385  49.000 351.000  90  20  684 1044
386 154.000 206.000  90  30  137  497
387 168.000 177.000  90  10   41  401
388 220.000 381.000  90  20  182  542
389 114.000 252.000  90  10  100  460
390  41.000 378.000  90  20  238  598
391 183.000 301.000  90  20  195  555
392 211.000 389.000  90  30  190  550
393 115.000 185.000  90  10   89  449
394 133.000  94.000  90  10  128  488
395  98.000  13.000  90  10  213  573
396 306.000 306.000  90  10  337  697
397  93.000  59.000  90  20  449  809
398 282.000 283.000  90  10  493  853
399  25.000 256.000  90  20  370  730
400 212.000 146.000  90  20  253  613
401 202.000  85.000  90  10  493  853
402 178.000 133.000  90  20  164  524
403 321.000 212.000  90  30  121  481
404 239.000 254.000  90  10   73  433
405 206.000 296.000  90  30  745 1105
406 116.000 252.000  90  20   98  458
407  67.000 258.000  90  20  709 1069
408 347.000 395.000  90  10  429  789
409 310.000 200.000  90  30  483  843
410 163.000  63.000  90  10  512  872
411 348.000 279.000  90  10  361  721
412 106.000 174.000  90  20  191  551
413  95.000   8.000  90  30  495  855
414  19.000 127.000  90  20  287  647
415  49.000 289.000  90  10  175  535
416 335.000  50.000  90  20  201  561
417 181.000 132.000  90  30  440  800
418  18.000 208.000  90  20  654 1014
419  56.000 351.000  90 -10  208  568
420 204.000 381.000  90 -20  931 1291
421 211.000 266.000  90 -30  357  717
422 266.000 116.000  90 -10  503  863
423 308.000 389.000  90 -20 1009 1369
424 103.000 167.000  90 -10  932 1292
425 237.000 213.000  90 -10  598  958
426  76.000 250.000  90 -20  321  681
427 374.000 104.000  90 -20  387  747
428 158.000 365.000  90 -20  455  815
429 286.000  17.000  90 -20  497  857
430 287.000 307.000  90 -40  700 1060
431 116.000 181.000  90 -10 1016 1376
432 106.000 177.000  90 -20  284  644
433 275.000  15.000  90 -10  199  559
434 221.000 379.000  90 -30  282  642
435  17.000 209.000  90 -10  563  923
436 185.000 386.000  90 -10  465  825
437 168.000  62.000  90 -30  236  596
438 278.000   7.000  90 -10  669 1029
439 140.000 260.000  90 -20  640 1000
440 198.000 295.000  90 -20  460  820
441 372.000 256.000  90 -10  647 1007
442  60.000 328.000  90 -10  856 1216
443 129.000 124.000  90 -40  376  736
444 175.000 299.000  90 -30  852 1212
445 207.000 391.000  90 -20  285  645
446 200.000  83.000  90 -30  401  761
447 313.000 194.000  90 -10  294  654
448 276.000 157.000  90 -10  185  545
449 359.000  38.000  90 -10  319  679
450  87.000 365.000  90 -30  199  559
451 356.000  41.000  90 -20  222  582
452 314.000 399.000  90 -10  782 1142
453 128.000  93.000  90 -30  783 1143
454  73.000 250.000  90 -20  598  958
455  53.000 354.000  90 -10  869 1229
456  86.000 357.000  90 -10  954 1314
457 270.000 106.000  90 -30  117  477
458 300.000 144.000  90 -10  877 1237
459 367.000 255.000  90 -10  742 1102
460 370.000 104.000  90 -20  571  931
461 128.000  94.000  90 -10  874 1234
462 347.000  45.000  90 -20  494  854
463  97.000   6.000  90 -10  678 1038
464 236.000 243.000  90 -20  355  715
465 142.000 262.000  90 -20  366  726
466 111.000 179.000  90 -10  739 1099
467 157.000 205.000  90 -10  411  771
468  15.000 100.000  90 -20  211  571
469 103.000 168.000  90 -20  841 1201
470 250.000 236.000  90 -20  718 1078
471 249.000 239.000  90 -20  625  985
472 173.000 381.000  90 -20  843 1203
473 114.000 254.000  90 -20  103  463
474 370.000  98.000  90 -20  289  649
475 281.000 155.000  90 -20  372  732
476 183.000 332.000  90 -10  892 1252
477 230.000 241.000  90 -10  632  992
478 110.000 254.000  90 -30  292  652
479 160.000 366.000  90 -30  170  530
480 234.000 214.000  90 -10  505  865
481 363.000  30.000  90 -20  805 1165
482 157.000 102.000  90 -20  389  749
483 389.000  54.000  90 -10  514  874
484 245.000 106.000  90 -20  196  556
485  31.000 357.000  90 -30  508  868
486 327.000 241.000  90 -20  432  792
487 131.000 283.000  90 -30  107  467
488 236.000 204.000  90 -20  789 1149
489 364.000  25.000  90 -20  528  888
490 251.000 241.000  90 -30  158  518
491 393.000 305.000  90 -10  224  584
492 180.000 387.000  90 -20  560  920
493 106.000 173.000  90 -10  100  460
494 316.000 336.000  90 -10  375  735
495 308.000 393.000  90 -20  225  585
496  17.000 125.000  90 -10  380  740
497  38.000  49.000  90 -10  587  947
498 211.000 154.000  90 -10  532  892
499  89.000  29.000  90 -20  668 1028
500 307.000 310.000  90 -20  431  791
501  89.000 152.000  90 -10  216  576
502 304.000 141.000  90 -10  597  957
503 209.000 150.000  90 -30  438  798
504 337.000 388.000  90 -10  712 1072
505 128.000  95.000  90 -20  965 1325
506 185.000 299.000  90 -10  100  460
507 272.000 154.000  90 -20   90  450
508 154.000 288.000  90 -10  464  824
509 102.000 252.000  90 -10  481  841
510 392.000 307.000  90 -20  406  766
511 242.000 105.000  90 -40  470  830
512  70.000 256.000  90 -10  802 1162
513  85.000 358.000  90 -20  862 1222
514 122.000 281.000  90 -20  673 1033
515  75.000 368.000  90 -20  304  664
516  68.000 263.000  90 -20  430  790
517  34.000 355.000  90 -20  692 1052
518  75.000 367.000  90 -30  395  755
519 179.000 134.000  90 -30  256  616
520 140.000 264.000  90 -20  273  633
521 174.000 375.000  90 -20 1032 1392
522 302.000 203.000  90 -20  673 1033
523 104.000 171.000  90 -10  566  926
524 113.000 183.000  90 -20  645 1005
525 293.000 310.000  90 -20  329  689
526 158.000  64.000  90 -10  884 1244
527 237.000 108.000  90 -10  754 1114
528 207.000  87.000  90 -20  116  476
529  94.000  70.000  90 -10  835 1195
530 375.000 247.000  90 -20  181  541
531 183.000 303.000  90 -10  287  647
532  48.000 326.000  90 -10  289  649
533 349.000 275.000  90 -10  267  627
534  14.000 100.000  90 -30  302  662
535  22.000  96.000  90 -10  582  942
536 201.000 387.000  90 -10  563  923
537 100.000 243.000  90 -10  111  471
538  54.000 348.000  90 -20 1019 1379
539  60.000 293.000  90 -20 1012 1372
540 393.000 297.000  90 -20  216  576
541  20.000 127.000  90 -10  196  556
542 195.000  91.000  90 -10  683 1043
543  96.000  69.000  90 -10  928 1288
544  82.000  65.000  90 -10  552  912
545 233.000 214.000  90 -20  314  674
546 153.000 280.000  90 -10  840 1200
547 338.000 391.000  90 -20  619  979
548 203.000 387.000  90 -20  471  831
549 295.000  16.000  90 -30  207  567
550 359.000 178.000  90 -10  342  702
551 179.000 338.000  90 -10  704 1064
552 281.000 291.000  90 -40  215  575
553  32.000 251.000  90 -10  651 1011
554 156.000 111.000  90 -30  488  848
555 154.000 282.000  90 -20  278  638
556 152.000 109.000  90 -20  201  561
557  69.000 245.000  90 -10  694 1054
558 234.000 203.000  90 -20  882 1242
559 359.000  49.000  90 -20  879 1239
560 286.000 308.000  90 -10  792 1152
561 280.000 283.000  90 -10  677 1037
562  87.000 155.000  90 -20  685 1045
563 355.000 156.000  90 -20  349  709
564 395.000 310.000  90 -10  591  951
565 243.000 104.000  90 -20  561  921
566  92.000 162.000  90 -10  968 1328
567  76.000 206.000  90 -10  598  958
568  20.000 204.000  90 -10  180  540
569 361.000  44.000  90 -30  694 1054
570 346.000  48.000  90 -20  587  947
571  52.000 297.000  90 -20  364  724
572  78.000 246.000  90 -20  793 1153
573  40.000 380.000  90 -20  240  600
574  62.000 301.000  90 -10 1055 1415
575 305.000 304.000  90 -10  618  978
576 393.000 307.000  90 -20  497  857
577 189.000 306.000  90 -20  474  834
578  94.000  13.000  90 -20  308  668
579  53.000 353.000  90 -20  960 1320
580 304.000 301.000  90 -10  711 1071
581 218.000 284.000  90 -10  755 1115
582  62.000 258.000  90 -10  240  600
583 234.000 243.000  90 -30  447  807
584  23.000  98.000  90 -10 1022 1382
585 124.000  69.000  90 -10  619  979
586 388.000 267.000  90 -10  485  845
587 363.000 270.000  90 -30  181  541
588 323.000 243.000  90 -40  617  977
589 129.000 278.000  90 -10  861 1221
590 345.000 178.000  90 -20  719 1079
591 127.000 279.000  90 -10  768 1128
592 172.000 180.000  90 -20  613  973
593 230.000 225.000  90 -10  610  970
594 339.000 384.000  90 -10  996 1356
595  37.000  56.000  90 -40  880 1240
596 131.000 131.000  90 -10   98  458
597 369.000 107.000  90 -30  754 1114
598 359.000  23.000  90 -20  237  597
599 167.000 174.000  90 -20  134  494
600  79.000 209.000  90 -10  782 1142
601 342.000 385.000  90 -20  991 1351
602 132.000 279.000  90 -10 1044 1404
603  91.000  70.000  90 -10  742 1102
604 176.000 342.000  90 -40  609  969
605 308.000 296.000  90 -30  144  504
606 197.000 293.000  90 -20   94  454
607 143.000 261.000  90 -20  457  817
608 196.000 295.000  90 -10  368  728
609 364.000 267.000  90 -30  274  634
610  79.000 154.000  90 -10  406  766
611  37.000 286.000  90 -30  565  925
612 206.000  81.000  90 -30  304  664
613  58.000 294.000  90 -10  920 1280
614 301.000  57.000  90 -30  459  819
615  40.000  56.000  90 -10 1011 1371
616  73.000 203.000  90 -20  320  680
617  29.000  59.000  90 -20  781 1141
618 203.000 384.000  90 -30  838 1198
619  94.000  31.000  90 -20  764 1124
620 318.000 219.000  90 -20  588  948
621 171.000 179.000  90 -20  521  881
622 307.000  59.000  90 -20  736 1096
623 129.000  98.000  90 -20 1058 1418
624 152.000 237.000  90 -20   66  426
625 127.000  94.000  90 -20  691 1051
626 362.000  28.000  90 -20  712 1072
627 273.000 160.000  90 -10  656 1016
628 341.000 394.000  90 -20  525  885
629  53.000 330.000  90 -10  477  837
630 113.000 184.000  90 -10  554  914
631 324.000 216.000  90 -30  129  489
632  92.000 155.000  90 -20  871 1231
633  33.000  56.000  90 -30  686 1046
634 302.000  60.000  90 -20  173  533
635  46.000 380.000  90 -20  718 1078
636  76.000 251.000  90 -30  412  772
637 186.000 306.000  90 -10  567  927
638 313.000 335.000  90 -10  838 1198
639 348.000 176.000  90 -10  149  509
640 298.000 137.000  90 -20  119  479
641 174.000 387.000  90 -10  656 1016
642 306.000 329.000  90 -10 1027 1387
643 361.000 269.000  90 -10  458  818
644 391.000 271.000  90 -30  205  565
645 320.000 216.000  90 -20  405  765
646 382.000 266.000  90 -10  581  941
647 344.000 280.000  90 -20  640 1000
648  26.000 250.000  90 -20  274  634
649  24.000  93.000  90 -10  772 1132
650 273.000  12.000  90 -10  294  654
651 157.000 281.000  90 -20   91  451
652 158.000 364.000  90 -10  546  906
653 279.000  12.000  90 -20  764 1124
654 268.000 114.000  90 -20  410  770
655  48.000 361.000  90 -20  404  764
656  21.000 201.000  90 -30  274  634
657 313.000 340.000  90 -20  179  539
658  35.000 293.000  90 -20  194  554
659 314.000 390.000  90 -10  971 1331
660 272.000 161.000  90 -10  747 1107
661  93.000  23.000  90 -20  299  659
662  46.000 378.000  90 -10  810 1170
663 231.000 219.000  90 -10  409  769
664 308.000 396.000  90 -20  318  678
665 222.000 283.000  90 -20   85  445
666 150.000 108.000  90 -30  109  469
667  85.000  44.000  90 -20  465  825
668 232.000 234.000  90 -30  238  598
669 290.000 311.000  90 -20  422  782
670 352.000 162.000  90 -30  156  516
671 311.000 334.000  90 -10  930 1290
672 385.000  55.000  90 -40  238  598
673 346.000  53.000  90 -30  774 1134
674  89.000  51.000  90 -10  186  546
675  75.000 206.000  90 -30  226  586
676 396.000  59.000  90 -20  796 1156
677 267.000 161.000  90 -10  933 1293
678 105.000 250.000  90 -30  575  935
679 111.000 165.000  90 -30 1121 1481
680 390.000  52.000  90 -10  606  966
681 147.000 283.000  90 -20  653 1013
682 177.000 300.000  90 -20  760 1120
683 329.000 236.000  90 -10  246  606
684 254.000 240.000  90 -20  530  890
685  92.000  46.000  90 -20  563  923
686 389.000 306.000  90 -10  966 1326
687  14.000 201.000  90 -20  371  731
688  39.000  56.000  90 -20  972 1332
689 220.000 283.000  90 -20  848 1208
690 280.000 288.000  90 -10  308  668
691  97.000 242.000  90 -10  395  755
692  49.000 352.000  90 -10  593  953
693  65.000 298.000  90 -10 1060 1420
694 179.000 305.000  90 -20  664 1024
695 386.000  60.000  90 -20  896 1256
696 351.000 177.000  90 -30  244  604
697 310.000 196.000  90 -20  201  561
698  63.000 262.000  90 -20  334  694
699 302.000 136.000  90 -30  400  760
700  24.000 121.000  90 -20  950 1310
701 281.000  16.000  90 -20  859 1219
702 237.000 109.000  90 -10  845 1205
703  84.000 360.000  90 -10  587  947
704 277.000  19.000  90 -20  954 1314
705  29.000 250.000  90 -30  557  917
706 344.000 283.000  90 -20  547  907
707 393.000 312.000  90 -20  779 1139
708 129.000 134.000  90 -10  658 1018
709 366.000 251.000  90 -20  836 1196
710 385.000  56.000  90 -10  329  689
711 289.000  11.000  90 -50  305  665
712 322.000 242.000  90 -10  708 1068
713 126.000  70.000  90 -10  712 1072
714 161.000 233.000  90 -20  352  712
715  61.000 333.000  90 -30  761 1121
716 101.000  10.000  90 -20  956 1316
717  52.000 331.000  90 -10  569  929
718  90.000  26.000  90 -20  575  935
719 289.000 306.000  90 -10  608  968
720 167.000 180.000  90 -10  427  787
721 300.000 299.000  90 -10  805 1165
722 119.000 179.000  90 -10 1110 1470
723 133.000  68.000  90 -30  250  610
724 210.000 144.000  90 -20  160  520
725 256.000 231.000  90 -20  816 1176
726 268.000 160.000  90 -30  842 1202
727  39.000 285.000  90 -10  657 1017
728 156.000  63.000  90 -30  792 1152
729 162.000  61.000  90 -20  605  965
730 229.000 229.000  90 -20  516  876
731 369.000  19.000  90 -20  430  790
732 345.000 158.000  90 -20  725 1085
733 129.000  85.000  90 -20  228  588
734  41.000  56.000  90 -40 1012 1372
735  75.000 203.000  90 -30  505  865
736 291.000 308.000  90 -20  515  875
737 391.000 269.000  90 -20  391  751
738  26.000 247.000  90 -20  181  541
739 177.000 379.000  90 -30  937 1297
740 126.000 284.000  90 -20  578  938
741 225.000 288.000  90 -20  182  542
742  93.000  51.000  90 -20 1022 1382
743 359.000  30.000  90 -10  899 1259
744 240.000 210.000  90 -30  692 1052
745 371.000 253.000  90 -20  554  914
746 109.000 167.000  90 -10 1028 1388
747 213.000 271.000  90 -20  262  622
748  25.000 118.000  90 -10  857 1217
749 126.000 161.000  90 -30  268  628
750 301.000 139.000  90 -20  691 1051
751 126.000 126.000  90 -30  469  829
752  99.000  28.000  90 -20  199  559
753 108.000 250.000  90 -10  761 1121
754 328.000 239.000  90 -10  340  700
755 232.000 232.000  90 -10  330  690
756 303.000  61.000  90 -10  831 1191
757  49.000 353.000  90 -20  502  862
758  96.000   8.000  90 -10  586  946
759  72.000 257.000  90 -20  894 1254
760 222.000 383.000  90 -20  188  548
761  41.000 382.000  90 -20  243  603
762  96.000 235.000  90 -10  676 1036
763 301.000  58.000  90 -10  175  535
764  76.000 207.000  90 -10  689 1049
765 150.000 284.000  90 -20  560  920
766 344.000 391.000  90 -20  334  694
767 312.000 200.000  90 -10  391  751
768 129.000 287.000  90 -10  203  563
769 162.000  69.000  90 -20  981 1341
770 164.000  62.000  90 -10  421  781
771 364.000  43.000  90 -10  601  961
772 309.000 397.000  90 -10  504  864
773 133.000 137.000  90 -30  753 1113
774  22.000 210.000  90 -20  841 1201
775 220.000 288.000  90 -30  477  837
776 346.000 155.000  90 -10  632  992
777 238.000 101.000  90 -10  657 1017
778  95.000  47.000  90 -10  746 1106
779  29.000 355.000  90 -30  323  683
780  55.000 357.000  90 -10  306  666
781  89.000 154.000  90 -20  777 1137
782 301.000  66.000  90 -30  926 1286
783  21.000  96.000  90 -10  491  851
784 201.000 297.000  90 -10  650 1010
785  39.000  48.000  90 -20  496  856
786  68.000 261.000  90 -30  615  975
787 314.000 396.000  90 -10  875 1235
788 233.000 208.000  90 -20   33  393
789  52.000 292.000  90 -10  549  909
790 306.000 303.000  90 -30  244  604
791 130.000  70.000  90 -30  806 1166
792  95.000 243.000  90 -40  303  663
793 182.000 338.000  90 -20  422  782
794  28.000 353.000  90 -20  231  591
795  92.000  50.000  90 -10  931 1291
796  15.000 116.000  90 -20  757 1117
797  85.000 155.000  90 -10  502  862
798 280.000 282.000  90 -10  768 1128
799  23.000  97.000  90 -10  956 1316
800 129.000  67.000  90 -20  434  794
801  93.000 237.000  90 -20  491  851
802 351.000 153.000  90 -20  444  804
803  53.000 347.000  90 -20 1019 1379
804 156.000 206.000  90 -30  319  679
805 122.000 183.000  90 -10   79  439
806 223.000 372.000  90 -20  471  831
807  47.000 328.000  90 -10  381  741
808  39.000 384.000  90 -20  336  696
809 196.000 293.000  90 -20  185  545
810 204.000 385.000  90 -30  747 1107
811 109.000 186.000  90 -10  369  729
812  93.000  62.000  90 -10  356  716
813 100.000   6.000  90 -10  861 1221
814 305.000 306.000  90 -10  526  886
815  93.000  47.000  90 -20  654 1014
816 282.000 282.000  90 -10  584  944
817  33.000 247.000  90 -20  745 1105
818 211.000 147.000  90 -20  344  704
819 200.000  89.000  90 -10  588  948
820 181.000 134.000  90 -20  348  708
821 324.000 217.000  90 -30  220  580
822 243.000 244.000  90 -10   61  421
823 204.000 292.000  90 -30  839 1199
824 107.000 247.000  90 -20  668 1028
825 114.000 250.000  90 -20  857 1217
826 340.000 388.000  90 -10  898 1258
827 308.000 204.000  90 -30  577  937
828 161.000  63.000  90 -10  697 1057
829 348.000 280.000  90 -10  452  812
830 103.000 171.000  90 -20  657 1017
831  99.000   7.000  90 -30  770 1130
832  16.000 120.000  90 -20  475  835
833  34.000 289.000  90 -10  471  831
834 336.000  42.000  90 -20  302  662
835 188.000 133.000  90 -30  537  897
836  19.000 206.000  90 -20  746 1106
837 200.000 200.000   0   0    0 1676
