417 417 1000 200 1000
  0 200.000 200.000   0   0    0 1676
  1 385.000  56.000  90  10  473  544
  2  57.000 353.000  90  10    0 1377
  3 359.000  23.000  90  30  298  358
  4 210.000 268.000  90  30    0 1518
  5 219.000 148.000  90  10   55  110
  6 306.000 390.000  90  20    0 1369
  7 103.000 172.000  90  10    0 1486
  8  99.000 241.000   0  20  173  225
  9 368.000 102.000  90  20    0 1392
 10 304.000 141.000  90  10    0 1467
 11 143.000 261.000  90  30  605  669
 12 183.000 303.000  90  20  442  493
 13  53.000 330.000  90  30  624  690
 14 113.000 179.000   0  10  986 1037
 15 109.000 170.000  90  20  151  220
 16 276.000  16.000  90  10  199  241
 17 128.000  93.000  90  10    0 1458
 18 164.000  69.000  90  30    0 1451
 19  53.000 354.000   0  10 1020 1079
 20 183.000 294.000  90  20   95  169
 21 373.000 253.000   0  10    0 1406
 22  15.000 100.000  90  10  356  426
 23  51.000 288.000  90  10  236  291
 24 131.000 130.000  90  40    0 1488
 25  56.000 351.000  90  10    0 1378
 26 208.000 384.000  90  20    0 1402
 27 204.000  87.000  90  30    0 1473
 28  61.000 333.000  90  10  913  969
 29 273.000 160.000   0  10    0 1503
 30 359.000  38.000   0  10  478  520
 31 173.000 381.000  90  10    0 1403
 32 153.000 368.000  90  30  331  385
 33 270.000 151.000   0  20    0 1501
 34  29.000 355.000  90  10  490  517
 35 312.000 200.000  90  30    0 1474
 36 196.000 293.000  90  20  333  396
 37  42.000 384.000  90  10    0 1344
 38 270.000 106.000  90  30  182  247
 39  93.000  62.000  90  20  511  562
 40 275.000  15.000  90  20  259  321
 41 372.000 104.000   0  20    0 1390
 42 134.000  98.000  90  10    0 1465
 43 211.000 274.000  90  20  315  381
 44 159.000 207.000  90  20   41   92
 45 111.000 184.000  90  10    0 1496
 46  18.000 100.000  90  20    0 1379
 47  21.000  96.000  90  20    0 1379
 48 126.000 126.000  90  20  624  674
 49 240.000 246.000  90  20    0 1526
 50 179.000 383.000  90  20    0 1402
 51 147.000 263.000  90  20  324  387
 52 367.000 104.000  90  20    0 1394
 53 277.000 154.000  90  20  430  485
 54 179.000 336.000   0  10    0 1449
 55 157.000 205.000   0  20  557  625
 56 231.000 243.000  90  10    0 1533
 57 375.000 247.000  90  10  243  300
 58 152.000 240.000  90  30  308  370
 59 234.000 214.000   0  10  660  710
 60  52.000 297.000  90  20    0 1410
 61 386.000  57.000  90  10    0 1352
 62 248.000 243.000  90  20   64  132
 63 134.000 279.000  90  30    0 1484
 64 250.000 241.000  90  30  212  283
 65 289.000  11.000  90  20    0 1378
 66 393.000 301.000  90  10  272  348
 67 301.000  57.000  90  10    0 1411
 68 111.000 170.000  90  10   93  146
 69 249.000 239.000  90  20    0 1524
 70 311.000 334.000  90  10    0 1412
 71  22.000 125.000  90  10  193  258
 72  40.000  54.000  90  10  285  331
 73 234.000 212.000  90  10  374  428
 74 291.000 301.000  90  20  135  219
 75 135.000 167.000  90  10    0 1514
 76  93.000  23.000  90  10  445  513
 77 114.000 250.000  90  20 1000 1074
 78 344.000 283.000  90  20    0 1420
 79 129.000 278.000   0  20 1010 1071
 80 238.000 101.000  90  20  809  865
 81 127.000  87.000  90  20    0 1452
 82 185.000 299.000  90  10  171  210
 83 158.000 283.000  90  10    0 1493
 84 298.000 137.000  90  10  269  330
 85 266.000 116.000   0  10  650  717
 86 329.000 241.000  90  20  300  363
 87  53.000 347.000  90  20    0 1379
 88 149.000 234.000  90  10   61  107
 89  84.000 359.000  90  20  834  881
 90 243.000 244.000  90  30   61  126
 91  84.000 363.000   0  20  265  323
 92  68.000 254.000  90  20  200  266
 93 314.000 390.000   0  10    0 1365
 94  82.000 365.000  90  30  358  414
 95 140.000 264.000  90  20  421  485
 96 305.000 198.000  90  20    0 1481
 97 100.000 175.000  90  10  536  585
 98 168.000 178.000  90  20    0 1548
 99 177.000 379.000  90  10 1082 1152
100 165.000  63.000  90  10    0 1445
101 308.000 393.000  90  30  378  433
102 243.000 106.000  90  10  529  588
103 210.000 141.000  90  20  215  280
104 131.000 131.000  90  10  244  312
105  91.000  70.000  90  20    0 1417
106 131.000 127.000   0  10    0 1486
107  20.000 204.000  90  20  328  393
108 116.000 181.000  90  20 1168 1224
109 182.000 300.000  90  10  260  309
110  37.000 286.000  90  40    0 1402
111  21.000 104.000  90  30  203  254
112 126.000 284.000  90  10  734  783
113 199.000 290.000  90  10   90  142
114 385.000  55.000  90  20    0 1351
115 101.000 239.000  90  10  106  166
116 200.000  83.000  90  10    0 1469
117 328.000 243.000  90  20    0 1451
118 174.000 375.000  90  30    0 1410
119 347.000 385.000  90  20    0 1350
120 302.000  60.000  90  10  226  300
121  75.000 368.000  90  10    0 1377
122 207.000 381.000  90  20  181  232
123 295.000  19.000  90  30  204  260
124 188.000 338.000  90  10    0 1448
125 281.000 291.000  90  40    0 1465
126 314.000 396.000  90  10 1024 1085
127  97.000 242.000  90  20  552  598
128  75.000 206.000  90  20    0 1461
129 151.000 111.000  90  20    0 1485
130 109.000 186.000  90  10    0 1494
131  93.000 149.000  90  20  118  175
132 152.000 237.000   0  10    0 1526
133 357.000 160.000  90  20  407  462
134 395.000 310.000  90  10    0 1363
135 179.000 338.000  90  10  845  923
136 103.000 171.000  90  10  816  858
137  73.000 213.000  90  10  127  177
138  85.000  44.000  90  20    0 1393
139 344.000  49.000  90  20    0 1378
140  48.000 326.000  90  20    0 1389
141  54.000 285.000  90  20    0 1418
142 233.000 214.000  90  10  458  530
143  21.000 201.000  90  20  421  486
144  78.000 246.000  90  20    0 1456
145  31.000 353.000  90  20  284  351
146 393.000 306.000  90  20    0 1366
147 219.000 377.000  90  20    0 1408
148  99.000  16.000  90  20    0 1377
149 353.000 276.000  90  10  329  377
150 217.000 286.000   0  10  812  875
151 359.000 178.000  90  20  489  555
152  62.000 258.000  90  20  385  456
153 237.000 247.000  90  30  417  464
154 310.000 196.000  90  20    0 1476
155 383.000 273.000  90  10  197  262
156 362.000 272.000  90  30    0 1409
157  39.000 285.000  90  20  806  869
158 327.000 242.000  90  40  679  726
159 237.000 108.000   0  20  906  963
160 129.000 288.000  90  10  451  497
161 222.000 383.000  90  30  336  401
162 308.000 296.000  90  30    0 1442
163 253.000 243.000  90  10  399  463
164 342.000 384.000  90  10    0 1354
165  90.000  53.000  90  40  242  305
166 131.000 132.000  90  10  149  226
167 281.000 155.000  90  10  519  585
168 369.000 100.000  90  30  357  398
169 358.000  23.000  90  20  237  304
170  53.000 353.000  90  20    0 1374
171  76.000 251.000  90  10  562  621
172 172.000 178.000  90  20   35  103
173 174.000 387.000  90  20    0 1398
174 317.000 335.000  90  20    0 1408
175  52.000 292.000  90  20    0 1412
176 290.000 311.000  90  30  566  638
177  89.000 154.000  90  10    0 1466
178 130.000 279.000  90  10 1100 1164
179 147.000 283.000   0  10  808  859
180 135.000 134.000  90  10   92  149
181  49.000 352.000  90  10    0 1372
182 105.000 250.000  90  30    0 1479
183 304.000 297.000  90  30  142  203
184 195.000 294.000  90  10  416  497
185 356.000 274.000  90  30    0 1414
186 133.000 137.000  90  20  903  964
187  91.000 150.000  90  10  173  249
188  46.000 292.000  90  30  179  223
189  55.000 291.000  90  10  790  855
190 299.000  58.000  90  30    0 1413
191  86.000  47.000  90  10    0 1396
192  72.000 210.000  90  20    0 1458
193  39.000  56.000  90  10    0 1370
194 203.000 388.000  90  30    0 1398
195 232.000 232.000  90  20    0 1541
196 131.000  95.000  90  20  187  244
197 150.000 236.000  90  20    0 1525
198 278.000   7.000  90  20    0 1378
199  33.000 247.000   0  10  895  955
200  22.000  96.000  90  10  733  791
201 287.000 307.000  90  10  851  910
202 127.000  90.000  90  20    0 1454
203  39.000  48.000  90  10    0 1365
204 316.000 336.000  90  10    0 1408
205 370.000  98.000  90  20    0 1388
206 363.000  24.000  90  20    0 1347
207 315.000 341.000  90  20    0 1405
208 222.000 283.000  90  20    0 1501
209 302.000 136.000  90  20  551  609
210 108.000 186.000  90  10  430  485
211 321.000 209.000  90  30  121  186
212  92.000 155.000  90  20 1014 1087
213 108.000 250.000  90  10  900  982
214 211.000 147.000  90  30  494  554
215  41.000  52.000  90  30  551  612
216  25.000 118.000  90  10 1009 1064
217  94.000  31.000  90  10  917  971
218  87.000 365.000  90  20    0 1387
219  83.000 248.000  90  30  195  248
220 317.000 331.000  90  10  806  858
221 348.000 176.000  90  10    0 1437
222 211.000 154.000  90  10    0 1539
223 182.000 378.000  90  10    0 1408
224 100.000   6.000   0  20    0 1368
225 308.000 396.000  90  10  467  530
226 275.000 287.000  90  10  175  241
227 363.000 267.000  90  10  521  570
228 104.000 171.000  90  20  717  776
229 391.000 271.000  90  30    0 1383
230 320.000 216.000  90  20  562  608
231 389.000 271.000  90  10  268  319
232 349.000 272.000  90  20    0 1421
233  28.000 246.000  90  20  241  295
234  92.000  46.000  90  20  731  755
235  24.000  93.000  90  10    0 1381
236 307.000  59.000  90  10  889  944
237 152.000 263.000  90  20   79  139
238 156.000 367.000  90  10  428  474
239  31.000 357.000  90  20    0 1356
240 275.000  12.000   0  20    0 1384
241 264.000 112.000  90  20  384  426
242  21.000 204.000  90  30  236  302
243 295.000 307.000  90  20  290  358
244  72.000 253.000  90  20  138  188
245 336.000 387.000  90  10  954 1013
246 278.000 159.000  90  10  610  683
247  98.000  28.000  90  20    0 1387
248 346.000 155.000  90  20  787  837
249 295.000  16.000  90  20  272  323
250 182.000 338.000  90  20  568  636
251 392.000 307.000  90  20    0 1367
252  34.000 289.000  90  30  619  682
253 227.000 231.000  90  10  103  161
254 302.000 392.000  90  20    0 1369
255 221.000 281.000  90  20   83  150
256 177.000 137.000  90  30  129  185
257  90.000  54.000  90  20    0 1404
258 230.000 290.000  90  20    0 1492
259 313.000 334.000  90  10    0 1411
260 382.000  54.000  90  40    0 1353
261 335.000  47.000  90  30    0 1382
262  17.000 125.000  90  20    0 1389
263 356.000  41.000  90  20  222  285
264 117.000 187.000  90  30  145  207
265 336.000  42.000  90  10  463  501
266 324.000 216.000   0  20    0 1461
267  40.000 380.000  90  30  302  360
268  86.000 154.000  90  30  736  811
269 225.000 288.000  90  20  324  399
270 294.000 136.000  90  10    0 1473
271 154.000 284.000  90  20  526  574
272 346.000  48.000  90  30  738  797
273 238.000 250.000   0  20    0 1524
274  95.000  64.000  90  20    0 1415
275 389.000 307.000   0  10    0 1369
276  22.000 205.000  90  20    0 1408
277 280.000 288.000  90  10  457  518
278  55.000 324.000  90  10  190  254
279  56.000 289.000  90  10    0 1417
280 187.000 338.000   0  20  203  255
281  46.000 380.000  90  10  871  926
282 351.000 177.000  90  10    0 1434
283 393.000 297.000  90  20  216  280
284 351.000 176.000   0  30    0 1434
285  63.000 262.000  90  20    0 1436
286 297.000 135.000  90  30  356  426
287  12.000 117.000  90  20  727  773
288 279.000   4.000  90  20  728  783
289 291.000 308.000  90  30  663  728
290 364.000  43.000  90  10  754  807
291 242.000 113.000  90  10  151  227
292 133.000  68.000  90  20  409  451
293 274.000  14.000  90  20    0 1386
294  34.000 242.000  90  30    0 1415
295 331.000 251.000  90  20  140  205
296 344.000 391.000  90  10  486  541
297 301.000  66.000  90  10    0 1419
298 172.000 180.000   0  30    0 1552
299 383.000  53.000  90  10    0 1352
300 276.000 116.000  90  50  113  163
301 322.000 242.000  90  10  859  918
302 158.000 206.000  90  20   99  167
303 237.000 213.000  90  20    0 1547
304  52.000 334.000  90  30    0 1387
305 102.000  67.000  90  20  165  231
306  29.000 250.000  90  30    0 1408
307 203.000 384.000  90  10  997 1040
308 350.000 271.000  90  10  228  286
309 186.000 306.000  90  10  721  774
310 137.000  64.000  90  30    0 1437
311 256.000 231.000   0  20  971 1022
312  33.000 293.000   0  10    0 1395
313 164.000  66.000  90  20  202  256
314  73.000 203.000  90  20  476  525
315 360.000  23.000  90  20  379  460
316 353.000 164.000  90  20  306  371
317 129.000  67.000  90  30  582  645
318 341.000 394.000   0  20    0 1347
319  26.000 250.000  90  30    0 1405
320 148.000 112.000  90  20  102  174
321 177.000 138.000  90  40    0 1520
322 240.000 210.000  90  10  837  908
323  75.000 208.000  90  30  292  337
324 372.000 256.000  90  20  796  858
325 324.000 217.000  90  30  369  432
326 282.000 282.000  90  10    0 1471
327 374.000 104.000  90  10  542  592
328 376.000 251.000  90  20  332  400
329 156.000 207.000  90  20  186  265
330 220.000 296.000  90  20    0 1488
331  93.000  51.000  90  20 1170 1233
332 206.000  81.000  90  20    0 1467
333 357.000  39.000  90  10    0 1362
334  99.000  67.000  90  10    0 1419
335 289.000 306.000  90  10  766  811
336  21.000 125.000  90  10  261  307
337 327.000 241.000  90  20  578  645
338 175.000 299.000  90  20    0 1484
339 227.000 229.000  90  10   39  103
340 303.000  58.000  90  10  701  761
341  53.000 326.000  90  20  253  315
342  96.000  14.000  90  10    0 1373
343 214.000 378.000  90  20  178  240
344  96.000 237.000  90  10  736  792
345 388.000 267.000  90  30  639  690
346 345.000 382.000  90  20  232  289
347 130.000 286.000  90  10    0 1476
348 176.000 132.000  90  20  229  275
349 164.000  62.000  90  10  580  622
350 338.000 391.000  90  40    0 1351
351 355.000  39.000  90  10    0 1363
352 309.000 399.000  90  10    0 1360
353 363.000  30.000  90  10  954 1015
354 162.000  61.000  90  10  750  820
355 179.000 305.000  90  10    0 1479
356 207.000 391.000  90  10    0 1395
357  22.000 210.000   0  20    0 1408
358 208.000 274.000  90  30  225  285
359 391.000 269.000  90  10  544  598
360 244.000 114.000  90  10   96  155
361  95.000  63.000  90  10  420  468
362  32.000 352.000  90  30  226  295
363  51.000 326.000  90  10    0 1391
364 129.000 124.000  90  10    0 1482
365 142.000 168.000  90  10   66  133
366 204.000 385.000  90  10    0 1401
367  44.000  54.000  90  20    0 1373
368 229.000 209.000  90  20   30   98
369  84.000 252.000  90  10  127  193
370 251.000 241.000  90  20    0 1521
371 308.000 301.000  90  30  303  360
372 367.000 255.000  90  20  905  939
373 131.000  67.000  90  30    0 1437
374 186.000 336.000  90  20    0 1450
375 359.000  49.000  90  20 1022 1096
376 150.000 108.000  90  10  259  318
377  93.000  48.000  90  10    0 1401
378  11.000 115.000  90  20    0 1379
379 138.000 168.000  90  10  135  185
380  20.000  91.000  90  10    0 1376
381 134.000  62.000  90  20  211  276
382 147.000 264.000  90  20  241  288
383 160.000 366.000  90  20  170  251
384 156.000  63.000  90  10  942 1001
385 168.000 177.000  90  10  189  252
386 220.000 381.000  90  20  245  306
387  68.000 261.000  90  20  766  824
388  96.000   8.000  90  20    0 1368
389 126.000 161.000  90  20  414  482
390 114.000 252.000  90  10  163  219
391  89.000  29.000  90  30    0 1383
392 355.000 156.000  90  20    0 1425
393 127.000  94.000  90  10    0 1458
394 277.000  19.000  90  20    0 1390
395  98.000  13.000  90  10  273  334
396 306.000 306.000  90  10    0 1437
397  85.000 358.000  90  10 1020 1065
398  25.000 256.000  90  20    0 1403
399  76.000 250.000  90  20    0 1453
400 202.000  85.000  90  10    0 1471
401 178.000 133.000  90  20    0 1516
402 204.000 292.000  90  10  987 1051
403  39.000 384.000  90  40    0 1342
404 206.000 296.000  90  30  893  956
405 116.000 252.000  90  20   98  153
406 348.000 279.000  90  10  516  565
407 106.000 174.000  90  20    0 1489
408  95.000   8.000  90  30    0 1368
409 129.000 287.000  90  10    0 1474
410 286.000  17.000  90  20  656  698
411 158.000 365.000  90  10  605  664
412 223.000 372.000  90  30    0 1413
413 207.000  87.000   0  20  265  327
414  19.000 206.000  90  20    0 1405
415  49.000 289.000  90  10    0 1411
416 335.000  50.000  90  20    0 1385
417  89.000 152.000  90  20    0 1466
418 389.000  54.000  90 -10  663  726
419  48.000 361.000  90 -10    0 1365
420 369.000  19.000  90 -30  570  651
421 227.000 240.000  90 -30    0 1538
422 268.000 114.000  90 -10  570  611
423 309.000 397.000  90 -20  656  712
424 103.000 168.000  90 -10  984 1058
425  99.000 241.000  90 -20  173  225
426 369.000 106.000  90 -20    0 1393
427 298.000 138.000  90 -10    0 1471
428 140.000 260.000  90 -30  790  851
429 153.000 280.000  90 -20  996 1045
430  60.000 328.000  90 -30 1006 1065
431 113.000 179.000  90 -10  986 1037
432 122.000 183.000  90 -20    0 1507
433 244.000 106.000  90 -10    0 1483
434 129.000  85.000  90 -10    0 1451
435 166.000  67.000  90 -30    0 1449
436  53.000 354.000  90 -10 1020 1079
437 154.000 288.000  90 -20    0 1487
438 373.000 253.000  90 -10    0 1406
439  17.000  96.000  90 -10    0 1376
440  52.000 295.000  90 -10  605  668
441 111.000 179.000  90 -40    0 1495
442  58.000 346.000  90 -10    0 1383
443 211.000 389.000  90 -20    0 1397
444 200.000  89.000  90 -30    0 1475
445  41.000 297.000  90 -10    0 1400
446 273.000 160.000  90 -10    0 1503
447 359.000  38.000  90 -10  478  520
448 185.000 386.000  90 -10  602  689
449 176.000 342.000  90 -30    0 1442
450 270.000 151.000  90 -20    0 1501
451  28.000 356.000  90 -10    0 1354
452 310.000 200.000  90 -30    0 1476
453 196.000 295.000  90 -20  519  576
454  41.000 378.000  90 -10    0 1348
455 263.000 110.000  90 -30  281  345
456  96.000  69.000  90 -20    0 1419
457 273.000  12.000  90 -20  441  508
458 372.000 104.000  90 -20    0 1390
459 157.000 102.000  90 -10    0 1479
460 230.000 241.000  90 -20  786  837
461 155.000 206.000  90 -20  376  441
462 113.000 184.000  90 -10    0 1498
463  23.000  97.000  90 -20 1105 1168
464  24.000  96.000  90 -20    0 1382
465 129.000 134.000  90 -20  810  867
466 234.000 243.000  90 -20    0 1532
467 182.000 379.000  90 -20    0 1407
468 157.000 283.000  90 -20    0 1493
469 349.000 157.000  90 -20    0 1431
470 272.000 161.000  90 -20    0 1505
471 179.000 336.000  90 -10    0 1449
472 157.000 205.000  90 -20  557  625
473 229.000 237.000  90 -10    0 1539
474 361.000 269.000  90 -10    0 1411
475 230.000 225.000  90 -30  752  828
476 234.000 214.000  90 -10  660  710
477  60.000 293.000  90 -20 1163 1221
478 390.000  52.000  90 -10    0 1346
479 250.000 236.000  90 -20    0 1525
480 131.000 283.000  90 -30    0 1479
481 254.000 240.000  90 -30    0 1519
482 279.000  12.000  90 -20    0 1383
483 393.000 305.000  90 -10  368  441
484 303.000  59.000  90 -10  789  855
485 113.000 183.000  90 -10  785  865
486 236.000 243.000  90 -20    0 1530
487 305.000 336.000  90 -10    0 1415
488  20.000 127.000  90 -10  341  411
489  40.000  53.000  90 -10    0 1369
490 236.000 210.000  90 -10    0 1549
491 302.000 203.000  90 -20    0 1484
492 111.000 165.000  90 -10 1278 1324
493  90.000  26.000  90 -10  730  780
494 110.000 254.000  90 -20    0 1482
495 239.000 254.000  90 -20    0 1520
496 129.000 278.000  90 -20 1010 1071
497 215.000 143.000  90 -20    0 1528
498 129.000  98.000  90 -20    0 1462
499 153.000 281.000  90 -10  896  962
500 157.000 282.000  90 -10    0 1494
501 301.000 139.000  90 -10    0 1469
502 266.000 116.000  90 -10  650  717
503 328.000 239.000  90 -20    0 1453
504  54.000 348.000  90 -20 1206 1266
505  55.000 357.000  90 -10  462  509
506  83.000 357.000  90 -20    0 1391
507 280.000 290.000  90 -30  271  335
508  84.000 363.000  90 -20  265  323
509  70.000 264.000  90 -20  679  724
510 314.000 390.000  90 -10    0 1365
511  84.000 360.000  90 -30  733  800
512 142.000 260.000  90 -20    0 1503
513 307.000 196.000  90 -20  170  225
514 109.000 167.000  90 -10    0 1490
515 167.000 180.000  90 -20    0 1548
516 180.000 375.000  90 -10    0 1410
517 163.000  63.000  90 -10    0 1445
518 314.000 399.000  90 -30    0 1357
519 242.000 105.000  90 -10  615  685
520 210.000 144.000  90 -20    0 1530
521 114.000 178.000  90 -10    0 1498
522 133.000  94.000  90 -20    0 1461
523 131.000 127.000  90 -10    0 1486
524  17.000 209.000  90 -20    0 1403
525 119.000 179.000  90 -20    0 1503
526 158.000 239.000  90 -10    0 1529
527  35.000 291.000  90 -40    0 1398
528  14.000 100.000  90 -30    0 1375
529 127.000 279.000  90 -10    0 1479
530 201.000 297.000  90 -10  805  855
531 391.000  54.000  90 -20  843  915
532 109.000 252.000  90 -10    0 1482
533 203.000  88.000  90 -10    0 1474
534 323.000 243.000  90 -20  761  833
535 172.000 383.000  90 -30    0 1401
536 347.000 395.000  90 -20  575  643
537 352.000 162.000  90 -10    0 1430
538  82.000 360.000  90 -10  649  700
539 203.000 387.000  90 -20    0 1399
540 286.000   9.000  90 -30  551  606
541 183.000 301.000  90 -10    0 1484
542 280.000 283.000  90 -40  827  886
543 308.000 389.000  90 -10 1217 1277
544  93.000 237.000  90 -20  637  706
545 155.000 202.000  90 -20    0 1541
546 156.000 111.000  90 -20  632  704
547 110.000 188.000  90 -10  338  392
548  88.000 150.000  90 -20  274  333
549 152.000 237.000  90 -10    0 1526
550 350.000 182.000  90 -20  599  645
551 389.000 306.000  90 -10 1117 1176
552 187.000 341.000  90 -10    0 1445
553 102.000 169.000  90 -10    0 1484
554  79.000 209.000  90 -10  937  987
555  91.000  27.000  90 -20  623  704
556 276.000 157.000  90 -20    0 1499
557  52.000 331.000  90 -20  712  785
558  49.000 291.000  90 -20  416  479
559 236.000 204.000  90 -10    0 1550
560  18.000 208.000  90 -20  805  864
561  95.000 243.000  90 -20    0 1473
562  34.000 355.000  90 -20    0 1359
563 393.000 307.000  90 -20    0 1366
564 220.000 288.000  90 -20    0 1496
565  97.000  10.000  90 -20  550  614
566 358.000 266.000  90 -10  700  765
567 217.000 286.000  90 -10  812  875
568 313.000 194.000  90 -20    0 1473
569  68.000 263.000  90 -20  585  634
570 249.000 242.000  90 -30    0 1522
571 268.000 160.000  90 -20  995 1049
572 393.000 272.000  90 -10    0 1381
573 349.000 275.000  90 -30    0 1420
574  74.000 253.000  90 -20    0 1450
575 329.000 236.000  90 -40    0 1453
576 237.000 108.000  90 -20  906  963
577 122.000 281.000  90 -10    0 1474
578 220.000 283.000  90 -30 1008 1047
579 293.000 310.000  90 -30    0 1442
580 255.000 239.000  90 -10    0 1519
581 339.000 384.000  90 -10    0 1356
582  89.000  51.000  90 -40    0 1401
583 132.000 159.000  90 -10    0 1507
584 277.000 163.000  90 -10  705  777
585 346.000 163.000  90 -30    0 1436
586 364.000  27.000  90 -20  766  834
587  51.000 354.000  90 -20    0 1372
588  69.000 245.000  90 -10    0 1448
589 161.000 182.000  90 -20  479  542
590 180.000 387.000  90 -20    0 1398
591 321.000 339.000  90 -20  430  489
592  62.000 301.000  90 -20 1266 1315
593 280.000 287.000  90 -30    0 1468
594  79.000 154.000  90 -10    0 1457
595 132.000 279.000  90 -10    0 1482
596 147.000 283.000  90 -10  808  859
597 125.000  95.000  90 -10    0 1457
598  49.000 351.000  90 -10    0 1373
599 107.000 247.000  90 -30    0 1482
600 294.000 311.000  90 -30  386  449
601 198.000 295.000  90 -10  598  681
602 364.000 267.000  90 -30  427  481
603 167.000 174.000  90 -20    0 1544
604  87.000 155.000  90 -10    0 1465
605  70.000 256.000  90 -30    0 1445
606  65.000 298.000  90 -10 1355 1415
607 300.000  62.000  90 -30    0 1416
608  95.000  47.000  90 -10  900  952
609  76.000 206.000  90 -20  749  807
610  37.000  56.000  90 -10    0 1369
611 201.000 386.000  90 -30    0 1400
612 229.000 229.000  90 -20  667  724
613 128.000  94.000  90 -20    0 1458
614 161.000 233.000  90 -20    0 1535
615 243.000 104.000  90 -20    0 1481
616  33.000 247.000  90 -10  895  955
617  40.000  56.000  90 -10 1215 1271
618 277.000 285.000  90 -10    0 1472
619 126.000  91.000  90 -20    0 1455
620  39.000  54.000  90 -10    0 1369
621 318.000 335.000  90 -10    0 1407
622 370.000 104.000  90 -20  717  785
623 364.000  25.000  90 -20    0 1347
624 313.000 335.000  90 -20  992 1043
625 222.000 284.000  90 -20    0 1500
626 299.000 141.000  90 -20    0 1471
627 115.000 185.000  90 -10    0 1500
628 321.000 212.000  90 -30  178  250
629  92.000 162.000  90 -20 1110 1185
630 114.000 254.000  90 -10    0 1485
631 209.000 150.000  90 -30  593  642
632  33.000  56.000  90 -30    0 1366
633  24.000 121.000  90 -10    0 1394
634  97.000  29.000  90 -10    0 1387
635  75.000 367.000  90 -20    0 1378
636 100.000 243.000  90 -30    0 1478
637 313.000 340.000  90 -10    0 1407
638 346.000 179.000  90 -10    0 1439
639 212.000 146.000  90 -10    0 1531
640 183.000 375.000  90 -10    0 1411
641 100.000   6.000  90 -20    0 1368
642 310.000 395.000  90 -10    0 1363
643 232.000 234.000  90 -10    0 1540
644 344.000 280.000  90 -10  786  853
645 103.000 167.000  90 -20 1078 1146
646 382.000 266.000  90 -30  721  800
647 308.000 196.000  90 -20    0 1478
648 371.000 244.000  90 -10    0 1410
649 348.000 280.000  90 -20    0 1418
650  27.000 251.000  90 -20  620  670
651  93.000  47.000  90 -20  802  866
652  41.000  56.000  90 -10 1308 1359
653 271.000 154.000  90 -10    0 1502
654 151.000 264.000  90 -20  152  190
655 158.000 366.000  90 -10    0 1415
656  32.000 357.000  90 -20    0 1357
657 275.000  12.000  90 -20    0 1384
658 267.000 112.000  90 -20  469  527
659  14.000 201.000  90 -30    0 1400
660 280.000 282.000  90 -20    0 1472
661  66.000 254.000  90 -20    0 1442
662 342.000 385.000  90 -10    0 1353
663 267.000 161.000  90 -10    0 1509
664  99.000  28.000  90 -20    0 1387
665 345.000 178.000  90 -20    0 1440
666 293.000  15.000  90 -20    0 1379
667 181.000 339.000  90 -20    0 1446
668 397.000 313.000  90 -20  842  887
669  67.000 258.000  90 -30    0 1441
670 233.000 208.000  90 -10    0 1553
671 311.000 395.000  90 -20    0 1362
672 210.000 271.000  90 -20  129  195
673 188.000 133.000  90 -30  688  746
674  89.000  48.000  90 -20    0 1398
675 189.000 306.000  90 -20  623  685
676 306.000 329.000  90 -10 1172 1241
677 386.000  60.000  90 -40 1042 1110
678 337.000  47.000  90 -30  352  421
679  16.000 120.000  90 -20  623  687
680 361.000  39.000  90 -20  567  616
681 232.000 230.000  90 -30  569  636
682 310.000 143.000  90 -10    0 1463
683 324.000 216.000  90 -20    0 1461
684  41.000 382.000  90 -30    0 1345
685  87.000 153.000  90 -30    0 1464
686 197.000 292.000  90 -20    0 1494
687 300.000 132.000  90 -10  459  513
688 157.000 281.000  90 -20    0 1495
689 346.000  53.000  90 -30  923  985
690 238.000 250.000  90 -20    0 1524
691  94.000  70.000  90 -20  982 1049
692 389.000 307.000  90 -10    0 1369
693  14.000 210.000  90 -20  623  677
694 282.000 283.000  90 -10    0 1470
695  35.000 293.000  90 -10    0 1397
696  58.000 294.000  90 -10    0 1416
697 187.000 338.000  90 -20  203  255
698  46.000 378.000  90 -10    0 1351
699 348.000 179.000  90 -10    0 1437
700 393.000 312.000  90 -20    0 1363
701 351.000 176.000  90 -30    0 1434
702  72.000 257.000  90 -20    0 1446
703 272.000 154.000  90 -30    0 1501
704  15.000 116.000  90 -20  906  968
705 281.000  16.000  90 -20 1020 1058
706 286.000 308.000  90 -30    0 1448
707 361.000  44.000  90 -10    0 1362
708 244.000 109.000  90 -10  259  308
709 126.000  70.000  90 -20    0 1437
710 275.000   8.000  90 -20  625  696
711  26.000 247.000  90 -30    0 1406
712 305.000 306.000  90 -20    0 1437
713 337.000 388.000  90 -10    0 1354
714 299.000  52.000  90 -10  517  570
715 172.000 180.000  90 -30    0 1552
716 396.000  59.000  90 -10    0 1345
717 301.000  58.000  90 -50  324  386
718 318.000 219.000  90 -10    0 1467
719 156.000 206.000  90 -20    0 1542
720 235.000 212.000  90 -20    0 1549
721  49.000 353.000  90 -30    0 1372
722 166.000 170.000  90 -20    0 1541
723  32.000 251.000  90 -30  804  857
724 197.000 300.000  90 -10    0 1486
725 305.000 304.000  90 -10    0 1439
726 197.000 293.000  90 -10    0 1493
727 130.000  70.000  90 -30  956 1015
728 256.000 231.000  90 -20  971 1022
729  33.000 293.000  90 -10    0 1395
730 168.000  62.000  90 -20  388  444
731  75.000 203.000  90 -20    0 1461
732 362.000  28.000  90 -20    0 1350
733 345.000 158.000  90 -20  874  936
734 128.000  68.000  90 -30  673  737
735 341.000 394.000  90 -20    0 1347
736  97.000 248.000  90 -30    0 1473
737 152.000 109.000  90 -20    0 1484
738 181.000 132.000  90 -40  599  641
739 234.000 203.000  90 -10 1033 1091
740  74.000 201.000  90 -30  555  630
741 366.000 251.000  90 -20  988 1044
742 321.000 217.000  90 -30  460  527
743 308.000 204.000  90 -10    0 1478
744 369.000 107.000  90 -10  912  956
745 371.000 253.000  90 -20  698  769
746 154.000 206.000  90 -20  288  347
747 186.000 304.000  90 -20    0 1482
748  93.000  59.000  90 -20    0 1409
749 195.000  91.000  90 -20  841  885
750 366.000  39.000  90 -10    0 1355
751  85.000  67.000  90 -10  790  862
752 304.000 301.000  90 -10  855  926
753  19.000 127.000  90 -10    0 1391
754 319.000 217.000  90 -20    0 1466
755 150.000 284.000  90 -20    0 1489
756 231.000 219.000  90 -10  568  610
757 303.000  61.000  90 -10  966 1055
758  47.000 328.000  90 -20  534  588
759  94.000  13.000  90 -10    0 1372
760 184.000 343.000  90 -20  478  535
761  96.000 235.000  90 -10  834  879
762 376.000 254.000  90 -30    0 1402
763 346.000 385.000  90 -20    0 1351
764 129.000 293.000  90 -10  547  591
765 179.000 134.000  90 -20  404  467
766 162.000  69.000  90 -10 1124 1198
767 340.000 388.000  90 -40 1051 1104
768 360.000  46.000  90 -10  943  990
769 307.000 310.000  90 -10    0 1433
770 359.000  30.000  90 -10 1058 1100
771 161.000  63.000  90 -10  847  907
772 177.000 300.000  90 -10    0 1484
773 201.000 387.000  90 -10  721  765
774  22.000 210.000  90 -20    0 1408
775 211.000 266.000  90 -30  496  579
776 374.000 253.000  90 -10    0 1405
777 237.000 109.000  90 -10  990 1060
778  82.000  65.000  90 -10  701  763
779  43.000 386.000  90 -30    0 1343
780  28.000 353.000  90 -10    0 1356
781 129.000 132.000  90 -10  719  773
782 132.000 170.000  90 -10  316  380
783 204.000 381.000  90 -10 1077 1145
784  29.000  59.000  90 -20    0 1365
785 300.000 144.000  90 -20 1015 1098
786  78.000 251.000  90 -10  383  433
787 257.000 239.000  90 -20  501  552
788 300.000 299.000  90 -30  952 1019
789 363.000 270.000  90 -20    0 1409
790 124.000  69.000  90 -30  770  829
791 183.000 332.000  90 -20    0 1453
792 347.000  45.000  90 -20    0 1373
793 153.000 107.000  90 -10  446  501
794  92.000  50.000  90 -10 1081 1140
795  23.000  98.000  90 -20 1201 1254
796 106.000 177.000  90 -10  440  489
797  38.000  49.000  90 -10  741  793
798 134.000  63.000  90 -20    0 1434
799 154.000 282.000  90 -20  436  480
800 159.000 367.000  90 -20  226  299
801 158.000  64.000  90 -10    0 1444
802 171.000 179.000  90 -10  667  735
803 221.000 379.000  90 -20    0 1406
804 102.000 252.000  90 -20    0 1476
805  97.000   6.000  90 -20  822  893
806 139.000 161.000  90 -20    0 1514
807 142.000 262.000  90 -10  524  567
808  92.000  26.000  90 -30    0 1382
809 344.000 176.000  90 -20    0 1441
810 128.000  95.000  90 -10 1117 1172
811 245.000 106.000  90 -20    0 1482
812 101.000  10.000  90 -10 1114 1157
813 293.000 306.000  90 -10    0 1445
814  86.000 357.000  90 -10 1107 1160
815  73.000 250.000  90 -20    0 1450
816  82.000 247.000  90 -20    0 1459
817 209.000  85.000  90 -10    0 1471
818 181.000 134.000  90 -20  501  554
819 218.000 284.000  90 -10    0 1501
820  34.000 385.000  90 -40    0 1338
821 213.000 271.000  90 -30    0 1514
822 115.000 257.000  90 -20  339  412
823 306.000 303.000  90 -10    0 1439
824 106.000 173.000  90 -20    0 1489
825  99.000   7.000  90 -30    0 1369
826 127.000 286.000  90 -10    0 1474
827 351.000 153.000  90 -20    0 1428
828 158.000 364.000  90 -10  704  748
829 217.000 289.000  90 -30  725  775
830 207.000  87.000  90 -20  265  327
831  76.000 207.000  90 -20    0 1462
832  57.000 291.000  90 -10  979 1034
833 339.000  41.000  90 -20  542  608
834  85.000 155.000  90 -20  651  714
835 200.000 200.000   0   0    0 1676
