406 406 1000 700 1000
  0 200.000 200.000   0   0    0 3811
  1 278.000 109.000  90  10  271  911
  2 117.000 170.000  90  20 1474 2114
  3  96.000 113.000  90  20  513 1153
  4 165.000  85.000  90  10 1428 2068
  5 150.000  77.000  90  30 1626 2266
  6 113.000  92.000  90  30  195  835
  7 201.000 206.000  90  20    6  646
  8 368.000 125.000  90  10 1049 1689
  9 183.000  37.000  90  20 2786 3426
 10 235.000 115.000  90  20  254  894
 11 190.000 186.000  90  40  469 1109
 12 280.000  24.000  90  20 2173 2813
 13 282.000  95.000  90  20 1854 2494
 14 212.000  93.000  90  30 1592 2232
 15  72.000 221.000  90  20 2283 2923
 16  73.000 195.000  90  20  461 1101
 17  57.000 183.000  90  20 1964 2604
 18 106.000  50.000  90  20 1171 1811
 19  70.000 184.000  90  20  130  770
 20 110.000  84.000  90  10  476 1116
 21 355.000 192.000  90  10  155  795
 22  77.000 209.000   0  20 2948 3588
 23 182.000  78.000  90  30 2514 3154
 24 237.000 373.000  90  30  250  890
 25 136.000 240.000  90  10 2183 2823
 26 197.000 184.000  90  30  281  921
 27 167.000 156.000  90  20 2514 3154
 28 268.000 124.000  90  10 1142 1782
 29 127.000 180.000  90  30  788 1428
 30 121.000 232.000  90  10 1886 2526
 31  96.000 104.000  90  20  708 1348
 32 351.000 267.000  90  20 2559 3199
 33 143.000 180.000  90  30 2243 2883
 34 282.000 198.000  90  10  988 1628
 35 252.000 365.000  90  30  173  813
 36  90.000 121.000  90  10  560 1200
 37 253.000 205.000  90  10   53  693
 38 137.000 364.000  90  20  408 1048
 39  74.000 126.000  90  10 1785 2425
 40 279.000 111.000  90  10  179  819
 41 146.000 343.000  90  10  152  792
 42 214.000  88.000  90  10 1976 2616
 43 191.000 175.000  90  30  664 1304
 44 368.000 103.000  90  20  193  833
 45 290.000 205.000  90  10  798 1438
 46 254.000 106.000  90  10  561 1201
 47  93.000  55.000  90  20 1275 1915
 48  78.000  97.000  90  30  159  799
 49 273.000   7.000  90  20  751 1391
 50 263.000 118.000  90  20  103  743
 51 150.000 381.000  90  20 1779 2419
 52  73.000 205.000  90  10  127  767
 53 275.000 209.000  90  10 1369 2009
 54 204.000 146.000  90  30   54  694
 55 262.000 199.000  90  30   62  702
 56 276.000 252.000  90  30 1380 2020
 57 331.000 197.000  90  20  131  771
 58 334.000 177.000  90  10 1121 1761
 59 132.000 360.000  90  20  595 1235
 60 146.000 208.000  90  20   54  694
 61 218.000 109.000  90  10 1115 1755
 62 374.000 121.000  90  30  952 1592
 63 190.000 138.000  90  10   62  702
 64 337.000 282.000  90  10 1075 1715
 65 195.000  46.000  90  10  154  794
 66  73.000 129.000  90  10 1970 2610
 67 366.000 195.000  90  20  166  806
 68 162.000  96.000  90  20  578 1218
 69 252.000 205.000  90  20   52  692
 70 233.000  86.000  90  20  535 1175
 71  85.000 189.000  90  40 2723 3363
 72 267.000 251.000  90  20 1186 1826
 73 172.000 101.000  90  10  863 1503
 74  87.000 204.000  90  20  113  753
 75 173.000  88.000  90  20 1148 1788
 76 301.000 218.000  90  30 2342 2982
 77 270.000 358.000  90  10 2537 3177
 78 177.000 135.000  90  10  625 1265
 79  96.000 122.000  90  30 2310 2950
 80 356.000 172.000   0  10  733 1373
 81 274.000 346.000  90  10 2822 3462
 82 200.000  26.000  90  10  624 1264
 83 266.000 368.000  90  30  910 1550
 84 333.000 264.000  90  20  147  787
 85 261.000 391.000  90  30 1410 2050
 86  83.000 125.000  90  20 1245 1885
 87 289.000 392.000  90  30 1711 2351
 88 110.000 101.000  90  10 2948 3588
 89 236.000  91.000  90  10  631 1271
 90 214.000  20.000  90  20 2076 2716
 91 190.000 141.000  90  10   59  699
 92 108.000  87.000  90  20  382 1022
 93 187.000 129.000  90  20  217  857
 94 371.000 113.000  90  30  853 1493
 95 131.000 186.000  90  10  600 1240
 96 241.000 251.000  90  10  141  781
 97 250.000  97.000  90  10 2621 3261
 98 272.000 193.000  90  30  120  760
 99 370.000  95.000  90  20  252  892
100 263.000  80.000  90  40  856 1496
101 224.000 131.000  90  30   73  713
102 354.000 273.000  90  20 2371 3011
103  70.000 114.000  90  10  853 1493
104 117.000 252.000  90  30 1775 2415
105 163.000 135.000  90  30 1109 1749
106 176.000 121.000  90  20  430 1070
107 253.000 159.000  90  40 2048 2688
108 269.000  83.000  90  20  759 1399
109 361.000 125.000  90  10 1146 1786
110 158.000 379.000  90  10 1681 2321
111 356.000 177.000  90  20  828 1468
112  89.000  87.000  90  20 2252 2892
113 245.000 136.000  90  10   78  718
114 341.000 269.000  90  10  305  945
115  16.000  56.000  90  30 1852 2492
116 278.000  40.000  90  20  178  818
117 264.000  95.000  90  30 2144 2784
118  99.000 132.000  90  10 2210 2850
119  90.000 138.000  90  30 1733 2373
120 130.000  88.000  90  20  132  772
121 265.000 248.000  90  10 1092 1732
122 291.000 215.000  90  20 1658 2298
123 275.000   9.000  90  20 1789 2429
124 278.000   7.000  90  20  846 1486
125 140.000 118.000  90  10  101  741
126  74.000 193.000  90  20  126  766
127 227.000 392.000  90  20  639 1279
128  55.000  81.000  90  40  634 1274
129  41.000 246.000  90  30 1691 2331
130 246.000 119.000  90  20   93  733
131 144.000 343.000  90  30  153  793
132 125.000 369.000  90  10 1175 1815
133  53.000 215.000  90  40  720 1360
134 252.000 259.000  90  10  614 1254
135 185.000 175.000  90  10  852 1492
136 134.000 360.000  90  10  503 1143
137  64.000 235.000  90  20 2080 2720
138  79.000 178.000  90  20 2959 3599
139 282.000 213.000  90  10 1467 2107
140 343.000 296.000  90  20 1371 2011
141 288.000 184.000  90  10  596 1236
142 108.000 185.000  90  40 1174 1814
143 152.000  78.000  90  10  186  826
144  59.000  80.000  90  30  428 1068
145 127.000 372.000  90  20 1268 1908
146 348.000 283.000  90  30  788 1428
147 288.000 357.000  90  10 2240 2880
148 215.000 107.000  90  30 1208 1848
149 339.000 181.000  90  20 1025 1665
150  50.000 219.000  90  20 1014 1654
151 275.000  29.000  90  20  186  826
152 274.000   2.000  90  30  656 1296
153  92.000 131.000  90  20  128  768
154 281.000  10.000  90  20 1506 2146
155  74.000  85.000  90  30  170  810
156  78.000 188.000  90  10 2532 3172
157 338.000 161.000  90  20 2301 2941
158 204.000  21.000  90  10 1000 1640
159 249.000 353.000  90  10  321  961
160 339.000 281.000  90  10  982 1622
161 156.000 353.000  90  10 2635 3275
162 151.000  69.000  90  10 2019 2659
163 252.000 227.000  90  20   58  698
164 299.000 108.000  90  10 1465 2105
165 279.000  98.000  90  20 1948 2588
166 187.000 186.000  90  20  562 1202
167 211.000 110.000  90  10 2384 3024
168 389.000 128.000  90  30 1635 2275
169 263.000 259.000  90  10  901 1541
170 206.000  29.000  90  10 1098 1738
171 280.000 200.000  90  10 1081 1721
172 140.000  90.000  90  30  125  765
173 136.000 117.000  90  10  104  744
174 298.000  22.000  90  20 2650 3290
175 343.000 264.000  90  20  210  850
176 275.000 184.000  90  20  401 1041
177 384.000 111.000  90  10  660 1300
178  77.000 212.000  90  10  932 1572
179 209.000  37.000  90  20 1475 2115
180 190.000  36.000   0  20 2883 3523
181 272.000 223.000   0  20 2851 3491
182 268.000  97.000  90  10 2049 2689
183 291.000 364.000  90  20 1950 2590
184 125.000 176.000  90  10 1284 1924
185 214.000  56.000  90  20  144  784
186 346.000 294.000  90  10 1465 2105
187 123.000 250.000  90  10 1406 2046
188 275.000 191.000  90  20  213  853
189 267.000 393.000  90  30 1599 2239
190  69.000  90.000  90  30  171  811
191 255.000 384.000  90  10 1221 1861
192 248.000 114.000  90  20  661 1301
193  78.000 207.000  90  10  746 1386
194 243.000 103.000  90  20  460 1100
195  73.000 130.000  90  20 1879 2519
196 199.000 190.000   0  20 2807 3447
197 140.000 265.000  90  10 2852 3492
198 130.000 186.000  90  30  691 1331
199 174.000  92.000  90  20  962 1602
200 207.000  55.000  90  20  145  785
201 260.000 156.000  90  40 1856 2496
202  64.000 220.000  90  30  221  861
203 124.000 160.000  90  10 1576 2216
204 165.000  93.000  90  30  672 1312
205 296.000  77.000  90  10 1069 1709
206 154.000  95.000  90  20  293  933
207 194.000 187.000  90  10  187  827
208 264.000 384.000  90  20 1917 2557
209 141.000 350.000  90  20  161  801
210 138.000 356.000  90  10  167  807
211  46.000 227.000  90  20  915 1555
212 191.000 209.000  90  20   75  715
213  67.000  68.000  90  10 2662 3302
214 188.000 212.000  90  10   16  656
215 231.000 143.000  90  30   64  704
216 244.000  70.000  90  20  219  859
217 136.000 250.000  90  10 2653 3293
218  54.000 218.000  90  10  813 1453
219 390.000 134.000  90  20 2391 3031
220 201.000  13.000  90  10 2181 2821
221 118.000 148.000   0  40 2904 3544
222 160.000 361.000  90  30 2444 3084
223 364.000  95.000  90  20  194  834
224 147.000  84.000  90  20  127  767
225 140.000  98.000  90  20  118  758
226 171.000 143.000  90  10  725 1365
227  40.000 204.000  90  20  522 1162
228 386.000 107.000  90  20  362 1002
229 103.000 135.000  90  20  116  756
230 358.000 175.000  90  30  537 1177
231  76.000  83.000  90  20  827 1467
232 276.000 127.000  90  30  105  745
233 365.000 178.000  90  20  440 1080
234 185.000 177.000  90  30  760 1400
235 111.000 261.000  90  10 1090 1730
236 278.000  15.000  90  10 1602 2242
237 266.000 395.000  90  10 1507 2147
238 132.000 353.000  90  20  692 1332
239 277.000 103.000  90  20  367 1007
240  75.000 136.000  90  10 2255 2895
241 130.000 263.000  90  10   94  734
242 258.000 134.000  90  20 2437 3077
243 183.000  56.000  90  20  145  785
244 202.000 171.000  90  20 1247 1887
245  61.000 183.000  90  10 2058 2698
246 264.000 375.000  90  20 2203 2843
247 309.000 215.000  90  10 2148 2788
248  64.000  83.000  90  30  332  972
249 239.000 137.000  90  40   74  714
250  40.000  73.000  90  10 1636 2276
251 196.000 164.000  90  10 1148 1788
252  64.000 193.000  90  10  136  776
253  72.000 118.000  90  30  759 1399
254 267.000   4.000   0  20  559 1199
255 166.000 133.000  90  10 1304 1944
256 117.000  92.000  90  30  136  776
257 100.000 115.000  90  20  328  968
258 246.000 390.000  90  20 1120 1760
259 296.000 209.000  90  10 1850 2490
260 178.000  81.000  90  10 2609 3249
261 380.000 129.000  90  10 2200 2840
262 166.000 124.000  90  20 1403 2043
263  50.000 204.000  90  20  422 1062
264 137.000 272.000   0  50  338  978
265 156.000 271.000  90  10  447 1087
266  99.000  84.000  90  10 2749 3389
267  64.000 219.000  90  10  312  952
268  68.000 199.000  90  10  364 1004
269 280.000 142.000  90  20 1742 2382
270 228.000  32.000  90  10 1675 2315
271 114.000 102.000  90  20  130  770
272 132.000 274.000  90  40  242  882
273 246.000 246.000  90  20  238  878
274  48.000  95.000  90  10  740 1380
275 207.000 179.000  90  10 2613 3253
276 137.000 288.000  90  10  682 1322
277  99.000 114.000  90  30  420 1060
278 253.000 259.000  90  10  705 1345
279 211.000  34.000  90  20 1195 1835
280 106.000  83.000  90  10  752 1392
281 228.000 180.000  90  10 1750 2390
282 266.000  10.000  90  20  463 1103
283  54.000 222.000  90  20 1109 1749
284 275.000  95.000  90  20  466 1106
285 259.000  90.000  90  30 2426 3066
286 256.000 235.000  90  10   66  706
287  40.000  83.000  90  20 1345 1985
288  70.000  63.000  90  10 2566 3206
289 255.000 117.000  90  10  946 1586
290 289.000 211.000  90  30 1752 2392
291 173.000 125.000  90  10  525 1165
292 363.000 270.000  90  20 2175 2815
293 275.000 143.000  90  20 1539 2179
294 107.000  84.000  90  10  661 1301
295 143.000 187.000  90  20  123  763
296 269.000 241.000  90  10 1672 2312
297 280.000 240.000  90  30 1977 2617
298 254.000 250.000  90  20   73  713
299  66.000 202.000  90  20  271  911
300 129.000 361.000  90  30  889 1529
301 258.000 359.000  90  30  627 1267
302  75.000  49.000  90  10 2461 3101
303 122.000 261.000  90  10  899 1539
304 300.000 200.000  90  20 1950 2590
305 240.000 366.000  90  20  170  810
306 141.000 263.000  90  30 2944 3584
307 146.000 196.000  90  20   54  694
308 244.000 358.000  90  10  164  804
309 147.000 374.000  90  10 2060 2700
310 199.000  35.000  90  20  433 1073
311 202.000  42.000  90  20  241  881
312 331.000 268.000  90  30  147  787
313  38.000  87.000  90  30 1250 1890
314 141.000 202.000   0  20   59  699
315 240.000  97.000  90  10  363 1003
316 240.000 389.000  90  10 1024 1664
317 280.000 126.000  90  20 1431 2071
318 268.000 149.000  90  10 1638 2278
319 388.000 278.000  90  30 1969 2609
320 195.000 184.000  90  20  373 1013
321 329.000 289.000  90  10 1266 1906
322 265.000 202.000  90  20   65  705
323  43.000  54.000  90  20 2060 2700
324 149.000 192.000  90  30   51  691
325 282.000   7.000  90  30  940 1580
326 222.000  89.000  90  40 1693 2333
327 270.000 386.000  90  20 1821 2461
328  90.000 111.000  90  20  609 1249
329 384.000 183.000  90  20  233  873
330 126.000 187.000  90  30  885 1525
331  96.000 196.000  90  20  104  744
332 261.000 363.000  90  30  722 1362
333 183.000 134.000  90  20  120  760
334 392.000 106.000  90  20  458 1098
335 226.000 102.000  90  20 1014 1654
336  90.000  66.000  90  20 1586 2226
337 249.000 252.000  90  10  425 1065
338 396.000 135.000  90  30 2488 3128
339 140.000  69.000  90  30 1918 2558
340 200.000 203.000  90  10    3  643
341 138.000 170.000  90  30 2345 2985
342 241.000 360.000  90  20  165  805
343  86.000 140.000  90  50 2751 3391
344 379.000 124.000  90  10 1831 2471
345 242.000 116.000   0  10 2988 3628
346 343.000 169.000  90  20 1504 2144
347 160.000 138.000  90  30 1015 1655
348  93.000 132.000  90  10  126  766
349 241.000 366.000  90  30  170  810
350  60.000 201.000  90  20 1352 1992
351 161.000 101.000  90  10  483 1123
352 329.000 156.000  90  20 2504 3144
353 225.000 197.000  90  30 1949 2589
354 349.000 276.000  90  40  406 1046
355  83.000 122.000  90  10  373 1013
356 200.000  21.000  90  20  812 1452
357 121.000  56.000  90  20 1065 1705
358  61.000 222.000  90  20 1206 1846
359 140.000 187.000  90  20  216  856
360 119.000 276.000  90  20  794 1434
361  92.000  84.000  90  10 2157 2797
362 130.000 273.000  90  30  150  790
363 114.000 103.000  90  20  129  769
364  77.000 196.000  90  20  555 1195
365 246.000 330.000  90  10  137  777
366 248.000 133.000   0  10 2719 3359
367 194.000 141.000  90  10   59  699
368  54.000  68.000  90  20  531 1171
369  86.000  59.000  90  10 1373 2013
370  68.000 204.000  90  10  178  818
371  69.000 218.000  90  30 2565 3205
372 251.000 368.000  90  20  175  815
373 228.000  68.000  90  10  427 1067
374 171.000 147.000  90  10  819 1459
375  87.000  71.000   0  10 2910 3550
376 351.000 281.000  90  20  601 1241
377 285.000  11.000  90  10 1412 2052
378 280.000 121.000  90  20  112  752
379 127.000 264.000  90  10   97  737
380 243.000  86.000  90  20  121  761
381 262.000 363.000  90  10  813 1453
382 339.000 261.000  90  30  151  791
383 273.000  12.000  90  10 1882 2522
384 340.000 166.000  90  20 1319 1959
385 268.000  95.000  90  10  125  765
386 145.000 374.000  90  10 1877 2517
387 239.000 389.000  90  10  933 1573
388  73.000  97.000  90  20 1296 1936
389 107.000 138.000  90  10 1930 2570
390  53.000  98.000  90  10  926 1566
391  69.000 126.000  90  20 1597 2237
392 288.000   1.000  90  20 1219 1859
393  80.000 111.000  90  30  946 1586
394 249.000 384.000  90  20 1308 1948
395  81.000 132.000  90  20  273  913
396 136.000 181.000  90  20 1962 2602
397 356.000 166.000  90  20  637 1277
398 319.000 274.000  90  20  140  780
399 213.000  11.000  90  20 1977 2617
400 298.000 362.000  90  20 2139 2779
401  70.000 213.000  90  10  130  770
402 103.000 116.000  90  20  235  875
403 202.000 216.000  90  20   16  656
404  78.000 200.000  90  10  649 1289
405 265.000 344.000  90  20  429 1069
406 139.000 250.000  90  10   78  718
407 276.000  93.000  90 -10  558 1198
408 135.000 176.000  90 -20 1867 2507
409  97.000 139.000  90 -20 1830 2470
410 163.000  81.000  90 -10 1522 2162
411 167.000  68.000  90 -30 2308 2948
412 110.000  89.000  90 -30  289  929
413 141.000 192.000  90 -20  311  951
414 369.000 135.000  90 -10 1249 1889
415 193.000  38.000  90 -20 2919 3559
416 208.000  91.000  90 -20 1498 2138
417 182.000 171.000  90 -40  947 1587
418 288.000  23.000  90 -20 2361 3001
419 265.000  94.000  90 -20 2235 2875
420 198.000  90.000  90 -30 2180 2820
421  76.000 219.000  90 -20 2377 3017
422  83.000 212.000  90 -20 2964 3604
423  73.000 183.000  90 -20 2343 2983
424  72.000  60.000  90 -20 1477 2117
425  51.000 246.000  90 -20 1883 2523
426  93.000  80.000  90 -10 1880 2520
427 349.000 179.000  90 -10  925 1565
428  77.000 209.000  90 -20 2948 3588
429 179.000  88.000  90 -30 2706 3346
430 256.000 370.000  90 -30 2302 2942
431 134.000 261.000  90 -10 2755 3395
432 228.000 196.000  90 -30 1856 2496
433 174.000 153.000  90 -20 2708 3348
434 271.000 122.000  90 -10 1235 1875
435 123.000 189.000  90 -30  979 1619
436 125.000 225.000  90 -10 1984 2624
437 122.000 142.000  90 -20 2806 3446
438 280.000 238.000  90 -20 2652 3292
439 150.000 178.000  90 -30 2641 3281
440 238.000 264.000  90 -10 2977 3617
441 231.000 385.000  90 -30  451 1091
442  79.000 135.000  90 -10 1439 2079
443 273.000 187.000  90 -10  308  948
444 127.000 350.000  90 -20  788 1428
445 105.000 135.000  90 -10 2023 2663
446 302.000 104.000  90 -10 1370 2010
447 125.000 362.000  90 -10 1078 1718
448 208.000 104.000  90 -10 2288 2928
449 215.000 174.000  90 -30 1350 1990
450 389.000 122.000  90 -20 1731 2371
451 272.000 200.000  90 -10 1179 1819
452 260.000 161.000  90 -10 1951 2591
453 100.000  71.000  90 -20 1778 2418
454 126.000 103.000  90 -30 2959 3599
455 294.000  26.000  90 -20 2746 3386
456 292.000  87.000  90 -20 1170 1810
457 146.000 373.000  90 -20 1969 2609
458  56.000 227.000  90 -10 1393 2033
459 244.000 277.000  90 -10 2680 3320
460 219.000 114.000  90 -30 2483 3123
461 286.000 193.000  90 -30  695 1335
462 282.000 242.000  90 -30 2070 2710
463 358.000 188.000  90 -20  158  798
464 365.000 158.000  90 -10 1893 2533
465 149.000 393.000  90 -20 1482 2122
466 134.000 195.000  90 -20  409 1049
467 212.000  81.000  90 -10 2074 2714
468 377.000 124.000  90 -30 1923 2563
469 177.000 108.000  90 -10 2914 3554
470 361.000 295.000  90 -10 1662 2302
471 206.000  38.000  90 -10 1382 2022
472  72.000 155.000  90 -10 2456 3096
473 361.000 156.000  90 -20 1987 2627
474 137.000  77.000  90 -20 1819 2459
475 287.000 211.000  90 -20 1562 2202
476 207.000  91.000  90 -20 1407 2047
477  82.000 179.000  90 -40 2962 3602
478 273.000 257.000  90 -20 1285 1925
479 158.000 101.000  90 -10  390 1030
480  85.000 208.000  90 -20  115  755
481 153.000  73.000  90 -20 2113 2753
482 282.000 248.000  90 -30 2166 2806
483 234.000 361.000  90 -10 2604 3244
484 172.000  89.000  90 -10 1239 1879
485 122.000 130.000  90 -30 2704 3344
486 356.000 172.000  90 -10  733 1373
487 273.000 345.000  90 -10 2914 3554
488 197.000  24.000  90 -10  718 1358
489 268.000 375.000  90 -30 1101 1741
490 363.000 276.000  90 -20 2271 2911
491 273.000 393.000  90 -30 1614 2254
492  86.000 126.000  90 -20 1338 1978
493 271.000 343.000  90 -30 2922 3562
494 172.000 164.000  90 -10 2809 3449
495 228.000  97.000  90 -10  919 1559
496 223.000  13.000  90 -20 1784 2424
497 143.000  76.000  90 -10 1723 2363
498 109.000  82.000  90 -20  568 1208
499 175.000  89.000  90 -20 1055 1695
500 380.000 135.000  90 -30 1533 2173
501 111.000 185.000  90 -10 1081 1721
502 268.000 244.000  90 -10 1578 2218
503 263.000 110.000  90 -10 2972 3612
504 236.000 249.000  90 -30 3021 3661
505 381.000 113.000  90 -20  753 1393
506 281.000  86.000  90 -40  656 1296
507 237.000  93.000  90 -30  723 1363
508 351.000 238.000  90 -20 2768 3408
509  74.000 124.000  90 -10 1693 2333
510 124.000 250.000  90 -30 1497 2137
511 152.000 136.000  90 -30 2026 2666
512 141.000 105.000  90 -20 1712 2352
513 245.000 149.000  90 -40 2825 3465
514 272.000  78.000  90 -20  955 1595
515 397.000 140.000  90 -10 2583 3223
516 147.000 367.000  90 -10 2250 2890
517 362.000 159.000  90 -20 1800 2440
518  98.000  86.000  90 -20 2657 3297
519 259.000 117.000  90 -10  101  741
520 341.000 287.000  90 -10  886 1526
521  34.000  58.000  90 -30 1960 2600
522 255.000  15.000  90 -20  258  898
523 261.000 107.000  90 -30 2906 3546
524 110.000 121.000  90 -10 2506 3146
525 102.000 125.000  90 -30 2407 3047
526 164.000 138.000  90 -20  921 1561
527 280.000 249.000  90 -10 1475 2115
528 294.000 230.000  90 -20 2446 3086
529 285.000  23.000  90 -20 2268 2908
530 284.000   5.000  90 -20 1033 1673
531 152.000  81.000  90 -10  128  768
532  66.000 228.000  90 -20 1142 1782
533 237.000 366.000  90 -20 2508 3148
534  44.000  95.000  90 -40 1177 1817
535  60.000 239.000  90 -30 1984 2624
536 248.000 120.000  90 -20  757 1397
537 153.000 393.000  90 -30 1576 2216
538 155.000 349.000  90 -10 2730 3370
539  62.000 193.000  90 -40 1640 2280
540 264.000 253.000  90 -10  997 1637
541 234.000 172.000  90 -10 1650 2290
542 146.000 381.000  90 -10 1379 2019
543  75.000 208.000  90 -20 2761 3401
544  90.000 178.000  90 -20 2969 3609
545 261.000 268.000  90 -10 2571 3211
546 351.000 272.000  90 -20 2464 3104
547 274.000 204.000  90 -10 1274 1914
548 144.000 183.000  90 -40 2150 2790
549 147.000 115.000  90 -10 1813 2453
550  33.000  78.000  90 -30 1537 2177
551 150.000 370.000  90 -20 2155 2795
552 365.000 288.000  90 -30 1760 2400
553 283.000 362.000  90 -10 2337 2977
554 219.000  84.000  90 -30 1789 2429
555 342.000 168.000  90 -20 1412 2052
556  69.000 179.000  90 -20 2248 2888
557 250.000   8.000  90 -20  357  997
558 278.000  14.000  90 -30 1693 2333
559  91.000 133.000  90 -20  127  767
560 275.000  16.000  90 -20 1977 2617
561  67.000 109.000  90 -30 1399 2039
562  80.000 181.000  90 -10 2912 3552
563 332.000 148.000  90 -20 2405 3045
564 210.000  35.000  90 -10 1287 1927
565 267.000 358.000  90 -10  171  811
566 352.000 291.000  90 -10 1562 2202
567 154.000 342.000  90 -10 2932 3572
568 187.000  92.000  90 -10 2805 3445
569 260.000 249.000  90 -20   77  717
570 257.000  97.000  90 -10 2524 3164
571 266.000  90.000  90 -20 2329 2969
572 215.000 188.000  90 -20 2145 2785
573 215.000 116.000  90 -10 2578 3218
574 380.000 127.000  90 -30 2108 2748
575 274.000 230.000  90 -10 1774 2414
576 180.000  21.000  90 -10 2476 3116
577 300.000 203.000  90 -10 2043 2683
578 145.000  93.000  90 -30  120  760
579  68.000  87.000  90 -10  237  877
580 299.000  39.000  90 -20 2892 3532
581 332.000 284.000  90 -20 1170 1810
582 289.000 203.000  90 -20  890 1530
583 379.000 136.000  90 -10 1442 2082
584  46.000 239.000  90 -10 1593 2233
585 179.000  30.000  90 -20 2575 3215
586 190.000  36.000  90 -20 2883 3523
587 272.000 223.000  90 -20 2851 3491
588 257.000 102.000  90 -10 2809 3449
589 231.000 263.000  90 -20 3011 3651
590 132.000 172.000  90 -10 1772 2412
591 202.000  33.000  90 -20  527 1167
592 364.000 284.000  90 -10 1854 2494
593 123.000 252.000  90 -10 1589 2229
594 283.000 187.000  90 -20  500 1140
595 276.000 350.000  90 -30 2728 3368
596  41.000  79.000  90 -30 1439 2079
597 258.000 387.000  90 -10 1407 2047
598 252.000 154.000  90 -20 2144 2784
599  76.000 210.000  90 -10  840 1480
600 233.000 101.000  90 -20  822 1462
601  77.000 134.000  90 -20 2162 2802
602 199.000 190.000  90 -20 2807 3447
603 149.000 244.000  90 -10 3014 3654
604 123.000 175.000  90 -30 1376 2016
605 185.000 162.000  90 -20 3009 3649
606 197.000  18.000  90 -20 2369 3009
607 254.000 135.000  90 -40 2343 2983
608  56.000 196.000  90 -30 1543 2183
609 141.000 164.000  90 -10 2441 3081
610 170.000  86.000  90 -30 1333 1973
611 289.000 105.000  90 -10 1565 2205
612 162.000 110.000  90 -20 1600 2240
613 208.000 187.000  90 -10 2424 3064
614 242.000 283.000  90 -20 2776 3416
615 146.000 361.000  90 -20  219  859
616 149.000 345.000  90 -10 2928 3568
617  53.000 198.000  90 -20 1449 2089
618 140.000 183.000  90 -20 2056 2696
619 108.000  95.000  90 -10 2853 3493
620 132.000 267.000  90 -10   95  735
621 249.000 121.000  90 -30  849 1489
622 272.000  31.000  90 -20  183  823
623 145.000 253.000  90 -10 3005 3645
624  59.000 190.000  90 -10 1734 2374
625 380.000 153.000  90 -20 2784 3424
626 200.000  12.000  90 -10 2272 2912
627 118.000 148.000  90 -40 2904 3544
628 154.000 355.000  90 -30 2543 3183
629 398.000 104.000  90 -20  554 1194
630 137.000 124.000  90 -20 1917 2557
631 166.000 151.000  90 -20 2609 3249
632 156.000 144.000  90 -10 2217 2857
633  78.000 184.000  90 -20 2438 3078
634 388.000 145.000  90 -20 2683 3323
635  86.000 122.000  90 -20  466 1106
636 348.000 161.000  90 -30 1603 2243
637  79.000 128.000  90 -20 2066 2706
638 353.000 102.000  90 -30  181  821
639 343.000 161.000  90 -20 2206 2846
640 194.000 160.000  90 -30 1053 1693
641 130.000 245.000  90 -10 2373 3013
642 292.000  20.000  90 -10 2554 3194
643 297.000 365.000  90 -10 2046 2686
644 130.000 364.000  90 -20  982 1622
645 293.000  92.000  90 -20 1265 1905
646  75.000 153.000  90 -10 2550 3190
647 132.000 251.000  90 -10 2469 3109
648 251.000 132.000  90 -20 2534 3174
649 196.000  35.000  90 -20  340  980
650 210.000 185.000  90 -20 2331 2971
651  84.000 192.000  90 -10 2630 3270
652 236.000 266.000  90 -20 2884 3524
653 286.000 259.000  90 -10 2362 3002
654  51.000  95.000  90 -30  833 1473
655 243.000 130.000  90 -40  147  787
656  55.000  60.000  90 -10 2258 2898
657 228.000 162.000  90 -10 1548 2188
658  76.000 212.000  90 -10 2855 3495
659  79.000 139.000  90 -30 2654 3294
660 267.000   4.000  90 -20  559 1199
661 159.000 129.000  90 -10 1206 1846
662  97.000  91.000  90 -30 2561 3201
663  66.000 121.000  90 -20 1501 2141
664 267.000 360.000  90 -20 2443 3083
665 290.000 255.000  90 -10 2266 2906
666 183.000 156.000  90 -10 2912 3552
667 382.000 132.000  90 -10 2293 2933
668 168.000 123.000  90 -20 1496 2136
669  63.000 184.000  90 -20 2150 2790
670 137.000 272.000  90 -50  338  978
671 131.000 240.000  90 -10 2278 2918
672 105.000  98.000  90 -10 2942 3582
673  94.000 175.000  90 -10 2973 3613
674  74.000 218.000  90 -10 2470 3110
675 250.000 134.000  90 -20 2626 3266
676 178.000  48.000  90 -10 2928 3568
677 116.000  90.000  90 -20  138  778
678 118.000 261.000  90 -40  993 1633
679 246.000 247.000  90 -20  329  969
680  55.000  54.000  90 -10 2162 2802
681 204.000 183.000  90 -10 2708 3348
682 130.000 235.000  90 -10 2085 2725
683  88.000 143.000  90 -30 1637 2277
684 265.000 262.000  90 -10  808 1448
685 217.000   8.000  90 -20 1882 2522
686 112.000  65.000  90 -10  861 1501
687 212.000 185.000  90 -10 2239 2879
688 290.000   6.000  90 -20 1315 1955
689  57.000 210.000  90 -20 1252 1892
690 286.000 108.000  90 -20 1659 2299
691 255.000 100.000  90 -30 2716 3356
692 254.000 373.000  90 -10 1206 1846
693  43.000  66.000  90 -20 1733 2373
694  68.000  70.000  90 -10 2845 3485
695 267.000 125.000  90 -10 1050 1690
696 275.000 269.000  90 -30 2467 3107
697 151.000 141.000  90 -10 2121 2761
698 262.000 213.000  90 -20 3018 3658
699 206.000 185.000  90 -20 2517 3157
700 127.000  62.000  90 -10  966 1606
701  86.000 133.000  90 -20  178  818
702 261.000 223.000  90 -10 3016 3656
703 287.000 233.000  90 -30 1877 2517
704 268.000 224.000  90 -20 2946 3586
705  78.000 230.000  90 -20 1040 1680
706 151.000 352.000  90 -30 2825 3465
707 305.000 379.000  90 -30 1839 2479
708  73.000  71.000  90 -10 2900 3540
709 134.000 251.000  90 -10 2561 3201
710 312.000 217.000  90 -20 2241 2881
711 230.000 387.000  90 -20  543 1183
712 144.000 261.000  90 -30 2999 3639
713 128.000 161.000  90 -20 1670 2310
714 241.000 394.000  90 -10  838 1478
715 148.000 345.000  90 -10 2922 3562
716 216.000  35.000  90 -20 1572 2212
717 200.000  18.000  90 -20  905 1545
718 343.000 279.000  90 -30  502 1142
719  69.000  70.000  90 -30 2754 3394
720 141.000 202.000  90 -20   59  699
721 238.000  91.000  90 -10  115  755
722 270.000 380.000  90 -10 2015 2655
723 283.000 124.000  90 -20 1337 1977
724 254.000 137.000  90 -10 2251 2891
725 299.000 234.000  90 -30 2543 3183
726 218.000 172.000  90 -20 1444 2084
727 281.000 230.000  90 -10 2750 3390
728 371.000 171.000  90 -20  341  981
729  68.000  53.000  90 -20 2363 3003
730  76.000 139.000  90 -30 1534 2174
731 286.000   5.000  90 -30 1125 1765
732 216.000  84.000  90 -40 1882 2522
733 277.000 376.000  90 -20 1721 2361
734 112.000 129.000  90 -20 2604 3244
735 358.000 142.000  90 -20 2092 2732
736 153.000 180.000  90 -30 2826 3466
737  83.000 186.000  90 -20 2816 3456
738 256.000 396.000  90 -30 1506 2146
739 189.000 112.000  90 -20  324  964
740 377.000 132.000  90 -20 1348 1988
741 210.000  93.000  90 -20 1313 1953
742  92.000  88.000  90 -20 2345 2985
743 252.000 253.000  90 -10  518 1158
744 371.000 143.000  90 -30 2888 3528
745 186.000  73.000  90 -30 2418 3058
746 133.000 196.000  90 -10  500 1140
747 146.000 164.000  90 -30 2536 3176
748 238.000 399.000  90 -20  742 1382
749  93.000 145.000  90 -50 2850 3490
750 379.000 127.000  90 -10 2017 2657
751 242.000 116.000  90 -10 2988 3628
752 317.000 165.000  90 -20 2699 3339
753 155.000 159.000  90 -30 2322 2962
754  71.000 115.000  90 -10 1046 1686
755 265.000 377.000  90 -30 2110 2750
756  38.000 172.000  90 -20 1852 2492
757 162.000  69.000  90 -10 2213 2853
758 328.000 158.000  90 -20 2596 3236
759 223.000 189.000  90 -30 2047 2687
760 351.000 264.000  90 -40 2652 3292
761  78.000 127.000  90 -10 1150 1790
762 166.000  31.000  90 -20 2678 3318
763  92.000  80.000  90 -20 1971 2611
764  50.000 248.000  90 -20 1791 2431
765  70.000 142.000  90 -20 2353 2993
766  96.000 251.000  90 -20 1198 1838
767  94.000  84.000  90 -10 2065 2705
768 173.000 278.000  90 -30  555 1195
769  85.000 105.000  90 -20 2453 3093
770  59.000 226.000  90 -20 1300 1940
771 249.000 354.000  90 -10  230  870
772 248.000 133.000  90 -10 2719 3359
773 170.000  97.000  90 -10  769 1409
774  36.000  90.000  90 -20 1157 1797
775  93.000  65.000  90 -10 1679 2319
776  76.000 230.000  90 -10 2183 2823
777  70.000 207.000  90 -30 2666 3306
778 226.000 385.000  90 -20  356  996
779 224.000  63.000  90 -10  330  970
780 164.000 156.000  90 -10 2421 3061
781  87.000  71.000  90 -10 2910 3550
782 352.000 284.000  90 -20  694 1334
783 271.000  21.000  90 -10 2073 2713
784 350.000 105.000  90 -20  177  817
785 104.000 252.000  90 -10 1296 1936
786 272.000  32.000  90 -20  182  822
787 270.000 355.000  90 -10 2630 3270
788 376.000 271.000  90 -30 2072 2712
789 286.000  17.000  90 -10 2457 3097
790 350.000 157.000  90 -20 1697 2337
791 282.000 104.000  90 -10 1755 2395
792 152.000 363.000  90 -10 2346 2986
793 256.000 386.000  90 -10 1313 1953
794  39.000 117.000  90 -20 1064 1704
795 102.000 133.000  90 -10 2117 2757
796  20.000  97.000  90 -10 1049 1689
797 145.000 153.000  90 -20 3009 3649
798 299.000  31.000  90 -20 2843 3483
799  59.000 115.000  90 -30  954 1594
800 248.000 377.000  90 -20 2403 3043
801  76.000 118.000  90 -20  665 1305
802 152.000 181.000  90 -20 2734 3374
803 330.000 173.000  90 -20 1217 1857
804 266.000 351.000  90 -20  526 1166
805 169.000  52.000  90 -20 2930 3570
806 273.000 342.000  90 -20 2922 3562
807  45.000 210.000  90 -10  620 1260
808  75.000  78.000  90 -20  174  814
809 142.000 363.000  90 -20  313  953
810  53.000 239.000  90 -10 1496 2136
811 271.000 375.000  90 -20 1008 1648
812 122.000 253.000  90 -10 1680 2320
813 200.000 200.000   0   0    0 3811
