405 405 1000 700 1000
  0 200.000 200.000   0   0    0 3811
  1  85.000 208.000  90  20  221  381
  2 132.000 172.000  90  10 2012 2172
  3 165.000  85.000  90  10 1668 1828
  4 371.000 171.000  90  10  581  741
  5 141.000 105.000  90  20 1952 2112
  6 150.000  77.000  90  30 1866 2026
  7 113.000  92.000  90  30  435  595
  8 271.000 375.000  90  30 1248 1408
  9 201.000 206.000  90  20   16  176
 10 368.000 125.000  90  10 1289 1449
 11 235.000 115.000  90  20  494  654
 12 273.000 345.000  90  20 3154 3314
 13 190.000 186.000  90  40  709  869
 14 228.000 162.000  90  30 1788 1948
 15  73.000 195.000  90  20  701  861
 16 351.000 272.000  90  10 2704 2864
 17 106.000  50.000  90  20 1411 1571
 18  70.000 184.000  90  20  130  290
 19 255.000  15.000  90  20  498  658
 20 110.000  84.000  90  10  716  876
 21 355.000 192.000  90  10  166  326
 22 182.000  78.000  90  30 2754 2914
 23 237.000 373.000  90  30  490  650
 24 267.000 125.000  90  20 1290 1450
 25 197.000 184.000  90  30  521  681
 26 167.000 156.000  90  20 2754 2914
 27 268.000 124.000  90  10 1382 1542
 28 127.000  62.000  90  10 1206 1366
 29 127.000 180.000  90  30 1028 1188
 30 127.000 350.000  90  10 1028 1188
 31 121.000 232.000  90  10 2126 2286
 32 134.000 195.000  90  20  649  809
 33  96.000 104.000  90  20  948 1108
 34 112.000  65.000  90  30 1101 1261
 35  34.000  58.000  90  20 2200 2360
 36 312.000 217.000  90  20 2481 2641
 37  63.000 184.000  90  10 2390 2550
 38 282.000 248.000  90  10 2406 2566
 39 252.000 365.000  90  30  198  358
 40 253.000 205.000  90  10   63  223
 41  74.000 126.000  90  10 2025 2185
 42 279.000 111.000  90  10  419  579
 43 146.000 343.000  90  10  152  312
 44 265.000 377.000  90  30 2350 2510
 45 283.000 124.000  90  10 1577 1737
 46 368.000 103.000  90  20  297  457
 47  59.000 115.000  90  30 1194 1354
 48 246.000 247.000  90  20  569  729
 49 151.000 352.000  90  10 3065 3225
 50 290.000 205.000  90  10 1038 1198
 51 254.000 106.000  90  10  801  961
 52  93.000  55.000  90  20 1515 1675
 53  78.000  97.000  90  30  159  319
 54 273.000   7.000  90  20  991 1151
 55 263.000 118.000  90  20  116  276
 56  73.000 205.000  90  10  323  483
 57 204.000 146.000  90  30   54  214
 58 262.000 199.000  90  30  164  324
 59 331.000 197.000  90  20  131  291
 60 215.000 174.000  90  30 1590 1750
 61 272.000  78.000  90  20 1195 1355
 62 132.000 360.000  90  20  835  995
 63 146.000 208.000  90  20   54  214
 64 294.000  26.000  90  10 2986 3146
 65 271.000 122.000  90  20 1475 1635
 66 218.000 109.000  90  10 1355 1515
 67  33.000  78.000  90  20 1777 1937
 68 275.000  16.000  90  20 2217 2377
 69 200.000  18.000  90  30 1145 1305
 70 374.000 121.000  90  30 1192 1352
 71 283.000 362.000  90  10 2577 2737
 72 195.000  46.000  90  10  171  331
 73  73.000 129.000  90  10 2210 2370
 74 366.000 195.000  90  20  361  521
 75 162.000  96.000  90  20  818  978
 76 252.000 253.000  90  10  758  918
 77  51.000  95.000  90  20 1073 1233
 78 292.000  20.000  90  10 2794 2954
 79  76.000 210.000  90  30 1080 1240
 80 252.000 205.000  90  20   52  212
 81 172.000 101.000  90  10 1103 1263
 82  87.000 204.000  90  20  126  286
 83 301.000 218.000  90  30 2582 2742
 84 130.000 245.000  90  10 2613 2773
 85 237.000  93.000  90  40  963 1123
 86 285.000  23.000  90  20 2508 2668
 87 200.000  26.000  90  10  864 1024
 88 333.000 264.000  90  20  258  418
 89 224.000  63.000  90  10  570  730
 90 130.000 364.000  90  10 1222 1382
 91 190.000 141.000  90  10  169  329
 92 108.000  87.000  90  20  622  782
 93 187.000 129.000  90  20  457  617
 94 131.000 186.000  90  10  840 1000
 95 241.000 251.000  90  10  381  541
 96 286.000   5.000  90  10 1365 1525
 97 272.000 193.000  90  30  360  520
 98 370.000  95.000  90  20  492  652
 99  97.000 139.000  90  20 2070 2230
100 224.000 131.000  90  30   89  249
101 354.000 273.000  90  20 2611 2771
102 353.000 102.000  90  20  192  352
103 149.000 393.000  90  40 1722 1882
104 117.000 252.000  90  30 2015 2175
105 163.000 135.000  90  30 1349 1509
106  86.000 126.000  90  10 1578 1738
107 269.000  83.000  90  20  999 1159
108 172.000  89.000  90  30 1479 1639
109 158.000 379.000  90  10 1921 2081
110 356.000 177.000  90  20 1068 1228
111 341.000 269.000  90  10  545  705
112 278.000  40.000  90  20  178  338
113 264.000  95.000  90  30 2384 2544
114  99.000 132.000  90  10 2450 2610
115  90.000 138.000  90  30 1973 2133
116 291.000 215.000  90  20 1898 2058
117 275.000   9.000  90  20 2029 2189
118 145.000  93.000  90  10  229  389
119 350.000 105.000  90  10  177  337
120 278.000   7.000  90  20 1086 1246
121 302.000 104.000  90  20 1610 1770
122 140.000 118.000  90  10  101  261
123  74.000 193.000  90  20  151  311
124 227.000 392.000  90  20  879 1039
125  41.000 246.000  90  30 1931 2091
126 246.000 119.000  90  20   93  253
127 144.000 343.000  90  30  165  325
128 125.000 369.000  90  10 1415 1575
129  53.000 215.000  90  40  960 1120
130 252.000 259.000  90  10  854 1014
131  78.000 127.000  90  20 1390 1550
132 212.000 185.000  90  10 2479 2639
133 265.000 262.000  90  30 1048 1208
134 274.000 204.000  90  10 1514 1674
135 282.000 213.000  90  10 1707 1867
136  75.000  78.000  90  20  375  535
137 197.000  24.000  90  10  958 1118
138  50.000 248.000  90  20 2031 2191
139 288.000 184.000  90  10  836  996
140 282.000 104.000  90  20 1995 2155
141 170.000  97.000  90  20 1009 1169
142 108.000 185.000  90  40 1414 1574
143  59.000  80.000  90  30  668  828
144 348.000 283.000  90  30 1028 1188
145 250.000   8.000  90  20  597  757
146 288.000 357.000  90  10 2480 2640
147 215.000 107.000  90  30 1448 1608
148 200.000  12.000   0  20 2512 2672
149  91.000 133.000  90  10  229  389
150 339.000 181.000  90  20 1265 1425
151 148.000 345.000  90  20 3162 3322
152 254.000 373.000  90  10 1446 1606
153 198.000  90.000  90  30 2420 2580
154 275.000  29.000  90  20  199  359
155 274.000   2.000  90  30  896 1056
156  45.000 210.000  90  10  860 1020
157  92.000 131.000  90  20  322  482
158 143.000  76.000  90  30 1963 2123
159  74.000  85.000  90  30  278  438
160  78.000 188.000  90  10 2772 2932
161  55.000  54.000  90  30 2402 2562
162  46.000 239.000  90  20 1833 1993
163 204.000  21.000  90  10 1240 1400
164 249.000 353.000  90  10  561  721
165 339.000 281.000  90  10 1222 1382
166 249.000 354.000  90  20  470  630
167  53.000 198.000  90  10 1689 1849
168 151.000  69.000  90  10 2259 2419
169 252.000 227.000  90  20   58  218
170 187.000 186.000  90  20  802  962
171 263.000 259.000  90  10 1141 1301
172 241.000 394.000  90  10 1078 1238
173  76.000 230.000  90  10 2423 2583
174 206.000  29.000  90  10 1338 1498
175 140.000  90.000  90  30  125  285
176 136.000 117.000  90  10  104  264
177  69.000 179.000  90  20 2488 2648
178 384.000 111.000  90  10  900 1060
179  77.000 212.000  90  10 1172 1332
180 209.000  37.000  90  20 1715 1875
181  76.000 219.000  90  20 2617 2777
182 271.000  21.000  90  20 2313 2473
183 266.000  90.000  90  10 2569 2729
184 168.000 123.000  90  10 1736 1896
185 125.000 176.000  90  10 1524 1684
186 214.000  56.000  90  20  373  533
187 350.000 157.000  90  20 1937 2097
188 346.000 294.000  90  10 1705 1865
189 276.000  93.000  90  10  798  958
190  69.000  90.000  90  30  181  341
191  78.000 207.000  90  10  986 1146
192 243.000 103.000  90  20  700  860
193 140.000 265.000  90  10 3092 3252
194 147.000 367.000  90  30 2490 2650
195 130.000 186.000  90  30  931 1091
196 174.000  92.000  90  20 1202 1362
197 207.000  55.000  90  20  276  436
198  64.000 220.000  90  30  461  621
199  43.000  66.000  90  30 1973 2133
200 234.000 172.000  90  20 1890 2050
201 152.000  81.000  90  20  333  493
202 296.000  77.000  90  10 1309 1469
203 154.000  95.000  90  20  533  693
204 264.000 384.000  90  20 2157 2317
205 141.000 350.000  90  20  262  422
206 138.000 356.000  90  10  359  519
207 289.000 105.000  90  10 1805 1965
208 191.000 209.000  90  20  315  475
209  72.000  60.000  90  10 1717 1877
210 188.000 212.000  90  10  221  381
211 231.000 143.000  90  30   64  224
212 332.000 148.000  90  20 2645 2805
213 244.000  70.000  90  20  459  619
214  74.000 218.000   0  10 2710 2870
215 390.000 134.000  90  20 2631 2791
216 201.000  13.000  90  10 2421 2581
217 260.000 249.000  90  30  182  342
218 180.000  21.000  90  20 2716 2876
219 364.000  95.000  90  20  396  556
220 147.000  84.000  90  20  150  310
221 140.000  98.000  90  20  132  292
222 233.000 101.000  90  20 1062 1222
223 171.000 143.000  90  10  965 1125
224  40.000 204.000  90  20  762  922
225 125.000 225.000  90  10 2224 2384
226 260.000 161.000  90  20 2191 2351
227 238.000  91.000  90  20  256  416
228 103.000 135.000  90  20  116  276
229 248.000 120.000  90  30  997 1157
230 282.000 242.000  90  10 2310 2470
231 358.000 175.000  90  30  777  937
232  76.000  83.000  90  20 1067 1227
233 219.000 114.000  90  20 2723 2883
234 124.000 250.000  90  10 1737 1897
235 111.000 261.000  90  10 1330 1490
236 266.000 395.000  90  10 1747 1907
237 277.000 103.000  90  20  607  767
238  75.000 136.000  90  10 2495 2655
239 130.000 263.000  90  10  105  265
240 342.000 168.000  90  20 1652 1812
241 183.000  56.000  90  20  145  305
242  68.000  87.000  90  10  477  637
243  61.000 183.000  90  10 2298 2458
244 239.000 137.000  90  40  195  355
245 196.000 164.000  90  10 1388 1548
246  64.000 193.000  90  10  251  411
247 369.000 135.000  90  10 1489 1649
248  72.000 118.000  90  30  999 1159
249 267.000   4.000  90  20  799  959
250 305.000 379.000  90  30 2079 2239
251 117.000  92.000  90  30  249  409
252 100.000 115.000  90  20  568  728
253 150.000 370.000  90  10 2395 2555
254 164.000 138.000  90  10 1161 1321
255 162.000  69.000   0  20 2453 2613
256 166.000 124.000  90  20 1643 1803
257 349.000 179.000  90  20 1165 1325
258  50.000 204.000  90  20  662  822
259 365.000 288.000  90  10 2000 2160
260 156.000 271.000  90  10  687  847
261  64.000 219.000  90  10  552  712
262 363.000 276.000  90  10 2511 2671
263 114.000 102.000  90  20  277  437
264 246.000 246.000  90  20  478  638
265  48.000  95.000  90  10  980 1140
266 137.000 288.000  90  10  922 1082
267 299.000 234.000   0  30 2783 2943
268 123.000 252.000  90  30 1829 1989
269  99.000 114.000  90  30  660  820
270  78.000 230.000  90  20 1280 1440
271 223.000 189.000  90  10 2287 2447
272 253.000 259.000  90  10  945 1105
273  92.000  88.000  90  10 2585 2745
274 189.000 112.000  90  20  564  724
275 208.000  91.000  90  30 1738 1898
276 277.000 376.000  90  20 1961 2121
277  54.000 222.000  90  20 1349 1509
278 256.000 235.000  90  10   78  238
279 389.000 122.000  90  20 1971 2131
280 272.000  31.000  90  10  385  545
281 144.000 261.000  90  20 3278 3438
282 255.000 117.000  90  10 1186 1346
283 289.000 211.000  90  30 1992 2152
284 173.000 125.000  90  10  765  925
285  88.000 143.000  90  20 1877 2037
286 132.000 267.000  90  30  294  454
287  78.000 184.000  90  20 2678 2838
288 269.000 241.000  90  10 1912 2072
289 280.000 240.000   0  30 2217 2377
290 142.000 363.000   0  20  553  713
291 254.000 250.000  90  20  278  438
292 272.000  32.000  90  30  294  454
293 129.000 361.000  90  30 1129 1289
294  86.000 122.000  90  20  706  866
295 300.000 200.000  90  20 2190 2350
296 240.000 366.000  90  20  274  434
297 146.000 196.000  90  20  170  330
298  41.000  79.000  90  10 1679 1839
299 244.000 358.000  90  10  373  533
300 265.000  94.000  90  20 2475 2635
301 208.000 104.000   0  10 2528 2688
302 199.000  35.000  90  20  673  833
303 226.000 385.000  90  10  596  756
304 202.000  42.000  90  20  481  641
305 219.000  84.000  90  30 2029 2189
306 331.000 268.000  90  30  164  324
307  93.000  80.000  90  30 2120 2280
308 141.000 202.000  90  20   72  232
309 240.000  97.000  90  10  603  763
310 240.000 389.000  90  10 1264 1424
311 280.000 126.000  90  20 1671 1831
312 268.000 149.000  90  10 1878 2038
313 258.000 387.000  90  10 1647 1807
314 388.000 278.000  90  30 2209 2369
315 195.000 184.000  90  20  613  773
316 329.000 289.000  90  10 1506 1666
317 265.000 202.000  90  20  258  418
318 273.000 257.000  90  20 1525 1685
319  43.000  54.000  90  20 2300 2460
320 273.000 393.000  90  20 1854 2014
321 149.000 192.000  90  30  265  425
322 270.000 386.000  90  20 2061 2221
323  90.000 111.000  90  20  849 1009
324 384.000 183.000  90  20  473  633
325  96.000 196.000  90  20  104  264
326  83.000 186.000  90  10 3056 3216
327 261.000 363.000  90  30  962 1122
328 267.000 358.000  90  30  171  331
329 392.000 106.000  90  20  698  858
330  71.000 115.000  90  40 1286 1446
331 226.000 102.000  90  20 1254 1414
332 166.000 151.000  90  20 2849 3009
333 116.000  90.000  90  20  341  501
334 118.000 261.000  90  30 1233 1393
335 200.000 203.000  90  10    3  163
336 206.000 185.000  90  10 2757 2917
337 241.000 360.000  90  20  178  338
338  86.000 140.000   0  50 2991 3151
339 379.000 124.000  90  10 2071 2231
340 343.000 169.000  90  20 1744 1904
341 160.000 138.000  90  30 1255 1415
342 398.000 104.000  90  30  794  954
343 125.000 362.000  90  20 1318 1478
344 343.000 279.000  90  30  742  902
345 241.000 366.000  90  30  392  552
346  85.000 105.000  90  20 2693 2853
347 159.000 129.000  90  20 1446 1606
348  60.000 201.000  90  20 1592 1752
349 294.000 230.000  90  10 2686 2846
350 236.000 266.000  90  30 3124 3284
351  98.000  86.000  90  30 2897 3057
352 161.000 101.000  90  10  723  883
353 273.000 187.000  90  20  548  708
354 225.000 197.000   0  30 2189 2349
355 349.000 276.000  90  40  646  806
356  83.000 122.000  90  10  613  773
357 200.000  21.000  90  20 1052 1212
358  39.000 117.000  90  30 1304 1464
359  72.000 155.000  90  30 2696 2856
360 121.000  56.000  90  20 1305 1465
361 140.000 187.000  90  20  456  616
362 119.000 276.000  90  20 1034 1194
363 259.000 117.000  90  10  101  261
364 380.000 127.000  90  20 2348 2508
365 130.000 273.000  90  30  390  550
366 293.000  92.000  90  10 1505 1665
367 114.000 103.000  90  20  368  528
368 246.000 330.000  90  10  137  297
369 194.000 141.000  90  10   75  235
370 379.000 127.000  90  20 2257 2417
371  54.000  68.000  90  20  771  931
372  56.000 227.000  90  20 1633 1793
373  68.000 204.000  90  10  418  578
374 123.000 175.000  90  30 1616 1776
375 251.000 368.000  90  20  291  451
376 228.000  68.000  90  10  667  827
377 140.000 183.000  90  20 2296 2456
378 109.000  82.000  90  10  808  968
379 216.000  35.000  90  10 1812 1972
380 280.000 121.000  90  20  319  479
381 102.000 133.000  90  20 2357 2517
382 127.000 264.000  90  10  198  358
383 262.000 363.000  90  10 1053 1213
384 128.000 161.000  90  10 1910 2070
385 340.000 166.000  90  20 1559 1719
386 268.000  95.000  90  10  136  296
387 145.000 374.000  90  10 2117 2277
388 239.000 389.000  90  10 1173 1333
389 197.000  18.000  90  30 2609 2769
390  73.000  97.000  90  20 1536 1696
391 141.000 164.000   0  10 2681 2841
392  53.000  98.000  90  10 1166 1326
393  86.000 133.000  90  10  418  578
394  80.000 111.000  90  30 1186 1346
395 352.000 284.000  90  20  934 1094
396  81.000 132.000  90  20  513  673
397 136.000 181.000  90  20 2202 2362
398 356.000 166.000  90  20  877 1037
399 292.000  87.000  90  10 1410 1570
400 319.000 274.000  90  20  140  300
401 202.000 216.000  90  20  116  276
402  78.000 200.000  90  10  889 1049
403 265.000 344.000  90  20  669  829
404 286.000 193.000  90  30  935 1095
405 139.000 250.000  90  10   78  238
406  68.000 199.000  90 -20  604  764
407 144.000 183.000  90 -10 2390 2550
408 163.000  81.000  90 -10 1762 1922
409 365.000 178.000  90 -10  680  840
410 164.000 156.000  90 -20 2661 2821
411 187.000  92.000  90 -30 3045 3205
412 110.000  89.000  90 -30  529  689
413 274.000 346.000  90 -30 3062 3222
414 202.000 171.000  90 -20 1487 1647
415 361.000 125.000  90 -10 1386 1546
416 254.000 135.000  90 -20 2583 2743
417 271.000 343.000  90 -20 3247 3407
418 228.000 196.000  90 -40 2096 2256
419 228.000 180.000  90 -30 1990 2150
420  59.000 226.000  90 -20 1540 1700
421 351.000 264.000  90 -10 2892 3052
422  89.000  87.000  90 -20 2492 2652
423  57.000 210.000  90 -20 1492 1652
424 278.000  15.000  90 -20 1842 2002
425 106.000  83.000  90 -10  992 1152
426 343.000 161.000  90 -10 2446 2606
427 179.000  88.000  90 -30 2946 3106
428 230.000 387.000  90 -30  783  943
429 254.000 137.000  90 -20 2491 2651
430 185.000 175.000  90 -30 1092 1252
431 174.000 153.000  90 -20 2948 3108
432 258.000 134.000  90 -10 2677 2837
433 100.000  71.000  90 -10 2018 2178
434 135.000 176.000  90 -30 2107 2267
435 146.000 373.000  90 -10 2209 2369
436 134.000 261.000  90 -10 2995 3155
437 117.000 170.000  90 -20 1714 1874
438  38.000  87.000  90 -20 1490 1650
439  86.000  59.000  90 -30 1613 1773
440  68.000  70.000  90 -20 3085 3245
441 272.000 223.000  90 -20 3091 3251
442  79.000 178.000  90 -10 3245 3405
443 261.000 268.000  90 -10 2811 2971
444 270.000 355.000  90 -30 2870 3030
445 275.000 184.000  90 -10  641  801
446  77.000 134.000  90 -10 2402 2562
447 278.000 109.000  90 -10  511  671
448 137.000 364.000  90 -10  648  808
449 248.000 377.000  90 -30 2643 2803
450 250.000 134.000  90 -10 2866 3026
451 380.000 135.000  90 -20 1773 1933
452  66.000 121.000  90 -30 1741 1901
453 290.000 255.000  90 -20 2506 2666
454 154.000 342.000  90 -10 3349 3509
455 281.000 230.000  90 -10 2990 3150
456 275.000 143.000  90 -10 1779 1939
457 105.000  98.000  90 -20 3187 3347
458  79.000 128.000  90 -30 2306 2466
459 290.000   6.000  90 -20 1555 1715
460 276.000 127.000  90 -20  222  382
461  76.000 212.000  90 -10 3095 3255
462 156.000 144.000  90 -30 2457 2617
463 283.000 187.000  90 -30  740  900
464 358.000 188.000  90 -20  261  421
465 218.000 172.000  90 -30 1684 1844
466 299.000 108.000  90 -20 1705 1865
467 127.000 372.000  90 -20 1508 1668
468 126.000 187.000  90 -20 1125 1285
469 299.000  31.000  90 -10 3083 3243
470 251.000 132.000  90 -20 2774 2934
471 212.000  81.000  90 -10 2314 2474
472  55.000  60.000  90 -20 2498 2658
473 286.000  17.000  90 -20 2697 2857
474 210.000  35.000  90 -30 1527 1687
475 377.000 124.000  90 -30 2163 2323
476 276.000 350.000  90 -10 2968 3128
477 178.000  48.000  90 -10 3325 3485
478  70.000 142.000  90 -10 2593 2753
479 365.000 158.000  90 -20 2133 2293
480 165.000  93.000  90 -20  912 1072
481 267.000 251.000  90 -10 1426 1586
482  68.000  53.000  90 -20 2603 2763
483 298.000  22.000  90 -10 2890 3050
484  83.000 212.000  90 -30 3285 3445
485 275.000 191.000  90 -20  453  613
486 140.000  69.000  90 -10 2158 2318
487  66.000 202.000  90 -20  511  671
488 280.000 238.000  90 -30 2892 3052
489 136.000 250.000  90 -10 2893 3053
490 228.000  97.000  90 -40 1159 1319
491 299.000  39.000  90 -20 3181 3341
492 206.000  38.000  90 -10 1622 1782
493 339.000 261.000  90 -20  355  515
494 236.000  91.000  90 -10  871 1031
495 153.000 393.000  90 -10 1816 1976
496 190.000 138.000  90 -10  262  422
497  92.000  84.000  90 -20 2397 2557
498 176.000 121.000  90 -20  670  830
499 124.000 160.000  90 -10 1816 1976
500 265.000 248.000  90 -10 1332 1492
501 285.000  11.000  90 -10 1652 1812
502 272.000 200.000  90 -30 1419 1579
503 377.000 132.000  90 -20 1588 1748
504 110.000 121.000  90 -20 2746 2906
505 248.000 114.000  90 -30  901 1061
506 262.000 213.000  90 -20 3383 3543
507 386.000 107.000  90 -20  602  762
508 160.000 361.000  90 -40 2684 2844
509 145.000 253.000  90 -30 3376 3536
510 162.000 110.000  90 -30 1840 2000
511 112.000 129.000  90 -10 2844 3004
512 259.000  90.000  90 -20 2666 2826
513 170.000  86.000  90 -30 1573 1733
514 147.000 374.000  90 -10 2300 2460
515 329.000 156.000  90 -20 2744 2904
516 351.000 281.000  90 -10  841 1001
517 266.000  10.000  90 -20  703  863
518 263.000 110.000  90 -30 3239 3399
519 102.000 125.000  90 -10 2647 2807
520 105.000 135.000  90 -30 2263 2423
521 296.000 209.000  90 -20 2090 2250
522 273.000  12.000  90 -20 2122 2282
523 158.000 101.000  90 -10  630  790
524 381.000 113.000  90 -10  993 1153
525 280.000  24.000  90 -20 2413 2573
526 257.000  97.000  90 -20 2764 2924
527  44.000  95.000  90 -10 1417 1577
528  54.000 218.000  90 -20 1053 1213
529 256.000 386.000  90 -20 1553 1713
530  64.000 235.000  90 -30 2320 2480
531 243.000  86.000  90 -20  353  513
532 146.000 361.000  90 -30  459  619
533 150.000 381.000  90 -10 2019 2179
534  94.000 175.000  90 -40 3453 3613
535 276.000 252.000  90 -10 1620 1780
536 107.000 138.000  90 -20 2170 2330
537 204.000 183.000  90 -10 2948 3108
538 264.000 253.000  90 -30 1237 1397
539 287.000 211.000  90 -10 1802 1962
540 300.000 203.000  90 -10 2283 2443
541  55.000  81.000  90 -20  874 1034
542 193.000  38.000  90 -10 3217 3377
543  75.000 208.000  90 -20 3001 3161
544 280.000 200.000  90 -10 1321 1481
545 261.000 107.000  90 -20 3146 3306
546 177.000 108.000  90 -20 3154 3314
547 153.000 180.000  90 -40 3066 3226
548  74.000 124.000  90 -30 1933 2093
549 332.000 284.000  90 -30 1410 1570
550 281.000  10.000  90 -20 1746 1906
551 270.000 358.000  90 -10 2777 2937
552 210.000  93.000  90 -30 1553 1713
553 200.000  12.000  90 -20 2512 2672
554  96.000 122.000  90 -10 2550 2710
555 334.000 177.000  90 -20 1361 1521
556 149.000 345.000  90 -20 3253 3413
557 267.000 360.000  90 -10 2683 2843
558 185.000 162.000  90 -30 3249 3409
559 288.000   1.000  90 -20 1459 1619
560 284.000   5.000  90 -30 1273 1433
561  50.000 219.000  90 -10 1254 1414
562  76.000 118.000  90 -20  905 1065
563 153.000  73.000  90 -30 2353 2513
564  69.000 126.000  90 -30 1837 1997
565  85.000 189.000  90 -10 2963 3123
566  73.000  71.000  90 -30 3181 3341
567  51.000 246.000  90 -20 2123 2283
568 211.000  34.000  90 -10 1435 1595
569 266.000 351.000  90 -10  766  926
570 337.000 282.000  90 -10 1315 1475
571 258.000 359.000  90 -20  867 1027
572  38.000 172.000  90 -10 2092 2252
573 167.000  68.000  90 -10 2548 2708
574 286.000 259.000  90 -20 2602 2762
575 182.000 171.000  90 -20 1187 1347
576 238.000 264.000  90 -10 3217 3377
577 237.000 366.000  90 -10 2748 2908
578  77.000 209.000  90 -10 3188 3348
579 228.000  32.000  90 -10 1915 2075
580 178.000  81.000  90 -30 2849 3009
581  75.000  49.000  90 -10 2701 2861
582  84.000 192.000  90 -20 2870 3030
583 397.000 140.000  90 -10 2823 2983
584  61.000 222.000  90 -10 1446 1606
585 214.000  20.000  90 -20 2316 2476
586  70.000 207.000  90 -20 2906 3066
587 242.000 116.000  90 -20 3351 3511
588 257.000 102.000  90 -10 3049 3209
589 137.000 124.000  90 -10 2157 2317
590 138.000 170.000  90 -10 2585 2745
591 202.000  33.000  90 -20  767  927
592 361.000 156.000  90 -20 2227 2387
593 364.000 284.000  90 -10 2094 2254
594 263.000  80.000  90 -10 1096 1256
595  64.000  83.000  90 -30  572  732
596  72.000 221.000  90 -10 2523 2683
597 249.000 121.000  90 -20 1089 1249
598 141.000 263.000  90 -10 3184 3344
599 152.000 363.000  90 -30 2586 2746
600 111.000 185.000  90 -30 1321 1481
601 175.000  89.000  90 -20 1295 1455
602 196.000  35.000  90 -20  580  740
603  46.000 227.000  90 -30 1155 1315
604  67.000  68.000  90 -30 2902 3062
605 208.000 187.000  90 -20 2664 2824
606 173.000  88.000  90 -20 1388 1548
607 255.000 100.000  90 -10 2956 3116
608 137.000  77.000  90 -20 2059 2219
609 242.000 283.000  90 -20 3016 3176
610 134.000 360.000  90 -20  743  903
611 132.000 353.000  90 -10  932 1092
612 286.000 108.000  90 -10 1899 2059
613 191.000 175.000  90 -20  904 1064
614 108.000  95.000  90 -10 3093 3253
615 210.000 185.000  90 -10 2571 2731
616 245.000 136.000  90 -30  291  451
617 317.000 165.000  90 -20 2939 3099
618 233.000  86.000  90 -20  775  935
619  74.000 218.000  90 -10 2710 2870
620 371.000 143.000  90 -20 3128 3288
621 169.000  52.000  90 -10 3410 3570
622 268.000 244.000  90 -30 1818 1978
623 166.000  31.000  90 -20 2918 3078
624 396.000 135.000  90 -20 2728 2888
625 152.000  78.000  90 -20  426  586
626 130.000  88.000  90 -20  145  305
627 214.000  88.000  90 -20 2216 2376
628 155.000 159.000  90 -10 2562 2722
629  57.000 183.000  90 -20 2204 2364
630 132.000 251.000  90 -10 2709 2869
631 252.000 154.000  90 -20 2384 2544
632 207.000  91.000  90 -20 1647 1807
633  93.000 132.000  90 -20  137  297
634 260.000 156.000  90 -30 2096 2256
635 244.000 277.000  90 -10 2920 3080
636 356.000 172.000  90 -30  973 1133
637  16.000  56.000  90 -20 2092 2252
638 215.000 116.000  90 -20 2818 2978
639 131.000 240.000  90 -10 2518 2678
640 136.000 240.000  90 -10 2423 2583
641 234.000 361.000  90 -10 2844 3004
642 281.000  86.000  90 -20  896 1056
643  79.000 139.000  90 -10 2894 3054
644  96.000 251.000  90 -10 1438 1598
645 362.000 159.000  90 -20 2040 2200
646 223.000  13.000  90 -20 2024 2184
647  20.000  97.000  90 -10 1289 1449
648  73.000 183.000  90 -10 2583 2743
649 243.000 130.000  90 -40  387  547
650 199.000 190.000  90 -10 3047 3207
651  70.000 213.000  90 -10  362  522
652 389.000 128.000  90 -10 1875 2035
653  79.000 135.000  90 -30 1679 1839
654 282.000   7.000  90 -20 1180 1340
655 297.000 365.000  90 -30 2286 2446
656  93.000  65.000  90 -30 1919 2079
657  96.000 113.000  90 -20  753  913
658 155.000 349.000  90 -10 2970 3130
659 151.000 141.000  90 -10 2361 2521
660 162.000  69.000  90 -20 2453 2613
661 147.000 115.000  90 -20 2053 2213
662 338.000 161.000  90 -20 2541 2701
663  80.000 181.000  90 -20 3152 3312
664 363.000 270.000  90 -10 2415 2575
665 122.000 261.000  90 -10 1139 1299
666  56.000 196.000  90 -10 1783 1943
667 351.000 238.000  90 -10 3008 3168
668 103.000 116.000  90 -20  475  635
669 287.000 233.000  90 -20 2117 2277
670  36.000  90.000  90 -10 1397 1557
671 130.000 235.000  90 -10 2325 2485
672 299.000 234.000  90 -30 2783 2943
673 134.000 251.000  90 -30 2801 2961
674  40.000  73.000  90 -30 1876 2036
675  66.000 228.000  90 -20 1382 1542
676 215.000 188.000  90 -10 2385 2545
677 280.000 249.000  90 -10 1715 1875
678  97.000  91.000  90 -10 2801 2961
679 177.000 135.000  90 -20  865 1025
680 211.000 110.000  90 -30 2624 2784
681 273.000 342.000  90 -20 3339 3499
682  59.000 190.000  90 -20 1974 2134
683 274.000 230.000  90 -10 2014 2174
684 382.000 132.000  90 -20 2533 2693
685 288.000  23.000  90 -10 2601 2761
686 149.000 244.000  90 -20 3476 3636
687 280.000 142.000  90 -10 1982 2142
688 309.000 215.000  90 -30 2388 2548
689 171.000 147.000  90 -10 1059 1219
690 122.000 142.000  90 -20 3046 3206
691 132.000 274.000  90 -30  482  642
692  82.000 179.000  90 -20 3339 3499
693 275.000 269.000  90 -10 2707 2867
694 280.000 240.000  90 -30 2217 2377
695 142.000 363.000  90 -20  553  713
696 249.000 252.000  90 -20  665  825
697 278.000  14.000  90 -30 1933 2093
698 154.000 355.000  90 -30 2783 2943
699  70.000 114.000  90 -20 1093 1253
700 268.000 224.000  90 -20 3186 3346
701 264.000 375.000  90 -20 2443 2603
702 141.000 192.000  90 -20  551  711
703  87.000  71.000  90 -10 3285 3445
704 256.000 396.000  90 -10 1746 1906
705 250.000  97.000  90 -20 2861 3021
706 208.000 104.000  90 -10 2528 2688
707 217.000   8.000  90 -20 2122 2282
708 231.000 385.000  90 -10  691  851
709 183.000  37.000  90 -20 3026 3186
710 183.000 156.000  90 -30 3152 3312
711 343.000 264.000  90 -30  450  610
712  94.000  84.000  90 -30 2305 2465
713 133.000 196.000  90 -20  740  900
714 245.000 149.000  90 -10 3065 3225
715 255.000 384.000  90 -10 1461 1621
716 248.000 133.000  90 -20 2959 3119
717 253.000 159.000  90 -10 2288 2448
718 270.000 380.000  90 -10 2255 2415
719 351.000 267.000  90 -30 2799 2959
720 194.000 160.000  90 -20 1293 1453
721 343.000 296.000  90 -10 1611 1771
722 282.000 198.000  90 -20 1228 1388
723 236.000 249.000  90 -20 3419 3579
724  69.000  70.000  90 -20 2994 3154
725 298.000 362.000  90 -20 2379 2539
726 143.000 187.000  90 -30  363  523
727 256.000 370.000  90 -20 2542 2702
728  40.000  83.000  90 -20 1585 1745
729 328.000 158.000  90 -20 2836 2996
730  77.000 196.000  90 -20  795  955
731  90.000 178.000  90 -10 3437 3597
732 291.000 364.000  90 -30 2190 2350
733 249.000 384.000  90 -30 1548 1708
734 371.000 113.000  90 -20 1093 1253
735  83.000 125.000  90 -40 1485 1645
736 222.000  89.000  90 -20 1933 2093
737 172.000 164.000  90 -20 3049 3209
738  92.000  80.000  90 -20 2211 2371
739 122.000 253.000  90 -30 1920 2080
740 185.000 177.000  90 -10 1000 1160
741 207.000 179.000  90 -10 2853 3013
742 238.000 399.000  90 -20  982 1142
743  86.000 140.000  90 -50 2991 3151
744 388.000 145.000  90 -10 2923 3083
745 348.000 161.000  90 -20 1843 2003
746 152.000 136.000  90 -30 2266 2426
747 379.000 136.000  90 -30 1682 1842
748 146.000 381.000  90 -20 1619 1779
749 376.000 271.000  90 -30 2312 2472
750 246.000 390.000  90 -30 1360 1520
751 110.000 101.000  90 -20 3283 3443
752 166.000 133.000  90 -20 1544 1704
753  62.000 193.000  90 -20 1880 2040
754 261.000 223.000  90 -10 3283 3443
755 231.000 263.000  90 -30 3314 3474
756  99.000  84.000  90 -30 2989 3149
757 186.000  73.000  90 -10 2658 2818
758 275.000 209.000  90 -20 1609 1769
759 225.000 197.000  90 -30 2189 2349
760 361.000 295.000  90 -40 1902 2062
761 118.000 148.000  90 -10 3144 3304
762 190.000  36.000  90 -20 3123 3283
763  67.000 109.000  90 -30 1639 1799
764  93.000 145.000  90 -30 3090 3250
765  90.000  66.000  90 -20 1826 1986
766 123.000 189.000  90 -20 1219 1379
767 123.000 250.000  90 -20 1646 1806
768 275.000  95.000  90 -10  706  866
769 380.000 153.000  90 -20 3024 3184
770 137.000 272.000  90 -30  578  738
771 279.000  98.000  90 -10 2188 2348
772  70.000  63.000  90 -20 2806 2966
773 261.000 391.000  90 -10 1650 1810
774 183.000 134.000  90 -10  360  520
775 380.000 129.000  90 -20 2440 2600
776  75.000 153.000  90 -20 2790 2950
777  69.000 218.000  90 -20 2805 2965
778  60.000 239.000  90 -10 2224 2384
779 143.000 180.000  90 -30 2483 2643
780 266.000 368.000  90 -20 1150 1310
781 212.000  93.000  90 -10 1832 1992
782 152.000 181.000  90 -20 2974 3134
783 107.000  84.000  90 -10  901 1061
784 213.000  11.000  90 -10 2217 2377
785 268.000  97.000  90 -20 2289 2449
786 122.000 130.000  90 -20 2944 3104
787 173.000 278.000  90 -10  795  955
788 289.000 392.000  90 -10 1951 2111
789 150.000 178.000  90 -10 2881 3041
790 358.000 142.000  90 -20 2332 2492
791 216.000  84.000  90 -10 2122 2282
792 156.000 353.000  90 -10 2875 3035
793 267.000 393.000  90 -10 1839 1999
794 179.000  30.000  90 -30 2815 2975
795  73.000 130.000  90 -20 2119 2279
796 141.000 164.000  90 -10 2681 2841
797 126.000 103.000  90 -10 3389 3549
798  76.000 139.000  90 -10 1774 1934
799 145.000 153.000  90 -30 3261 3421
800 341.000 287.000  90 -20 1126 1286
801  90.000 121.000  90 -20  800  960
802 146.000 164.000  90 -20 2776 2936
803 330.000 173.000  90 -20 1457 1617
804 282.000  95.000  90 -10 2094 2254
805 352.000 291.000  90 -20 1802 1962
806 194.000 187.000  90 -20  427  587
807  53.000 239.000  90 -10 1736 1896
808 268.000 375.000  90 -20 1341 1501
809 289.000 203.000  90 -30 1130 1290
810 104.000 252.000  90 -10 1536 1696
811 200.000 200.000   0   0    0 3811
