407 407 1000 700 1000
  0 200.000 200.000   0   0    0 3811
  1 271.000 343.000  90  10    0 3562
  2  85.000 208.000  90  20  221  381
  3  82.000 179.000  90  30    0 3602
  4 132.000 172.000  90  10 2012 2172
  5 278.000 109.000  90  10    0 3602
  6  96.000 113.000  90  20    0 3586
  7 371.000 171.000  90  10    0 3548
  8  75.000 208.000  90  30 3001 3161
  9 113.000  92.000  90  30    0 3583
 10 271.000 375.000  90  30    0 3533
 11 201.000 206.000  90  20   16  176
 12 352.000 291.000  90  10    0 3544
 13 368.000 125.000  90  10    0 3538
 14 235.000 115.000  90  20    0 3630
 15 273.000 345.000  90  20    0 3559
 16 150.000 178.000  90  10    0 3667
 17 282.000  95.000  90  20    0 3588
 18  57.000 183.000  90  20 2204 2364
 19 264.000 253.000  90  20    0 3638
 20  70.000 184.000  90  20  130  290
 21 255.000  15.000  90  20  498  658
 22 270.000 355.000  90  30 2870 3030
 23 380.000 135.000  90  20 1773 1933
 24 110.000  84.000  90  10    0 3575
 25 355.000 192.000  90  10    0 3566
 26  93.000  65.000  90  40    0 3549
 27 183.000 156.000   0  20    0 3674
 28 182.000  78.000  90  30    0 3598
 29 136.000 240.000  90  10    0 3646
 30 267.000 125.000  90  20 1290 1450
 31 197.000 184.000  90  30    0 3705
 32 268.000 124.000  90  10    0 3620
 33 127.000  62.000  90  10 1206 1366
 34 127.000 180.000  90  30    0 3646
 35 127.000 350.000  90  10 1028 1188
 36 146.000 373.000  90  20    0 3540
 37  67.000 109.000  90  10    0 3560
 38 121.000 232.000  90  10 2126 2286
 39 134.000 195.000  90  20  649  809
 40  96.000 104.000  90  20    0 3580
 41 351.000 267.000  90  20    0 3556
 42  34.000  58.000  90  20    0 3503
 43 282.000 248.000  90  10    0 3626
 44 234.000 361.000  90  30    0 3557
 45 252.000 365.000  90  30    0 3548
 46 253.000 205.000  90  10    0 3668
 47 137.000 364.000  90  20    0 3546
 48  74.000 126.000  90  10    0 3575
 49 212.000  81.000  90  30    0 3602
 50 146.000 343.000  90  10    0 3569
 51 265.000 377.000  90  30    0 3533
 52 283.000 124.000  90  10    0 3609
 53 368.000 103.000  90  20    0 3528
 54 290.000 205.000  90  10    0 3631
 55 273.000   7.000   0  20    0 3515
 56 263.000 118.000  90  20  116  276
 57  73.000 205.000  90  10    0 3594
 58 262.000 199.000  90  30  164  324
 59 276.000 252.000  90  30 1620 1780
 60 331.000 197.000  90  20  131  291
 61 334.000 177.000  90  10    0 3586
 62 272.000  78.000  90  20    0 3580
 63  66.000 228.000  90  20    0 3585
 64 351.000 264.000  90  20    0 3557
 65 146.000 208.000  90  20   54  214
 66 271.000 122.000  90  20    0 3616
 67 275.000  16.000  90  20    0 3523
 68 200.000  18.000  90  30    0 3539
 69 332.000 284.000  90  10 1410 1570
 70 190.000 138.000  90  10    0 3659
 71 257.000 102.000  90  20    0 3608
 72 195.000  46.000  90  10    0 3567
 73 366.000 195.000  90  20  361  521
 74 162.000  96.000  90  20    0 3611
 75  51.000  95.000  90  20    0 3539
 76 292.000  20.000  90  10    0 3519
 77  76.000 210.000  90  30 1080 1240
 78 272.000 200.000  90  10    0 3649
 79 380.000 153.000  90  20    0 3535
 80 111.000 185.000  90  10 1321 1481
 81  87.000 204.000  90  20  126  286
 82 173.000  88.000  90  20    0 3606
 83  68.000  70.000   0  20    0 3536
 84 237.000  93.000  90  40  963 1123
 85 285.000  23.000  90  20    0 3525
 86 356.000 172.000  90  10    0 3563
 87 266.000 368.000  90  30 1150 1310
 88 333.000 264.000  90  20  258  418
 89 194.000 160.000  90  20    0 3681
 90 299.000  31.000  90  10    0 3526
 91 224.000  63.000  90  10  570  730
 92 361.000 156.000  90  40 2227 2387
 93  83.000 125.000  90  20    0 3583
 94 289.000 392.000  90  30 1951 2111
 95  75.000 153.000  90  30    0 3588
 96 110.000 101.000  90  10 3283 3443
 97 236.000  91.000  90  10  871 1031
 98 190.000 141.000  90  10  169  329
 99 108.000  87.000  90  20    0 3576
100 187.000 129.000  90  20  457  617
101 202.000  33.000  90  30    0 3554
102 371.000 113.000  90  30    0 3530
103 131.000 186.000  90  10    0 3651
104 286.000   5.000  90  10 1365 1525
105 364.000 284.000  90  10    0 3537
106 104.000 252.000  90  10    0 3612
107 370.000  95.000  90  20    0 3522
108  97.000 139.000  90  20    0 3602
109 263.000  80.000  90  40    0 3586
110 224.000 131.000  90  30    0 3648
111 354.000 273.000  90  20    0 3551
112 230.000 387.000  90  20  783  943
113  70.000 114.000   0  10    0 3566
114 117.000 252.000  90  30 2015 2175
115 163.000 135.000  90  30    0 3647
116 176.000 121.000  90  20  670  830
117 242.000 283.000  90  20    0 3628
118  86.000 126.000  90  10    0 3586
119 269.000  83.000  90  20    0 3586
120  89.000  87.000  90  20    0 3563
121 278.000  40.000  90  20    0 3543
122 252.000 154.000  90  20    0 3652
123 264.000  95.000  90  30    0 3599
124 265.000 248.000  90  10    0 3641
125 250.000 134.000  90  10    0 3639
126 145.000  93.000  90  10  229  389
127 350.000 105.000  90  10    0 3544
128 140.000 118.000  90  10    0 3620
129  74.000 193.000  90  20  151  311
130 123.000 189.000  90  30    0 3644
131 227.000 392.000  90  20    0 3528
132  55.000  81.000  90  40  874 1034
133  41.000 246.000  90  30    0 3556
134 246.000 119.000  90  20    0 3628
135 144.000 343.000  90  30    0 3568
136 125.000 369.000  90  10    0 3537
137  53.000 215.000  90  40    0 3574
138 185.000 175.000  90  10    0 3692
139 134.000 360.000  90  10    0 3548
140 265.000 262.000  90  30    0 3632
141  64.000 235.000  90  20    0 3581
142  79.000 178.000  90  20    0 3599
143 274.000 204.000  90  10    0 3647
144 274.000 230.000  90  20    0 3642
145 170.000  97.000  90  20    0 3614
146 108.000 185.000  90  40    0 3628
147 152.000  78.000  90  10  426  586
148  59.000  80.000  90  30    0 3536
149 127.000 372.000  90  20    0 3535
150 348.000 283.000  90  30    0 3552
151 215.000 107.000  90  30    0 3627
152  77.000 134.000  90  40    0 3582
153 200.000  12.000  90  20    0 3533
154 341.000 287.000  90  10    0 3556
155 100.000  71.000  90  20    0 3558
156  59.000 190.000  90  10 1974 2134
157 215.000 116.000  90  30    0 3636
158  50.000 219.000  90  20 1254 1414
159 110.000 121.000  90  10    0 3602
160 274.000   2.000  90  30    0 3510
161  45.000 210.000  90  10    0 3566
162 143.000  76.000  90  30    0 3585
163  74.000  85.000  90  30  278  438
164 186.000  73.000  90  20 2658 2818
165  55.000  54.000  90  30 2402 2562
166  46.000 239.000  90  20    0 3563
167 339.000 281.000  90  10 1222 1382
168 249.000 354.000  90  20    0 3560
169  53.000 198.000  90  10    0 3574
170 151.000  69.000  90  10 2259 2419
171 252.000 227.000  90  20   58  218
172 288.000  23.000  90  30    0 3524
173 279.000  98.000  90  20    0 3592
174 389.000 128.000  90  30    0 3519
175 263.000 259.000  90  10    0 3635
176  76.000 230.000  90  10    0 3594
177 280.000 200.000  90  10    0 3641
178 140.000  90.000  90  30    0 3596
179 136.000 117.000  90  10  104  264
180 298.000  22.000  90  20    0 3518
181 343.000 264.000  90  20    0 3565
182  69.000 179.000  90  20    0 3589
183 384.000 111.000  90  10    0 3517
184 209.000  37.000  90  20    0 3558
185 287.000 211.000  90  30    0 3634
186 218.000 172.000  90  10    0 3688
187 267.000 360.000  90  10    0 3548
188 271.000  21.000  90  20    0 3529
189 268.000  97.000  90  10    0 3598
190 266.000  90.000  90  10 2569 2729
191 168.000 123.000  90  10    0 3638
192 214.000  56.000  90  20  373  533
193 350.000 157.000  90  20    0 3565
194 275.000 191.000  90  20    0 3646
195 267.000 393.000  90  30    0 3517
196 276.000  93.000  90  10  798  958
197  69.000  90.000  90  30    0 3550
198  78.000 207.000  90  10    0 3599
199 243.000 103.000  90  20    0 3615
200  73.000 130.000  90  20    0 3576
201 199.000 190.000   0  20    0 3711
202 130.000 186.000  90  30    0 3650
203 256.000 396.000  90  20 1746 1906
204  76.000 139.000  90  20    0 3583
205 260.000 156.000  90  40    0 3647
206 234.000 172.000  90  20    0 3677
207 152.000  81.000  90  20    0 3593
208 165.000  93.000  90  30    0 3609
209 296.000  77.000  90  10    0 3565
210 194.000 187.000  90  10  427  587
211 264.000 384.000  90  20 2157 2317
212 141.000 350.000  90  20  262  422
213  46.000 227.000  90  20    0 3565
214 191.000 209.000  90  20  315  475
215  72.000  60.000  90  10    0 3532
216 188.000 212.000  90  10    0 3705
217 231.000 143.000  90  30   64  224
218 162.000 110.000  90  30    0 3624
219 141.000 192.000  90  30  551  711
220 244.000  70.000  90  20    0 3584
221  74.000 218.000  90  10    0 3594
222 174.000 153.000  90  10    0 3668
223 390.000 134.000  90  20    0 3520
224 201.000  13.000  90  10    0 3534
225 260.000 249.000  90  30    0 3644
226 147.000  84.000  90  20  150  310
227 140.000  98.000  90  20    0 3603
228  40.000 204.000  90  20  762  922
229 125.000 225.000  90  10    0 3642
230 260.000 161.000  90  20 2191 2351
231 238.000  91.000  90  20    0 3606
232 146.000 381.000  90  20    0 3533
233 386.000 107.000  90  20    0 3514
234 103.000 135.000  90  20  116  276
235 248.000 120.000  90  30  997 1157
236  76.000  83.000  90  20    0 3551
237 219.000 114.000   0  20    0 3633
238 276.000 127.000  90  30    0 3616
239 137.000  77.000  90  30    0 3583
240 286.000 259.000  90  30 2602 2762
241 277.000 103.000  90  20  607  767
242  75.000 136.000  90  10    0 3581
243 193.000  38.000  90  10    0 3559
244 130.000 263.000  90  10    0 3627
245 342.000 168.000  90  20    0 3576
246 258.000 134.000  90  20    0 3634
247 183.000  56.000  90  20    0 3576
248  79.000 128.000  90  20    0 3581
249  68.000  87.000  90  10  477  637
250 309.000 215.000  90  10    0 3611
251  44.000  95.000  90  30    0 3533
252  64.000  83.000  90  30    0 3542
253 187.000  92.000  90  30    0 3613
254 239.000 137.000  90  40    0 3647
255 196.000 164.000  90  10 1388 1548
256 238.000 264.000  90  20    0 3647
257 369.000 135.000  90  10    0 3540
258 267.000   4.000  90  20    0 3514
259 122.000 142.000  90  30    0 3624
260 305.000 379.000  90  30    0 3514
261 166.000 133.000  90  10 1544 1704
262 150.000 370.000  90  10    0 3544
263 164.000 138.000  90  10    0 3650
264 162.000  69.000  90  20    0 3585
265 380.000 129.000  90  10    0 3528
266 166.000 124.000  90  20    0 3638
267  50.000 204.000  90  20    0 3571
268  66.000 121.000  90  10    0 3566
269  84.000 192.000  90  10 2870 3030
270 365.000 288.000  90  10 2000 2160
271  68.000 199.000  90  10    0 3589
272 132.000 274.000  90  40    0 3621
273 246.000 246.000  90  20    0 3656
274 207.000 179.000  90  10    0 3699
275 152.000 136.000   0  10    0 3641
276 137.000 288.000  90  10  922 1082
277 238.000 399.000  90  20    0 3519
278 123.000 252.000  90  30    0 3629
279  78.000 230.000  90  20    0 3596
280 211.000  34.000  90  20    0 3555
281  92.000  88.000  90  10    0 3566
282 106.000  83.000  90  10    0 3571
283 208.000  91.000  90  30    0 3612
284 259.000  90.000  90  30    0 3597
285  40.000  83.000  90  20    0 3523
286 210.000  93.000  90  20    0 3614
287 255.000 117.000  90  10    0 3622
288 351.000 238.000   0  10    0 3566
289 289.000 211.000  90  30    0 3632
290 173.000 125.000  90  10  765  925
291 363.000 270.000  90  20 2415 2575
292  88.000 143.000  90  20    0 3596
293 330.000 173.000  90  20 1457 1617
294  74.000 124.000  90  30    0 3574
295 132.000 267.000  90  30    0 3626
296  78.000 184.000  90  20    0 3598
297 228.000  97.000  90  20    0 3615
298  59.000 226.000  90  10    0 3578
299 142.000 363.000  90  20  553  713
300 254.000 250.000  90  20    0 3648
301  66.000 202.000  90  20    0 3587
302 102.000 125.000  90  20 2647 2807
303 283.000 187.000  90  20    0 3637
304  86.000 122.000  90  20    0 3583
305 258.000 359.000  90  30    0 3552
306  75.000  49.000  90  10    0 3525
307 122.000 261.000   0  10    0 3622
308 300.000 200.000  90  20    0 3621
309 281.000  86.000   0  10  896 1056
310 240.000 366.000  90  20  274  434
311 207.000  91.000  90  30    0 3612
312 244.000 358.000  90  10  373  533
313 265.000  94.000  90  20    0 3597
314 147.000 374.000  90  10 2300 2460
315 199.000  35.000  90  20    0 3556
316 226.000 385.000  90  10    0 3535
317 202.000  42.000  90  20    0 3563
318 331.000 268.000  90  30  164  324
319  93.000  80.000  90  30    0 3561
320 280.000 126.000  90  20 1671 1831
321 167.000  68.000  90  30    0 3585
322 195.000 184.000   0  20    0 3705
323 265.000 202.000  90  20    0 3656
324  43.000  54.000  90  20    0 3507
325 273.000 393.000  90  20    0 3515
326 149.000 192.000  90  30    0 3670
327 282.000   7.000  90  30    0 3512
328 222.000  89.000  90  40    0 3608
329  90.000 111.000  90  20    0 3580
330 384.000 183.000  90  20    0 3537
331 126.000 187.000  90  30    0 3646
332  96.000 196.000  90  20    0 3617
333 261.000 363.000  90  30    0 3547
334 231.000 385.000  90  20  691  851
335 183.000 134.000  90  20    0 3653
336 267.000 358.000  90  30    0 3550
337 153.000  73.000  90  20    0 3586
338 286.000  17.000  90  10    0 3519
339 392.000 106.000  90  20  698  858
340  97.000  91.000  90  20    0 3572
341 116.000  90.000  90  20    0 3583
342 118.000 261.000  90  30    0 3619
343  90.000  66.000  90  20    0 3548
344 249.000 252.000  90  10  665  825
345 200.000 203.000  90  10    3  163
346 155.000 159.000  90  30 2562 2722
347 241.000 360.000   0  20    0 3556
348 379.000 124.000  90  10    0 3527
349 242.000 116.000  90  10    0 3628
350 262.000 213.000  90  10    0 3658
351  93.000 132.000  90  10    0 3595
352 122.000 253.000  90  20 1920 2080
353 125.000 362.000  90  20    0 3543
354 241.000 366.000  90  30    0 3551
355  73.000 183.000  90  20    0 3593
356  60.000 201.000   0  20 1592 1752
357 294.000 230.000  90  10 2686 2846
358 237.000 366.000  90  20 2748 2908
359 161.000 101.000  90  10    0 3615
360 268.000 244.000  90  10    0 3641
361  70.000 207.000  90  20    0 3591
362 329.000 156.000   0  20    0 3585
363 273.000 187.000  90  20  548  708
364 349.000 276.000  90  40    0 3554
365  83.000 122.000  90  10    0 3581
366 200.000  21.000  90  20    0 3542
367 290.000   6.000  90  10    0 3508
368  39.000 117.000  90  30    0 3540
369  72.000 155.000  90  30    0 3586
370  61.000 222.000  90  20    0 3581
371 140.000 187.000  90  20  456  616
372 119.000 276.000  90  20    0 3610
373 130.000 273.000  90  30    0 3620
374  77.000 196.000  90  20    0 3598
375 166.000  31.000  90  20 2918 3078
376 246.000 330.000  90  10  137  297
377  20.000  97.000  90  10    0 3514
378 194.000 141.000  90  10    0 3662
379 379.000 127.000  90  20    0 3528
380  86.000  59.000  90  10    0 3540
381  68.000 204.000  90  10  418  578
382 171.000 147.000  90  10    0 3661
383 109.000  82.000  90  10    0 3572
384 351.000 281.000  90  20  841 1001
385 280.000 121.000  90  20  319  479
386 127.000 264.000  90  10    0 3624
387 262.000 363.000  90  10    0 3547
388 128.000 161.000  90  10 1910 2070
389 339.000 261.000  90  30    0 3570
390 299.000  39.000  90  10    0 3532
391 239.000 389.000  90  10    0 3529
392 197.000  18.000  90  30    0 3539
393  73.000  97.000  90  20    0 3558
394 141.000 164.000  90  10    0 3652
395  53.000  98.000  90  10    0 3543
396 249.000 384.000  90  20    0 3531
397  81.000 132.000  90  20  513  673
398 136.000 181.000  90  20    0 3655
399 105.000 135.000  90  10 2263 2423
400 280.000 238.000  90  20    0 3633
401 292.000  87.000  90  10    0 3576
402 213.000  11.000  90  20 2217 2377
403 243.000 130.000  90  20    0 3639
404  70.000 213.000  90  10    0 3591
405 202.000 216.000  90  20    0 3705
406  78.000 200.000  90  10    0 3599
407 139.000 250.000  90  10    0 3643
408 288.000 357.000  90 -10 2480 2640
409  56.000 196.000  90 -20    0 3577
410 147.000 115.000  90 -30    0 3621
411 153.000 180.000  90 -10 3066 3226
412 255.000 100.000  90 -10    0 3607
413 172.000 164.000  90 -20    0 3676
414 380.000 127.000  90 -10    0 3527
415  77.000 212.000  90 -30    0 3598
416 169.000  52.000  90 -30    0 3570
417 254.000 373.000  90 -30    0 3540
418 149.000 393.000  90 -20 1722 1882
419 269.000 241.000  90 -10    0 3641
420 332.000 148.000  90 -10    0 3580
421 253.000 159.000  90 -20    0 3654
422 277.000 376.000  90 -20    0 3529
423 187.000 186.000  90 -10    0 3702
424 294.000  26.000  90 -20    0 3524
425  62.000 193.000  90 -20    0 3583
426 280.000 240.000  90 -20 2217 2377
427  70.000 142.000  90 -20    0 3579
428 389.000 122.000  90 -20    0 3517
429 264.000 375.000  90 -30    0 3535
430 377.000 132.000  90 -20    0 3532
431 183.000  37.000  90 -10    0 3558
432 356.000 177.000  90 -10    0 3564
433  68.000  53.000  90 -40 2603 2763
434 183.000 156.000  90 -20    0 3674
435 171.000 143.000  90 -30    0 3658
436 136.000 250.000  90 -10    0 3640
437 208.000 187.000  90 -20    0 3706
438 233.000 101.000  90 -30 1062 1222
439 210.000 185.000  90 -10    0 3703
440  93.000  55.000  90 -10    0 3541
441 145.000 253.000  90 -30    0 3645
442 129.000 361.000  90 -10 1129 1289
443 138.000 356.000  90 -20    0 3554
444  99.000  84.000  90 -10    0 3568
445 144.000 261.000  90 -10 3278 3438
446 141.000 263.000  90 -20    0 3635
447  59.000 115.000  90 -20    0 3557
448 280.000 249.000  90 -20    0 3628
449  87.000  71.000  90 -20 3285 3445
450 281.000 230.000  90 -10    0 3635
451 255.000 384.000  90 -30    0 3529
452 248.000 377.000  90 -30    0 3538
453 272.000 193.000  90 -10    0 3649
454 152.000 363.000  90 -20    0 3552
455  69.000 126.000  90 -10 1837 1997
456 200.000  26.000  90 -30  864 1024
457 231.000 263.000  90 -10 3314 3474
458 244.000 277.000  90 -30    0 3633
459 250.000  97.000  90 -10    0 3607
460 361.000 125.000  90 -20    0 3544
461 282.000 213.000  90 -10 1707 1867
462 273.000   7.000  90 -20    0 3515
463 288.000   1.000  90 -20    0 3504
464  83.000 212.000  90 -10 3285 3445
465 286.000 193.000  90 -30    0 3635
466 267.000 251.000  90 -30    0 3637
467 381.000 113.000  90 -20    0 3521
468 275.000 143.000  90 -10    0 3627
469 293.000  92.000  90 -20    0 3579
470  54.000 218.000  90 -20    0 3574
471 351.000 272.000  90 -20    0 3554
472  54.000 222.000  90 -20    0 3574
473 261.000 107.000  90 -20 3146 3306
474 275.000  29.000  90 -20    0 3535
475 197.000  24.000  90 -30    0 3545
476 319.000 274.000  90 -10    0 3581
477 146.000 164.000  90 -10    0 3657
478 289.000 105.000  90 -20    0 3591
479 202.000 171.000  90 -10    0 3692
480 379.000 136.000  90 -20    0 3531
481 163.000  81.000  90 -20 1762 1922
482  75.000  78.000  90 -20    0 3547
483 284.000   5.000  90 -10    0 3509
484  57.000 210.000  90 -30 1492 1652
485 365.000 178.000  90 -10    0 3555
486 328.000 158.000  90 -20    0 3587
487 132.000 251.000  90 -10 2709 2869
488  38.000 172.000  90 -20    0 3557
489 165.000  85.000  90 -20    0 3601
490  68.000  70.000  90 -20    0 3536
491 215.000 174.000  90 -40 1590 1750
492 285.000  11.000  90 -20 1652 1812
493 349.000 179.000  90 -10    0 3571
494 283.000 362.000  90 -30    0 3539
495 343.000 279.000  90 -20    0 3558
496 185.000 177.000  90 -20    0 3694
497 273.000  12.000  90 -10    0 3520
498 228.000  68.000  90 -10    0 3587
499 338.000 161.000  90 -40    0 3578
500 191.000 175.000  90 -20    0 3695
501 253.000 259.000  90 -30    0 3642
502 114.000 103.000  90 -30    0 3592
503 137.000 124.000  90 -10    0 3623
504 218.000 109.000  90 -10 1355 1515
505 156.000 144.000  90 -10    0 3650
506 110.000  89.000  90 -20    0 3579
507 159.000 129.000  90 -20    0 3640
508 204.000  21.000  90 -30    0 3542
509 215.000 188.000  90 -30    0 3702
510 123.000 175.000  90 -10    0 3641
511 281.000  10.000  90 -10    0 3515
512 329.000 289.000  90 -10    0 3565
513 149.000 345.000  90 -10 3253 3413
514 396.000 135.000  90 -20    0 3515
515 141.000 105.000  90 -20 1952 2112
516 377.000 124.000  90 -40 2163 2323
517 243.000  86.000  90 -30    0 3600
518 363.000 276.000  90 -20    0 3542
519 256.000 386.000  90 -20 1553 1713
520  70.000 114.000  90 -10    0 3566
521 111.000 261.000  90 -30    0 3614
522 164.000 156.000  90 -30 2661 2821
523 160.000 138.000  90 -20 1255 1415
524 237.000 373.000  90 -20  490  650
525  79.000 135.000  90 -10 1679 1839
526 371.000 143.000  90 -20 3128 3288
527  73.000  71.000  90 -20    0 3540
528 228.000 180.000  90 -20    0 3687
529 254.000 135.000  90 -20    0 3637
530 282.000 104.000  90 -30    0 3595
531 282.000 242.000  90 -10    0 3629
532 248.000 133.000  90 -10    0 3639
533 158.000 101.000  90 -10  630  790
534 364.000  95.000  90 -10    0 3527
535  90.000 138.000  90 -10    0 3595
536  96.000 122.000  90 -20    0 3591
537 125.000 176.000  90 -30 1524 1684
538 251.000 368.000  90 -20    0 3546
539  41.000  79.000  90 -40    0 3522
540 138.000 170.000  90 -30    0 3653
541 251.000 132.000  90 -20    0 3636
542 145.000 374.000  90 -30 2117 2277
543 130.000 364.000  90 -10    0 3543
544  73.000 195.000  90 -40    0 3594
545 190.000 186.000  90 -10    0 3704
546 236.000 266.000  90 -10    0 3646
547 287.000 233.000  90 -30    0 3628
548  83.000 186.000  90 -20    0 3604
549  79.000 139.000  90 -20    0 3586
550 301.000 218.000  90 -10    0 3619
551 272.000 223.000  90 -20    0 3646
552 170.000  86.000  90 -20    0 3604
553 134.000 251.000  90 -40 2801 2961
554 140.000  69.000  90 -10 2158 2318
555  70.000  63.000  90 -30    0 3533
556 132.000 353.000  90 -20    0 3554
557 388.000 278.000  90 -30    0 3518
558 196.000  35.000  90 -30    0 3556
559 145.000 153.000  90 -40 3261 3421
560 207.000  55.000  90 -20    0 3576
561 341.000 269.000  90 -10    0 3565
562 117.000  92.000  90 -20    0 3585
563 146.000 196.000  90 -10    0 3667
564 214.000  20.000  90 -30    0 3541
565  53.000 239.000  90 -20 1736 1896
566  80.000 111.000  90 -10    0 3572
567 272.000  31.000  90 -30    0 3538
568  94.000 175.000  90 -10    0 3613
569 112.000  65.000  90 -30    0 3560
570  78.000  97.000  90 -30    0 3562
571 185.000 162.000  90 -20    0 3681
572  16.000  56.000  90 -30    0 3488
573  56.000 227.000  90 -20    0 3575
574 337.000 282.000  90 -10    0 3562
575 252.000 259.000  90 -20    0 3643
576 141.000 202.000  90 -10    0 3662
577 208.000 104.000  90 -10    0 3625
578 275.000 209.000  90 -20    0 3646
579 280.000  24.000  90 -30    0 3528
580 245.000 149.000  90 -20    0 3653
581 388.000 145.000  90 -30    0 3526
582 273.000 257.000  90 -10    0 3629
583  64.000 220.000  90 -10  461  621
584 312.000 217.000  90 -10 2481 2641
585 178.000  81.000  90 -30    0 3600
586  48.000  95.000  90 -10    0 3537
587 275.000   9.000  90 -20    0 3516
588 343.000 296.000  90 -20    0 3549
589  93.000 145.000  90 -20    0 3601
590 374.000 121.000  90 -10 1192 1352
591 212.000  93.000  90 -20    0 3614
592 300.000 203.000  90 -30 2283 2443
593 204.000 183.000  90 -10    0 3704
594 298.000 362.000  90 -10    0 3532
595 266.000  10.000  90 -20    0 3520
596 268.000  95.000  90 -10    0 3596
597 263.000 110.000  90 -10    0 3612
598 143.000 180.000  90 -10    0 3661
599 206.000  29.000  90 -20    0 3550
600 288.000 184.000  90 -20    0 3632
601 282.000 198.000  90 -20    0 3639
602 270.000 380.000  90 -30    0 3528
603 299.000 108.000  90 -10 1705 1865
604  69.000  70.000  90 -30 2994 3154
605  61.000 183.000  90 -10    0 3581
606 339.000 181.000  90 -20    0 3581
607  73.000 129.000  90 -20    0 3576
608 199.000 190.000  90 -20    0 3711
609 149.000 244.000  90 -30 3476 3636
610 266.000 395.000  90 -20    0 3516
611  99.000 132.000  90 -20    0 3600
612 268.000 149.000  90 -40    0 3636
613 257.000  97.000  90 -20    0 3604
614 121.000  56.000  90 -20    0 3557
615 177.000 108.000  90 -30    0 3627
616 272.000  32.000  90 -10    0 3539
617 252.000 253.000  90 -10    0 3647
618 241.000 251.000  90 -20    0 3656
619 146.000 361.000  90 -20  459  619
620  60.000 239.000  90 -20    0 3576
621  96.000 251.000  90 -20    0 3606
622  40.000  73.000  90 -10 1876 2036
623 137.000 272.000  90 -10    0 3626
624 249.000 121.000  90 -30    0 3629
625 130.000  88.000  90 -30    0 3589
626 130.000 245.000  90 -30    0 3638
627 353.000 102.000  90 -20    0 3540
628  63.000 184.000  90 -10    0 3584
629 154.000  95.000  90 -10    0 3607
630 397.000 140.000  90 -20 2823 2983
631 190.000  36.000  90 -10    0 3557
632 261.000 223.000  90 -30 3283 3443
633 107.000  84.000  90 -20  901 1061
634 172.000  89.000  90 -20    0 3607
635  51.000 246.000  90 -20    0 3566
636 131.000 240.000  90 -10 2518 2678
637 228.000 162.000  90 -20    0 3674
638 223.000 189.000  90 -20    0 3696
639 147.000 367.000  90 -20 2490 2650
640 343.000 169.000  90 -20    0 3575
641  91.000 133.000  90 -20  229  389
642 280.000 142.000  90 -30 1982 2142
643  92.000  84.000  90 -20    0 3563
644 219.000 114.000  90 -20    0 3633
645 279.000 111.000  90 -30    0 3602
646 179.000  30.000  90 -30 2815 2975
647 252.000 205.000  90 -30    0 3669
648 254.000 106.000  90 -20    0 3613
649  72.000 118.000  90 -10    0 3569
650 214.000  88.000  90 -10    0 3609
651 160.000 361.000  90 -10    0 3556
652 317.000 165.000  90 -20    0 3599
653 212.000 185.000  90 -20    0 3702
654 211.000 110.000  90 -20    0 3631
655  78.000 127.000  90 -20    0 3579
656  71.000 115.000  90 -10    0 3567
657 358.000 188.000  90 -10    0 3563
658  67.000  68.000  90 -30    0 3534
659  94.000  84.000  90 -30 2305 2465
660 189.000 112.000  90 -30    0 3633
661 348.000 161.000  90 -40 1843 2003
662 225.000 197.000  90 -10 2189 2349
663 236.000 249.000  90 -20    0 3661
664 362.000 159.000  90 -10    0 3554
665 228.000  32.000  90 -20    0 3551
666  86.000 140.000  90 -30 2991 3151
667 291.000 364.000  90 -30    0 3534
668 135.000 176.000  90 -10    0 3652
669 158.000 379.000  90 -10    0 3538
670 140.000 183.000  90 -10 2296 2456
671 180.000  21.000  90 -20    0 3541
672 365.000 158.000  90 -10    0 3551
673 152.000 181.000  90 -20    0 3670
674  64.000 219.000  90 -20    0 3584
675 100.000 115.000  90 -10    0 3590
676 117.000 170.000  90 -10    0 3633
677 256.000 235.000  90 -10    0 3655
678  76.000 212.000  90 -10 3095 3255
679 156.000 353.000  90 -40 2875 3035
680 246.000 247.000  90 -20    0 3656
681 248.000 114.000  90 -10    0 3623
682 152.000 136.000  90 -10    0 3641
683 151.000 352.000  90 -10 3065 3225
684 241.000 394.000  90 -20    0 3523
685 123.000 250.000  90 -30    0 3630
686  50.000 248.000  90 -20    0 3564
687 217.000   8.000  90 -20    0 3529
688  98.000  86.000  90 -10    0 3569
689 178.000  48.000  90 -10    0 3568
690 172.000 101.000  90 -30    0 3619
691 259.000 117.000  90 -30    0 3620
692  55.000  60.000  90 -20    0 3520
693 210.000  35.000  90 -20    0 3556
694 206.000 185.000  90 -10    0 3705
695 351.000 238.000  90 -10    0 3566
696 291.000 215.000  90 -30 1898 2058
697 124.000 160.000  90 -10    0 3636
698 346.000 294.000  90 -20    0 3548
699 107.000 138.000  90 -20 2170 2330
700 343.000 161.000  90 -20    0 3573
701  76.000 118.000  90 -30    0 3573
702 124.000 250.000  90 -30    0 3631
703 102.000 133.000  90 -20    0 3603
704 226.000 102.000  90 -20 1254 1414
705  85.000 189.000  90 -10 2963 3123
706 150.000 381.000  90 -20    0 3534
707 261.000 268.000  90 -20    0 3630
708  77.000 209.000  90 -20    0 3598
709 182.000 171.000  90 -20    0 3687
710 275.000 184.000  90 -20    0 3645
711  90.000 121.000  90 -20    0 3586
712 273.000 342.000  90 -30    0 3562
713 108.000  95.000  90 -10    0 3582
714 122.000 261.000  90 -10    0 3622
715 382.000 132.000  90 -20    0 3527
716 281.000  86.000  90 -10  896 1056
717 246.000 390.000  90 -20    0 3526
718 179.000  88.000  90 -30 2946 3106
719 266.000 351.000  90 -10    0 3557
720 240.000  97.000  90 -20    0 3611
721 132.000 360.000  90 -10    0 3548
722 216.000  84.000  90 -20    0 3604
723 261.000 391.000  90 -10 1650 1810
724 219.000  84.000  90 -20    0 3604
725 290.000 255.000  90 -30    0 3616
726  92.000  80.000  90 -30    0 3560
727 275.000  95.000  90 -20    0 3592
728 175.000  89.000  90 -30    0 3608
729 195.000 184.000  90 -20    0 3705
730 296.000 209.000  90 -20 2090 2250
731 114.000 102.000  90 -20    0 3591
732 256.000 370.000  90 -20 2542 2702
733 143.000 187.000  90 -30  363  523
734 278.000   7.000  90 -30    0 3513
735 233.000  86.000  90 -40    0 3603
736  99.000 114.000  90 -20    0 3589
737 398.000 104.000  90 -20  794  954
738 130.000 235.000  90 -30 2325 2485
739  72.000 221.000  90 -20    0 3592
740 297.000 365.000  90 -30 2286 2446
741 240.000 389.000  90 -20    0 3528
742 177.000 135.000  90 -20    0 3653
743 276.000 350.000  90 -30    0 3553
744 198.000  90.000  90 -20 2420 2580
745 250.000   8.000  90 -10    0 3523
746 356.000 166.000  90 -20    0 3562
747 105.000  98.000  90 -20    0 3582
748  33.000  78.000  90 -20    0 3515
749 155.000 349.000  90 -30    0 3566
750  54.000  68.000  90 -20  771  931
751 275.000 269.000  90 -10    0 3620
752 156.000 271.000  90 -10    0 3638
753 167.000 156.000  90 -30    0 3666
754 241.000 360.000  90 -20    0 3556
755 358.000 142.000  90 -10    0 3553
756 254.000 137.000  90 -10 2491 2651
757 289.000 203.000  90 -10 1130 1290
758  92.000 131.000  90 -10    0 3593
759 154.000 342.000  90 -20 3349 3509
760 153.000 393.000  90 -20    0 3523
761 265.000 344.000  90 -30  669  829
762 103.000 116.000  90 -20    0 3593
763  60.000 201.000  90 -20 1592 1752
764 228.000 196.000  90 -10    0 3693
765 249.000 353.000  90 -20    0 3561
766 174.000  92.000  90 -10 1202 1362
767 299.000 234.000  90 -10    0 3617
768  76.000 219.000  90 -20    0 3596
769 329.000 156.000  90 -20    0 3585
770 358.000 175.000  90 -20    0 3562
771 376.000 271.000  90 -40    0 3532
772 112.000 129.000  90 -10    0 3608
773 223.000  13.000  90 -20    0 3533
774 278.000  14.000  90 -10 1933 2093
775  36.000  90.000  90 -30    0 3524
776 118.000 148.000  90 -30    0 3624
777  90.000 178.000  90 -20    0 3609
778 140.000 265.000  90 -20    0 3633
779 154.000 355.000  90 -20    0 3560
780 148.000 345.000  90 -30 3162 3322
781  80.000 181.000  90 -20 3152 3312
782 204.000 146.000  90 -20    0 3667
783 268.000 375.000  90 -10    0 3534
784  43.000  66.000  90 -10    0 3515
785 144.000 183.000  90 -10 2390 2550
786 340.000 166.000  90 -20    0 3577
787  38.000  87.000  90 -10 1490 1650
788  69.000 218.000  90 -10    0 3589
789 150.000  77.000  90 -10 1866 2026
790 106.000  50.000  90 -10 1411 1571
791 361.000 295.000  90 -20    0 3535
792 286.000 108.000  90 -20    0 3596
793 173.000 278.000  90 -10    0 3639
794 274.000 346.000  90 -10    0 3558
795 166.000 151.000  90 -10 2849 3009
796 352.000 284.000  90 -30    0 3548
797 278.000  15.000  90 -10 1842 2002
798 258.000 387.000  90 -10    0 3526
799 206.000  38.000  90 -30 1622 1782
800  85.000 105.000  90 -20    0 3572
801  86.000 133.000  90 -10  418  578
802 151.000 141.000  90 -10    0 3645
803 270.000 358.000  90 -20    0 3549
804 122.000 130.000  90 -20 2944 3104
805 133.000 196.000  90 -20    0 3654
806 126.000 103.000  90 -10 3389 3549
807 268.000 224.000  90 -20    0 3649
808 302.000 104.000  90 -10    0 3581
809 216.000  35.000  90 -20    0 3556
810 245.000 136.000  90 -20    0 3643
811  64.000 193.000  90 -10    0 3585
812 270.000 386.000  90 -20    0 3523
813  78.000 188.000  90 -10    0 3599
814 134.000 261.000  90 -10 2995 3155
815 200.000 200.000   0   0    0 3811
