406 406 1000 700 1000
  0 200.000 200.000   0   0    0 3811
  1  85.000 208.000  90  20  115  597
  2 117.000 170.000  90  20 1535 2053
  3  96.000 113.000  90  20  597 1069
  4 165.000  85.000  90  10 1518 1977
  5 371.000 171.000  90  10  406  915
  6 141.000 105.000  90  20 1806 2258
  7 287.000 233.000  90  10 1907 2486
  8 113.000  92.000  90  30  277  752
  9 271.000 375.000  90  30 1080 1576
 10 201.000 206.000  90  20    6  574
 11 235.000 115.000  90  20  292  856
 12 280.000  24.000  90  20 2213 2773
 13 261.000 268.000  90  10 2672 3110
 14 228.000 162.000  90  30 1628 2108
 15 379.000 136.000  90  20 1545 1979
 16  73.000 195.000  90  20  539 1023
 17  57.000 183.000   0  20 1989 2579
 18  70.000 184.000  90  20  130  445
 19 110.000  84.000  90  10  583 1008
 20 355.000 192.000  90  10  155  584
 21  93.000  65.000  90  40 1728 2271
 22 197.000 184.000  90  30  233  970
 23 268.000 124.000  90  10 1167 1756
 24 127.000  62.000  90  10 1033 1539
 25 127.000 350.000  90  10  853 1363
 26 146.000 373.000  90  20 1988 2590
 27  96.000 104.000  90  20  773 1283
 28 312.000 217.000  90  20 2382 2741
 29 143.000 180.000  90  30 2385 2742
 30 377.000 124.000  90  10 2016 2471
 31 252.000 365.000  90  30  173  761
 32  90.000 121.000  90  10  579 1181
 33 253.000 205.000  90  10   53  648
 34  93.000 145.000   0  10 2997 3343
 35  74.000 126.000  90  10 1844 2366
 36 279.000 111.000  90  10  270  728
 37 146.000 343.000  90  10  152  556
 38 265.000 377.000  90  30 2157 2703
 39 283.000 124.000  90  10 1417 1898
 40 368.000 103.000  90  20  193  636
 41  59.000 115.000  90  30 1133 1416
 42 246.000 247.000  90  20  393  906
 43 110.000  89.000  90  10  399  820
 44 290.000 205.000  90  10  825 1410
 45 254.000 106.000  90  10  608 1155
 46  78.000  97.000  90  30  159  673
 47 273.000   7.000   0  20  835 1307
 48 263.000 118.000  90  20  103  536
 49  73.000 205.000  90  10  194  612
 50 275.000 209.000  90  10 1437 1940
 51 204.000 146.000  90  30   54  564
 52 262.000 199.000  90  30   62  607
 53 331.000 197.000  90  20  131  684
 54 215.000 174.000  90  30 1389 1952
 55 334.000 177.000  90  10 1146 1736
 56 272.000  78.000  90  20 1049 1501
 57 351.000 264.000  90  20 2685 3260
 58 146.000 208.000  90  20   54  608
 59 271.000 122.000  90  20 1245 1866
 60 218.000 109.000  90  10 1130 1739
 61  33.000  78.000  90  20 1643 2071
 62 374.000 121.000  90  30 1037 1506
 63 332.000 284.000  90  10 1275 1705
 64 190.000 138.000  90  10  125  560
 65 337.000 282.000   0  10 1158 1632
 66 195.000  46.000  90  10  154  713
 67 162.000  96.000  90  20  574 1222
 68  76.000 210.000  90  30  853 1467
 69 252.000 205.000  90  20   52  567
 70 272.000 200.000  90  10 1257 1741
 71 233.000  86.000  90  20  562 1148
 72 267.000 251.000  90  20 1254 1758
 73 172.000 101.000  90  10  915 1451
 74  87.000 204.000  90  20  113  790
 75  68.000  70.000  90  20 2947 3384
 76 177.000 135.000   0  10  652 1238
 77 237.000  93.000  90  40  733 1353
 78 356.000 172.000  90  10  837 1268
 79 274.000 346.000  90  10 2909 3375
 80 266.000 368.000  90  30  956 1503
 81 290.000 255.000  90  20 2364 2809
 82 333.000 264.000  90  20  147  627
 83 261.000 391.000  90  30 1479 1982
 84 224.000  63.000  90  10  272 1029
 85 130.000 364.000  90  10 1030 1575
 86 361.000 156.000  90  40 2075 2539
 87 170.000  86.000  90  10 1330 1976
 88 289.000 392.000   0  30 1751 2311
 89 236.000  91.000  90  10  647 1256
 90  76.000 118.000  90  10  730 1239
 91 206.000  38.000  90  40 1407 1997
 92 190.000 141.000  90  10   59  529
 93 108.000  87.000  90  20  484  920
 94 187.000 129.000  90  20  284  789
 95 202.000  33.000  90  30  618 1075
 96 371.000 113.000  90  30  937 1410
 97 272.000 193.000  90  30  179  700
 98 370.000  95.000  90  20  408  735
 99 224.000 131.000  90  30   73  456
100 354.000 273.000  90  20 2359 3022
101 353.000 102.000  90  20  181  637
102 230.000 387.000  90  20  590 1137
103  70.000 114.000  90  10 1008 1339
104 117.000 252.000  90  30 1842 2349
105 163.000 135.000  90  30 1182 1676
106 176.000 121.000  90  20  547  952
107 253.000 159.000  90  40 2142 2594
108  86.000 126.000  90  10 1487 1830
109 269.000  83.000  90  20  826 1332
110 158.000 379.000  90  10 1777 2224
111  89.000  87.000  90  20 2290 2854
112 245.000 136.000  90  10   78  715
113 341.000 269.000  90  10  376  874
114  16.000  56.000  90  30 1978 2366
115 278.000  40.000  90  20  178  625
116 252.000 154.000  90  20 2222 2705
117  90.000 138.000  90  30 1860 2245
118 265.000 248.000  90  10 1210 1614
119 250.000 134.000   0  10 2638 3255
120 145.000  93.000  90  10  125  493
121 350.000 105.000  90  10  177  735
122 278.000   7.000  90  20  976 1357
123 140.000 118.000  90  10  101  716
124  74.000 193.000  90  20  126  599
125 123.000 189.000  90  30 1053 1544
126 227.000 392.000  90  20  681 1236
127  41.000 246.000   0  30 1760 2262
128 246.000 119.000  90  20   93  666
129 144.000 343.000  90  30  153  611
130 185.000 175.000  90  10  963 1381
131 134.000 360.000  90  10  549 1097
132 265.000 262.000  90  30  892 1363
133 274.000 204.000  90  10 1311 1876
134 343.000 296.000  90  20 1455 1928
135  75.000  78.000  90  20  198  712
136 197.000  24.000  90  10  776 1299
137  50.000 248.000  90  20 1865 2357
138 158.000 101.000  90  20  444  976
139 282.000 104.000  90  20 1821 2329
140 170.000  97.000  90  20  780 1397
141 108.000 185.000  90  40 1230 1759
142 152.000  78.000  90  10  307  704
143  59.000  80.000  90  30  539  958
144 127.000 372.000  90  20 1308 1869
145 250.000   8.000  90  20  485  869
146 164.000 156.000  90  20 2457 3025
147  77.000 134.000  90  40 2250 2715
148 200.000  12.000  90  20 2332 2853
149 146.000 361.000  90  20  301  777
150 112.000 129.000   0  20 2675 3174
151  91.000 133.000  90  10  127  599
152  59.000 190.000  90  10 1791 2317
153  50.000 219.000  90  20 1120 1547
154 275.000  29.000  90  20  186  721
155  45.000 210.000  90  10  622 1259
156 122.000 130.000  90  10 2835 3214
157  92.000 131.000  90  20  155  649
158 143.000  76.000  90  30 1847 2239
159 281.000  10.000  90  20 1603 2049
160 338.000 161.000  90  20 2356 2885
161  55.000  54.000  90  30 2240 2725
162 249.000 354.000  90  20  236  864
163  90.000 178.000  90  40 3168 3609
164  53.000 198.000  90  10 1549 1990
165 151.000  69.000  90  10 2056 2621
166 252.000 227.000  90  20   58  546
167 288.000  23.000  90  30 2454 2908
168 279.000  98.000  90  20 1965 2571
169 187.000 186.000  90  20  643 1121
170 211.000 110.000  90  10 2439 2970
171 210.000  35.000  90  20 1338 1876
172 241.000 394.000  90  10  908 1407
173 140.000  90.000  90  30  125  675
174 343.000 264.000  90  20  334  725
175 275.000 184.000  90  20  494  948
176 384.000 111.000  90  10  709 1250
177 209.000  37.000  90  20 1536 2054
178 287.000 211.000  90  30 1584 2181
179  76.000 219.000  90  20 2477 2917
180 267.000 360.000  90  10 2458 3068
181 271.000  21.000  90  20 2181 2606
182 190.000  36.000  90  20 2913 3494
183 268.000  97.000  90  10 2162 2576
184 266.000  90.000  90  10 2399 2899
185 291.000 364.000  90  20 1997 2543
186 168.000 123.000  90  10 1552 2080
187 214.000  56.000  90  20  166  739
188 350.000 157.000  90  20 1759 2276
189 346.000 294.000  90  10 1594 1977
190 275.000 191.000  90  20  235  832
191 267.000 393.000  90  30 1742 2097
192  69.000  90.000  90  30  171  624
193 248.000 114.000  90  20  723 1239
194  78.000 207.000  90  10  789 1343
195 256.000 396.000  90  20 1566 2086
196 207.000  55.000  90  20  145  594
197  64.000 220.000  90  30  300  781
198 152.000  81.000  90  20  208  618
199 124.000 160.000  90  10 1649 2142
200 296.000  77.000  90  10 1160 1618
201 154.000  95.000  90  20  329  897
202 194.000 187.000  90  10  228  787
203 141.000 350.000  90  20  161  677
204 138.000 356.000  90  10  167  762
205 289.000 105.000  90  10 1613 2158
206  46.000 227.000  90  20  947 1522
207 191.000 209.000  90  20  194  596
208 188.000 212.000  90  10  102  500
209 231.000 143.000  90  30   64  528
210 201.000  13.000  90  10 2241 2760
211 260.000 249.000  90  30   83  442
212 147.000  84.000  90  20  127  612
213 140.000  98.000  90  20  118  663
214 171.000 143.000  90  10  794 1297
215  40.000 204.000  90  20  575 1110
216 125.000 225.000  90  10 2065 2543
217 238.000  91.000  90  20  115  573
218 386.000 107.000  90  20  378  986
219 103.000 135.000  90  20  116  709
220  76.000  83.000  90  20  940 1354
221 365.000 178.000  90  20  552  968
222 185.000 177.000  90  30  852 1307
223 278.000  15.000  90  10 1734 2109
224 266.000 351.000  90  20  622 1071
225 132.000 353.000  90  20  725 1299
226 277.000 103.000  90  20  420  955
227 358.000 188.000  90  20  158  698
228 130.000 263.000  90  10   94  737
229 342.000 168.000  90  20 1510 1954
230 258.000 134.000  90  20 2490 3024
231 183.000  56.000  90  20  145  520
232  79.000 128.000  90  20 2090 2681
233 202.000 171.000  90  20 1316 1817
234  68.000  87.000  90  10  292  821
235  61.000 183.000  90  10 2076 2679
236 309.000 215.000  90  10 2229 2707
237  64.000  83.000  90  30  401  904
238 187.000  92.000  90  30 2932 3319
239 239.000 137.000  90  40   74  556
240  40.000  73.000  90  10 1666 2246
241  64.000 193.000  90  10  136  623
242  72.000 118.000  90  30  793 1365
243 267.000   4.000  90  20  572 1186
244 122.000 142.000   0  30 2814 3438
245 166.000 133.000  90  10 1383 1865
246 117.000  92.000  90  30  136  590
247 100.000 115.000  90  20  388  909
248 164.000 138.000  90  10  986 1496
249 178.000  81.000  90  10 2628 3231
250  50.000 204.000  90  20  437 1047
251  66.000 121.000  90  10 1614 2029
252 137.000 272.000  90  50  381  934
253 156.000 271.000  90  10  599  935
254  64.000 219.000  90  10  423  841
255  68.000 199.000  90  10  477  892
256 280.000 142.000  90  20 1826 2297
257 114.000 102.000  90  20  130  731
258 132.000 274.000  90  40  325  800
259 246.000 246.000  90  20  249  867
260  48.000  95.000  90  10  856 1264
261 152.000 136.000  90  10 2205 2487
262 137.000 288.000  90  10  756 1249
263 238.000 399.000  90  20  735 1389
264 123.000 252.000  90  30 1671 2146
265  78.000 230.000  90  20 1153 1567
266 253.000 259.000  90  10  813 1237
267 211.000  34.000  90  20 1263 1767
268 189.000 112.000  90  20  441  846
269 106.000  83.000  90  10  785 1360
270 277.000 376.000  90  20 1836 2247
271  54.000 222.000  90  20 1194 1664
272 275.000  95.000  90  20  538 1033
273 259.000  90.000  90  30 2471 3021
274 256.000 235.000  90  10   66  438
275 389.000 122.000  90  20 1798 2304
276  40.000  83.000  90  20 1340 1990
277 272.000  31.000  90  10  183  839
278 144.000 261.000  90  20 3102 3613
279 289.000 203.000  90  10  993 1427
280 270.000 380.000  90  20 2128 2542
281 132.000 267.000  90  30  112  636
282  78.000 184.000  90  20 2560 2956
283 107.000  84.000  90  10  730 1231
284 143.000 187.000  90  20  180  706
285 228.000  97.000  90  20  979 1498
286 132.000 251.000  90  10 2464 3115
287 196.000  35.000  90  10  393  928
288 142.000 363.000  90  20  333  934
289 254.000 250.000  90  20  116  600
290 105.000  98.000  90  30 3050 3484
291 283.000 187.000  90  20  593 1046
292 272.000  32.000  90  30  182  681
293  86.000 122.000  90  20  539 1034
294 122.000 261.000  90  10  925 1514
295 281.000  86.000  90  10  701 1251
296 207.000  91.000  90  30 1472 1982
297 146.000 196.000  90  20   54  694
298 244.000 358.000  90  10  210  697
299 208.000 104.000  90  10 2333 2883
300 147.000 374.000  90  10 2169 2591
301 199.000  35.000  90  20  469 1037
302 226.000 385.000  90  10  348 1003
303 202.000  42.000  90  20  312  811
304 219.000  84.000  90  30 1919 2298
305 331.000 268.000  90  30  147  530
306 141.000 202.000  90  20   59  597
307 240.000  97.000  90  10  380  986
308 258.000 387.000  90  10 1486 1968
309 388.000 278.000  90  30 2079 2499
310 195.000 184.000  90  20  513  873
311 265.000 202.000  90  20  124  552
312 273.000 257.000  90  20 1350 1859
313 149.000 192.000  90  30  141  550
314  62.000 193.000  90  40 1758 2162
315 282.000   7.000  90  30 1051 1470
316 348.000 161.000  90  30 1718 2128
317 384.000 183.000  90  20  266  839
318 126.000 187.000  90  30  978 1432
319  96.000 196.000  90  20  104  658
320  83.000 186.000  90  10 2878 3395
321 231.000 385.000  90  20  545  997
322 183.000 134.000  90  20  322  558
323 267.000 358.000  90  30  171  606
324 392.000 106.000  90  20  565  990
325  71.000 115.000  90  40 1082 1650
326 226.000 102.000  90  20 1179 1490
327 116.000  90.000  90  20  192  650
328 118.000 261.000  90  30 1039 1587
329 249.000 252.000  90  10  435 1056
330 140.000  69.000  90  30 1983 2493
331 200.000 203.000  90  10    3  477
332 155.000 159.000  90  30 2379 2904
333 241.000 360.000  90  20  165  535
334  93.000 132.000  90  10  126  667
335 122.000 253.000  90  20 1718 2283
336 398.000 104.000  90  30  601 1147
337 125.000 362.000  90  20 1074 1722
338 343.000 279.000  90  30  516 1128
339 241.000 366.000  90  30  270  673
340  85.000 105.000  90  20 2535 3012
341  73.000 183.000  90  20 2361 2965
342 161.000 101.000  90  10  558 1047
343 268.000 244.000  90  10 1574 2223
344 349.000 276.000  90  40  439 1012
345  83.000 122.000  90  10  386 1001
346 200.000  21.000  90  20  891 1373
347 290.000   6.000  90  10 1419 1851
348  39.000 117.000  90  30 1140 1629
349  79.000 135.000  90  10 1515 2004
350 121.000  56.000  90  20 1151 1619
351  36.000  90.000  90  10 1234 1719
352  61.000 222.000  90  20 1293 1758
353 119.000 276.000  90  20  912 1316
354 259.000 117.000  90  10  101  417
355  92.000  84.000  90  10 2309 2645
356 130.000 273.000  90  30  170  770
357 251.000 132.000  90  20 2552 3156
358 114.000 103.000  90  20  148  748
359 166.000  31.000  90  20 2720 3276
360 246.000 330.000  90  10  137  556
361 194.000 141.000  90  10   59  521
362 379.000 127.000  90  20 2009 2665
363  54.000  68.000  90  20  590 1113
364  56.000 227.000  90  20 1514 1913
365 382.000 132.000  90  30 2406 2821
366 123.000 175.000  90  30 1545 1847
367  69.000 218.000  90  30 2660 3109
368 251.000 368.000  90  20  175  700
369 268.000 375.000  90  30 1196 1646
370 171.000 147.000  90  10  902 1376
371  87.000  71.000  90  10 2964 3550
372 362.000 159.000  90  30 1873 2367
373 109.000  82.000  90  10  604 1172
374 351.000 281.000  90  20  754 1087
375 245.000 149.000   0  30 2860 3429
376 285.000  11.000  90  10 1520 1943
377 280.000 121.000  90  20  234  564
378 127.000 264.000  90  10   97  676
379 243.000  86.000  90  20  121  921
380 280.000 249.000  90  20 1627 1963
381 262.000 363.000  90  10  917 1349
382 261.000 223.000   0  20 3067 3656
383 128.000 161.000  90  10 1790 2190
384 339.000 261.000  90  30  160  710
385 273.000  12.000  90  10 1998 2406
386  57.000 210.000  90  30 1353 1791
387 377.000 132.000  90  20 1418 1917
388 268.000  95.000  90  10  125  546
389 145.000 374.000  90  10 1884 2511
390  86.000 133.000  90  10  248  748
391  80.000 111.000  90  30 1024 1508
392 249.000 384.000  90  20 1420 1835
393  81.000 132.000  90  20  257  930
394 136.000 181.000  90  20 2030 2534
395 356.000 166.000  90  20  740 1173
396 297.000 365.000  90  20 2094 2637
397 319.000 274.000  90  20  140  595
398 243.000 130.000  90  20  224  710
399  92.000  80.000  90  20 2030 2552
400  70.000 213.000  90  10  130  760
401 153.000 393.000  90  20 1588 2203
402 103.000 116.000  90  20  222  888
403 202.000 216.000  90  20   16  540
404 265.000 344.000  90  20  547  951
405 286.000 193.000  90  30  880 1150
406 139.000 250.000  90  10   78  471
407  60.000 239.000  90 -20 2061 2548
408  85.000 189.000  90 -20 2767 3318
409  76.000 139.000  90 -20 1538 2171
410 150.000  77.000  90 -10 1686 2205
411 349.000 179.000  90 -10 1067 1423
412 147.000 115.000  90 -20 1916 2350
413 236.000 249.000  90 -10 3202 3661
414 100.000  71.000  90 -30 1830 2366
415 283.000 362.000  90 -30 2444 2870
416 132.000 360.000  90 -20  733 1098
417 210.000  93.000  90 -20 1382 1885
418 242.000 116.000  90 -20 3243 3620
419 244.000 277.000  90 -10 2789 3211
420 223.000 189.000  90 -30 2082 2653
421 379.000 124.000  90 -20 1963 2340
422  66.000 202.000  90 -20  323  859
423  57.000 183.000  90 -20 1989 2579
424 199.000 190.000  90 -20 2913 3340
425  90.000  66.000  90 -10 1650 2162
426 366.000 195.000  90 -10  188  695
427 108.000  95.000  90 -40 2944 3402
428 196.000 164.000  90 -30 1236 1700
429 267.000 125.000  90 -10 1111 1630
430  72.000  60.000  90 -10 1517 2077
431 151.000 352.000  90 -10 2816 3474
432 149.000 345.000  90 -20 3138 3529
433  79.000 139.000  90 -20 2709 3239
434 268.000 224.000  90 -20 3002 3530
435  79.000 178.000  90 -30 3071 3580
436 380.000 153.000  90 -10 2858 3350
437 249.000 353.000  90 -30  396  886
438 107.000 138.000  90 -10 1978 2522
439 273.000 187.000  90 -10  400  856
440  93.000 145.000  90 -10 2997 3343
441  72.000 155.000  90 -10 2591 2960
442 278.000 109.000  90 -10  393  789
443 147.000 367.000  90 -10 2273 2867
444 248.000 377.000  90 -30 2553 2892
445 275.000 143.000  90 -10 1554 2163
446 390.000 134.000  90 -20 2464 2958
447  75.000 136.000  90 -30 2353 2797
448 241.000 251.000  90 -20  306  617
449  93.000  55.000  90 -10 1350 1839
450 280.000 238.000  90 -10 2761 3182
451 248.000 120.000  90 -10  823 1331
452  38.000  87.000  90 -30 1193 1947
453 273.000   7.000  90 -20  835 1307
454 260.000 156.000  90 -20 1946 2406
455  53.000 215.000  90 -10  750 1330
456 300.000 200.000  90 -10 1999 2541
457 213.000  11.000  90 -30 2041 2553
458 282.000 213.000  90 -30 1513 2060
459 343.000 169.000  90 -20 1583 2064
460 228.000 180.000  90 -30 1789 2350
461 330.000 173.000  90 -10 1238 1836
462 299.000 108.000  90 -20 1511 2058
463 262.000 213.000  90 -20 3097 3658
464 141.000 192.000  90 -20  459  803
465 268.000 149.000  90 -20 1760 2156
466 204.000 183.000  90 -10 2841 3216
467  75.000  49.000  90 -20 2523 3038
468 369.000 135.000  90 -30 1196 1941
469 363.000 276.000  90 -10 2350 2833
470 153.000  73.000  90 -10 2139 2727
471 337.000 282.000  90 -10 1158 1632
472 292.000  87.000  90 -10 1310 1669
473 162.000  69.000  90 -20 2397 2669
474 141.000 164.000  90 -30 2551 2972
475 272.000 223.000  90 -20 2981 3361
476 291.000 215.000  90 -10 1816 2140
477 212.000  81.000  90 -20 2131 2656
478 275.000 269.000  90 -20 2579 2995
479 172.000  89.000  90 -10 1268 1851
480  68.000 204.000  90 -20  265  732
481  69.000  70.000  90 -20 2912 3236
482 177.000 135.000  90 -10  652 1238
483 212.000  93.000  90 -40 1667 2157
484 358.000 175.000  90 -10  609 1106
485 273.000 342.000  90 -10 2905 3562
486 255.000 384.000  90 -30 1299 1783
487 238.000 264.000  90 -20 3081 3514
488 361.000 295.000  90 -20 1710 2254
489 237.000 366.000  90 -30 2653 3003
490 206.000  29.000  90 -10 1144 1692
491 149.000 393.000  90 -10 1543 2061
492 358.000 142.000  90 -40 2161 2663
493 163.000  81.000  90 -10 1585 2099
494 289.000 392.000  90 -30 1751 2311
495 233.000 101.000  90 -10  844 1441
496  96.000 122.000  90 -10 2433 2827
497 223.000  13.000  90 -40 1841 2368
498 182.000 171.000  90 -10 1086 1448
499  94.000  84.000  90 -20 2032 2738
500 165.000  93.000  90 -20  715 1269
501 228.000  32.000  90 -30 1790 2200
502 371.000 143.000  90 -30 3034 3382
503 280.000 200.000  90 -30 1148 1655
504 381.000 113.000  90 -20  829 1318
505 244.000  70.000  90 -30  319  760
506 351.000 238.000  90 -20 2944 3232
507 389.000 128.000  90 -20 1761 2148
508 246.000 390.000  90 -20 1233 1648
509  83.000 125.000  90 -10 1315 1815
510 130.000 245.000  90 -30 2452 2934
511 137.000 124.000  90 -30 1981 2492
512 191.000 175.000  90 -20  763 1204
513 210.000 185.000  90 -40 2417 2885
514  97.000 139.000  90 -10 2003 2297
515 257.000 102.000  90 -20 2873 3385
516 148.000 345.000  90 -10 2941 3544
517  98.000  86.000  90 -20 2692 3261
518 276.000 127.000  90 -10  105  624
519 341.000 287.000  90 -10  953 1460
520  34.000  58.000  90 -30 2015 2546
521 255.000  15.000  90 -20  282  873
522 212.000 185.000  90 -20 2304 2815
523 166.000 151.000  90 -30 2656 3202
524 282.000 242.000  90 -10 2136 2644
525 250.000 134.000  90 -10 2638 3255
526  92.000  88.000  90 -10 2425 2905
527 364.000  95.000  90 -10  194  813
528 299.000  31.000  90 -20 2884 3441
529 136.000 117.000  90 -10  104  547
530 159.000 129.000  90 -20 1208 1845
531 135.000 176.000  90 -30 1918 2455
532 256.000 370.000  90 -20 2387 2857
533  41.000 246.000  90 -30 1760 2262
534 255.000 117.000  90 -20  953 1579
535 150.000 381.000  90 -30 1840 2358
536 194.000 160.000  90 -10 1140 1607
537 154.000 342.000  90 -10 3080 3572
538 280.000 240.000  90 -30 2019 2574
539 281.000 230.000  90 -10 2829 3310
540 365.000 288.000  90 -20 1769 2390
541  67.000  68.000  90 -20 2701 3263
542 200.000  18.000  90 -10 1013 1437
543  72.000 221.000  90 -20 2415 2791
544 167.000  68.000  90 -20 2374 2882
545 265.000  94.000  90 -20 2307 2803
546 186.000  73.000  90 -20 2462 3013
547 144.000 183.000  90 -40 2234 2707
548 286.000 108.000  90 -10 1728 2231
549  70.000  63.000  90 -30 2717 3054
550 152.000 363.000  90 -20 2387 2945
551 286.000   5.000  90 -20 1219 1672
552 174.000 153.000  90 -20 2891 3164
553  86.000 140.000  90 -40 2824 3318
554 197.000  18.000  90 -20 2432 2947
555 125.000 369.000  90 -20 1226 1763
556 112.000 129.000  90 -20 2675 3174
557  90.000 111.000  90 -10  623 1235
558  63.000 184.000  90 -10 2280 2660
559  70.000 207.000  90 -20 2707 3265
560 299.000  39.000  90 -20 3046 3475
561  64.000 235.000  90 -10 2246 2553
562 172.000 164.000  90 -10 2950 3308
563  53.000  98.000  90 -20 1006 1487
564 179.000  88.000  90 -30 2856 3197
565 286.000  17.000  90 -20 2507 3048
566 332.000 148.000  90 -20 2375 3075
567  73.000  71.000  90 -30 2982 3540
568 256.000 386.000  90 -20 1375 1892
569  94.000 175.000  90 -40 3146 3613
570  69.000 179.000  90 -10 2270 2865
571 185.000 162.000  90 -10 3111 3546
572 348.000 283.000  90 -20  816 1399
573 298.000  22.000  90 -30 2681 3259
574 250.000  97.000  90 -20 2699 3183
575 131.000 186.000  90 -20  702 1138
576 215.000 116.000  90 -10 2623 3172
577 214.000  20.000  90 -20 2122 2670
578 236.000 266.000  90 -10 2974 3435
579 130.000  88.000  90 -30  132  436
580 329.000 289.000  90 -20 1329 1842
581 282.000 198.000  90 -20 1128 1489
582 380.000 135.000  90 -10 1604 2102
583 169.000  52.000  90 -20 2956 3570
584 294.000 230.000  90 -30 2596 2937
585  83.000 212.000  90 -20 3085 3604
586 231.000 263.000  90 -10 3161 3628
587 294.000  26.000  90 -20 2821 3311
588 193.000  38.000  90 -20 3056 3538
589 264.000  95.000  90 -10 2206 2722
590 255.000 100.000  90 -10 2770 3303
591 288.000 357.000  90 -20 2314 2806
592 151.000 141.000  90 -10 2188 2694
593 217.000   8.000  90 -20 1921 2483
594 328.000 158.000  90 -20 2660 3172
595 363.000 270.000  90 -10 2242 2748
596 289.000 211.000  90 -20 1771 2374
597 264.000 384.000  90 -30 2001 2473
598  43.000  66.000  90 -30 1795 2312
599 254.000 137.000  90 -20 2292 2849
600  60.000 201.000  90 -10 1412 1932
601 234.000 361.000  90 -20 2640 3209
602 216.000  35.000  90 -20 1689 2095
603  51.000 246.000  90 -30 1980 2425
604 263.000  80.000  90 -20  911 1440
605  84.000 192.000  90 -10 2652 3247
606 282.000  95.000  90 -10 1949 2398
607 137.000  77.000  90 -20 1882 2397
608 111.000 185.000  90 -10 1146 1657
609 155.000 349.000  90 -20 2788 3311
610 150.000 370.000  90 -10 2209 2741
611 261.000 107.000  90 -10 3047 3405
612  46.000 239.000  90 -20 1697 2129
613 125.000 176.000  90 -20 1335 1872
614 140.000 187.000  90 -10  217  856
615 254.000 135.000  90 -30 2375 2950
616 178.000  48.000  90 -10 3123 3568
617 286.000 259.000  90 -30 2400 2963
618 263.000 110.000  90 -20 3067 3572
619  93.000  80.000  90 -20 1899 2500
620 234.000 172.000  90 -10 1725 2214
621  75.000 208.000  90 -20 2835 3326
622 131.000 240.000  90 -10 2356 2840
623 215.000 107.000  90 -20 1336 1720
624 380.000 127.000  90 -20 2227 2629
625  77.000 196.000  90 -20  691 1060
626  73.000 130.000  90 -20 1934 2464
627 340.000 166.000  90 -20 1381 1897
628 218.000 172.000  90 -30 1496 2031
629 275.000   9.000  90 -10 1832 2385
630 298.000 362.000  90 -20 2163 2755
631 146.000 381.000  90 -20 1426 1972
632 208.000 187.000  90 -20 2498 2990
633 339.000 181.000  90 -20 1094 1597
634 134.000 251.000  90 -10 2606 3157
635 365.000 158.000  90 -20 1996 2429
636 248.000 133.000  90 -20 2765 3312
637 228.000  68.000  90 -20  509  985
638  75.000 153.000  90 -20 2587 3153
639 225.000 197.000  90 -20 2027 2511
640  68.000  53.000  90 -10 2404 2961
641 152.000 181.000  90 -10 2867 3241
642 301.000 218.000  90 -10 2467 2858
643  51.000  95.000  90 -30  866 1440
644 183.000 156.000  90 -30 2971 3493
645 243.000 103.000  90 -40  563  996
646  43.000  54.000  90 -10 2176 2584
647 160.000 138.000  90 -10 1104 1565
648 102.000 125.000  90 -30 2469 2986
649 274.000   2.000  90 -20  676 1276
650 122.000 142.000  90 -30 2814 3438
651 162.000 110.000  90 -10 1731 2109
652  74.000  85.000  90 -30  170  654
653 105.000 135.000  90 -20 2115 2571
654 166.000 124.000  90 -10 1440 2006
655 177.000 108.000  90 -10 3059 3409
656  54.000 218.000  90 -20  842 1424
657 118.000 148.000  90 -10 2920 3527
658 111.000 261.000  90 -50 1253 1568
659 136.000 250.000  90 -10 2768 3179
660  53.000 239.000  90 -10 1595 2037
661  78.000 200.000  90 -10  733 1206
662 260.000 161.000  90 -20 2078 2464
663  78.000 127.000  90 -20 1280 1660
664 149.000 244.000  90 -40 3012 3654
665 263.000 259.000  90 -20  928 1515
666  20.000  97.000  90 -10 1101 1638
667 156.000 144.000  90 -10 2221 2852
668 136.000 240.000  90 -10 2281 2725
669 266.000 395.000  90 -20 1490 2163
670 121.000 232.000  90 -30 1962 2449
671  38.000 172.000  90 -20 1917 2427
672 264.000 253.000  90 -10 1013 1621
673 183.000  37.000  90 -20 2864 3349
674 173.000  88.000  90 -20 1229 1707
675  73.000 129.000  90 -10 2095 2484
676 273.000 345.000  90 -20 3010 3457
677  74.000 218.000  90 -20 2569 3010
678 280.000 126.000  90 -20 1532 1970
679 257.000  97.000  90 -30 2528 3159
680 276.000 252.000  90 -10 1408 1992
681 388.000 145.000  90 -20 2738 3267
682  41.000  79.000  90 -20 1491 2027
683 266.000  10.000  90 -10  537 1029
684 145.000 253.000  90 -20 3166 3645
685 300.000 203.000  90 -10 2111 2614
686 264.000 375.000  90 -20 2304 2741
687  96.000 251.000  90 -30 1395 1642
688 138.000 170.000  90 -20 2447 2882
689  74.000 124.000  90 -10 1765 2260
690 134.000 195.000  90 -20  470  988
691 214.000  88.000  90 -20 2074 2518
692 141.000 263.000  90 -10 2955 3574
693 200.000  26.000  90 -10  727 1162
694 137.000 364.000  90 -20  533  924
695 252.000 259.000  90 -20  770 1099
696 145.000 153.000  90 -30 3126 3556
697 299.000 234.000  90 -20 2602 3123
698 288.000   1.000  90 -30 1260 1819
699  69.000 126.000  90 -20 1662 2173
700 130.000 235.000  90 -10 2176 2633
701 302.000 104.000  90 -10 1479 1900
702 198.000  90.000  90 -30 2273 2728
703 133.000 196.000  90 -20  588 1052
704 237.000 373.000  90 -10  297  842
705 219.000 114.000  90 -10 2524 3082
706 154.000 355.000  90 -10 2629 3096
707 180.000  21.000  90 -20 2590 3003
708 273.000 393.000  90 -10 1697 2171
709 293.000  92.000  90 -20 1419 1750
710 207.000 179.000  90 -30 2719 3147
711 364.000 284.000  90 -30 1971 2376
712  66.000 228.000  90 -20 1280 1644
713 222.000  89.000  90 -10 1789 2237
714 270.000 355.000  90 -10 2704 3196
715 351.000 272.000  90 -30 2448 3121
716 190.000 186.000  90 -20  574 1004
717 288.000 184.000  90 -20  728 1103
718 274.000 230.000  90 -20 1897 2291
719  77.000 212.000  90 -30 1021 1482
720 146.000 164.000  90 -40 2634 3078
721 284.000   5.000  90 -30 1038 1669
722 329.000 156.000  90 -30 2620 3027
723 317.000 165.000  90 -20 2742 3296
724 140.000 183.000  90 -30 2084 2668
725  76.000 212.000  90 -20 2905 3444
726  80.000 181.000  90 -10 3015 3450
727 239.000 389.000  90 -20 1004 1503
728 173.000 125.000  90 -20  500 1189
729 270.000 358.000  90 -30 2644 3070
730 368.000 125.000  90 -20 1163 1576
731  99.000 132.000  90 -40 2348 2711
732 208.000  91.000  90 -20 1552 2083
733 112.000  65.000  90 -20  833 1529
734 124.000 250.000  90 -30 1569 2064
735 252.000 253.000  90 -10  571 1106
736 182.000  78.000  90 -30 2622 3047
737 130.000 186.000  90 -10  748 1274
738 167.000 156.000  90 -30 2582 3087
739 240.000 366.000  90 -20  170  715
740  67.000 109.000  90 -10 1414 2024
741 134.000 261.000  90 -20 2825 3325
742 361.000 125.000  90 -30 1225 1708
743 129.000 361.000  90 -20  974 1445
744 339.000 281.000  90 -30 1164 1440
745 270.000 386.000  90 -30 1882 2399
746  97.000  91.000  90 -20 2638 3125
747 153.000 180.000  90 -20 2864 3427
748 174.000  92.000  90 -10 1031 1533
749 269.000 241.000  90 -10 1717 2267
750 351.000 267.000  90 -40 2611 3147
751 110.000 121.000  90 -10 2654 2998
752 204.000  21.000  90 -20 1148 1493
753 292.000  20.000  90 -10 2615 3133
754  70.000 142.000  90 -30 2455 2891
755 102.000 133.000  90 -10 2134 2740
756 106.000  50.000  90 -20 1193 1790
757  55.000  60.000  90 -10 2308 2848
758 150.000 178.000  90 -20 2680 3242
759 104.000 252.000  90 -20 1393 1839
760 276.000  93.000  90 -10  621 1135
761  99.000  84.000  90 -10 2819 3318
762 123.000 250.000  90 -30 1488 1964
763 206.000 185.000  90 -20 2589 3085
764  99.000 114.000  90 -20  537  942
765 179.000  30.000  90 -20 2651 3140
766 261.000 363.000  90 -10  760 1324
767 175.000  89.000  90 -10 1130 1620
768 397.000 140.000  90 -20 2682 3124
769  55.000  81.000  90 -20  738 1170
770  76.000 230.000  90 -20 2288 2718
771 396.000 135.000  90 -30 2630 2985
772  82.000 179.000  90 -30 3095 3602
773  77.000 209.000  90 -30 3060 3475
774 258.000 359.000  90 -20  711 1183
775 305.000 379.000  90 -30 1917 2401
776 228.000 196.000  90 -10 1913 2439
777 126.000 103.000  90 -10 3236 3599
778 343.000 161.000  90 -30 2250 2802
779  86.000  59.000  90 -10 1480 1906
780 352.000 291.000  90 -20 1633 2131
781 245.000 149.000  90 -30 2860 3429
782 275.000  16.000  90 -10 2066 2527
783 215.000 188.000  90 -20 2178 2752
784 173.000 278.000  90 -10  636 1115
785 216.000  84.000  90 -20 1916 2488
786 282.000 248.000  90 -20 2294 2678
787 276.000 350.000  90 -10 2881 3215
788 261.000 223.000  90 -20 3067 3656
789 132.000 172.000  90 -10 1843 2341
790 376.000 271.000  90 -30 2093 2691
791 285.000  23.000  90 -10 2283 2893
792  56.000 196.000  90 -30 1715 2011
793 380.000 129.000  90 -20 2279 2761
794 278.000  14.000  90 -10 1846 2179
795 156.000 353.000  90 -10 2622 3289
796  73.000  97.000  90 -10 1401 1830
797  88.000 143.000  90 -30 1715 2200
798 242.000 283.000  90 -20 2857 3335
799  44.000  95.000  90 -20 1311 1683
800  78.000 188.000  90 -20 2546 3158
801 356.000 177.000  90 -20  909 1386
802 271.000 343.000  90 -20 3092 3561
803 352.000 284.000  90 -20  826 1202
804 249.000 121.000  90 -20  954 1384
805 110.000 101.000  90 -20 3075 3588
806  59.000 226.000  90 -10 1345 1896
807 160.000 361.000  90 -20 2515 3014
808 127.000 180.000  90 -20  860 1357
809 240.000 389.000  90 -20 1146 1543
810 254.000 373.000  90 -20 1265 1787
811 296.000 209.000  90 -30 1861 2479
812 140.000 265.000  90 -10 3009 3335
813 200.000 200.000   0   0    0 3811
