407 407 1000 700 1000
  0 200.000 200.000   0   0    0 3811
  1  85.000 208.000  90  20  221  381
  2 132.000 172.000  90  10 2012 2172
  3 278.000 109.000  90  10    0 3602
  4  96.000 113.000  90  20    0 3586
  5 371.000 171.000  90  10    0 3548
  6 141.000 105.000  90  20 1952 2112
  7 113.000  92.000  90  30    0 3583
  8 271.000 375.000  90  30 1248 1408
  9 201.000 206.000  90  20   16  176
 10 235.000 115.000  90  20  494  654
 11 273.000 345.000  90  20 3154 3314
 12 150.000 178.000  90  10    0 3667
 13 280.000  24.000  90  20    0 3528
 14 379.000 136.000  90  20    0 3531
 15  72.000 221.000  90  20 2523 2683
 16  73.000 195.000  90  20  701  861
 17 106.000  50.000  90  20 1411 1571
 18  70.000 184.000  90  20  130  290
 19 255.000  15.000  90  20  498  658
 20 380.000 135.000  90  20 1773 1933
 21 355.000 192.000  90  10    0 3566
 22  77.000 209.000  90  20    0 3598
 23 136.000 240.000  90  10    0 3646
 24 267.000 125.000  90  20 1290 1450
 25 167.000 156.000  90  20    0 3666
 26 127.000  62.000  90  10 1206 1366
 27 127.000 350.000  90  10 1028 1188
 28  67.000 109.000  90  10    0 3560
 29 121.000 232.000  90  10 2126 2286
 30  96.000 104.000  90  20  948 1108
 31 282.000 248.000  90  10 2406 2566
 32 252.000 365.000  90  30    0 3548
 33  90.000 121.000  90  10    0 3586
 34 253.000 205.000  90  10   63  223
 35 137.000 364.000  90  20    0 3546
 36  93.000 145.000  90  10    0 3601
 37 371.000 143.000   0  20 3128 3288
 38 279.000 111.000  90  10    0 3602
 39 146.000 343.000  90  10    0 3569
 40 265.000 377.000  90  30    0 3533
 41 214.000  88.000  90  10    0 3609
 42 191.000 175.000  90  30    0 3695
 43 283.000 124.000  90  10    0 3609
 44 110.000  89.000  90  10    0 3579
 45 254.000 106.000  90  10  801  961
 46  93.000  55.000  90  20 1515 1675
 47  78.000  97.000  90  30  159  319
 48 273.000   7.000  90  20  991 1151
 49 263.000 118.000  90  20  116  276
 50 150.000 381.000  90  20    0 3534
 51  73.000 205.000  90  10  323  483
 52 204.000 146.000   0  30    0 3667
 53 248.000 377.000   0  20    0 3538
 54 262.000 199.000  90  30  164  324
 55 276.000 252.000  90  30 1620 1780
 56 331.000 197.000  90  20  131  291
 57 215.000 174.000  90  30 1590 1750
 58 334.000 177.000  90  10    0 3586
 59  66.000 228.000  90  20    0 3585
 60 132.000 360.000  90  20  835  995
 61 146.000 208.000  90  20   54  214
 62 271.000 122.000  90  20    0 3616
 63 154.000 355.000  90  10    0 3560
 64 275.000  16.000  90  20 2217 2377
 65 200.000  18.000  90  30 1145 1305
 66 374.000 121.000  90  30 1192 1352
 67 332.000 284.000  90  10 1410 1570
 68 190.000 138.000  90  10  262  422
 69 337.000 282.000  90  10 1315 1475
 70 195.000  46.000  90  10    0 3567
 71  73.000 129.000  90  10 2210 2370
 72 366.000 195.000  90  20  361  521
 73 252.000 253.000  90  10  758  918
 74  51.000  95.000  90  20 1073 1233
 75 292.000  20.000  90  10    0 3519
 76  76.000 210.000  90  30 1080 1240
 77 252.000 205.000  90  20    0 3669
 78 272.000 200.000  90  10    0 3649
 79 111.000 185.000  90  10 1321 1481
 80  85.000 189.000  90  40 2963 3123
 81 267.000 251.000  90  20    0 3637
 82 172.000 101.000  90  10    0 3619
 83  87.000 204.000  90  20  126  286
 84  68.000  70.000   0  20 3085 3245
 85 177.000 135.000  90  10  865 1025
 86 237.000  93.000  90  40  963 1123
 87 356.000 172.000  90  10    0 3563
 88 266.000 368.000  90  30 1150 1310
 89 290.000 255.000  90  20    0 3616
 90 333.000 264.000  90  20  258  418
 91 194.000 160.000  90  20    0 3681
 92 261.000 391.000  90  30 1650 1810
 93  83.000 125.000  90  20    0 3583
 94 170.000  86.000  90  10    0 3604
 95  75.000 153.000  90  30 2790 2950
 96 236.000  91.000  90  10  871 1031
 97 214.000  20.000  90  20    0 3541
 98 190.000 141.000  90  10  169  329
 99 187.000 129.000  90  20  457  617
100 371.000 113.000  90  30    0 3530
101 131.000 186.000  90  10  840 1000
102 286.000   5.000  90  10 1365 1525
103 272.000 193.000  90  30  360  520
104 263.000  80.000  90  40 1096 1256
105 224.000 131.000   0  30    0 3648
106 354.000 273.000  90  20 2611 2771
107 353.000 102.000  90  20    0 3540
108 230.000 387.000  90  20  783  943
109  70.000 114.000  90  10 1093 1253
110 176.000 121.000  90  20  670  830
111 217.000   8.000  90  20    0 3529
112  86.000 126.000  90  10    0 3586
113 269.000  83.000  90  20  999 1159
114 361.000 125.000  90  10    0 3544
115 172.000  89.000  90  30    0 3607
116 158.000 379.000  90  10    0 3538
117 356.000 177.000  90  20    0 3564
118  89.000  87.000  90  20    0 3563
119 245.000 136.000  90  10  291  451
120  16.000  56.000  90  30 2092 2252
121  99.000 132.000  90  10 2450 2610
122  90.000 138.000  90  30 1973 2133
123 130.000  88.000  90  20    0 3589
124 275.000   9.000  90  20    0 3516
125 108.000  95.000  90  20    0 3582
126 140.000 118.000  90  10    0 3620
127  74.000 193.000  90  20  151  311
128  55.000  81.000  90  40  874 1034
129 246.000 119.000  90  20   93  253
130 144.000 343.000  90  30    0 3568
131  53.000 215.000  90  40    0 3574
132 252.000 259.000  90  10    0 3643
133 212.000 185.000  90  10    0 3702
134 134.000 360.000   0  10    0 3548
135  79.000 178.000  90  20    0 3599
136 274.000 204.000  90  10    0 3647
137 274.000 230.000  90  20 2014 2174
138 282.000 213.000  90  10 1707 1867
139 343.000 296.000  90  20 1611 1771
140  75.000  78.000  90  20  375  535
141 197.000  24.000  90  10    0 3545
142  50.000 248.000  90  20 2031 2191
143 288.000 184.000  90  10    0 3632
144 282.000 104.000  90  20 1995 2155
145 108.000 185.000  90  40    0 3628
146 152.000  78.000  90  10  426  586
147  59.000  80.000  90  30  668  828
148 127.000 372.000  90  20    0 3535
149 348.000 283.000  90  30 1028 1188
150 215.000 107.000  90  30 1448 1608
151  77.000 134.000  90  40    0 3582
152 200.000  12.000  90  20    0 3533
153 152.000 181.000   0  10    0 3670
154 146.000 361.000  90  20  459  619
155  91.000 133.000  90  10  229  389
156 244.000 277.000  90  20    0 3633
157  55.000  60.000  90  20    0 3520
158 148.000 345.000  90  20 3162 3322
159 215.000 116.000  90  30    0 3636
160  50.000 219.000  90  20 1254 1414
161 110.000 121.000  90  10    0 3602
162 275.000  29.000  90  20    0 3535
163 274.000   2.000  90  30  896 1056
164  92.000 131.000  90  20    0 3593
165 281.000  10.000  90  20 1746 1906
166  78.000 188.000  90  10 2772 2932
167 338.000 161.000  90  20    0 3578
168 210.000 185.000  90  30    0 3703
169  46.000 239.000  90  20    0 3563
170 204.000  21.000  90  10 1240 1400
171 249.000 353.000  90  10  561  721
172 249.000 354.000   0  20    0 3560
173  90.000 178.000  90  40    0 3609
174 252.000 227.000  90  20   58  218
175 299.000 108.000  90  10 1705 1865
176 279.000  98.000  90  20    0 3592
177 389.000 128.000  90  30 1875 2035
178  76.000 230.000  90  10 2423 2583
179 136.000 117.000  90  10  104  264
180 343.000 264.000  90  20    0 3565
181 275.000 184.000  90  20  641  801
182 384.000 111.000  90  10    0 3517
183  77.000 212.000  90  10    0 3598
184 209.000  37.000  90  20    0 3558
185 287.000 211.000  90  30    0 3634
186 267.000 360.000  90  10 2683 2843
187 179.000  30.000  90  10 2815 2975
188 266.000  90.000  90  10 2569 2729
189 168.000 123.000  90  10    0 3638
190 125.000 176.000  90  10 1524 1684
191 214.000  56.000  90  20  373  533
192  69.000  90.000  90  30  181  341
193 255.000 384.000  90  10    0 3529
194 248.000 114.000  90  20  901 1061
195  78.000 207.000  90  10    0 3599
196 243.000 103.000  90  20    0 3615
197  73.000 130.000  90  20 2119 2279
198 199.000 190.000   0  20    0 3711
199 140.000 265.000  90  10    0 3633
200 130.000 186.000  90  30    0 3650
201 174.000  92.000  90  20 1202 1362
202 256.000 396.000  90  20 1746 1906
203 207.000  55.000  90  20  276  436
204 260.000 156.000  90  40    0 3647
205  64.000 220.000  90  30  461  621
206 152.000  81.000  90  20    0 3593
207  73.000  71.000  90  10    0 3540
208 165.000  93.000  90  30  912 1072
209 154.000  95.000  90  20  533  693
210 194.000 187.000  90  10  427  587
211 141.000 350.000  90  20  262  422
212 137.000 124.000  90  40    0 3623
213 289.000 105.000  90  10    0 3591
214  46.000 227.000  90  20    0 3565
215  72.000  60.000  90  10    0 3532
216 231.000 143.000  90  30   64  224
217 332.000 148.000  90  20    0 3580
218 162.000 110.000  90  30    0 3624
219 141.000 192.000  90  30  551  711
220 244.000  70.000  90  20  459  619
221 136.000 250.000  90  10    0 3640
222  54.000 218.000  90  10    0 3574
223 118.000 148.000  90  40    0 3624
224 131.000 240.000  90  10 2518 2678
225 147.000  84.000  90  20  150  310
226 233.000 101.000  90  20 1062 1222
227 171.000 143.000  90  10  965 1125
228  40.000 204.000  90  20  762  922
229 238.000  91.000   0  20    0 3606
230 146.000 381.000  90  20    0 3533
231 386.000 107.000  90  20    0 3514
232 103.000 135.000  90  20  116  276
233 358.000 175.000  90  30  777  937
234 219.000 114.000  90  20    0 3633
235 276.000 127.000  90  30  222  382
236 365.000 178.000  90  20  680  840
237 185.000 177.000  90  30    0 3694
238 137.000  77.000  90  30    0 3583
239 169.000  52.000  90  20 3410 3570
240 286.000 259.000  90  30 2602 2762
241 173.000 278.000  90  20  795  955
242 266.000 351.000  90  20    0 3557
243 277.000 103.000  90  20  607  767
244 193.000  38.000  90  10    0 3559
245 130.000 263.000  90  10    0 3627
246  79.000 128.000  90  20 2306 2466
247 202.000 171.000  90  20    0 3692
248  68.000  87.000  90  10  477  637
249  61.000 183.000  90  10 2298 2458
250 264.000 375.000  90  20    0 3535
251 309.000 215.000  90  10    0 3611
252  64.000  83.000  90  30  572  732
253 187.000  92.000  90  30    0 3613
254 239.000 137.000  90  40    0 3647
255  64.000 193.000  90  10    0 3585
256 369.000 135.000  90  10    0 3540
257 267.000   4.000  90  20    0 3514
258 166.000 133.000  90  10 1544 1704
259 164.000 138.000  90  10    0 3650
260 296.000 209.000  90  10 2090 2250
261 178.000  81.000  90  10    0 3600
262 162.000  69.000  90  20    0 3585
263 380.000 129.000  90  10 2440 2600
264  66.000 121.000  90  10    0 3566
265 365.000 288.000  90  10 2000 2160
266 156.000 271.000  90  10    0 3638
267  99.000  84.000  90  10 2989 3149
268  68.000 199.000  90  10    0 3589
269 280.000 142.000  90  20 1982 2142
270 114.000 102.000  90  20    0 3591
271 246.000 246.000  90  20    0 3656
272 152.000 136.000  90  10    0 3641
273 137.000 288.000  90  10  922 1082
274 238.000 399.000  90  20    0 3519
275 123.000 252.000  90  30    0 3629
276  99.000 114.000  90  30  660  820
277 253.000 259.000  90  10    0 3642
278 254.000 137.000   0  10 2491 2651
279 189.000 112.000  90  20  564  724
280 106.000  83.000  90  10  992 1152
281 277.000 376.000  90  20 1961 2121
282 275.000  95.000  90  20  706  866
283 259.000  90.000  90  30    0 3597
284  40.000  83.000  90  20 1585 1745
285 272.000  31.000  90  10    0 3538
286 289.000 203.000  90  10 1130 1290
287 173.000 125.000  90  10  765  925
288 363.000 270.000  90  20 2415 2575
289 270.000 380.000  90  20    0 3528
290 275.000 143.000  90  20    0 3627
291  74.000 124.000  90  30 1933 2093
292 132.000 267.000  90  30    0 3626
293 143.000 187.000  90  20  363  523
294 228.000  97.000  90  20    0 3615
295 269.000 241.000  90  10    0 3641
296  59.000 226.000   0  10    0 3578
297 196.000  35.000  90  10    0 3556
298  94.000  84.000  90  20 2305 2465
299 142.000 363.000  90  20  553  713
300 254.000 250.000  90  20    0 3648
301 283.000 187.000  90  20    0 3637
302 272.000  32.000  90  30  294  454
303 129.000 361.000  90  30 1129 1289
304  86.000 122.000  90  20    0 3583
305 258.000 359.000  90  30    0 3552
306 300.000 200.000  90  20    0 3621
307 281.000  86.000  90  10  896 1056
308 240.000 366.000  90  20  274  434
309 141.000 263.000  90  30    0 3635
310 146.000 196.000  90  20  170  330
311 244.000 358.000  90  10  373  533
312 265.000  94.000  90  20    0 3597
313 208.000 104.000  90  10 2528 2688
314 175.000  89.000  90  10 1295 1455
315 147.000 374.000  90  10 2300 2460
316 226.000 385.000  90  10    0 3535
317 331.000 268.000  90  30  164  324
318  93.000  80.000  90  30 2120 2280
319 141.000 202.000   0  20    0 3662
320 240.000 389.000  90  10 1264 1424
321 167.000  68.000  90  30    0 3585
322 265.000 202.000  90  20    0 3656
323  43.000  54.000  90  20 2300 2460
324 273.000 393.000  90  20    0 3515
325 149.000 192.000  90  30    0 3670
326  62.000 193.000  90  40 1880 2040
327 282.000   7.000  90  30    0 3512
328 222.000  89.000  90  40    0 3608
329 348.000 161.000  90  30 1843 2003
330 384.000 183.000  90  20    0 3537
331 156.000 144.000  90  30    0 3650
332 261.000 363.000  90  30    0 3547
333 231.000 385.000  90  20  691  851
334 267.000 358.000  90  30    0 3550
335 153.000  73.000  90  20    0 3586
336 392.000 106.000  90  20  698  858
337  71.000 115.000  90  40    0 3567
338 226.000 102.000  90  20 1254 1414
339 249.000 252.000  90  10  665  825
340 140.000  69.000  90  30 2158 2318
341 200.000 203.000  90  10    3  163
342 241.000 360.000  90  20  178  338
343  93.000 132.000  90  10  137  297
344 122.000 253.000  90  20 1920 2080
345 172.000 164.000  90  20 3049 3209
346 343.000 279.000  90  30    0 3558
347 254.000 135.000  90  30 2583 2743
348 161.000 101.000  90  10    0 3615
349 268.000 244.000  90  10    0 3641
350  70.000 207.000  90  20    0 3591
351 329.000 156.000  90  20 2744 2904
352 273.000 187.000  90  20  548  708
353 225.000 197.000  90  30 2189 2349
354 349.000 276.000  90  40    0 3554
355  83.000 122.000  90  10    0 3581
356 121.000  56.000  90  20    0 3557
357  36.000  90.000  90  10    0 3524
358  61.000 222.000  90  20    0 3581
359 140.000 187.000  90  20  456  616
360 119.000 276.000  90  20    0 3610
361  60.000 239.000  90  10 2224 2384
362 114.000 103.000  90  20  368  528
363 166.000  31.000  90  20 2918 3078
364 246.000 330.000  90  10  137  297
365  20.000  97.000  90  10 1289 1449
366 281.000 230.000  90  20    0 3635
367 194.000 141.000  90  10    0 3662
368  54.000  68.000  90  20  771  931
369  86.000  59.000  90  10    0 3540
370  68.000 204.000  90  10  418  578
371 382.000 132.000  90  30 2533 2693
372 123.000 175.000  90  30    0 3641
373 251.000 368.000  90  20    0 3546
374 358.000 142.000  90  30    0 3553
375 228.000  68.000  90  10    0 3587
376 171.000 147.000  90  10 1059 1219
377 109.000  82.000  90  10    0 3572
378 351.000 281.000  90  20  841 1001
379 245.000 149.000  90  30 3065 3225
380 285.000  11.000  90  10 1652 1812
381 280.000 121.000  90  20  319  479
382 262.000 363.000  90  10    0 3547
383 261.000 223.000  90  20 3283 3443
384 257.000  97.000  90  20 2764 2924
385 273.000  12.000  90  10 2122 2282
386  57.000 210.000  90  30 1492 1652
387 340.000 166.000  90  20 1559 1719
388 268.000  95.000  90  10  136  296
389 145.000 374.000  90  10 2117 2277
390 239.000 389.000  90  10 1173 1333
391  73.000  97.000  90  20    0 3558
392  53.000  98.000  90  10 1166 1326
393  86.000 133.000  90  10  418  578
394 288.000   1.000  90  20 1459 1619
395 352.000 284.000  90  20    0 3548
396 249.000 384.000  90  20    0 3531
397  81.000 132.000  90  20  513  673
398 105.000 135.000   0  10 2263 2423
399 280.000 238.000  90  20    0 3633
400 376.000 271.000  90  20    0 3532
401 319.000 274.000  90  20    0 3581
402  70.000 213.000  90  10  362  522
403 103.000 116.000  90  20    0 3593
404  76.000 212.000  90  10 3095 3255
405 202.000 216.000  90  20  116  276
406 265.000 344.000  90  20  669  829
407 139.000 250.000  90  10   78  238
408  64.000 219.000  90 -20    0 3584
409 138.000 170.000  90 -10    0 3653
410 268.000  97.000  90 -10 2289 2449
411 147.000 115.000  90 -20 2053 2213
412 339.000 181.000  90 -10 1265 1425
413 151.000 141.000  90 -20 2361 2521
414 116.000  90.000  90 -30    0 3583
415 283.000 362.000  90 -30 2577 2737
416  38.000 172.000  90 -20    0 3557
417 248.000 120.000  90 -20  997 1157
418 273.000 342.000  90 -20    0 3562
419 153.000 180.000  90 -10 3066 3226
420 299.000  39.000  90 -20 3181 3341
421 377.000 124.000  90 -20 2163 2323
422  83.000 186.000  90 -20    0 3604
423 123.000 189.000  90 -20    0 3644
424  67.000  68.000  90 -20 2902 3062
425  66.000 202.000  90 -20    0 3587
426 285.000  23.000  90 -20 2508 2668
427 380.000 153.000  90 -20 3024 3184
428 343.000 169.000  90 -10 1744 1904
429  56.000 196.000  90 -20    0 3577
430 134.000 251.000  90 -10 2801 2961
431 268.000 124.000  90 -20    0 3620
432 182.000 171.000  90 -20    0 3687
433 151.000  69.000  90 -10 2259 2419
434 152.000 363.000  90 -10    0 3552
435  76.000  83.000  90 -10 1067 1227
436 125.000 225.000  90 -10 2224 2384
437 140.000  90.000  90 -20    0 3596
438 261.000 268.000  90 -10    0 3630
439 271.000 343.000  90 -30    0 3562
440  90.000  66.000  90 -10    0 3548
441 275.000 191.000  90 -10    0 3646
442 130.000 364.000  90 -20    0 3543
443 127.000 180.000  90 -10    0 3646
444 371.000 143.000  90 -20 3128 3288
445 293.000  92.000  90 -10    0 3579
446 138.000 356.000  90 -10  359  519
447 270.000 358.000  90 -30    0 3549
448 216.000  84.000  90 -10 2122 2282
449 195.000 184.000  90 -30    0 3705
450 250.000 134.000  90 -10    0 3639
451 186.000  73.000  90 -10 2658 2818
452 255.000 117.000  90 -10 1186 1346
453 100.000  71.000  90 -20 2018 2178
454  92.000  80.000  90 -30    0 3560
455 294.000  26.000  90 -20 2986 3146
456 272.000  78.000  90 -20    0 3580
457 150.000 370.000  90 -20    0 3544
458  41.000 246.000  90 -10    0 3556
459 204.000 146.000  90 -30    0 3667
460 248.000 377.000  90 -20    0 3538
461 301.000 218.000  90 -30    0 3619
462 282.000 242.000  90 -30 2310 2470
463 317.000 165.000  90 -20 2939 3099
464 206.000 185.000  90 -30 2757 2917
465 343.000 161.000  90 -10    0 3573
466  82.000 179.000  90 -20    0 3602
467 156.000 353.000  90 -20 2875 3035
468 143.000 180.000  90 -20    0 3661
469 268.000 149.000  90 -20    0 3636
470 149.000 345.000  90 -10 3253 3413
471 288.000  23.000  90 -20 2601 2761
472 223.000  13.000  90 -30    0 3533
473 358.000 188.000  90 -30    0 3563
474 352.000 291.000  90 -10 1802 1962
475 200.000  21.000  90 -10    0 3542
476 388.000 278.000  90 -10    0 3518
477 211.000  34.000  90 -10 1435 1595
478  76.000 139.000  90 -10    0 3583
479 330.000 173.000  90 -20 1457 1617
480 264.000 253.000  90 -10 1237 1397
481  70.000  63.000  90 -20    0 3533
482 240.000  97.000  90 -10    0 3611
483  69.000 218.000  90 -30 2805 2965
484 290.000 205.000  90 -20    0 3631
485 275.000 209.000  90 -10 1609 1769
486 124.000 160.000  90 -10 1816 1976
487  80.000 181.000  90 -40 3152 3312
488 275.000 269.000  90 -20    0 3620
489 112.000 129.000  90 -10    0 3608
490 118.000 261.000  90 -20    0 3619
491  68.000  70.000  90 -20 3085 3245
492  75.000 208.000  90 -10 3001 3161
493 219.000  84.000  90 -40 2029 2189
494 349.000 179.000  90 -10    0 3571
495 291.000 364.000  90 -30    0 3534
496 238.000 264.000  90 -20 3217 3377
497 346.000 294.000  90 -20    0 3548
498 210.000  35.000  90 -20    0 3556
499 264.000 384.000  90 -30 2157 2317
500  59.000 115.000  90 -20 1194 1354
501 182.000  78.000  90 -10    0 3598
502  88.000 143.000  90 -30    0 3596
503 207.000  91.000  90 -10    0 3612
504 206.000  29.000  90 -20    0 3550
505 180.000  21.000  90 -10    0 3541
506 200.000  26.000  90 -20  864 1024
507 381.000 113.000  90 -30    0 3521
508 128.000 161.000  90 -10 1910 2070
509 290.000   6.000  90 -10    0 3508
510 286.000 193.000  90 -30    0 3635
511 292.000  87.000  90 -40    0 3576
512 224.000 131.000  90 -30    0 3648
513 351.000 264.000  90 -20    0 3557
514 350.000 105.000  90 -20    0 3544
515 241.000 394.000  90 -20 1078 1238
516  93.000  65.000  90 -10    0 3549
517 160.000 138.000  90 -20 1255 1415
518 216.000  35.000  90 -20    0 3556
519  39.000 117.000  90 -10    0 3540
520 282.000  95.000  90 -20    0 3588
521 390.000 134.000  90 -10    0 3520
522 179.000  88.000  90 -30 2946 3106
523 160.000 361.000  90 -10 2684 2844
524 362.000 159.000  90 -20    0 3554
525  69.000  70.000  90 -20 2994 3154
526 243.000 130.000  90 -10    0 3639
527  75.000  49.000  90 -30 2701 2861
528 122.000 130.000  90 -10 2944 3104
529 187.000 186.000  90 -30    0 3702
530 166.000 151.000  90 -20 2849 3009
531 278.000   7.000  90 -20    0 3513
532 117.000  92.000  90 -20    0 3585
533 108.000  87.000  90 -10  622  782
534  56.000 227.000  90 -20    0 3575
535  38.000  87.000  90 -40 1490 1650
536 198.000  90.000  90 -20 2420 2580
537 132.000 353.000  90 -30    0 3554
538 134.000 261.000  90 -40 2995 3155
539 246.000 247.000  90 -10  569  729
540 250.000  97.000  90 -10 2861 3021
541 134.000 360.000  90 -10    0 3548
542  69.000 179.000  90 -20    0 3589
543 312.000 217.000  90 -10 2481 2641
544 231.000 263.000  90 -20 3314 3474
545 268.000 224.000  90 -10    0 3649
546 364.000 284.000  90 -20 2094 2254
547  34.000  58.000  90 -20 2200 2360
548 197.000  18.000  90 -10    0 3539
549 104.000 252.000  90 -20    0 3612
550 228.000 196.000  90 -10    0 3693
551 255.000 100.000  90 -20    0 3607
552 140.000 183.000  90 -40 2296 2456
553 158.000 101.000  90 -10  630  790
554  43.000  66.000  90 -30    0 3515
555 151.000 352.000  90 -20 3065 3225
556 339.000 281.000  90 -30 1222 1382
557 208.000  91.000  90 -30    0 3612
558  72.000 155.000  90 -40    0 3586
559 213.000  11.000  90 -20 2217 2377
560 152.000 181.000  90 -10    0 3670
561 125.000 362.000  90 -20 1318 1478
562  76.000 118.000  90 -10    0 3573
563 241.000 251.000  90 -20    0 3656
564  68.000  53.000  90 -20 2603 2763
565 154.000 342.000  90 -20 3349 3509
566 228.000 180.000  90 -30    0 3687
567  53.000 239.000  90 -20 1736 1896
568 145.000 153.000  90 -10 3261 3421
569 250.000   8.000  90 -20    0 3523
570 299.000  31.000  90 -30    0 3526
571  69.000 126.000  90 -20 1837 1997
572 271.000  21.000  90 -20    0 3529
573  77.000 196.000  90 -10    0 3598
574 364.000  95.000  90 -20    0 3527
575 249.000 121.000  90 -30    0 3629
576  96.000 251.000  90 -20    0 3606
577 206.000  38.000  90 -10 1622 1782
578 305.000 379.000  90 -10    0 3514
579 249.000 354.000  90 -20    0 3560
580  94.000 175.000  90 -40 3453 3613
581 398.000 104.000  90 -20  794  954
582 264.000  95.000  90 -10    0 3599
583 207.000 179.000  90 -20    0 3699
584 388.000 145.000  90 -30    0 3526
585 122.000 261.000  90 -10    0 3622
586 112.000  65.000  90 -10    0 3560
587 351.000 238.000  90 -20    0 3566
588 282.000 198.000  90 -20    0 3639
589 380.000 127.000  90 -10 2348 2508
590  83.000 212.000  90 -10 3285 3445
591 199.000  35.000  90 -20    0 3556
592 272.000 223.000  90 -30    0 3646
593 270.000 355.000  90 -10 2870 3030
594 183.000  37.000  90 -10    0 3558
595 263.000 110.000  90 -10    0 3612
596 122.000 142.000  90 -10    0 3624
597 135.000 176.000  90 -10    0 3652
598 202.000  33.000  90 -20  767  927
599  74.000  85.000  90 -30  278  438
600 254.000 373.000  90 -10    0 3540
601 258.000 134.000  90 -20    0 3634
602  84.000 192.000  90 -10 2870 3030
603 280.000 126.000  90 -20 1671 1831
604 117.000 170.000  90 -20    0 3633
605 199.000 190.000  90 -20    0 3711
606 144.000 261.000  90 -10 3278 3438
607 144.000 183.000  90 -30 2390 2550
608 107.000 138.000  90 -20 2170 2330
609 256.000 370.000  90 -20 2542 2702
610 218.000 172.000  90 -20 1684 1844
611 215.000 188.000  90 -40    0 3702
612  45.000 210.000  90 -30    0 3566
613 170.000  97.000  90 -20 1009 1169
614  87.000  71.000  90 -10 3285 3445
615  96.000 122.000  90 -30 2550 2710
616 102.000 125.000  90 -20 2647 2807
617 174.000 153.000  90 -10    0 3668
618 125.000 369.000  90 -20 1415 1575
619  97.000 139.000  90 -40    0 3602
620 286.000 108.000  90 -10 1899 2059
621 111.000 261.000  90 -20    0 3614
622 126.000 103.000  90 -10 3389 3549
623 259.000 117.000  90 -30    0 3620
624 379.000 124.000  90 -20    0 3527
625 162.000  96.000  90 -30    0 3611
626 136.000 181.000  90 -30    0 3655
627 218.000 109.000  90 -20 1355 1515
628 149.000 244.000  90 -10 3476 3636
629  74.000 218.000  90 -10    0 3594
630 100.000 115.000  90 -40    0 3590
631 132.000 251.000  90 -10 2709 2869
632 145.000  93.000  90 -20  229  389
633 212.000  81.000  90 -20    0 3602
634  57.000 183.000  90 -10 2204 2364
635 188.000 212.000  90 -20    0 3705
636 238.000  91.000  90 -20    0 3606
637 147.000 367.000  90 -20 2490 2650
638 379.000 127.000  90 -20    0 3528
639 105.000  98.000  90 -20    0 3582
640 361.000 156.000  90 -30 2227 2387
641 228.000 162.000  90 -20 1788 1948
642 257.000 102.000  90 -30    0 3608
643 356.000 166.000  90 -20  877 1037
644 190.000 186.000  90 -30    0 3704
645 165.000  85.000  90 -30    0 3601
646 183.000  56.000  90 -20    0 3576
647 236.000 266.000  90 -30    0 3646
648 124.000 250.000  90 -20    0 3631
649 234.000 361.000  90 -20 2844 3004
650 276.000  93.000  90 -20  798  958
651 228.000  32.000  90 -10    0 3551
652 130.000 235.000  90 -10 2325 2485
653  86.000 140.000  90 -20 2991 3151
654 204.000 183.000  90 -20 2948 3108
655  33.000  78.000  90 -10 1777 1937
656  63.000 184.000  90 -10 2390 2550
657 274.000 346.000  90 -20 3062 3222
658 294.000 230.000  90 -10 2686 2846
659  48.000  95.000  90 -30  980 1140
660 202.000  42.000  90 -30    0 3563
661 260.000 161.000  90 -40 2191 2351
662  76.000 219.000  90 -10 2617 2777
663 377.000 132.000  90 -10 1588 1748
664 284.000   5.000  90 -20    0 3509
665  78.000 184.000  90 -10    0 3598
666  78.000 200.000  90 -10    0 3599
667 300.000 203.000  90 -10 2283 2443
668 183.000 156.000  90 -10    0 3674
669 177.000 108.000  90 -20 3154 3314
670 396.000 135.000  90 -10 2728 2888
671  70.000 142.000  90 -10    0 3579
672 363.000 276.000  90 -10    0 3542
673 130.000 273.000  90 -10    0 3620
674 110.000 101.000  90 -10 3283 3443
675  53.000 198.000  90 -10    0 3574
676 251.000 132.000  90 -20    0 3636
677 107.000  84.000  90 -20  901 1061
678 280.000 249.000  90 -20    0 3628
679 155.000 159.000  90 -10 2562 2722
680 132.000 274.000  90 -10    0 3621
681 246.000 390.000  90 -20    0 3526
682 123.000 250.000  90 -30    0 3630
683 140.000  98.000  90 -30    0 3603
684 260.000 249.000  90 -10    0 3644
685 254.000 137.000  90 -10 2491 2651
686 190.000  36.000  90 -20    0 3557
687 173.000  88.000  90 -10    0 3606
688 298.000 362.000  90 -20    0 3532
689 242.000 116.000  90 -20    0 3628
690 212.000  93.000  90 -30    0 3614
691  98.000  86.000  90 -20    0 3569
692 266.000  10.000  90 -10    0 3520
693 289.000 211.000  90 -10    0 3632
694  73.000 183.000  90 -10    0 3593
695 299.000 234.000  90 -20    0 3617
696 289.000 392.000  90 -20 1951 2111
697 253.000 159.000  90 -20    0 3654
698  75.000 136.000  90 -30    0 3581
699 137.000 272.000  90 -30    0 3626
700 126.000 187.000  90 -20    0 3646
701 223.000 189.000  90 -20    0 3696
702 256.000 235.000  90 -10    0 3655
703  59.000 226.000  90 -10    0 3578
704 201.000  13.000  90 -10    0 3534
705  92.000  84.000  90 -20 2397 2557
706 149.000 393.000  90 -20 1722 1882
707 265.000 248.000  90 -20 1332 1492
708 280.000 200.000  90 -20 1321 1481
709 278.000  15.000  90 -30 1842 2002
710 153.000 393.000  90 -30 1816 1976
711  74.000 126.000  90 -20    0 3575
712 242.000 283.000  90 -30    0 3628
713 370.000  95.000  90 -20    0 3522
714 296.000  77.000  90 -10 1309 1469
715 241.000 366.000  90 -20  392  552
716 145.000 253.000  90 -30 3376 3536
717 141.000 164.000  90 -20 2681 2841
718 237.000 373.000  90 -10  490  650
719 243.000  86.000  90 -20  353  513
720 211.000 110.000  90 -10    0 3631
721 166.000 124.000  90 -10 1643 1803
722 155.000 349.000  90 -10    0 3566
723 276.000 350.000  90 -10    0 3553
724 341.000 269.000  90 -30    0 3565
725  85.000 105.000  90 -30 2693 2853
726 141.000 202.000  90 -20    0 3662
727 256.000 386.000  90 -10 1553 1713
728 185.000 162.000  90 -30    0 3681
729 368.000 125.000  90 -20    0 3538
730  55.000  54.000  90 -20 2402 2562
731 270.000 386.000  90 -20    0 3523
732 133.000 196.000  90 -30  740  900
733  59.000 190.000  90 -40 1974 2134
734 278.000  14.000  90 -30 1933 2093
735 234.000 172.000  90 -40 1890 2050
736 328.000 158.000  90 -30 2836 2996
737 342.000 168.000  90 -20 1652 1812
738 164.000 156.000  90 -30 2661 2821
739 297.000 365.000  90 -30 2286 2446
740 267.000 393.000  90 -20    0 3517
741 288.000 357.000  90 -30 2480 2640
742 163.000  81.000  90 -20 1762 1922
743 389.000 122.000  90 -20    0 3517
744  97.000  91.000  90 -40 2801 2961
745 210.000  93.000  90 -20 1553 1713
746 273.000 257.000  90 -10 1525 1685
747 183.000 134.000  90 -30    0 3653
748 191.000 209.000  90 -10  315  475
749 237.000 366.000  90 -20 2748 2908
750  80.000 111.000  90 -10 1186 1346
751 117.000 252.000  90 -20 2015 2175
752 185.000 175.000  90 -20    0 3692
753 351.000 267.000  90 -30    0 3556
754 248.000 133.000  90 -30    0 3639
755 102.000 133.000  90 -10    0 3603
756 287.000 233.000  90 -10 2117 2277
757  54.000 222.000  90 -20    0 3574
758 368.000 103.000  90 -20    0 3528
759 291.000 215.000  90 -20 1898 2058
760 208.000 187.000  90 -30    0 3706
761 361.000 295.000  90 -40    0 3535
762  78.000 127.000  90 -10 1390 1550
763 143.000  76.000  90 -20 1963 2123
764  40.000  73.000  90 -10 1876 2036
765  78.000 230.000  90 -20    0 3596
766 134.000 195.000  90 -20  649  809
767 130.000 245.000  90 -20 2613 2773
768  64.000 235.000  90 -10    0 3581
769 110.000  84.000  90 -20  716  876
770 178.000  48.000  90 -20    0 3568
771 263.000 259.000  90 -10 1141 1301
772 159.000 129.000  90 -10    0 3640
773 280.000 240.000  90 -20 2217 2377
774 196.000 164.000  90 -10 1388 1548
775  41.000  79.000  90 -20    0 3522
776  92.000  88.000  90 -10    0 3566
777  50.000 204.000  90 -10    0 3571
778 397.000 140.000  90 -30 2823 2983
779 146.000 164.000  90 -30 2776 2936
780 266.000 395.000  90 -20    0 3516
781 365.000 158.000  90 -30    0 3551
782 233.000  86.000  90 -10  775  935
783 163.000 135.000  90 -10    0 3647
784 150.000  77.000  90 -10 1866 2026
785 341.000 287.000  90 -20 1126 1286
786 252.000 154.000  90 -30    0 3652
787 286.000  17.000  90 -10    0 3519
788 302.000 104.000  90 -20    0 3581
789 268.000 375.000  90 -10 1341 1501
790 262.000 213.000  90 -20 3383 3543
791 261.000 107.000  90 -20 3146 3306
792 278.000  40.000  90 -10    0 3543
793  60.000 201.000  90 -30 1592 1752
794 350.000 157.000  90 -20    0 3565
795 224.000  63.000  90 -10  570  730
796 146.000 373.000  90 -10    0 3540
797 258.000 387.000  90 -10    0 3526
798  72.000 118.000  90 -20  999 1159
799  44.000  95.000  90 -10    0 3533
800  79.000 135.000  90 -10 1679 1839
801 298.000  22.000  90 -20    0 3518
802 329.000 289.000  90 -20 1506 1666
803 227.000 392.000  90 -20    0 3528
804  79.000 139.000  90 -20    0 3586
805 105.000 135.000  90 -10 2263 2423
806 265.000 262.000  90 -20    0 3632
807 351.000 272.000  90 -20 2704 2864
808 339.000 261.000  90 -20    0 3570
809  51.000 246.000  90 -10    0 3566
810  90.000 111.000  90 -20    0 3580
811  96.000 196.000  90 -10    0 3617
812 197.000 184.000  90 -20  521  681
813 236.000 249.000  90 -20    0 3661
814 127.000 264.000  90 -10  198  358
815 200.000 200.000   0   0    0 3811
