405 405 1000 700 1000
  0 200.000 200.000   0   0    0 3811
  1 271.000 343.000  90  10 3167 3487
  2  85.000 208.000  90  20  141  461
  3  82.000 179.000  90  30 3259 3579
  4 117.000 170.000  90  20 1634 1954
  5  96.000 113.000  90  20  673  993
  6 371.000 171.000  90  10  501  821
  7 150.000  77.000  90  30 1786 2106
  8 271.000 375.000  90  30 1168 1488
  9 201.000 206.000  90  20    6  326
 10 368.000 125.000  90  10 1209 1529
 11 216.000  84.000  90  10 2042 2362
 12 183.000  37.000  90  20 2946 3266
 13 235.000 115.000  90  20  414  734
 14 190.000 186.000  90  40  629  949
 15 280.000  24.000  90  20 2333 2653
 16 261.000 268.000  90  10 2731 3051
 17  72.000 221.000  90  20 2443 2763
 18  73.000 195.000  90  20  621  941
 19  57.000 183.000  90  20 2124 2444
 20 106.000  50.000  90  20 1331 1651
 21 264.000 253.000  90  20 1157 1477
 22  70.000 184.000  90  20  130  450
 23 255.000  15.000  90  20  418  738
 24 355.000 192.000  90  10  155  475
 25  77.000 209.000   0  20 3108 3428
 26  93.000  65.000  90  40 1839 2159
 27 134.000 251.000  90  10 2721 3041
 28 136.000 240.000  90  10 2343 2663
 29 267.000 125.000  90  20 1210 1530
 30 197.000 184.000  90  30  441  761
 31 127.000  62.000  90  10 1126 1446
 32 127.000 180.000  90  30  948 1268
 33 146.000 373.000  90  20 2129 2449
 34 121.000 232.000  90  10 2046 2366
 35  96.000 104.000  90  20  868 1188
 36 351.000 267.000  90  20 2719 3039
 37  34.000  58.000  90  20 2120 2440
 38 282.000 198.000  90  10 1148 1468
 39 377.000 124.000  90  10 2083 2403
 40 252.000 365.000  90  30  173  493
 41  90.000 121.000  90  10  720 1040
 42 253.000 205.000  90  10   53  373
 43  79.000 139.000  90  30 2814 3134
 44 343.000 161.000  90  10 2366 2686
 45 212.000  81.000  90  30 2234 2554
 46 279.000 111.000  90  10  339  659
 47 146.000 343.000  90  10  152  472
 48 265.000 377.000   0  30 2270 2590
 49 368.000 103.000  90  20  217  537
 50  59.000 115.000  90  30 1114 1434
 51 246.000 247.000  90  20  489  809
 52 110.000  89.000  90  10  449  769
 53  78.000  97.000  90  30  159  479
 54 273.000   7.000  90  20  911 1231
 55 263.000 118.000  90  20  103  423
 56  73.000 205.000  90  10  243  563
 57 275.000 209.000  90  10 1529 1849
 58 204.000 146.000  90  30   54  374
 59 262.000 199.000  90  30   84  404
 60 331.000 197.000  90  20  131  451
 61 334.000 177.000  90  10 1281 1601
 62 272.000  78.000  90  20 1115 1435
 63 133.000 196.000  90  10  660  980
 64 132.000 360.000  90  20  755 1075
 65 146.000 208.000  90  20   54  374
 66 271.000 122.000  90  20 1395 1715
 67 218.000 109.000  90  10 1275 1595
 68 154.000 355.000   0  10 2703 3023
 69 275.000  16.000  90  20 2137 2457
 70 200.000  18.000  90  30 1065 1385
 71 374.000 121.000  90  30 1112 1432
 72 337.000 282.000  90  10 1235 1555
 73 283.000 362.000  90  10 2497 2817
 74 195.000  46.000  90  10  154  474
 75 366.000 195.000  90  20  281  601
 76 162.000  96.000  90  20  738 1058
 77  76.000 210.000  90  30 1000 1320
 78 252.000 205.000  90  20   52  372
 79 111.000 185.000  90  10 1241 1561
 80 233.000  86.000  90  20  695 1015
 81 267.000 251.000  90  20 1346 1666
 82  87.000 204.000  90  20  113  433
 83 173.000  88.000  90  20 1308 1628
 84 301.000 218.000  90  30 2502 2822
 85 270.000 358.000  90  10 2697 3017
 86 177.000 135.000  90  10  785 1105
 87 237.000  93.000  90  40  883 1203
 88 285.000  23.000  90  20 2428 2748
 89 200.000  26.000  90  10  784 1104
 90 333.000 264.000  90  20  178  498
 91 194.000 160.000  90  20 1213 1533
 92 261.000 391.000  90  30 1570 1890
 93 224.000  63.000  90  10  490  810
 94 130.000 364.000  90  10 1142 1462
 95 361.000 156.000   0  40 2147 2467
 96  83.000 125.000  90  20 1405 1725
 97 289.000 392.000  90  30 1871 2191
 98 236.000  91.000  90  10  791 1111
 99 214.000  20.000  90  20 2236 2556
100 190.000 141.000  90  10   89  409
101 108.000  87.000  90  20  542  862
102 256.000 386.000  90  20 1473 1793
103 202.000  33.000  90  30  687 1007
104 371.000 113.000  90  30 1013 1333
105 241.000 251.000  90  10  301  621
106 286.000   5.000  90  10 1285 1605
107 250.000  97.000  90  10 2781 3101
108 104.000 252.000  90  10 1456 1776
109  97.000 139.000  90  20 1990 2310
110 263.000  80.000  90  40 1016 1336
111 224.000 131.000  90  30   73  393
112 354.000 273.000  90  20 2531 2851
113 353.000 102.000  90  20  181  501
114 230.000 387.000  90  20  703 1023
115  70.000 114.000  90  10 1013 1333
116 117.000 252.000  90  30 1935 2255
117 163.000 135.000  90  30 1269 1589
118 176.000 121.000  90  20  590  910
119 245.000 136.000  90  10  211  531
120 341.000 269.000  90  10  465  785
121  16.000  56.000  90  30 2012 2332
122 278.000  40.000  90  20  178  498
123 264.000  95.000  90  30 2304 2624
124  90.000 138.000  90  30 1893 2213
125 265.000 248.000  90  10 1252 1572
126 291.000 215.000  90  20 1818 2138
127 275.000   9.000  90  20 1949 2269
128 145.000  93.000  90  10  149  469
129 350.000 105.000  90  10  177  497
130 256.000 370.000  90  40 2462 2782
131 302.000 104.000  90  20 1530 1850
132 140.000 118.000  90  10  101  421
133  74.000 193.000  90  20  126  446
134 227.000 392.000  90  20  799 1119
135  55.000  81.000  90  40  794 1114
136 246.000 119.000  90  20   93  413
137 144.000 343.000  90  30  153  473
138  53.000 215.000  90  40  880 1200
139 252.000 259.000  90  10  774 1094
140  78.000 127.000  90  20 1310 1630
141 134.000 360.000  90  10  663  983
142  64.000 235.000  90  20 2240 2560
143 282.000 213.000  90  10 1627 1947
144 343.000 296.000  90  20 1531 1851
145  75.000  78.000  90  20  295  615
146 288.000 184.000  90  10  756 1076
147 158.000 101.000  90  20  550  870
148 282.000 104.000  90  20 1915 2235
149 170.000  97.000  90  20  929 1249
150 108.000 185.000  90  40 1334 1654
151 152.000  78.000  90  10  346  666
152  59.000  80.000  90  30  588  908
153 127.000 372.000  90  20 1428 1748
154 348.000 283.000  90  30  948 1268
155 250.000   8.000  90  20  517  837
156 215.000 107.000  90  30 1368 1688
157 164.000 156.000  90  20 2581 2901
158 179.000  88.000  90  30 2866 3186
159 200.000  12.000  90  20 2432 2752
160 341.000 287.000  90  10 1046 1366
161 146.000 361.000  90  20  379  699
162  91.000 133.000  90  10  149  469
163 339.000 181.000  90  20 1185 1505
164  55.000  60.000  90  20 2418 2738
165 254.000 373.000  90  10 1366 1686
166  50.000 219.000  90  20 1174 1494
167 275.000  29.000  90  20  186  506
168  92.000 131.000  90  20  242  562
169  74.000  85.000  90  30  198  518
170 186.000  73.000  90  20 2578 2898
171 204.000  21.000  90  10 1160 1480
172 249.000 353.000  90  10  481  801
173 339.000 281.000  90  10 1142 1462
174  53.000 198.000  90  10 1609 1929
175 252.000 227.000  90  20   58  378
176 187.000 186.000  90  20  722 1042
177 211.000 110.000  90  10 2544 2864
178 263.000 259.000  90  10 1061 1381
179 241.000 394.000  90  10  998 1318
180 206.000  29.000  90  10 1258 1578
181 280.000 200.000  90  10 1241 1561
182 140.000  90.000  90  30  125  445
183 136.000 117.000  90  10  104  424
184 343.000 264.000  90  20  370  690
185 275.000 184.000  90  20  561  881
186 384.000 111.000  90  10  820 1140
187  77.000 212.000  90  10 1092 1412
188  76.000 219.000  90  20 2537 2857
189 218.000 172.000  90  10 1604 1924
190 179.000  30.000  90  10 2735 3055
191 268.000  97.000  90  10 2209 2529
192 168.000 123.000  90  10 1656 1976
193 214.000  56.000  90  20  293  613
194 275.000 191.000  90  20  373  693
195 267.000 393.000  90  30 1759 2079
196  69.000  90.000  90  30  171  491
197 223.000  13.000  90  10 1944 2264
198 255.000 384.000  90  10 1381 1701
199 248.000 114.000  90  20  821 1141
200 243.000 103.000  90  20  620  940
201  73.000 130.000  90  20 2039 2359
202 130.000 186.000  90  30  851 1171
203 174.000  92.000   0  20 1122 1442
204 207.000  55.000  90  20  196  516
205  64.000 220.000  90  30  381  701
206  43.000  66.000  90  30 1893 2213
207 234.000 172.000  90  20 1810 2130
208 152.000  81.000  90  20  253  573
209 165.000  93.000  90  30  832 1152
210 273.000 342.000   0  30 3242 3562
211 154.000  95.000  90  20  453  773
212 194.000 187.000  90  10  347  667
213 264.000 384.000  90  20 2077 2397
214 141.000 350.000  90  20  182  502
215 138.000 356.000  90  10  279  599
216 381.000 113.000  90  10  913 1233
217 289.000 105.000  90  10 1725 2045
218 191.000 209.000  90  20  235  555
219  72.000  60.000  90  10 1637 1957
220  67.000  68.000  90  10 2822 3142
221 188.000 212.000  90  10  141  461
222 231.000 143.000  90  30   64  384
223 162.000 110.000  90  30 1760 2080
224 141.000 192.000  90  30  471  791
225  54.000 218.000  90  10  973 1293
226 278.000  14.000  90  20 1853 2173
227 260.000 249.000  90  30  102  422
228 160.000 361.000  90  30 2604 2924
229 131.000 240.000  90  10 2438 2758
230 364.000  95.000  90  20  316  636
231 147.000  84.000  90  20  127  447
232 140.000  98.000  90  20  118  438
233 233.000 101.000  90  20  982 1302
234 171.000 143.000  90  10  885 1205
235 238.000  91.000  90  20  176  496
236 146.000 381.000  90  20 1539 1859
237 386.000 107.000  90  20  522  842
238 103.000 135.000  90  20  116  436
239 276.000 127.000  90  30  142  462
240 185.000 177.000  90  30  920 1240
241 137.000  77.000  90  30 1979 2299
242 111.000 261.000  90  10 1250 1570
243 278.000  15.000  90  10 1762 2082
244 286.000 259.000  90  30 2522 2842
245 173.000 278.000  90  20  715 1035
246 266.000 395.000  90  10 1667 1987
247 266.000 351.000  90  20  686 1006
248 277.000 103.000  90  20  527  847
249  75.000 136.000  90  10 2415 2735
250 358.000 188.000  90  20  181  501
251 258.000 134.000  90  20 2597 2917
252  79.000 128.000  90  20 2226 2546
253  68.000  87.000  90  10  397  717
254  64.000  83.000  90  30  492  812
255 239.000 137.000  90  40  115  435
256  64.000 193.000  90  10  171  491
257 117.000  92.000  90  30  169  489
258 100.000 115.000  90  20  488  808
259 164.000 138.000  90  10 1081 1401
260 296.000 209.000  90  10 2010 2330
261 349.000 179.000  90  20 1085 1405
262  50.000 204.000  90  20  582  902
263 130.000 235.000  90  10 2245 2565
264  99.000  84.000  90  10 2909 3229
265 280.000 142.000  90  20 1902 2222
266 114.000 102.000  90  20  197  517
267 132.000 274.000  90  40  402  722
268 137.000 288.000  90  10  842 1162
269 299.000 234.000  90  30 2703 3023
270  78.000 230.000  90  20 1200 1520
271 223.000 189.000  90  10 2207 2527
272 253.000 259.000  90  10  865 1185
273 211.000  34.000   0  20 1355 1675
274 254.000 137.000  90  10 2411 2731
275 106.000  83.000  90  10  912 1232
276 135.000 176.000  90  30 2027 2347
277 272.000  31.000  90  10  305  625
278 144.000 183.000  90  20 2310 2630
279 255.000 117.000  90  10 1106 1426
280 289.000 211.000  90  30 1912 2232
281 173.000 125.000  90  10  685 1005
282  88.000 143.000  90  20 1797 2117
283 330.000 173.000  90  20 1377 1697
284 132.000 267.000  90  30  214  534
285  78.000 184.000  90  20 2598 2918
286 107.000  84.000  90  10  821 1141
287 143.000 187.000  90  20  283  603
288  59.000 226.000  90  10 1460 1780
289 196.000  35.000  90  10  500  820
290  94.000  84.000  90  20 2225 2545
291 142.000 363.000  90  20  473  793
292 254.000 250.000  90  20  198  518
293  66.000 202.000  90  20  431  751
294 272.000  32.000  90  30  214  534
295  86.000 122.000  90  20  626  946
296 258.000 359.000  90  30  787 1107
297 122.000 261.000  90  10 1059 1379
298 281.000  86.000  90  10  816 1136
299 207.000  91.000  90  30 1567 1887
300  41.000  79.000  90  10 1599 1919
301 244.000 358.000  90  10  293  613
302 147.000 374.000  90  10 2220 2540
303 202.000  42.000  90  20  401  721
304 219.000  84.000  90  30 1949 2269
305 331.000 268.000  90  30  147  467
306  38.000  87.000  90  30 1410 1730
307 141.000 202.000  90  20   59  379
308 240.000 389.000  90  10 1184 1504
309 280.000 126.000  90  20 1591 1911
310 388.000 278.000  90  30 2129 2449
311 329.000 289.000  90  10 1426 1746
312 265.000 202.000  90  20  178  498
313 273.000 257.000  90  20 1445 1765
314 270.000 386.000  90  20 1981 2301
315  90.000 111.000  90  20  769 1089
316  96.000 196.000  90  20  104  424
317 231.000 385.000  90  20  611  931
318 183.000 134.000  90  20  280  600
319 267.000 358.000  90  30  171  491
320  71.000 115.000  90  40 1206 1526
321 116.000  90.000  90  20  261  581
322  90.000  66.000  90  20 1746 2066
323 249.000 252.000  90  10  585  905
324 140.000  69.000  90  30 2078 2398
325 200.000 203.000  90  10    3  323
326 284.000   5.000  90  30 1193 1513
327 155.000 159.000  90  30 2482 2802
328 138.000 170.000  90  30 2505 2825
329 241.000 360.000  90  20  165  485
330 379.000 124.000   0  10 1991 2311
331 242.000 116.000   0  10 3271 3591
332 160.000 138.000  90  30 1175 1495
333 398.000 104.000  90  30  714 1034
334 125.000 362.000  90  20 1238 1558
335 241.000 366.000  90  30  312  632
336  85.000 105.000  90  20 2613 2933
337 208.000 187.000  90  10 2584 2904
338 294.000 230.000  90  10 2606 2926
339  38.000 172.000  90  10 2012 2332
340  56.000 196.000  90  10 1703 2023
341 161.000 101.000  90  10  643  963
342 268.000 244.000   0  10 1738 2058
343 329.000 156.000  90  20 2664 2984
344 273.000 187.000  90  20  468  788
345  83.000 122.000  90  10  533  853
346 200.000  21.000  90  20  972 1292
347 290.000   6.000  90  10 1475 1795
348  39.000 117.000  90  30 1224 1544
349  79.000 135.000  90  10 1599 1919
350  36.000  90.000  90  10 1317 1637
351  61.000 222.000  90  20 1366 1686
352 140.000 187.000  90  20  376  696
353 119.000 276.000  90  20  954 1274
354  60.000 239.000  90  10 2144 2464
355 259.000 117.000  90  10  101  421
356 380.000 127.000  90  20 2268 2588
357 130.000 273.000  90  30  310  630
358 293.000  92.000  90  10 1425 1745
359 114.000 103.000  90  20  288  608
360  77.000 196.000  90  20  715 1035
361 246.000 330.000  90  10  137  457
362  20.000  97.000  90  10 1209 1529
363 149.000 345.000  90  40 3173 3493
364 194.000 141.000  90  10   59  379
365  68.000 204.000  90  10  338  658
366 382.000 132.000  90  30 2453 2773
367 251.000 368.000  90  20  211  531
368 358.000 142.000  90  30 2252 2572
369 228.000  68.000  90  10  587  907
370 140.000 183.000  90  20 2216 2536
371 171.000 147.000  90  10  979 1299
372 109.000  82.000  90  10  728 1048
373 351.000 281.000  90  20  761 1081
374 280.000 121.000  90  20  239  559
375 127.000 264.000  90  10  118  438
376  96.000 251.000  90  20 1358 1678
377 243.000  86.000  90  20  273  593
378 262.000 363.000  90  10  973 1293
379 128.000 161.000  90  10 1830 2150
380 299.000  39.000  90  10 3101 3421
381 377.000 132.000  90  20 1508 1828
382 340.000 166.000  90  20 1479 1799
383 268.000  95.000  90  10  125  445
384  68.000  53.000  90  40 2523 2843
385  73.000  97.000  90  20 1456 1776
386 107.000 138.000  90  10 2090 2410
387  86.000 133.000  90  10  338  658
388  69.000 126.000  90  20 1757 2077
389 177.000 108.000  90  10 3074 3394
390  80.000 111.000  90  30 1106 1426
391  81.000 132.000  90  20  433  753
392 356.000 166.000  90  20  797 1117
393 376.000 271.000  90  20 2232 2552
394 292.000  87.000  90  10 1330 1650
395 319.000 274.000  90  20  140  460
396 213.000  11.000  90  20 2137 2457
397 243.000 130.000  90  20  307  627
398  53.000 239.000  90  20 1656 1976
399  70.000 213.000  90  10  282  602
400 153.000 393.000  90  20 1736 2056
401 103.000 116.000  90  20  395  715
402 202.000 216.000  90  20   36  356
403  78.000 200.000  90  10  809 1129
404 265.000 344.000  90  20  589  909
405 139.000 250.000  90  10   78  398
406 238.000 264.000  90 -10 3137 3457
407  64.000 219.000  90 -20  472  792
408  90.000 178.000  90 -30 3289 3609
409 153.000 180.000  90 -20 2986 3306
410 175.000  89.000  90 -20 1215 1535
411 365.000 178.000  90 -10  600  920
412 178.000  81.000  90 -30 2769 3089
413 297.000 365.000  90 -30 2206 2526
414 240.000 366.000  90 -20  194  514
415 389.000 122.000  90 -10 1891 2211
416 198.000  90.000  90 -10 2340 2660
417 190.000  36.000  90 -20 3043 3363
418 196.000 164.000  90 -20 1308 1628
419 185.000 175.000  90 -40 1012 1332
420 292.000  20.000  90 -20 2714 3034
421 236.000 249.000  90 -10 3339 3659
422  74.000 218.000  90 -20 2630 2950
423  78.000 188.000  90 -20 2692 3012
424  69.000 179.000  90 -20 2408 2728
425  97.000  91.000  90 -20 2721 3041
426 274.000 230.000  90 -20 1934 2254
427  57.000 210.000  90 -20 1412 1732
428 267.000   4.000  90 -20  719 1039
429 317.000 165.000  90 -10 2859 3179
430  77.000 209.000  90 -20 3108 3428
431 100.000  71.000  90 -40 1938 2258
432 141.000 263.000  90 -10 3104 3424
433 136.000 250.000  90 -10 2813 3133
434 253.000 159.000  90 -20 2208 2528
435 195.000 184.000  90 -30  533  853
436  92.000  84.000  90 -10 2317 2637
437 136.000 181.000  90 -30 2122 2442
438 150.000 370.000  90 -20 2315 2635
439 134.000 261.000  90 -10 2915 3235
440 153.000  73.000  90 -20 2273 2593
441 351.000 264.000  90 -20 2812 3132
442  70.000  63.000  90 -20 2726 3046
443 272.000 200.000  90 -10 1339 1659
444 380.000 153.000  90 -10 2944 3264
445 266.000 368.000  90 -30 1070 1390
446  72.000 118.000  90 -10  919 1239
447 286.000 193.000  90 -10  855 1175
448  86.000 140.000  90 -30 2911 3231
449 338.000 161.000  90 -10 2461 2781
450 219.000 114.000  90 -30 2643 2963
451 276.000  93.000  90 -10  718 1038
452 129.000 361.000  90 -10 1049 1369
453 265.000 377.000  90 -30 2270 2590
454 396.000 135.000  90 -20 2648 2968
455  66.000 121.000  90 -30 1661 1981
456 287.000 233.000  90 -20 2037 2357
457 112.000  65.000  90 -10 1021 1341
458  54.000  68.000  90 -30  691 1011
459 273.000  12.000  90 -20 2042 2362
460 282.000  95.000  90 -20 2014 2334
461  40.000 204.000  90 -10  682 1002
462 300.000 203.000  90 -10 2203 2523
463 210.000  93.000  90 -30 1473 1793
464 384.000 183.000  90 -30  393  713
465 356.000 177.000  90 -20  988 1308
466 343.000 169.000  90 -10 1664 1984
467 266.000  90.000  90 -20 2489 2809
468 143.000 180.000  90 -10 2403 2723
469 149.000 393.000  90 -20 1642 1962
470 149.000 192.000  90 -20  185  505
471 254.000 135.000  90 -20 2503 2823
472 208.000 104.000  90 -10 2448 2768
473 154.000 355.000  90 -10 2703 3023
474 294.000  26.000  90 -20 2906 3226
475 206.000  38.000  90 -30 1542 1862
476 380.000 129.000  90 -30 2360 2680
477 363.000 270.000  90 -10 2335 2655
478 274.000 346.000  90 -10 2982 3302
479 216.000  35.000  90 -10 1732 2052
480 356.000 172.000  90 -20  893 1213
481 165.000  85.000  90 -20 1588 1908
482  79.000 178.000  90 -30 3165 3485
483 274.000 204.000  90 -20 1434 1754
484 123.000 175.000  90 -10 1536 1856
485 252.000 154.000  90 -20 2304 2624
486 282.000 248.000  90 -20 2326 2646
487  70.000 207.000  90 -20 2826 3146
488 167.000  68.000  90 -20 2468 2788
489 272.000 223.000  90 -30 3011 3331
490 270.000 355.000  90 -10 2790 3110
491 228.000 196.000  90 -10 2016 2336
492 254.000 106.000  90 -40  721 1041
493 288.000  23.000  90 -20 2521 2841
494 166.000  31.000  90 -10 2838 3158
495 339.000 261.000  90 -20  275  595
496 215.000 174.000  90 -20 1510 1830
497 231.000 263.000  90 -30 3234 3554
498 226.000 102.000  90 -10 1174 1494
499 156.000 353.000  90 -10 2795 3115
500 361.000 156.000  90 -40 2147 2467
501  86.000 126.000  90 -20 1498 1818
502 276.000 350.000  90 -30 2888 3208
503 268.000 124.000  90 -10 1302 1622
504 201.000  13.000  90 -20 2341 2661
505 190.000 138.000  90 -10  182  502
506 110.000  84.000  90 -20  636  956
507 258.000 387.000  90 -20 1567 1887
508 169.000  52.000  90 -30 3250 3570
509 397.000 140.000  90 -30 2743 3063
510 265.000 262.000  90 -10  968 1288
511 288.000   1.000  90 -10 1379 1699
512 255.000 100.000  90 -10 2876 3196
513 122.000 253.000  90 -10 1840 2160
514 118.000 148.000  90 -20 3064 3384
515 269.000  83.000  90 -40  919 1239
516 248.000 120.000  90 -30  917 1237
517 351.000 272.000  90 -20 2624 2944
518 392.000 106.000  90 -20  618  938
519 239.000 389.000  90 -20 1093 1413
520  74.000 126.000  90 -10 1945 2265
521 144.000 261.000  90 -30 3198 3518
522 137.000 124.000  90 -30 2077 2397
523 204.000 183.000  90 -20 2868 3188
524 215.000 188.000  90 -10 2305 2625
525 346.000 294.000  90 -10 1625 1945
526  43.000  54.000  90 -30 2220 2540
527 285.000  11.000  90 -20 1572 1892
528 259.000  90.000  90 -30 2586 2906
529 110.000 121.000  90 -30 2666 2986
530 280.000 240.000  90 -10 2137 2457
531 261.000 223.000  90 -20 3203 3523
532 299.000  31.000  90 -20 3003 3323
533  86.000  59.000  90 -10 1533 1853
534 379.000 127.000  90 -10 2177 2497
535 244.000 277.000  90 -40 2840 3160
536 299.000 108.000  90 -20 1625 1945
537 163.000  81.000  90 -10 1682 2002
538  66.000 228.000  90 -20 1302 1622
539 242.000 283.000  90 -20 2936 3256
540  51.000  95.000  90 -40  993 1313
541 283.000 124.000  90 -20 1497 1817
542 127.000 350.000  90 -30  948 1268
543  41.000 246.000  90 -40 1851 2171
544 290.000 255.000  90 -10 2426 2746
545 105.000 135.000  90 -20 2183 2503
546 148.000 345.000  90 -10 3082 3402
547  76.000 212.000  90 -20 3015 3335
548 312.000 217.000  90 -10 2401 2721
549 351.000 238.000  90 -20 2928 3248
550  74.000 124.000  90 -20 1853 2173
551 289.000 203.000  90 -10 1050 1370
552 159.000 129.000  90 -20 1366 1686
553 257.000 102.000  90 -20 2969 3289
554 156.000 144.000  90 -20 2377 2697
555 125.000 176.000  90 -40 1444 1764
556 152.000 136.000  90 -10 2186 2506
557  53.000  98.000  90 -30 1086 1406
558 150.000 381.000  90 -20 1939 2259
559 365.000 288.000  90 -30 1920 2240
560 266.000  10.000  90 -20  623  943
561 222.000  89.000  90 -30 1853 2173
562 167.000 156.000  90 -20 2674 2994
563 183.000 156.000  90 -30 3072 3392
564 193.000  38.000  90 -20 3137 3457
565 352.000 291.000  90 -10 1722 2042
566 132.000 353.000  90 -20  852 1172
567 122.000 130.000  90 -10 2864 3184
568 365.000 158.000  90 -20 2053 2373
569  68.000  70.000  90 -20 3005 3325
570 234.000 361.000  90 -10 2764 3084
571  46.000 227.000  90 -20 1075 1395
572 278.000   7.000  90 -20 1006 1326
573 102.000 125.000  90 -20 2567 2887
574  73.000  71.000  90 -30 3101 3421
575 187.000  92.000  90 -20 2965 3285
576 209.000  37.000  90 -10 1635 1955
577 268.000 375.000  90 -10 1261 1581
578 332.000 284.000  90 -10 1330 1650
579  80.000 181.000  90 -10 3072 3392
580 256.000 235.000  90 -20   66  386
581 182.000 171.000  90 -20 1107 1427
582 215.000 116.000  90 -10 2738 3058
583 280.000 249.000  90 -10 1635 1955
584 273.000 393.000  90 -10 1774 2094
585 217.000   8.000  90 -10 2042 2362
586 281.000 230.000  90 -10 2910 3230
587  92.000  80.000  90 -30 2131 2451
588 162.000  69.000  90 -10 2373 2693
589 364.000 284.000  90 -20 2014 2334
590 283.000 187.000  90 -20  660  980
591 361.000 125.000  90 -10 1306 1626
592  60.000 201.000  90 -10 1512 1832
593  69.000 218.000  90 -20 2725 3045
594 210.000 185.000  90 -10 2491 2811
595 178.000  48.000  90 -10 3245 3565
596 261.000 107.000  90 -10 3066 3386
597 174.000 153.000  90 -10 2868 3188
598 244.000  70.000  90 -20  379  699
599 287.000 211.000  90 -20 1722 2042
600 236.000 266.000  90 -30 3044 3364
601  48.000  95.000  90 -30  900 1220
602 197.000  18.000  90 -10 2529 2849
603 237.000 366.000  90 -10 2668 2988
604 260.000 156.000  90 -20 2016 2336
605 249.000 121.000  90 -20 1009 1329
606  72.000 155.000  90 -20 2616 2936
607 123.000 189.000  90 -30 1139 1459
608 174.000  92.000  90 -20 1122 1442
609 212.000  93.000  90 -20 1752 2072
610  45.000 210.000  90 -30  780 1100
611  69.000  70.000  90 -30 2914 3234
612 225.000 197.000  90 -20 2109 2429
613 166.000 124.000  90 -20 1563 1883
614 172.000  89.000  90 -30 1399 1719
615 273.000 342.000  90 -30 3242 3562
616 166.000 133.000  90 -20 1464 1784
617 191.000 175.000  90 -10  824 1144
618 267.000 360.000  90 -20 2603 2923
619 155.000 349.000  90 -20 2890 3210
620 137.000 364.000  90 -10  568  888
621 390.000 134.000  90 -10 2551 2871
622 286.000 108.000  90 -10 1819 2139
623 248.000 377.000  90 -20 2563 2883
624 108.000  95.000  90 -10 3013 3333
625  87.000  71.000  90 -10 3205 3525
626 134.000 195.000  90 -10  569  889
627 189.000 112.000  90 -30  484  804
628 151.000 141.000  90 -30 2281 2601
629 131.000 186.000  90 -30  760 1080
630  75.000 208.000  90 -10 2921 3241
631 271.000  21.000  90 -20 2233 2553
632 276.000 252.000  90 -30 1540 1860
633 151.000 352.000  90 -30 2985 3305
634 140.000 265.000  90 -10 3012 3332
635 370.000  95.000  90 -20  412  732
636 197.000  24.000  90 -20  878 1198
637 130.000  88.000  90 -20  132  452
638 228.000  97.000  90 -20 1079 1399
639 212.000 185.000  90 -10 2399 2719
640 240.000  97.000  90 -20  523  843
641 152.000 363.000  90 -20 2506 2826
642 389.000 128.000  90 -20 1795 2115
643  93.000 132.000  90 -20  126  446
644 275.000  95.000  90 -30  626  946
645 249.000 384.000  90 -30 1468 1788
646 182.000  78.000  90 -30 2674 2994
647 123.000 250.000  90 -10 1566 1886
648 298.000  22.000  90 -10 2810 3130
649 275.000 269.000  90 -30 2627 2947
650 123.000 252.000  90 -20 1749 2069
651 270.000 380.000  90 -10 2175 2495
652 305.000 379.000  90 -20 1999 2319
653 296.000  77.000  90 -20 1229 1549
654  75.000 153.000  90 -10 2710 3030
655 358.000 175.000  90 -20  697 1017
656 245.000 149.000  90 -20 2985 3305
657  94.000 175.000  90 -20 3293 3613
658  33.000  78.000  90 -10 1697 2017
659  40.000  73.000  90 -30 1796 2116
660 228.000 162.000  90 -40 1708 2028
661  63.000 184.000  90 -10 2310 2630
662 113.000  92.000  90 -30  355  675
663 170.000  86.000  90 -20 1493 1813
664 141.000 105.000  90 -10 1872 2192
665 309.000 215.000  90 -10 2308 2628
666 348.000 161.000  90 -20 1763 2083
667  54.000 222.000  90 -20 1269 1589
668 145.000 253.000  90 -10 3296 3616
669 145.000 153.000  90 -10 3181 3501
670 260.000 161.000  90 -20 2111 2431
671  76.000  83.000  90 -20  987 1307
672 137.000 272.000  90 -40  498  818
673 132.000 251.000  90 -10 2629 2949
674 268.000 224.000  90 -30 3106 3426
675  84.000 192.000  90 -20 2790 3110
676 207.000 179.000  90 -10 2773 3093
677 269.000 241.000  90 -10 1832 2152
678 211.000  34.000  90 -20 1355 1675
679 250.000 134.000  90 -10 2786 3106
680 121.000  56.000  90 -10 1225 1545
681 152.000 181.000  90 -30 2894 3214
682 282.000   7.000  90 -10 1100 1420
683 146.000 164.000  90 -20 2696 3016
684 275.000 143.000  90 -10 1699 2019
685 300.000 200.000  90 -30 2110 2430
686 202.000 171.000  90 -10 1407 1727
687  96.000 122.000  90 -20 2470 2790
688 362.000 159.000  90 -20 1960 2280
689 124.000 250.000  90 -30 1657 1977
690  85.000 189.000  90 -20 2883 3203
691  89.000  87.000  90 -10 2412 2732
692 124.000 160.000  90 -20 1736 2056
693  46.000 239.000  90 -10 1753 2073
694 228.000  32.000  90 -10 1835 2155
695  92.000  88.000  90 -20 2505 2825
696 158.000 379.000  90 -20 1841 2161
697 246.000 246.000  90 -20  398  718
698  78.000 207.000  90 -20  906 1226
699 274.000   2.000  90 -30  816 1136
700  76.000 118.000  90 -20  825 1145
701 298.000 362.000  90 -30 2299 2619
702 118.000 261.000  90 -10 1153 1473
703 257.000  97.000  90 -10 2684 3004
704 208.000  91.000  90 -30 1658 1978
705  55.000  54.000  90 -10 2322 2642
706 288.000 357.000  90 -10 2400 2720
707 147.000 367.000  90 -10 2410 2730
708 199.000  35.000  90 -20  593  913
709 214.000  88.000  90 -30 2136 2456
710 349.000 276.000  90 -30  566  886
711  75.000  49.000  90 -30 2621 2941
712  83.000 212.000  90 -20 3205 3525
713 246.000 390.000  90 -10 1280 1600
714 268.000 149.000  90 -20 1798 2118
715 363.000 276.000  90 -30 2431 2751
716 361.000 295.000  90 -10 1822 2142
717 272.000 193.000  90 -20  280  600
718 282.000 242.000  90 -20 2230 2550
719 264.000 375.000  90 -20 2363 2683
720 143.000  76.000  90 -20 1883 2203
721  83.000 186.000  90 -20 2976 3296
722 238.000 399.000  90 -20  902 1222
723 172.000 101.000  90 -20 1023 1343
724 261.000 363.000  90 -30  882 1202
725  44.000  95.000  90 -40 1337 1657
726  93.000  55.000  90 -20 1435 1755
727  98.000  86.000  90 -20 2817 3137
728 252.000 253.000  90 -10  678  998
729 151.000  69.000  90 -30 2179 2499
730 146.000 196.000  90 -10   90  410
731 281.000  10.000  90 -30 1666 1986
732 172.000 164.000  90 -30 2969 3289
733 141.000 164.000  90 -30 2601 2921
734 237.000 373.000  90 -20  410  730
735 379.000 124.000  90 -10 1991 2311
736 242.000 116.000  90 -10 3271 3591
737 147.000 115.000  90 -30 1973 2293
738 379.000 136.000  90 -30 1602 1922
739 125.000 369.000  90 -20 1335 1655
740 256.000 396.000  90 -30 1666 1986
741 110.000 101.000  90 -20 3203 3523
742 206.000 185.000  90 -10 2677 2997
743 280.000 238.000  90 -10 2812 3132
744  61.000 183.000  90 -10 2218 2538
745  62.000 193.000  90 -10 1800 2120
746 166.000 151.000  90 -10 2769 3089
747 268.000 244.000  90 -10 1738 2058
748 328.000 158.000  90 -20 2756 3076
749 290.000 205.000  90 -20  958 1278
750  76.000 139.000  90 -10 1694 2014
751 210.000  35.000  90 -20 1447 1767
752 286.000  17.000  90 -10 2617 2937
753  77.000 134.000  90 -30 2322 2642
754  99.000 132.000  90 -10 2370 2690
755 126.000 103.000  90 -10 3279 3599
756  50.000 248.000  90 -20 1951 2271
757 126.000 187.000  90 -20 1045 1365
758 130.000 245.000  90 -20 2533 2853
759  76.000 230.000  90 -10 2343 2663
760 279.000  98.000  90 -10 2108 2428
761 371.000 143.000  90 -20 3048 3368
762 149.000 244.000  90 -30 3334 3654
763 265.000  94.000  90 -10 2395 2715
764  70.000 142.000  90 -20 2513 2833
765  73.000 183.000  90 -20 2503 2823
766 273.000 345.000  90 -10 3074 3394
767  40.000  83.000  90 -10 1505 1825
768 154.000 342.000  90 -40 3252 3572
769 183.000  56.000  90 -10  145  465
770  68.000 199.000  90 -10  524  844
771 388.000 145.000  90 -30 2843 3163
772 249.000 354.000  90 -20  390  710
773 332.000 148.000  90 -30 2565 2885
774 199.000 190.000  90 -10 2967 3287
775 150.000 178.000  90 -20 2801 3121
776 228.000 180.000  90 -10 1910 2230
777  93.000  80.000  90 -10 2040 2360
778 352.000 284.000  90 -20  854 1174
779 278.000 109.000  90 -20  431  751
780 156.000 271.000  90 -10  607  927
781 125.000 225.000  90 -20 2144 2464
782 251.000 132.000  90 -20 2694 3014
783 277.000 376.000  90 -10 1881 2201
784 132.000 172.000  90 -10 1932 2252
785 263.000 110.000  90 -10 3159 3479
786 380.000 135.000  90 -20 1693 2013
787 350.000 157.000  90 -20 1857 2177
788 369.000 135.000  90 -10 1409 1729
789 105.000  98.000  90 -40 3107 3427
790  93.000 145.000  90 -20 3010 3330
791 122.000 142.000  90 -10 2966 3286
792 112.000 129.000  90 -10 2764 3084
793  73.000 129.000  90 -20 2130 2450
794 185.000 162.000  90 -10 3169 3489
795  67.000 109.000  90 -30 1559 1879
796 102.000 133.000  90 -20 2277 2597
797 342.000 168.000  90 -20 1572 1892
798 262.000 213.000  90 -20 3303 3623
799 248.000 133.000  90 -10 2879 3199
800 343.000 279.000  90 -20  662  982
801 180.000  21.000  90 -20 2636 2956
802 187.000 129.000  90 -20  377  697
803  51.000 246.000  90 -20 2043 2363
804  56.000 227.000  90 -10 1553 1873
805 145.000 374.000  90 -20 2037 2357
806  99.000 114.000  90 -20  580  900
807 226.000 385.000  90 -20  516  836
808  59.000 190.000  90 -10 1894 2214
809 291.000 364.000  90 -20 2110 2430
810 130.000 263.000  90 -10   94  414
811 200.000 200.000   0   0    0 3811
