420 420 1000 200 1000
  0 200.000 200.000   0   0    0 1688
  1  35.000 238.000  10  32  169  259
  2 349.000 324.000  10  33  502  605
  3  21.000  82.000  10  26  798  915
  4 146.000 320.000  10  22  433  591
  5 337.000  81.000  10  22  663  793
  6 237.000 243.000  10   9   56  171
  7 343.000 134.000  10   8  953 1095
  8 361.000 194.000  10  12  372  468
  9 330.000 310.000  10  11  614  772
 10 209.000 283.000  10  24  598  666
 11 267.000 221.000  10  24  549  654
 12  57.000 124.000  10  24  161  251
 13 369.000   6.000  10  16  507  618
 14 328.000   8.000  10  36  390  531
 15 184.000 233.000   0  19   36  165
 16  29.000  86.000  10  28  546  624
 17 332.000 124.000  10  22  299  399
 18 393.000 246.000  10  14  451  595
 19 361.000 287.000  10  13  227  314
 20 353.000  65.000  10  24  264  378
 21  73.000 126.000  10  38  373  496
 22 117.000 148.000  10  14   97  199
 23  60.000 319.000  10  29  183  366
 24 255.000  80.000  10  11  467  602
 25 319.000 115.000  10  16  616  743
 26 161.000 124.000  10  17  620  730
 27  85.000 128.000  10  18 1270 1335
 28 152.000 361.000  10  18  971 1117
 29 327.000 115.000  10  15  273  364
 30 151.000 231.000  10  10   66  122
 31 210.000 294.000  10  43   94  209
 32 309.000  53.000  10  26  278  406
 33 108.000  75.000  10  24  155  273
 34 303.000 358.000  10  37  285  427
 35 378.000 118.000  10  12  687  797
 36  45.000 291.000  10  18  179  295
 37  30.000  39.000  10   8  325  440
 38   4.000 307.000  10  14 1021 1163
 39  14.000  53.000   0  12  762  878
 40 232.000 127.000  10  13   79  240
 41 368.000  63.000  10  22  390  469
 42 280.000 224.000  10  20  203  280
 43 348.000 102.000  10  26  345  468
 44 319.000 160.000  10  26  131  234
 45 116.000 102.000   0  10  767  890
 46 220.000 337.000  10  23  268  387
 47 231.000 229.000  10  12 1167 1269
 48  21.000 255.000  10  29  709  843
 49 353.000 357.000  10  20  219  390
 50 324.000 184.000  10  25  125  267
 51 381.000  27.000  10  27  430  525
 52 137.000 132.000  10  20  148  315
 53 147.000 376.000   0  36  183  293
 54 312.000 247.000   0  14  844  951
 55 163.000 270.000  10  14  517  602
 56 384.000 307.000  10   7  328  461
 57 228.000  96.000  10  37  286  388
 58 334.000 186.000  10   1  134  265
 59 213.000 216.000  10   9   20  151
 60 122.000 105.000  10   7  136  250
 61 307.000 396.000   0  28  723  852
 62  13.000 220.000  10  15 1038 1122
 63 327.000  11.000  10  22  563  647
 64 184.000  69.000  10   1  494  543
 65 158.000 121.000  10  17 1046 1195
 66 206.000   7.000  10   8  758  860
 67 202.000   6.000   0  20  587  715
 68 143.000 159.000  10  16   70  199
 69 259.000 285.000  10  14  103  237
 70   1.000 335.000  10  12  240  391
 71 400.000 373.000  10   7  264  384
 72 377.000 144.000  10  23  417  547
 73 200.000 144.000  10  12   56  194
 74 206.000 286.000  10  19  455  548
 75 384.000 294.000  10  20  484  660
 76 315.000 237.000  10  33  473  597
 77 392.000  14.000  10   1  978 1103
 78 269.000 203.000  10  30  325  455
 79 248.000 286.000  10  35   98  220
 80 168.000  15.000  10   6  576  698
 81 391.000  42.000   0  44  927 1032
 82  59.000  51.000  10  14  205  299
 83 250.000 340.000  10  21  148  279
 84  84.000 293.000  10  11  516  626
 85  66.000 118.000  10  27  536  624
 86  98.000 107.000  10  17  876 1023
 87 243.000 287.000  10   8   97  275
 88 362.000 383.000  10  21  244  328
 89  70.000  81.000   0   9  845  939
 90 165.000 335.000  10   3  591  735
 91 313.000  64.000  10  29  351  484
 92 279.000 337.000  10   5  550  686
 93 201.000 195.000  10  12    5  138
 94  52.000 251.000  10   8  156  294
 95 192.000 200.000  10  22    8  117
 96 357.000 202.000  10   5  419  610
 97 348.000 343.000  10  12  318  391
 98 359.000  42.000  10  10  796  918
 99 248.000 124.000  10  19  580  779
100 142.000 385.000  10  16  476  609
101 299.000 270.000  10  24  799  896
102  66.000   5.000  10   3 1084 1216
103 101.000  99.000   0  12 1269 1386
104 186.000 179.000  10  29   25  175
105  55.000 346.000  10  13  405  510
106  85.000  61.000  10  20  180  266
107  19.000  61.000  10  16 1088 1246
108 279.000 262.000  10  19  100  201
109  87.000 164.000  10  11  604  749
110  80.000 392.000  10  16  498  603
111 384.000  72.000   0  21  923 1094
112 234.000  73.000  10   8  131  304
113  68.000 250.000  10  14  533  624
114 192.000 151.000  10  22  536  661
115 184.000 282.000  10  19   83  139
116 223.000  41.000  10  19  506  626
117 361.000 236.000  10  13  164  292
118 199.000  45.000  10  26  732  877
119 364.000 213.000  10  11  527  659
120 168.000 223.000  10  19   39  208
121 166.000 357.000  10  21 1171 1285
122  73.000 292.000  10   8  156  311
123 190.000  27.000  10  10  335  527
124 340.000 290.000  10  39  432  499
125 180.000  15.000  10   7  828  952
126 102.000  42.000  10  17  185  365
127   8.000 363.000  10  39  831  957
128 193.000  18.000  10  22  398  503
129  46.000 102.000  10  25  525  712
130 278.000 265.000   0  23  626  701
131 367.000 300.000  10  16  397  531
132 226.000  52.000  10  17  436  584
133  37.000 397.000  10  50  767  913
134  96.000 209.000  10  28  104  223
135 179.000 175.000  10   2   32  125
136 251.000  70.000  10  24  399  546
137   2.000  17.000  10  11  269  376
138  88.000 372.000  10  14  308  430
139 194.000 121.000  10  21 1237 1338
140 350.000 207.000  10  16  332  453
141 302.000 274.000  10  15  273  341
142 241.000 275.000  10  18  657  765
143 350.000 131.000  10  12  746  887
144 397.000 261.000  10  16  533  666
145 397.000 362.000  10  15  255  374
146 102.000 324.000  10  23  446  566
147 236.000  38.000  10  38  379  516
148  10.000 202.000  10   3  286  396
149  74.000 283.000   0   5 1033 1168
150 197.000 200.000  10  15    3  110
151 395.000 340.000  10  24  240  381
152 166.000 115.000  10  13 1211 1317
153 179.000 125.000  10   4   77  204
154  78.000 261.000  10  32  136  278
155 279.000  91.000   0  22 1264 1383
156  16.000 294.000  10  21  337  448
157   5.000 345.000   0  14 1142 1309
158 369.000 118.000  10  12 1003 1130
159 172.000 109.000  10  13   95  224
160   9.000  47.000  10   5  811  925
161 358.000 261.000  10  19  691  838
162 176.000 154.000  10  15   51  192
163   8.000 119.000  10  11  808  899
164 308.000 178.000  10   4  353  474
165 251.000 381.000  10  17  240  326
166 210.000   1.000  10  11  940 1089
167  30.000 349.000  10   9  654  731
168 309.000 279.000  10  19  134  267
169 133.000 375.000  10  21  634  696
170 103.000  95.000  10  26  549  673
171 296.000 156.000  10  17  105  181
172 153.000 224.000  10  15  731  868
173 265.000 127.000  10  35   97  235
174 354.000 199.000   0  27 1253 1337
175 220.000 238.000  10  12   42  179
176 377.000 282.000  10  20  340  466
177 310.000 340.000  10  11  178  325
178  74.000 213.000  10  33  384  515
179 209.000 208.000  10   8   12  131
180 285.000 136.000   0  11 1049 1158
181 194.000  65.000  10  16  344  459
182  13.000 322.000  10  19  342  423
183  91.000 388.000   0   2  217  329
184 107.000 159.000   0  33 1005 1088
185 110.000 241.000  10   9   98  244
186  92.000  68.000  10  19  673  798
187 291.000 398.000  10  16  489  603
188 200.000  48.000  10  20  181  289
189 267.000 295.000  10  20  683  810
190 393.000 256.000  10  13  327  481
191 308.000 314.000  10  23  615  695
192 371.000 111.000  10   3  211  318
193 338.000 315.000  10   9  928 1007
194 347.000  59.000  10  23  427  545
195 194.000 166.000  10   7  638  769
196 326.000 374.000  10  17  543  642
197 277.000 143.000  10  12  587  731
198  98.000 375.000  10  29  202  282
199 286.000 308.000  10   3  571  713
200 145.000 301.000  10   8  115  281
201 110.000 351.000  10  21  175  261
202  74.000 351.000  10  32  927 1022
203 201.000 255.000  10  16   55  202
204  95.000 391.000  10   5  418  558
205 338.000   5.000  10  23  987 1076
206 376.000 205.000   0   4  427  509
207 300.000 319.000  10  14  155  305
208 170.000 114.000  10   9  598  706
209  93.000  31.000  10  21  623  723
210 162.000  94.000  10  11  112  195
211  66.000 144.000  10  29  145  257
212  52.000 194.000  10   9  518  609
213 384.000  53.000  10  13  912 1017
214 237.000 200.000  10  17   37  100
215 162.000 121.000  10   1   87  238
216  40.000 153.000  10  15  166  318
217 368.000 278.000  10  20  191  321
218  68.000 386.000  10  16  243  405
219 369.000 171.000  10  23  171  257
220   5.000 266.000  10  32  324  441
221 353.000   3.000  10  20  249  311
222 352.000 383.000   0  16  762  864
223  23.000 317.000  10  10  401  536
224 221.000 225.000  10  16   32  186
225 380.000 390.000  10  36  261  365
226 175.000 304.000  10  24  106  202
227 357.000 147.000  10  23  487  604
228 166.000 185.000  10  17   37  143
229 342.000 154.000  10  25  363  466
230  26.000 247.000  10  31  314  491
231 215.000 260.000  10   9   61  156
232 236.000  44.000  10  12  726  851
233 142.000 379.000  10  11  729  862
234 120.000 170.000  10  24  406  539
235 162.000 251.000  10  21   63  195
236 196.000  51.000  10  19  486  604
237 340.000  79.000  10  30  638  731
238 311.000 356.000  10   9  191  296
239 289.000 234.000  10  33   95  198
240 243.000 140.000  10  15 1220 1357
241  82.000  78.000  10  20 1137 1264
242 325.000  45.000  10   8  521  687
243  44.000 296.000  10  18  438  559
244 169.000 235.000  10  35   46  182
245 388.000 106.000  10   9  210  428
246 350.000 214.000  10  28  762  908
247 325.000 130.000  10  19  990 1116
248 339.000  69.000  10  26  908 1054
249 279.000 247.000  10  12   91  157
250 170.000 176.000  10  19  963 1099
251 246.000 247.000  10  21  617  771
252 388.000 275.000  10  21  867 1017
253 286.000  44.000  10  18  500  661
254 100.000 218.000  10  31  101  255
255 186.000  75.000  10  35  738  851
256  76.000  90.000  10   2  704  820
257  52.000 343.000  10  18  353  531
258 362.000 378.000  10  17  440  534
259 138.000 143.000  10  17   84  162
260 169.000 352.000  10   7  220  307
261 352.000 303.000   0   8 1047 1127
262 343.000 359.000  10  26  400  543
263  58.000  98.000  10  15  187  369
264  74.000 231.000  10  11  465  512
265 330.000  76.000  10  10  854 1032
266 165.000 264.000  10  20   72  231
267  94.000 268.000  10  25  332  428
268  11.000 274.000  10  18  733  898
269  54.000 108.000  10  17  223  340
270  68.000 215.000  10  19  942 1030
271 256.000 356.000  10  19  165  318
272 115.000  51.000   0  18  791  936
273 106.000 302.000  10   3  138  253
274 398.000 325.000  10  22  823  957
275 294.000 118.000  10  13  124  254
276 142.000 262.000  10  41  463  591
277 380.000 145.000  10  31  465  610
278  12.000  40.000  10  20  556  703
279 185.000 180.000   0  22 1566 1653
280 314.000 257.000  10  13  127  303
281 341.000  33.000   0  27  233  356
282 344.000 321.000  10   2  211  327
283 146.000 301.000  10  34  283  454
284 146.000 174.000  10  23   59  172
285 356.000 315.000  10  18  366  506
286  43.000  67.000  10  15  362  483
287  39.000  34.000  10  10  231  394
288 397.000 133.000  10  24  692  820
289 180.000 359.000  10  26  880 1032
290 266.000  13.000   0  17  634  755
291  48.000 358.000  10  32  841  941
292  87.000 378.000  10  25  331  434
293 320.000 211.000  10   6  120  195
294 102.000  84.000  10   3  151  237
295 244.000 176.000  10  24   50  173
296 324.000 194.000   0  18 1018 1143
297  24.000  57.000  10  18  226  392
298 389.000 171.000  10   3  397  536
299 299.000 351.000  10  14  180  338
300 153.000 222.000  10  33   51  142
301  42.000 197.000   0  26  358  409
302  41.000 340.000  10  26  809  947
303 196.000  77.000  10   4  785  901
304 156.000   4.000   0  25  200  271
305 372.000 382.000  10   7  547  734
306 234.000 214.000  10  20   36  172
307 118.000 122.000  10  20  903 1028
308 297.000 240.000  10  37  211  339
309 231.000 182.000  10  18   35  140
310 257.000  98.000  10   8  279  427
311  48.000 278.000  10  36  170  303
312 113.000  80.000  10  19  148  292
313 233.000 100.000  10  26  661  741
314 294.000  13.000  10  26  576  628
315 102.000 377.000  10  16  959 1040
316 262.000  30.000  10   8  180  285
317  63.000 166.000   0   4  965 1057
318  38.000 366.000  10  18  231  338
319  45.000  85.000  10  10  876  985
320 390.000 357.000   0  13  965 1148
321 328.000  39.000  10  11  723  819
322 246.000  47.000   0  18 1094 1177
323   4.000 280.000   0  18  211  332
324 256.000 145.000   0  12 1069 1249
325   8.000 285.000  10  24  278  399
326 351.000 199.000  10   4  757  857
327 111.000 286.000  10  21  123  261
328  34.000 371.000  10  18  331  459
329 230.000 139.000   0  14 1262 1363
330 317.000 240.000  10  16  242  396
331  49.000 187.000  10  20  151  285
332 374.000 163.000  10  29  274  387
333 134.000 320.000  10  39  149  211
334 262.000 390.000  10  21  442  541
335 246.000 244.000  10  33  629  759
336 192.000 291.000  10   3   91  245
337 173.000  72.000  10  39  225  354
338 364.000  23.000  10  11 1023 1138
339  31.000 360.000  10  23  232  377
340 268.000 223.000  10  20   71  200
341 107.000  98.000  10  21  138  266
342  32.000 229.000  10   7 1005 1133
343 140.000 387.000  10   8  196  352
344 320.000 373.000  10  22  488  645
345 140.000 131.000   0  34  836  953
346 330.000 313.000  10  27  172  320
347  37.000 106.000  10   5  309  437
348 316.000 383.000  10  14  765  897
349  75.000  76.000  10  23  262  426
350 262.000 233.000   0  16 1050 1199
351 320.000 166.000  10  25  515  686
352  36.000 286.000  10  16  734  821
353 236.000 171.000  10  27   46  181
354 244.000  56.000  10  14  623  731
355 317.000 183.000  10  29  118  228
356 192.000 332.000  10  31  381  526
357 196.000 138.000  10  18   62  217
358 110.000 290.000  10   3  127  214
359 297.000 137.000  10  18  399  547
360 335.000 202.000  10  23  774  915
361  85.000 333.000  10  19  510  673
362 159.000  79.000  10  15  742  872
363  13.000 167.000  10  42  189  266
364 150.000  49.000  10   5  794  931
365  26.000 372.000  10  14  244  375
366 199.000  22.000  10  20  399  538
367 143.000  20.000  10  15 1211 1254
368 213.000 280.000  10  29   81  200
369 384.000  47.000  10  31 1039 1173
370 101.000   8.000  10   3  348  456
371   3.000   2.000  10  16  917 1025
372 396.000 106.000  10  18  241  330
373  92.000  73.000  10   8  301  404
374 186.000 355.000  10  25  155  270
375 349.000 181.000  10   1  221  386
376 102.000 252.000  10  21  110  221
377 154.000  68.000  10  20  694  814
378 302.000 345.000  10   9  177  316
379  36.000 203.000  10  11  363  428
380  81.000 156.000  10  25  395  506
381 100.000  15.000  10  21  260  401
382 209.000 167.000  10  17   34  144
383 163.000 264.000  10  26   73  195
384 231.000  76.000   0  31  786  876
385 380.000 126.000  10  31  194  365
386  16.000 311.000  10  10  242  374
387 253.000 316.000  10  21  393  478
388 380.000 339.000  10  10  701  811
389 155.000 159.000  10  15   60  208
390  53.000  51.000  10  18  209  378
391   2.000 200.000  10  35  286  427
392 164.000  80.000   0  25 1134 1263
393 194.000  43.000  10  26  668  812
394   7.000 143.000  10   4  250  446
395  37.000 119.000  10  15  467  615
396 367.000 361.000  10  22  441  564
397 137.000  68.000  10  25  146  277
398 306.000 361.000  10   4  649  792
399 135.000 384.000  10  13  197  320
400 105.000 360.000  10  10  741  860
401  56.000 156.000  10  19  613  782
402 379.000 254.000   0   3  220  388
403  88.000 121.000  10  15  524  642
404 145.000 165.000  10  13   65  220
405 300.000 272.000  10  15  628  787
406 349.000 135.000  10  28  491  634
407   0.000 155.000  10   9  205  338
408 177.000 174.000  10  10   34  159
409   4.000  60.000  10  29  240  390
410 254.000   0.000  10   4  627  748
411 229.000 105.000  10  26  811  930
412 243.000 215.000  10   7   45  138
413 278.000 221.000  10  27  874  960
414 168.000 268.000  10  22 1008 1128
415 284.000 311.000  10  19  300  429
416 234.000  37.000  10  12  486  569
417 259.000   4.000  10  26  581  661
418  13.000  96.000  10  19  722  811
419 246.000 152.000  10   5  581  651
420  18.000 102.000  10  18  206  350
421  18.000 235.000  10 -32  185  307
422 343.000 322.000  10 -33  781  872
423  76.000  72.000  10 -26  963 1086
424 131.000 275.000  10 -22  462  626
425 341.000  78.000  10 -22  772  918
426 276.000 298.000  10  -9  124  226
427 303.000 142.000  10  -8 1021 1163
428 369.000 211.000  10 -12  428  527
429 325.000 294.000  10 -11 1114 1207
430 237.000 259.000  10 -24 1157 1221
431 243.000 209.000  10 -24 1331 1458
432  51.000 205.000  10 -24 1175 1287
433 381.000  12.000  10 -16  543  668
434 339.000   3.000  10 -36  755  881
435 184.000 233.000  10 -19   36  165
436  51.000  64.000  10 -28  750  871
437 306.000  85.000  10 -22 1102 1216
438 349.000 249.000  10 -14  832  938
439 397.000 283.000  10 -13  343  510
440 364.000  55.000  10 -24  304  406
441  86.000 112.000  10 -38  655  801
442 103.000 154.000  10 -14 1044 1197
443  79.000 344.000  10 -29  188  320
444 303.000 112.000  10 -11  833  943
445 279.000 148.000  10 -16 1392 1543
446  97.000 105.000  10 -17  890 1028
447 159.000 164.000  10 -18 1267 1436
448 161.000 346.000  10 -18 1006 1137
449 334.000  92.000  10 -15  429  488
450  85.000 256.000  10 -10  949 1089
451 205.000 372.000  10 -43  852  956
452 309.000  18.000  10 -26  323  499
453 168.000  87.000  10 -24  889  975
454 247.000 377.000  10 -37 1187 1273
455 400.000 109.000  10 -12  818  907
456  18.000 294.000  10 -18  435  570
457   2.000  52.000  10  -8  619  765
458  26.000 275.000  10 -14 1076 1218
459  14.000  53.000  10 -12  762  878
460 217.000  98.000  10 -13  103  165
461 377.000  72.000  10 -22 1276 1371
462 299.000 227.000  10 -20  102  242
463 321.000  85.000  10 -26  383  515
464 352.000 156.000  10 -26  854  971
465 116.000 102.000  10 -10  767  890
466 229.000 371.000  10 -23  964 1091
467 217.000 211.000  10 -12 1149 1241
468  33.000 226.000  10 -29 1152 1262
469 371.000 349.000  10 -20  226  352
470 343.000 184.000  10 -25 1079 1197
471 370.000  57.000  10 -27 1058 1208
472 125.000 122.000  10 -20  108  234
473 147.000 376.000  10 -36  183  293
474 312.000 247.000  10 -14  844  951
475 192.000 268.000  10 -14  487  590
476 394.000 299.000  10  -7  768  849
477 220.000  71.000  10 -37  613  769
478 348.000 189.000  10  -1  233  334
479 302.000 300.000  10  -9  793  901
480   6.000  20.000  10  -7  264  394
481 307.000 396.000  10 -28  723  852
482  92.000 238.000  10 -15 1151 1308
483 350.000  18.000  10 -22 1066 1236
484 203.000  40.000  10  -1  756  857
485 177.000 139.000  10 -17 1494 1613
486 234.000   7.000  10  -8 1054 1208
487 202.000   6.000  10 -20  587  715
488  73.000 124.000  10 -16  500  636
489 308.000 327.000  10 -14  329  478
490  55.000 341.000  10 -12  651  730
491 362.000 399.000  10  -7  843  968
492 399.000 179.000  10 -23  383  543
493 165.000 126.000  10 -12 1190 1324
494 236.000 260.000  10 -19 1062 1205
495 358.000 309.000  10 -20  826  916
496 285.000 184.000  10 -33  974 1115
497 357.000  38.000  10  -1 1061 1178
498 287.000 225.000  10 -30  686  835
499 230.000 234.000  10 -35 1543 1609
500 156.000  32.000  10  -6  706  905
501 391.000  42.000  10 -44  927 1032
502  29.000   9.000  10 -14  793  888
503 226.000 378.000  10 -21  326  422
504  80.000 282.000  10 -11  514  559
505  32.000  78.000  10 -27  613  714
506 102.000 118.000  10 -17 1120 1248
507 292.000 392.000  10  -8  624  728
508 348.000 371.000  10 -21  621  713
509  70.000  81.000  10  -9  845  939
510 174.000 326.000  10  -3  914 1026
511 326.000  79.000  10 -29  772  870
512 287.000 343.000  10  -5  649  821
513 125.000 175.000  10 -12  121  233
514 136.000 226.000  10  -8  960 1066
515 175.000 192.000  10 -22  874 1004
516 368.000 215.000  10  -5  663  821
517 287.000 279.000  10 -12 1167 1256
518 344.000  72.000  10 -10 1029 1130
519 214.000 119.000  10 -19  964 1096
520 136.000 373.000  10 -16  548  710
521 303.000 258.000  10 -24  938 1069
522  73.000   4.000  10  -3 1342 1445
523 101.000  99.000  10 -12 1269 1386
524 232.000 131.000  10 -29 1090 1211
525  80.000 365.000  10 -13  404  525
526 108.000  48.000  10 -20  797  896
527  52.000  94.000  10 -16 1088 1226
528 243.000 275.000  10 -19  865 1004
529  94.000 165.000  10 -11  602  726
530 122.000 397.000  10 -16  504  679
531 384.000  72.000  10 -21  923 1094
532 266.000   8.000  10  -8  535  655
533  75.000 238.000  10 -14  959 1081
534 196.000 129.000  10 -22  730  833
535 153.000 315.000  10 -19  124  227
536 220.000  38.000  10 -19  544  646
537 384.000 248.000  10 -13  190  321
538 193.000  29.000  10 -26  738  806
539 329.000 208.000  10 -11 1272 1391
540 105.000 254.000  10 -19  353  494
541 146.000 324.000  10 -21 1360 1494
542  93.000 283.000  10  -8  283  409
543 140.000  40.000  10 -10  958 1103
544 340.000 276.000  10 -39  841  925
545 187.000  23.000  10  -7  962 1075
546 100.000  10.000  10 -17  248  353
547  40.000 336.000  10 -39 1174 1267
548 166.000  19.000  10 -22 1159 1270
549  55.000 115.000  10 -25  725  871
550 278.000 265.000  10 -23  626  701
551 381.000 290.000  10 -16  444  524
552 234.000  20.000  10 -17  369  497
553  50.000 385.000  10 -50  750  926
554  84.000 206.000  10 -28  525  659
555 218.000 134.000  10  -2 1226 1354
556 264.000  69.000  10 -24  613  748
557   2.000  29.000  10 -11 1282 1417
558 108.000 395.000  10 -14  526  650
559 186.000 145.000  10 -21 1448 1563
560 362.000 207.000  10 -16  734  887
561 305.000 257.000  10 -15  601  668
562 239.000 252.000  10 -18 1271 1424
563 321.000 144.000  10 -12 1032 1126
564 387.000 267.000  10 -16  833  980
565 381.000 375.000  10 -15 1044 1129
566  72.000 315.000  10 -23  630  763
567 207.000 185.000  10 -38 1190 1281
568  47.000 190.000  10  -3  591  701
569  74.000 283.000  10  -5 1033 1168
570  92.000 255.000  10 -15  369  508
571 371.000 386.000  10 -24  274  405
572 196.000 107.000  10 -13 1274 1415
573 148.000  71.000  10  -4  759  901
574  67.000 318.000  10 -32  212  309
575 279.000  91.000  10 -22 1264 1383
576  38.000 291.000  10 -21  463  585
577   5.000 345.000  10 -14 1142 1309
578 362.000 115.000  10 -12 1012 1141
579 168.000 100.000  10 -13  606  689
580   6.000  62.000  10  -5  858  966
581 266.000 234.000  10 -19  852 1003
582 171.000 168.000  10 -15 1308 1429
583  17.000  99.000  10 -11  980 1063
584 332.000 216.000  10  -4  418  506
585 256.000 385.000  10 -17  552  670
586 231.000  36.000  10 -11  965 1126
587  11.000 328.000  10  -9  716  849
588 322.000 281.000  10 -19  146  252
589 138.000 306.000  10 -21  810  948
590 114.000  88.000  10 -26  645  733
591 326.000 156.000  10 -17  238  375
592 160.000 222.000  10 -15 1248 1370
593 273.000 118.000  10 -35  109  284
594 354.000 199.000  10 -27 1253 1337
595 267.000 321.000  10 -12  584  712
596 338.000 290.000  10 -20  613  717
597 326.000 335.000  10 -11  946 1047
598  26.000 199.000  10 -33  742  903
599 278.000 289.000  10  -8  118  223
600 285.000 136.000  10 -11 1049 1158
601 201.000   6.000  10 -16  532  669
602  50.000 315.000  10 -19  616  670
603  91.000 388.000  10  -2  217  329
604 107.000 159.000  10 -33 1005 1088
605  81.000 290.000  10  -9  341  491
606 131.000  82.000  10 -19  880  942
607 271.000 371.000  10 -16  716  818
608 159.000  11.000  10 -20 1162 1244
609 246.000 298.000  10 -20  931 1011
610 391.000 260.000  10 -13  555  682
611 291.000 304.000  10 -23 1020 1087
612 382.000  49.000  10  -3  820  962
613 356.000 299.000  10  -9 1008 1124
614 348.000  41.000  10 -23  621  724
615 212.000 197.000  10  -7  793  945
616 316.000 327.000  10 -17  732  824
617 238.000 124.000  10 -12  502  682
618  57.000 381.000  10 -29  230  323
619 299.000 308.000  10  -3  530  627
620 163.000 364.000  10  -8  761  844
621 103.000 361.000  10 -21  408  542
622  77.000 319.000  10 -32 1181 1326
623 213.000 332.000  10 -16  620  845
624  97.000 387.000  10  -5  509  644
625 338.000  14.000  10 -23 1137 1296
626 376.000 205.000  10  -4  427  509
627 311.000 344.000  10 -14  181  302
628 178.000 103.000  10  -9  601  664
629  96.000  22.000  10 -21  782  881
630 183.000  71.000  10 -11  718  841
631  46.000 110.000  10 -29  510  645
632 116.000 195.000  10  -9  997 1165
633 317.000  68.000  10 -13 1123 1227
634 247.000 212.000  10 -17  102  273
635 131.000  89.000  10  -1  130  268
636  43.000 121.000  10 -15  948 1051
637 321.000 287.000  10 -20  543  669
638  41.000 399.000  10 -16  254  356
639 391.000 136.000  10 -23  201  394
640  49.000 222.000  10 -32 1093 1191
641 359.000  31.000  10 -20 1209 1328
642 352.000 383.000  10 -16  762  864
643  26.000 326.000  10 -10  595  701
644 231.000 320.000  10 -16  123  294
645 359.000 389.000  10 -36  998 1140
646 138.000 326.000  10 -24  523  628
647 344.000 154.000  10 -23  936 1091
648 151.000 188.000  10 -17   50  204
649 382.000 169.000  10 -25  628  719
650  26.000 260.000  10 -31  577  712
651 230.000 266.000  10  -9  789  937
652 244.000  50.000  10 -12  921 1018
653 160.000 313.000  10 -11  809  938
654 124.000 179.000  10 -24  675  792
655 201.000 242.000  10 -21  725  845
656 225.000  53.000  10 -19 1042 1152
657 366.000  97.000  10 -30  742  833
658 296.000 388.000  10  -9  211  360
659 294.000 249.000  10 -33  435  538
660 195.000 148.000  10 -15 1270 1412
661  74.000  87.000  10 -20 1308 1431
662 384.000  64.000  10  -8 1055 1106
663  44.000 277.000  10 -18  492  605
664 202.000 158.000  10 -35 1116 1230
665 355.000  41.000  10  -9  812  897
666 356.000 223.000  10 -28  917 1048
667 319.000 113.000  10 -19 1108 1257
668 338.000 106.000  10 -26  894 1038
669 309.000 274.000  10 -12  276  436
670 191.000 167.000  10 -19  891 1043
671 240.000 201.000  10 -21  709  828
672 344.000 236.000  10 -21  813  985
673 290.000  82.000  10 -18  859  967
674  91.000 233.000  10 -31  439  524
675 177.000  77.000  10 -35  760  868
676  56.000  97.000  10  -2  892 1020
677  68.000 378.000  10 -18  630  763
678 390.000 376.000  10 -17  406  549
679  87.000 147.000  10 -17  831  947
680 173.000 384.000  10  -7  185  284
681 352.000 303.000  10  -8 1047 1127
682 336.000 386.000  10 -26  654  830
683  37.000  21.000  10 -15  846 1001
684  70.000 231.000  10 -11 1067 1157
685 334.000 100.000  10 -10 1101 1203
686 174.000 329.000  10 -20  673  757
687 124.000 221.000  10 -25  943 1094
688  36.000 288.000  10 -18  883 1060
689  35.000  79.000  10 -17  385  490
690 163.000 207.000  10 -19 1081 1199
691 260.000 352.000  10 -19  349  471
692 115.000  51.000  10 -18  791  936
693  92.000 384.000  10  -3  346  490
694 365.000 303.000  10 -22  848  986
695 285.000 107.000  10 -13  442  589
696 157.000 220.000  10 -41 1322 1460
697 381.000 144.000  10 -31  443  566
698  15.000   4.000  10 -20  665  763
699 185.000 180.000  10 -22 1566 1653
700 305.000 255.000  10 -13  285  367
701 341.000  33.000  10 -27  233  356
702 375.000 294.000  10  -2  555  681
703 162.000 316.000  10 -34  559  663
704 125.000 182.000  10 -23   77  205
705 366.000 340.000  10 -18  650  810
706  40.000  31.000  10 -15  526  656
707   2.000   3.000  10 -10  768  851
708 379.000 126.000  10 -24  869  893
709 193.000 390.000  10 -26  981 1119
710 266.000  13.000  10 -17  634  755
711 142.000 238.000  10 -32 1125 1259
712 117.000 381.000  10 -25  561  713
713 398.000 258.000  10  -6  567  659
714  41.000  93.000  10  -3  952 1065
715 310.000 163.000  10 -24  655  760
716 324.000 194.000  10 -18 1018 1143
717  13.000  59.000  10 -18  512  636
718 395.000 167.000  10  -3  926 1065
719 299.000 399.000  10 -14  750  828
720 147.000 210.000  10 -33   53  157
721  42.000 197.000  10 -26  358  409
722  52.000 301.000  10 -26  882  997
723 148.000  94.000  10  -4  798  908
724 156.000   4.000  10 -25  200  271
725 371.000 396.000  10  -7  530  702
726 294.000 184.000  10 -20  999 1176
727  79.000  95.000  10 -20 1182 1300
728 274.000 247.000  10 -37  893 1024
729 277.000 163.000  10 -18  520  692
730 219.000  49.000  10  -8  416  537
731  56.000 292.000  10 -36  446  596
732 126.000  90.000  10 -19  840  921
733 238.000 119.000  10 -26  616  761
734 280.000   5.000  10 -26  982 1080
735 140.000 344.000  10 -16 1253 1353
736 274.000   7.000  10  -8  293  396
737  63.000 166.000  10  -4  965 1057
738  17.000 348.000  10 -18  376  530
739 123.000 176.000  10 -10 1107 1262
740 390.000 357.000  10 -13  965 1148
741 320.000  24.000  10 -11  938 1108
742 246.000  47.000  10 -18 1094 1177
743   4.000 280.000  10 -18  211  332
744 256.000 145.000  10 -12 1069 1249
745  41.000 337.000  10 -24  612  756
746 345.000 195.000  10  -4  900  994
747 126.000 208.000  10 -21 1340 1429
748  12.000 368.000  10 -18  748  825
749 230.000 139.000  10 -14 1262 1363
750 308.000 217.000  10 -16  923 1092
751  32.000 163.000  10 -20  200  268
752 395.000 113.000  10 -29  544  646
753 119.000 286.000  10 -39  797  890
754 244.000 285.000  10 -21 1289 1377
755 250.000 183.000  10 -33  970 1103
756 178.000 353.000  10  -3  919 1026
757 129.000  53.000  10 -39  708  824
758 376.000  19.000  10 -11 1244 1347
759   8.000 384.000  10 -23  973 1079
760 282.000 252.000  10 -20  811  955
761  75.000  89.000  10 -21  753  929
762  84.000 221.000  10  -7 1046 1189
763 108.000 399.000  10  -8  219  335
764 325.000 311.000  10 -22  561  694
765 140.000 131.000  10 -34  836  953
766 348.000 319.000  10 -27  264  429
767  91.000  61.000  10  -5 1395 1502
768 330.000 353.000  10 -14 1139 1264
769  59.000  89.000  10 -23  729  840
770 262.000 233.000  10 -16 1050 1199
771 359.000 157.000  10 -25  761  888
772  59.000 285.000  10 -16 1107 1216
773 271.000 116.000  10 -27  875  973
774 316.000 112.000  10 -14  922 1036
775 323.000 218.000  10 -29  767  903
776 228.000 341.000  10 -31  942 1102
777 206.000 106.000  10 -18  232  375
778  65.000 335.000  10  -3  273  415
779 248.000 126.000  10 -18  585  749
780 336.000 201.000  10 -23  750  921
781  90.000 311.000  10 -19  632  736
782 158.000  85.000  10 -15  892 1004
783  68.000 143.000  10 -42 1207 1333
784 208.000  86.000  10  -5  908 1038
785   5.000 344.000  10 -14 1211 1337
786 208.000  20.000  10 -20  530  702
787 154.000  41.000  10 -15 1240 1361
788 213.000 305.000  10 -29  459  551
789 378.000  30.000  10 -31 1042 1187
790 123.000  30.000  10  -3  666  759
791   3.000  15.000  10 -16 1062 1171
792 377.000  29.000  10 -18  714  810
793  78.000  85.000  10  -8  688  824
794 157.000 378.000  10 -25  876  987
795 374.000 175.000  10  -1  299  418
796  48.000 304.000  10 -21  197  292
797 177.000  55.000  10 -20  731  810
798 304.000 395.000  10  -9  488  600
799  78.000 194.000  10 -11  898 1009
800 123.000 159.000  10 -25 1264 1395
801 111.000   4.000  10 -21  468  582
802 211.000 153.000  10 -17   48  142
803  54.000 341.000  10 -26  268  378
804 231.000  76.000  10 -31  786  876
805 397.000  73.000  10 -31  234  333
806  40.000 314.000  10 -10  667  812
807 304.000 319.000  10 -21  827  925
808 343.000 335.000  10 -10  819  917
809 102.000 149.000  10 -15  465  579
810  26.000  70.000  10 -18  860 1013
811  46.000 197.000  10 -35  392  484
812 164.000  80.000  10 -25 1134 1263
813 188.000  67.000  10 -26  996 1133
814  16.000 114.000  10  -4  697  779
815  35.000 160.000  10 -15  969 1096
816 310.000 363.000  10 -22 1012 1137
817 160.000  62.000  10 -25  655  793
818 264.000 341.000  10  -4  971 1141
819 117.000 395.000  10 -13  371  462
820 193.000 216.000  10 -10 1181 1311
821  96.000 162.000  10 -19  865  989
822 379.000 254.000  10  -3  220  388
823 135.000 161.000  10 -15 1326 1404
824  41.000 183.000  10 -13 1128 1256
825 273.000 182.000  10 -15  825  905
826 338.000 150.000  10 -28  691  876
827  11.000 135.000  10  -9  199  348
828 195.000 121.000  10 -10  834  938
829   8.000  68.000  10 -29  615  721
830 300.000  64.000  10  -4 1110 1235
831 236.000 119.000  10 -26 1283 1447
832 337.000 248.000  10  -7  448  536
833 262.000 212.000  10 -27 1100 1181
834 184.000 235.000  10 -22 1094 1183
835 285.000 287.000  10 -19  704  816
836 231.000   6.000  10 -12  673  759
837 292.000  33.000  10 -26  893 1024
838  69.000  82.000  10 -19  838  942
839 244.000 135.000  10  -5  641  732
840  59.000  49.000  10 -18  400  447
841 200.000 200.000   0   0    0 1688
