419 419 1000 200 1000
  0 200.000 200.000   0   0    0 1688
  1 234.000  20.000  10  15    0 1495
  2 148.000  94.000  10  23  838  868
  3  35.000 238.000  10  32  191  221
  4 356.000 223.000  10  28    0 1521
  5 349.000 324.000  10  33  538  568
  6 146.000 320.000  10  22    0 1547
  7 337.000  81.000  10  22    0 1497
  8 160.000 313.000  10   8    0 1559
  9 343.000 134.000   0   8 1009 1039
 10  13.000  59.000  10  13    0 1444
 11 123.000  30.000   0  12    0 1492
 12 156.000  32.000  10  34    0 1505
 13 361.000 194.000  10  12    0 1517
 14 326.000 335.000  10  11    0 1494
 15  57.000 124.000  10  24    0 1517
 16  51.000 205.000  10  26    0 1529
 17 369.000   6.000  10  16    0 1421
 18 131.000  89.000  10  26  140  170
 19 162.000 316.000  10  30    0 1556
 20 340.000 276.000  10  43    0 1519
 21 129.000  53.000  10  14  751  781
 22 348.000 319.000   0  29    0 1489
 23  16.000 114.000  10  26  723  753
 24  60.000 319.000  10  29  255  285
 25 244.000  50.000  10  23    0 1522
 26  35.000 160.000  10  13    0 1509
 27 232.000 131.000   0  20    0 1602
 28 211.000 153.000  10  14   56   86
 29 152.000 361.000  10  18    0 1510
 30 327.000 115.000  10  15  303  333
 31 151.000 231.000  10  10   79  109
 32 210.000 294.000  10  43    0 1584
 33 309.000  53.000  10  26    0 1495
 34 108.000  75.000  10  24    0 1523
 35 303.000 358.000  10  37    0 1490
 36  45.000 291.000  10  18    0 1499
 37  30.000  39.000  10   8    0 1444
 38   4.000 307.000  10  14    0 1455
 39 151.000 188.000  10  18   50   80
 40 368.000  63.000  10  22    0 1462
 41 280.000 224.000  10  20    0 1595
 42 348.000 102.000  10  26    0 1501
 43 319.000 160.000  10  26    0 1553
 44 264.000  69.000  10  15    0 1533
 45 231.000 229.000  10  12    0 1636
 46  81.000 290.000   0  14  401  431
 47 353.000 357.000  10  20    0 1459
 48 324.000 184.000  10  25    0 1553
 49 305.000 255.000  10  11    0 1560
 50 137.000 132.000  10  20    0 1586
 51 147.000 376.000  10  36  193  223
 52 163.000 270.000  10  14    0 1599
 53 384.000 307.000  10   7    0 1466
 54 228.000  96.000  10  37    0 1571
 55 334.000 186.000  10   1    0 1544
 56 339.000   3.000  10   8    0 1437
 57 158.000  85.000  10  22    0 1556
 58  75.000 238.000  10  13    0 1548
 59 303.000 112.000  10  21  873  903
 60 299.000 227.000   0  25    0 1576
 61 299.000 399.000  10  11    0 1456
 62  46.000 197.000  10  21    0 1524
 63  97.000 387.000  10  37    0 1465
 64 234.000   7.000  10  10    0 1483
 65 327.000  11.000  10  22    0 1451
 66 348.000 189.000  10  17    0 1530
 67 158.000 121.000  10  17 1105 1135
 68 206.000   7.000  10   8    0 1485
 69 325.000 311.000  10  15  613  643
 70 143.000 159.000  10  16    0 1608
 71 366.000  97.000  10  23    0 1483
 72  76.000  72.000   0   8    0 1500
 73   1.000 335.000  10  12    0 1438
 74 123.000 159.000  10  30 1315 1345
 75 140.000 344.000  10   6    0 1522
 76 390.000 376.000  10   2    0 1420
 77 206.000 286.000   0  19    0 1592
 78 248.000 286.000  10  35    0 1580
 79 168.000  15.000  10   6    0 1491
 80  59.000  51.000  10  14    0 1473
 81 100.000  10.000  10  27    0 1464
 82  66.000 118.000  10  27    0 1521
 83  98.000 107.000  10  17    0 1540
 84 243.000 287.000  10   8  137  167
 85 230.000 266.000  10  14    0 1606
 86 148.000  71.000  10   8    0 1539
 87   6.000  62.000  10  23    0 1440
 88 165.000 335.000  10   3    0 1539
 89 313.000  64.000  10  29    0 1502
 90  80.000 282.000  10  10    0 1533
 91  73.000 124.000  10   9  553  583
 92  59.000  89.000  10  24    0 1499
 93 125.000 175.000  10  20  162  192
 94 136.000 373.000  10  33    0 1494
 95  36.000 288.000  10   1    0 1492
 96 348.000 343.000  10  12    0 1473
 97 248.000 124.000  10  19    0 1589
 98 218.000 134.000   0  24 1275 1305
 99  54.000 341.000   0  19    0 1476
100 355.000  41.000  10   9  839  869
101 186.000 179.000  10  29    0 1653
102  55.000 346.000  10  13    0 1473
103  85.000  61.000  10  20  180  210
104  19.000  61.000  10  16    0 1450
105 279.000 262.000  10  19    0 1578
106 384.000  72.000  10  21    0 1454
107  47.000 190.000  10  23  631  661
108 193.000 390.000  10  21    0 1488
109 178.000 103.000  10  10    0 1579
110 285.000 184.000  10   9    0 1592
111  26.000 326.000  10  21    0 1464
112   8.000  68.000  10  29    0 1446
113 361.000 236.000  10  13    0 1514
114 287.000 279.000  10   4    0 1561
115 384.000 248.000  10  35    0 1488
116 397.000 283.000  10   9    0 1465
117 326.000  79.000  10  29    0 1504
118 217.000 211.000  10  12    0 1658
119 364.000 213.000  10  11    0 1514
120 124.000 179.000  10  36  718  748
121 160.000  62.000  10  11    0 1535
122 340.000 290.000  10  39    0 1512
123 147.000 210.000  10  23   53   83
124 102.000  42.000  10  17    0 1493
125 250.000 183.000  10  24    0 1626
126 287.000 343.000  10  17    0 1511
127 365.000 303.000  10   4  902  932
128 278.000 265.000  10  23    0 1577
129 367.000 300.000  10  16    0 1484
130  37.000 397.000  10  50    0 1423
131 179.000 175.000   0   2    0 1646
132 195.000 121.000  10  23  871  901
133 251.000  70.000  10  24    0 1539
134 362.000 399.000  10  24    0 1422
135 231.000   6.000  10  32    0 1482
136 194.000 121.000  10  21    0 1599
137 350.000 207.000  10  16  378  408
138 302.000 274.000  10  15    0 1552
139  32.000 163.000  10   9    0 1506
140 205.000 372.000  10   2    0 1506
141 316.000 327.000   0  24  763  793
142 317.000  68.000  10  13    0 1502
143  50.000 315.000  10   4    0 1489
144 102.000 324.000  10  23    0 1520
145 236.000  38.000  10  38    0 1513
146  10.000 202.000  10   3    0 1488
147  74.000 283.000  10   5    0 1528
148  72.000 315.000  10  11    0 1506
149 197.000 200.000  10  15    3   33
150 395.000 340.000  10  24  240  270
151 126.000 208.000  10  26    0 1604
152 179.000 125.000  10   4    0 1601
153  78.000 261.000  10  32  136  166
154  16.000 294.000  10  21    0 1472
155 368.000 215.000  10  15  727  757
156   9.000  47.000  10   5    0 1434
157 376.000  19.000  10  11 1281 1311
158 159.000 164.000  10  13    0 1624
159 176.000 154.000  10  15    0 1627
160 117.000 395.000  10  13    0 1467
161 381.000  12.000  10  15    0 1418
162 103.000  95.000   0  26    0 1536
163  17.000  99.000  10   1 1006 1036
164 237.000 259.000  10  11    0 1609
165 296.000 156.000  10  17    0 1573
166 153.000 224.000  10  15    0 1626
167 382.000 169.000  10  23    0 1494
168 371.000 349.000  10   8    0 1452
169 265.000 127.000  10  35   97  127
170 354.000 199.000  10  27    0 1524
171 220.000 238.000  10  12    0 1636
172 337.000 248.000  10  26    0 1533
173 310.000 340.000  10  11  178  208
174 304.000 319.000  10  14  861  891
175  44.000 277.000  10   9  534  564
176 160.000 222.000  10  18    0 1633
177 209.000 208.000  10   8    0 1666
178 285.000 136.000   0  11    0 1572
179 194.000  65.000  10  16  386  416
180  91.000 388.000  10   2    0 1461
181 107.000 159.000  10  33    0 1577
182  92.000  68.000  10  19    0 1508
183 200.000  48.000  10  20    0 1526
184 267.000 295.000  10  20    0 1562
185 191.000 167.000  10  17    0 1644
186 393.000 256.000  10  13  389  419
187 371.000 111.000   0   3  249  279
188 108.000 395.000   0  12    0 1463
189 343.000 335.000  10  18    0 1482
190 349.000 249.000  10   5    0 1522
191 294.000 184.000  10  18    0 1583
192 347.000  59.000  10  23    0 1475
193 194.000 166.000  10   7    0 1644
194 309.000 274.000  10  23  341  371
195 304.000 395.000  10  18    0 1457
196 326.000 374.000  10  17  578  608
197 338.000 290.000  10  12  650  680
198  98.000 375.000  10  29  202  232
199 286.000 308.000  10   3  627  657
200 145.000 301.000  10   8    0 1563
201 110.000 351.000  10  21    0 1503
202  95.000 391.000  10   5    0 1461
203 338.000   5.000  10  23 1017 1047
204 170.000 114.000  10   9  637  667
205 273.000 118.000  10  34    0 1569
206  97.000 105.000  10  33    0 1538
207 168.000  87.000  10   5    0 1561
208  93.000  31.000  10  21  658  688
209  37.000  21.000  10  24    0 1436
210  96.000 162.000  10  15    0 1568
211  66.000 144.000  10  29  145  175
212  52.000 194.000  10   9    0 1530
213 384.000  53.000  10  13  950  980
214 162.000 121.000  10   1    0 1591
215  68.000 143.000   0  16    0 1535
216  56.000 292.000  10  30  506  536
217 303.000 142.000  10  10    0 1560
218  40.000 153.000  10  15    0 1512
219 368.000 278.000  10  20  241  271
220 201.000   6.000  10  25  585  615
221   5.000 266.000  10  32    0 1473
222 311.000 344.000  10  26    0 1497
223 131.000 275.000  10  30    0 1577
224 247.000 377.000  10  28 1215 1245
225   6.000  20.000  10  27    0 1414
226 352.000 383.000  10  16    0 1441
227  23.000 317.000  10  10    0 1466
228 221.000 225.000  10  16   32   62
229 380.000 390.000  10  36    0 1417
230 175.000 304.000  10  24  106  136
231 348.000  41.000  10  16    0 1461
232 188.000  67.000  10  14    0 1545
233 342.000 154.000   0  25    0 1529
234 357.000  38.000  10   2    0 1453
235 154.000  41.000  10  22    0 1513
236  26.000 247.000  10  31  388  418
237 215.000 260.000  10   9   61   91
238 391.000 260.000  10  20    0 1478
239 244.000 135.000  10   8  672  702
240 157.000 378.000  10  22    0 1495
241  78.000 194.000  10   2  938  968
242 162.000 251.000  10  21   63   93
243 196.000  51.000  10  19    0 1529
244 146.000 324.000  10  24    0 1543
245 273.000 182.000  10  18  850  880
246 311.000 356.000  10   9    0 1487
247 213.000 332.000  10  21    0 1546
248 289.000 234.000  10  33    0 1583
249 166.000  19.000  10  11    0 1494
250 274.000   7.000  10  21    0 1472
251 243.000 140.000  10  15    0 1605
252  82.000  78.000  10  20    0 1509
253  65.000 335.000  10   4  329  359
254 169.000 235.000  10  35    0 1632
255  41.000 337.000  10   9    0 1469
256 325.000 130.000  10  19    0 1535
257 339.000  69.000  10  26    0 1487
258 279.000 247.000  10  12    0 1587
259 388.000 275.000  10  21    0 1476
260 286.000  44.000  10  18    0 1500
261 336.000 386.000   0  21  727  757
262 362.000 378.000  10  17  472  502
263 138.000 143.000  10  17    0 1594
264 169.000 352.000   0   7    0 1523
265  92.000 255.000  10  30    0 1557
266  58.000  98.000  10  15  263  293
267 308.000 327.000  10  13    0 1512
268 330.000  76.000  10  10    0 1499
269 165.000 264.000  10  20    0 1606
270 214.000 119.000  10   5    0 1596
271  94.000 268.000  10  25  365  395
272  68.000 215.000  10  19    0 1546
273 334.000 100.000  10  21    0 1511
274 256.000 356.000   0  19    0 1513
275 391.000 136.000  10  33    0 1477
276 398.000 325.000  10  22    0 1444
277  74.000  87.000  10   9    0 1509
278 294.000 118.000  10  13  124  154
279 142.000 262.000  10  41    0 1594
280 380.000 145.000  10  31  523  553
281 379.000 126.000   0   8    0 1485
282 177.000  77.000  10  13    0 1553
283 382.000  49.000  10   9  876  906
284 336.000 201.000  10  17    0 1542
285 344.000 321.000  10   2    0 1490
286 371.000 386.000   0  23    0 1426
287 146.000 174.000  10  23   59   89
288  32.000  78.000  10  23    0 1471
289 117.000 381.000  10  18    0 1479
290 277.000 163.000  10  29    0 1593
291 397.000 133.000  10  24    0 1470
292 180.000 359.000  10  26    0 1518
293 266.000  13.000   0  17  679  709
294  48.000 358.000   0  32  876  906
295  41.000  93.000  10  45    0 1487
296 173.000 384.000  10   3    0 1493
297 108.000  48.000  10  18  832  862
298 287.000 225.000  10  20    0 1588
299 136.000 226.000  10   7    0 1609
300   5.000 344.000  10   7    0 1436
301 374.000 175.000  10  18    0 1503
302 310.000 163.000  10  20  692  722
303  77.000 319.000  10  12    0 1507
304 398.000 258.000  10  12  598  628
305 111.000   4.000   0  12    0 1463
306  70.000 231.000   0  16    0 1545
307 389.000 171.000  10   3    0 1487
308 212.000 197.000  10  16    0 1666
309  42.000 197.000  10  26    0 1520
310 131.000  82.000  10  15    0 1542
311  41.000 340.000  10  26    0 1467
312 196.000  77.000   0   4    0 1555
313 156.000   4.000  10  25  210  240
314  51.000  64.000  10  14    0 1477
315 196.000 107.000  10  18    0 1585
316 343.000 322.000  10  21    0 1491
317 262.000 212.000  10  19 1125 1155
318 231.000 182.000  10  18   35   65
319 326.000 156.000  10  15  291  321
320  48.000 278.000  10  36    0 1508
321 113.000  80.000  10  19  166  196
322 384.000  64.000  10  19    0 1450
323 294.000  13.000  10  26    0 1469
324 193.000 216.000  10   1    0 1661
325 102.000 377.000  10  16    0 1476
326 262.000  30.000  10   8    0 1498
327  63.000 166.000  10   4    0 1537
328  38.000 366.000  10  18    0 1447
329 390.000 357.000  10  13 1041 1071
330 171.000 168.000   0  14    0 1635
331   4.000 280.000  10  18  238  268
332 256.000 145.000  10  12    0 1600
333   8.000 285.000  10  24    0 1469
334 351.000 199.000  10   4    0 1527
335 111.000 286.000  10  21    0 1555
336  34.000 371.000  10  18    0 1440
337 230.000 139.000  10  14    0 1611
338  59.000 285.000  10  16    0 1514
339  93.000 283.000  10  13  331  361
340 317.000 240.000  10  16    0 1555
341  49.000 187.000  10  20    0 1527
342 262.000 390.000  10  21    0 1479
343  80.000 365.000   0  18  449  479
344 246.000 244.000  10  33    0 1615
345 192.000 291.000  10   3  104  134
346 173.000  72.000  10  39    0 1548
347 364.000  23.000  10  11    0 1437
348  31.000 360.000  10  23    0 1446
349 140.000 387.000  10   8    0 1482
350 302.000 300.000  10  17    0 1536
351  56.000  97.000  10  19  941  971
352 320.000 373.000  10  22  551  581
353 102.000 118.000  10  22    0 1551
354 330.000 313.000  10  27  172  202
355 344.000  72.000  10   8    0 1486
356  37.000 106.000  10   5    0 1490
357 320.000 166.000  10  25    0 1554
358 244.000  56.000  10  14    0 1528
359 192.000 332.000  10  31    0 1546
360 196.000 138.000  10  18    0 1616
361 110.000 290.000  10   3  127  157
362 335.000 202.000  10  23    0 1543
363  85.000 333.000  10  19  576  606
364 320.000  24.000   0  28    0 1465
365 159.000  79.000  10  15  792  822
366 322.000 281.000  10   9    0 1532
367 150.000  49.000  10   5  848  878
368 236.000 260.000  10  31    0 1609
369  50.000 385.000  10  31    0 1440
370 199.000  22.000  10  20    0 1500
371 143.000  20.000  10  15    0 1490
372 220.000  38.000  10  32    0 1515
373 213.000 280.000  10  29    0 1597
374 384.000  47.000  10  31 1091 1121
375 101.000   8.000  10   3    0 1462
376   3.000   2.000  10  16  956  986
377 124.000 221.000  10  27 1003 1033
378  84.000 221.000  10  22    0 1561
379 186.000 355.000  10  25    0 1523
380   3.000  15.000  10  20    0 1408
381  46.000 110.000  10  16    0 1500
382 102.000 252.000  10  21  110  140
383 154.000  68.000  10  20    0 1539
384 381.000 290.000   0  36    0 1476
385  36.000 203.000  10  11    0 1514
386 100.000  15.000  10  21    0 1468
387 209.000 167.000  10  17   34   64
388 186.000 145.000  10  18 1490 1520
389 231.000  76.000  10  31    0 1551
390 253.000 316.000   0  21    0 1551
391 238.000 124.000  10  26    0 1594
392 240.000 201.000  10  13    0 1638
393 380.000 339.000  10  10  741  771
394 271.000 371.000  10  15  752  782
395  53.000  51.000  10  18    0 1469
396   2.000  29.000  10  28    0 1417
397 397.000  73.000  10  15    0 1444
398  37.000 119.000   0  15    0 1496
399 367.000 361.000  10  22  487  517
400 105.000 360.000  10  10    0 1492
401 187.000  23.000  10  22 1003 1033
402 217.000  98.000   0  19    0 1575
403 399.000 179.000  10  26    0 1478
404  88.000 121.000  10  15    0 1541
405 344.000 236.000  10  28    0 1530
406  11.000 135.000  10  28    0 1479
407 300.000 272.000  10  15  693  723
408 349.000 135.000  10  28  548  578
409 359.000  31.000   0  11 1253 1283
410  59.000  49.000  10  36    0 1472
411   0.000 155.000  10   9    0 1473
412   4.000  60.000  10  29  240  270
413 321.000  85.000  10  16  434  464
414 229.000 105.000  10  26    0 1579
415 231.000  36.000   0  34    0 1512
416 168.000 268.000  10  22    0 1603
417   8.000 384.000  10  24    0 1413
418 243.000 275.000  10  31    0 1592
419 246.000 152.000   0   5    0 1612
420 254.000   0.000  10 -15    0 1471
421 165.000 126.000  10 -23    0 1597
422  18.000 235.000  10 -32    0 1493
423 323.000 218.000  10 -28    0 1554
424 291.000 304.000  10 -33    0 1540
425 134.000 320.000  10 -22    0 1542
426 334.000  92.000  10 -22    0 1506
427 138.000 306.000  10  -8  864  894
428 343.000 134.000  10  -8 1009 1039
429  45.000  85.000  10 -13    0 1485
430 123.000  30.000  10 -12    0 1492
431 180.000  15.000  10 -34  875  905
432 374.000 163.000  10 -12    0 1501
433 276.000 298.000  10 -11    0 1554
434  87.000 147.000  10 -24    0 1554
435   2.000 200.000  10 -26  341  371
436 350.000  18.000  10 -16    0 1443
437 126.000  90.000  10 -26    0 1546
438 153.000 315.000  10 -30    0 1554
439 314.000 257.000  10 -43    0 1551
440 162.000  94.000  10 -14    0 1566
441 348.000 319.000  10 -29    0 1489
442  55.000 115.000  10 -26    0 1510
443   8.000 363.000  10 -29    0 1427
444 236.000  44.000  10 -23    0 1518
445  87.000 164.000  10 -13    0 1560
446 232.000 131.000  10 -20    0 1602
447 232.000 127.000  10 -14    0 1599
448 178.000 353.000  10 -18    0 1524
449 377.000  72.000  10 -15    0 1460
450  48.000 304.000  10 -10    0 1494
451 201.000 255.000  10 -43    0 1623
452 300.000  64.000  10 -26    0 1510
453  75.000  76.000  10 -24    0 1502
454 299.000 351.000  10 -37    0 1498
455  36.000 286.000  10 -18  762  792
456  43.000  67.000  10  -8    0 1473
457  16.000 311.000  10 -14    0 1464
458 145.000 165.000  10 -18    0 1613
459 378.000 118.000  10 -22    0 1483
460 278.000 221.000  10 -20    0 1598
461 297.000 137.000  10 -26  458  488
462 320.000 211.000  10 -26    0 1558
463 207.000 185.000  10 -15    0 1662
464 297.000 240.000  10 -12    0 1574
465  81.000 290.000  10 -14  401  431
466 371.000 396.000  10 -20    0 1418
467 324.000 194.000  10 -25    0 1554
468 294.000 249.000  10 -11    0 1572
469 140.000 131.000  10 -20  879  909
470 163.000 364.000  10 -36    0 1510
471 184.000 233.000  10 -14    0 1642
472 309.000 279.000  10  -7    0 1544
473 236.000 119.000  10 -37 1350 1380
474 343.000 184.000  10  -1    0 1535
475 341.000  33.000  10  -8    0 1460
476 137.000  68.000  10 -22  146  176
477  84.000 206.000  10 -13  577  607
478 319.000 115.000  10 -21    0 1532
479 299.000 227.000  10 -25    0 1576
480 296.000 388.000  10 -11    0 1467
481  33.000 226.000  10 -21 1192 1222
482 135.000 384.000  10 -37    0 1483
483 259.000   4.000  10 -10    0 1474
484 328.000   8.000  10 -22    0 1448
485 308.000 178.000  10 -17    0 1568
486 177.000 139.000  10 -17    0 1613
487 210.000   1.000  10  -8    0 1479
488 259.000 285.000  10 -15    0 1575
489 166.000 185.000  10 -16    0 1641
490 332.000 124.000  10 -23  334  364
491  76.000  72.000  10  -8    0 1500
492  17.000 348.000  10 -12  438  468
493 135.000 161.000  10 -30    0 1603
494 142.000 385.000  10  -6    0 1485
495 362.000 383.000  10  -2    0 1434
496 206.000 286.000  10 -19    0 1592
497 241.000 275.000  10 -35  696  726
498 193.000  29.000  10  -6    0 1507
499  52.000  94.000  10 -14    0 1496
500  73.000   4.000  10 -27    0 1445
501 117.000 148.000  10 -27    0 1581
502 116.000 102.000  10 -17    0 1549
503 306.000 361.000  10  -8    0 1486
504 246.000 298.000  10 -14    0 1570
505 140.000  40.000  10  -8    0 1508
506  21.000  82.000  10 -23    0 1464
507 161.000 346.000  10  -3    0 1527
508 279.000  91.000  10 -29 1308 1338
509  38.000 291.000  10 -10    0 1493
510 102.000 149.000  10  -9    0 1568
511  70.000  81.000  10 -24    0 1502
512 120.000 170.000  10 -20    0 1593
513 166.000 357.000  10 -33 1213 1243
514  68.000 250.000  10  -1    0 1537
515 366.000 340.000  10 -12  715  745
516 248.000 126.000  10 -19    0 1590
517 218.000 134.000  10 -24 1275 1305
518  54.000 341.000  10 -19    0 1476
519 370.000  57.000  10  -9    0 1456
520 192.000 200.000  10 -29    0 1670
521  87.000 378.000  10 -13    0 1468
522  76.000  90.000  10 -20    0 1513
523  26.000  70.000  10 -16    0 1461
524 299.000 270.000  10 -19    0 1557
525 388.000 106.000  10 -21    0 1468
526  81.000 156.000  10 -23    0 1552
527 264.000 341.000  10 -21    0 1524
528 219.000  49.000  10 -10  461  491
529 321.000 144.000  10  -9    0 1545
530   5.000 345.000  10 -21    0 1435
531   2.000  52.000  10 -29    0 1431
532 387.000 267.000  10 -13    0 1480
533 282.000 252.000  10  -4    0 1581
534 393.000 246.000  10 -35  508  538
535 356.000 299.000  10  -9 1051 1081
536 277.000 143.000  10 -29    0 1583
537 268.000 223.000  10 -12    0 1607
538 332.000 216.000  10 -11    0 1546
539 123.000 176.000  10 -36    0 1598
540 184.000  69.000  10 -11    0 1547
541 305.000 257.000  10 -39  619  649
542 153.000 222.000  10 -23    0 1627
543  79.000  95.000  10 -17    0 1518
544 243.000 209.000  10 -24    0 1635
545 267.000 321.000  10 -17    0 1540
546 377.000 282.000  10  -4    0 1483
547 285.000 287.000  10 -23    0 1557
548 330.000 353.000  10 -16    0 1478
549  41.000 399.000  10 -50    0 1424
550 179.000 175.000  10  -2    0 1646
551 206.000 106.000  10 -23    0 1584
552 246.000  47.000  10 -24    0 1519
553 359.000 389.000  10 -24    0 1432
554 266.000   8.000  10 -32    0 1475
555 201.000 195.000  10 -21    0 1673
556 376.000 205.000  10 -16    0 1502
557 321.000 287.000  10 -15  591  621
558  13.000 167.000  10  -9    0 1489
559 256.000 385.000  10  -2    0 1485
560 316.000 327.000  10 -24  763  793
561 285.000 107.000  10 -13    0 1553
562  90.000 311.000  10  -4  669  699
563 119.000 286.000  10 -23  829  859
564 234.000  73.000  10 -38    0 1547
565  49.000 222.000  10  -3    0 1526
566  18.000 294.000  10  -5    0 1474
567 142.000 238.000  10 -11 1177 1207
568 195.000 148.000  10 -15 1326 1356
569 381.000 375.000  10 -24    0 1427
570 100.000 218.000  10 -26    0 1577
571 220.000  71.000  10  -4    0 1548
572  52.000 251.000  10 -32    0 1522
573 163.000 207.000  10 -21 1125 1155
574 349.000 181.000  10 -15    0 1528
575  12.000  40.000  10  -5    0 1432
576 381.000  27.000  10 -11    0 1428
577 155.000 159.000  10 -13    0 1618
578 185.000 180.000  10 -15    0 1653
579 122.000 397.000  10 -13    0 1467
580 328.000  39.000  10 -15    0 1473
581 103.000  95.000  10 -26    0 1536
582  29.000  86.000  10  -1    0 1473
583 237.000 243.000  10 -11    0 1622
584 357.000 147.000  10 -17    0 1513
585 110.000 241.000  10 -15   98  128
586 395.000 167.000  10 -23    0 1481
587 312.000 247.000  10  -8    0 1557
588 319.000 113.000  10 -35 1167 1197
589 357.000 202.000  10 -27    0 1521
590 209.000 283.000  10 -12    0 1595
591 379.000 254.000  10 -26  289  319
592 302.000 345.000  10 -11    0 1501
593 284.000 311.000  10 -14    0 1539
594  26.000 275.000  10  -9 1132 1162
595 168.000 223.000  10 -18    0 1639
596 267.000 221.000  10  -8  587  617
597 285.000 136.000  10 -11    0 1572
598 208.000  86.000  10 -16  958  988
599  68.000 386.000  10  -2  309  339
600  85.000 128.000  10 -33    0 1543
601  75.000  89.000  10 -19  826  856
602 199.000  45.000  10 -20    0 1523
603 310.000 363.000  10 -20 1059 1089
604 192.000 151.000  10 -17  584  614
605 394.000 299.000  10 -13    0 1461
606 371.000 111.000  10  -3  249  279
607 108.000 395.000  10 -12    0 1463
608 384.000 294.000  10 -18    0 1472
609 352.000 303.000  10  -5 1072 1102
610 359.000 157.000  10 -18    0 1514
611 359.000  42.000  10 -23    0 1454
612 200.000 144.000  10  -7    0 1622
613 299.000 308.000  10 -23    0 1532
614 291.000 398.000  10 -18    0 1461
615 316.000 383.000  10 -17    0 1462
616 262.000 233.000  10 -12    0 1608
617  92.000 384.000  10 -29    0 1465
618 274.000 247.000  10  -3  944  974
619 146.000 301.000  10  -8    0 1564
620 133.000 375.000  10 -21    0 1491
621 108.000 399.000  10  -5    0 1459
622 338.000  14.000  10 -23    0 1447
623 172.000 109.000  10  -9    0 1583
624 316.000 112.000  10 -34    0 1533
625 101.000  99.000  10 -33    0 1537
626 177.000  55.000  10  -5    0 1532
627  78.000  85.000  10 -21    0 1511
628 102.000  84.000  10 -24    0 1527
629 175.000 192.000  10 -15  924  954
630 103.000 154.000  10 -29    0 1571
631  41.000 183.000  10  -9    0 1519
632 391.000  42.000  10 -13    0 1431
633 170.000 176.000  10  -1 1016 1046
634  68.000 143.000  10 -16    0 1535
635  67.000 318.000  10 -30    0 1501
636 279.000 148.000  10 -10    0 1584
637  56.000 156.000  10 -15    0 1528
638 361.000 287.000  10 -20  256  286
639 193.000  18.000  10 -25    0 1496
640  26.000 260.000  10 -32  629  659
641 244.000 285.000  10 -26    0 1583
642 116.000 195.000  10 -30    0 1594
643 250.000 340.000  10 -28    0 1530
644  15.000   4.000  10 -27    0 1409
645 348.000 371.000  10 -16    0 1452
646  13.000 322.000  10 -10    0 1455
647 278.000 289.000  10 -16  118  148
648 343.000 359.000  10 -36    0 1465
649 220.000 337.000  10 -24    0 1540
650 306.000  85.000  10 -16    0 1522
651 225.000  53.000  10 -14 1082 1112
652 342.000 154.000  10 -25    0 1529
653 377.000  29.000  10  -2    0 1432
654  91.000  61.000  10 -22 1472 1502
655  32.000 229.000  10 -31 1054 1084
656 201.000 242.000  10  -9  770  800
657 315.000 237.000  10 -20    0 1558
658 290.000  82.000  10  -8  898  928
659 174.000 326.000  10 -22  955  985
660 125.000 182.000  10  -2    0 1601
661  91.000 233.000  10 -21  466  496
662 226.000  52.000  10 -19    0 1528
663 138.000 326.000  10 -24  561  591
664 247.000 212.000  10 -18    0 1630
665 279.000 337.000  10  -9    0 1520
666 231.000 320.000  10 -21    0 1555
667 243.000 215.000  10 -33    0 1633
668 190.000  27.000  10 -11    0 1505
669 325.000  45.000  10 -21  589  619
670 271.000 116.000  10 -15    0 1569
671 107.000  98.000  10 -20    0 1540
672  55.000 341.000  10  -4  675  705
673 192.000 268.000  10 -35    0 1610
674  40.000 314.000  10  -9    0 1482
675 362.000 115.000  10 -19    0 1496
676 341.000  78.000  10 -26    0 1492
677 266.000 234.000  10 -12    0 1604
678 358.000 261.000  10 -21  750  780
679 292.000  33.000  10 -18    0 1488
680 336.000 386.000  10 -21  727  757
681 372.000 382.000  10 -17  625  655
682 161.000 124.000  10 -17    0 1593
683 169.000 352.000  10  -7    0 1523
684  85.000 256.000  10 -30    0 1551
685 118.000 122.000  10 -15    0 1565
686 300.000 319.000  10 -13    0 1523
687 364.000  55.000  10 -10    0 1460
688 163.000 264.000  10 -20   73  103
689 202.000 158.000  10  -5    0 1636
690  52.000 301.000  10 -25    0 1499
691  74.000 213.000  10 -19  435  465
692 236.000 171.000  10 -21    0 1632
693 256.000 356.000  10 -19    0 1513
694 380.000 126.000  10 -33    0 1484
695 397.000 362.000  10 -22    0 1423
696  14.000  53.000  10  -9    0 1441
697 396.000 106.000  10 -13    0 1461
698 105.000 254.000  10 -41  409  439
699 350.000 131.000  10 -31    0 1513
700 379.000 126.000  10  -8    0 1485
701 186.000  75.000  10 -13    0 1553
702 392.000  14.000  10  -9    0 1411
703 369.000 211.000  10 -17  463  493
704 338.000 315.000  10  -2  952  982
705 371.000 386.000  10 -23    0 1426
706  73.000 126.000  10 -23  419  449
707  35.000  79.000  10 -23    0 1474
708 142.000 379.000  10 -18    0 1490
709 338.000 150.000  10 -29    0 1532
710 369.000 118.000  10 -24    0 1491
711 174.000 329.000  10 -26    0 1547
712 266.000  13.000  10 -17  679  709
713  48.000 358.000  10 -32  876  906
714  46.000 102.000  10 -45    0 1496
715 251.000 381.000  10  -3    0 1490
716  92.000  73.000  10 -18    0 1512
717 350.000 214.000  10 -20    0 1528
718  74.000 231.000  10  -7    0 1549
719  40.000 336.000  10  -7    0 1469
720 369.000 171.000  10 -18    0 1507
721 329.000 208.000  10 -20    0 1549
722  79.000 344.000  10 -12    0 1490
723 397.000 261.000  10 -12    0 1472
724 111.000   4.000  10 -12    0 1463
725  70.000 231.000  10 -16    0 1545
726 381.000 144.000  10  -3    0 1489
727 269.000 203.000  10 -16    0 1609
728  26.000 199.000  10 -26    0 1504
729 125.000 122.000  10 -15    0 1570
730  30.000 349.000  10 -26  678  708
731 196.000  77.000  10  -4    0 1555
732 159.000  11.000  10 -25    0 1485
733  24.000  57.000  10 -14    0 1452
734 208.000  20.000  10 -18    0 1498
735 356.000 315.000  10 -21    0 1485
736 234.000 214.000  10 -19    0 1642
737 244.000 176.000  10 -18    0 1628
738 344.000 154.000  10 -15    0 1527
739  92.000 238.000  10 -36 1214 1244
740 114.000  88.000  10 -19  674  704
741 395.000 113.000  10 -19    0 1465
742 309.000  18.000  10 -26    0 1466
743 103.000 361.000  10  -1  460  490
744  57.000 381.000  10 -16    0 1448
745 280.000   5.000  10  -8    0 1468
746  43.000 121.000  10  -4  985 1015
747  84.000 293.000  10 -18  556  586
748 400.000 373.000  10 -13    0 1414
749 171.000 168.000  10 -14    0 1635
750  11.000 328.000  10 -18    0 1450
751 338.000 106.000  10 -12  951  981
752  11.000 274.000  10 -24    0 1476
753 362.000 207.000  10  -4    0 1516
754  12.000 368.000  10 -21    0 1426
755  26.000 372.000  10 -18  244  274
756 257.000  98.000  10 -14  338  368
757  44.000 296.000  10 -16  484  514
758  73.000 292.000  10 -13    0 1522
759 303.000 258.000  10 -16    0 1560
760  94.000 165.000  10 -20    0 1567
761 292.000 392.000  10 -21  661  691
762  80.000 365.000  10 -18  449  479
763 213.000 216.000  10 -33    0 1658
764 229.000 371.000  10  -3 1013 1043
765 183.000  71.000  10 -39  765  795
766 378.000  30.000  10 -11    0 1432
767 106.000 302.000  10 -23    0 1540
768 184.000 282.000  10  -8    0 1595
769 330.000 310.000  10 -17    0 1508
770  69.000  82.000  10 -19    0 1502
771 307.000 396.000  10 -22    0 1455
772 122.000 105.000  10 -22    0 1556
773 308.000 314.000  10 -27    0 1521
774 353.000  65.000  10  -8    0 1474
775  13.000  96.000  10  -5  751  781
776 317.000 183.000  10 -25    0 1560
777 234.000  37.000  10 -14    0 1512
778 228.000 341.000  10 -31    0 1535
779 196.000 129.000  10 -18  766  796
780  88.000 372.000  10  -3    0 1473
781 345.000 195.000  10 -23    0 1533
782  74.000 351.000  10 -19    0 1482
783 320.000  24.000  10 -28    0 1465
784 166.000 115.000  10 -15    0 1587
785 325.000 294.000  10  -9    0 1522
786 168.000 100.000  10  -5    0 1574
787 230.000 234.000  10 -31    0 1633
788  68.000 378.000  10 -31    0 1457
789 203.000  40.000  10 -20    0 1518
790 115.000  51.000  10 -15  848  878
791 202.000   6.000  10 -32  636  666
792 213.000 305.000  10 -29    0 1573
793 353.000   3.000  10 -31    0 1429
794  66.000   5.000  10  -3    0 1442
795  29.000   9.000  10 -16    0 1422
796 157.000 220.000  10 -27    0 1631
797  96.000 209.000  10 -22    0 1574
798 226.000 378.000  10 -25    0 1499
799   2.000   3.000  10 -20  794  824
800  18.000 102.000  10 -16  232  262
801  21.000 255.000  10 -21  761  791
802 164.000  80.000  10 -20    0 1553
803 381.000 290.000  10 -36    0 1476
804  13.000 220.000  10 -11 1065 1095
805  96.000  22.000  10 -21  816  846
806 238.000 119.000  10 -17    0 1589
807 177.000 174.000  10 -18    0 1644
808 223.000  41.000  10 -31    0 1518
809 253.000 316.000  10 -21    0 1551
810 255.000  80.000  10 -26    0 1546
811 237.000 200.000  10 -13    0 1641
812 358.000 309.000  10 -10  856  886
813 260.000 352.000  10 -15    0 1515
814  39.000  34.000  10 -18    0 1447
815   2.000  17.000  10 -28    0 1409
816 400.000 109.000  10 -15    0 1459
817  37.000 119.000  10 -15    0 1496
818 375.000 294.000  10 -22    0 1480
819  80.000 392.000  10 -10    0 1452
820 194.000  43.000  10 -22    0 1521
821 217.000  98.000  10 -19    0 1575
822 377.000 144.000  10 -26  467  497
823  86.000 112.000  10 -15    0 1534
824 308.000 217.000  10 -28    0 1569
825   8.000 119.000  10 -28    0 1470
826 246.000 247.000  10 -15    0 1613
827 352.000 156.000  10 -28  898  928
828 359.000  31.000  10 -11 1253 1283
829  40.000  31.000  10 -36    0 1446
830   7.000 143.000  10  -9  333  363
831  54.000 108.000  10 -29    0 1506
832 340.000  79.000  10 -16    0 1493
833 233.000 100.000  10 -26    0 1573
834 231.000  36.000  10 -34    0 1512
835 184.000 235.000  10 -22    0 1640
836  52.000 343.000  10 -24    0 1473
837 239.000 252.000  10 -31 1332 1362
838 246.000 152.000  10  -5    0 1612
839 200.000 200.000   0   0    0 1688
