419 419 1000 200 1000
  0 200.000 200.000   0   0    0 1688
  1 234.000  20.000  10  15  418  448
  2 108.000 399.000   0  23  219  249
  3  35.000 238.000  10  32  191  221
  4 349.000 324.000  10  33  538  568
  5  29.000   9.000  10  14  825  855
  6 337.000  81.000  10  22  713  743
  7 237.000 243.000  10   9   56   86
  8 343.000 134.000  10   8 1009 1039
  9  13.000  59.000  10  13  559  589
 10 123.000  30.000  10  12  698  728
 11 156.000  32.000   0  34  790  820
 12 361.000 194.000  10  12  405  435
 13  57.000 124.000  10  24  161  191
 14 131.000  89.000   0  26  140  170
 15 239.000 252.000  10  20 1332 1362
 16 328.000   8.000  10  36  445  475
 17 184.000 233.000  10  19   36   66
 18 340.000 276.000  10  43  868  898
 19 332.000 124.000  10  22  334  364
 20 393.000 246.000  10  14  508  538
 21 348.000 319.000  10  29  331  361
 22 361.000 287.000   0  13  256  286
 23  73.000 126.000  10  38  419  449
 24 117.000 148.000  10  14   97  127
 25  60.000 319.000  10  29  255  285
 26 244.000  50.000  10  23  954  984
 27  79.000  95.000  10  22 1226 1256
 28 255.000  80.000  10  11  520  550
 29 319.000 115.000  10  16  665  695
 30 358.000 309.000  10  11  856  886
 31 232.000 131.000   0  20 1136 1166
 32 211.000 153.000  10  14   56   86
 33 327.000 115.000  10  15  303  333
 34 151.000 231.000  10  10   79  109
 35 264.000 341.000  10   9 1041 1071
 36 309.000  53.000  10  26  327  357
 37 108.000  75.000  10  24  155  185
 38 378.000 118.000  10  12  727  757
 39  26.000  70.000  10   3  921  951
 40 151.000 188.000  10  18   50   80
 41 125.000 182.000  10  24   77  107
 42 232.000 127.000  10  13   79  109
 43 368.000  63.000   0  22  415  445
 44 116.000 102.000  10  10  814  844
 45 220.000 337.000  10  23  312  342
 46  81.000 290.000  10  14  401  431
 47 290.000  82.000  10  24  898  928
 48 353.000 357.000  10  20  220  250
 49 324.000 184.000  10  25  125  155
 50 305.000 255.000  10  11  311  341
 51 381.000  27.000  10  27  463  493
 52 312.000 247.000  10  14  882  912
 53 163.000 270.000  10  14  545  575
 54 375.000 294.000  10   2  603  633
 55 274.000 247.000  10  22  944  974
 56 267.000 321.000  10  26  633  663
 57 228.000  96.000  10  37  322  352
 58 334.000 186.000  10   1  156  186
 59 339.000   3.000  10   8  803  833
 60  75.000 238.000  10  13 1005 1035
 61 213.000 216.000  10   9   20   50
 62 122.000 105.000   0   7  178  208
 63 307.000 396.000   0  28  772  802
 64  13.000 220.000  10  15 1065 1095
 65 299.000 227.000  10  25  102  132
 66 366.000 340.000  10  23  715  745
 67  46.000 197.000  10  21  423  453
 68 184.000  69.000  10   1  503  533
 69 158.000 121.000  10  17 1105 1135
 70 206.000   7.000  10   8  794  824
 71 325.000 311.000   0  15  613  643
 72 143.000 159.000  10  16   70  100
 73 259.000 285.000  10  14  103  133
 74  48.000 304.000  10  15  230  260
 75   1.000 335.000  10  12  250  280
 76 400.000 373.000  10   7  264  294
 77 377.000 144.000  10  23  467  497
 78 200.000 144.000  10  12   81  111
 79 206.000 286.000  10  19  486  516
 80 384.000 294.000  10  20  557  587
 81 392.000  14.000  10   1 1026 1056
 82 269.000 203.000  10  30  375  405
 83 248.000 286.000  10  35   98  128
 84 168.000  15.000  10   6  622  652
 85 391.000  42.000  10  44  964  994
 86 344.000 154.000   0  30  998 1028
 87  59.000  51.000  10  14  206  236
 88 100.000  10.000   0  27  285  315
 89 250.000 340.000  10  21  190  220
 90  84.000 293.000  10  11  556  586
 91  66.000 118.000  10  27  565  595
 92 243.000 287.000  10   8  137  167
 93 362.000 383.000  10  21  256  286
 94  70.000  81.000  10   9  877  907
 95 313.000  64.000  10  29  402  432
 96 201.000 195.000  10  12    5   35
 97  52.000 251.000  10   8  159  189
 98  52.000 301.000  10   7  925  955
 99 192.000 200.000  10  22    8   38
100 136.000 373.000  10  33  614  644
101 203.000  40.000  10  11  792  822
102 359.000  42.000  10  10  842  872
103 248.000 124.000  10  19  664  694
104  40.000 314.000  10   7  724  754
105 355.000  41.000  10   9  839  869
106 186.000 179.000  10  29   25   55
107  55.000 346.000   0  13  443  473
108 282.000 252.000  10  10  868  898
109  85.000  61.000  10  20  180  210
110 279.000 262.000  10  19  100  130
111  87.000 164.000  10  11  662  692
112  80.000 392.000  10  16  535  565
113 234.000  73.000  10   8  155  185
114 184.000 282.000  10  19   83  113
115  86.000 112.000  10  17  713  743
116 178.000 103.000  10  10  617  647
117 285.000 184.000  10   9 1030 1060
118  26.000 326.000  10  21  633  663
119   8.000  68.000  10  29  653  683
120 287.000 279.000   0   4 1197 1227
121 199.000  45.000  10  26  790  820
122 384.000 248.000  10  35  222  252
123 326.000  79.000  10  29  806  836
124 124.000 179.000  10  36  718  748
125 168.000 223.000  10  19   39   69
126 341.000  78.000   0  16  830  860
127  73.000 292.000  10   8  175  205
128 190.000  27.000  10  10  416  446
129 147.000 210.000  10  23   53   83
130 102.000  42.000  10  17  185  215
131 193.000  18.000  10  22  436  466
132 371.000 396.000  10   5  601  631
133 196.000 129.000  10  22  766  796
134 226.000  52.000  10  17  495  525
135  40.000  31.000  10   9  576  606
136 332.000 216.000  10  12  447  477
137  96.000 209.000  10  28  123  153
138 179.000 175.000  10   2   32   62
139 251.000  70.000  10  24  458  488
140   2.000  17.000  10  11  269  299
141  88.000 372.000  10  14  354  384
142 231.000   6.000  10  32  701  731
143 350.000 207.000  10  16  378  408
144 302.000 274.000  10  15  292  322
145 241.000 275.000  10  18  696  726
146 397.000 261.000  10  16  585  615
147  32.000 163.000  10   9  219  249
148 205.000 372.000  10   2  889  919
149 397.000 362.000  10  15  255  285
150  50.000 315.000  10   4  628  658
151 236.000  38.000  10  38  433  463
152  72.000 315.000  10  11  681  711
153 197.000 200.000  10  15    3   33
154 395.000 340.000  10  24  240  270
155  84.000 206.000  10  22  577  607
156 126.000 208.000   0  26 1370 1400
157 179.000 125.000  10   4   77  107
158  78.000 261.000  10  32  136  166
159  16.000 294.000  10  21  378  408
160 368.000 215.000  10  15  727  757
161   5.000 345.000  10  14 1211 1241
162 172.000 109.000  10  13   95  125
163 208.000  20.000  10  10  601  631
164 358.000 261.000   0  19  750  780
165   8.000 119.000  10  11  839  869
166 308.000 178.000  10   4  398  428
167 117.000 395.000  10  13  401  431
168 251.000 381.000  10  17  268  298
169  30.000 349.000  10   9  678  708
170 309.000 279.000  10  19  157  187
171 133.000 375.000  10  21  650  680
172 381.000  12.000  10  15  591  621
173 103.000  95.000  10  26  596  626
174 296.000 156.000  10  17  105  135
175 382.000 169.000  10  23  658  688
176 371.000 349.000  10   8  263  293
177 265.000 127.000  10  35   97  127
178 220.000 238.000  10  12   42   72
179 337.000 248.000  10  26  477  507
180 377.000 282.000  10  20  388  418
181 310.000 340.000  10  11  178  208
182 309.000  18.000  10  26  396  426
183  44.000 277.000  10   9  534  564
184 209.000 208.000  10   8   12   42
185 110.000 241.000  10   9   98  128
186  92.000  68.000  10  19  720  750
187 291.000 398.000  10  16  531  561
188 200.000  48.000  10  20  220  250
189 393.000 256.000  10  13  389  419
190 371.000 111.000  10   3  249  279
191 300.000  64.000  10  35 1157 1187
192 343.000 335.000  10  18  853  883
193 294.000 184.000  10  18 1073 1103
194 347.000  59.000  10  23  471  501
195  12.000 368.000  10  12  771  801
196 194.000 166.000   0   7  688  718
197 277.000 143.000   0  12  644  674
198 338.000 290.000  10  12  650  680
199  98.000 375.000  10  29  202  232
200 286.000 308.000  10   3  627  657
201 145.000 301.000  10   8  115  145
202 201.000 255.000  10  16   55   85
203  95.000 391.000  10   5  473  503
204 161.000 346.000  10   7 1056 1086
205 376.000 205.000  10   4  453  483
206 300.000 319.000  10  14  155  185
207 170.000 114.000   0   9  637  667
208 273.000 118.000  10  34  109  139
209 206.000 106.000  10  33  288  318
210 162.000  94.000  10  11  112  142
211  96.000 162.000  10  15  912  942
212  66.000 144.000  10  29  145  175
213 384.000  53.000  10  13  950  980
214 237.000 200.000  10  17   37   67
215 162.000 121.000  10   1   87  117
216 345.000 195.000  10   9  932  962
217 303.000 142.000  10  10 1077 1107
218  40.000 153.000  10  15  166  196
219 338.000  14.000  10  10 1201 1231
220 368.000 278.000  10  20  241  271
221  68.000 386.000  10  16  309  339
222 369.000 171.000  10  23  171  201
223 311.000 344.000  10  26  187  217
224 174.000 326.000  10   8  955  985
225   6.000  20.000  10  27  264  294
226 353.000   3.000  10  20  256  286
227  23.000 317.000  10  10  454  484
228 221.000 225.000  10  16   32   62
229 278.000 289.000  10  19  118  148
230 175.000 304.000  10  24  106  136
231 166.000 185.000  10  17   37   67
232 391.000 260.000  10  20  604  634
233 244.000 135.000  10   8  672  702
234 236.000  44.000   0  12  774  804
235 142.000 379.000  10  11  780  810
236  94.000 165.000  10   5  649  679
237 162.000 251.000  10  21   63   93
238 196.000  51.000  10  19  530  560
239 311.000 356.000  10   9  191  221
240 289.000 234.000  10  33   95  125
241 274.000   7.000  10  21  329  359
242 325.000  45.000  10   8  589  619
243 226.000 378.000  10  30  359  389
244  44.000 296.000  10  18  484  514
245  41.000 337.000   0   9  669  699
246 339.000  69.000  10  26  966  996
247 170.000 176.000  10  19 1016 1046
248 286.000  44.000  10  18  566  596
249 100.000 218.000  10  31  103  133
250 336.000 386.000  10  21  727  757
251  76.000  90.000  10   2  747  777
252  52.000 343.000  10  18  427  457
253 362.000 378.000   0  17  472  502
254 138.000 143.000  10  17   84  114
255 169.000 352.000  10   7  249  279
256 352.000 303.000  10   8 1072 1102
257 343.000 359.000  10  26  456  486
258  92.000 255.000  10  30  424  454
259 338.000 150.000  10  16  768  798
260 125.000 122.000  10  15  111  141
261  58.000  98.000  10  15  263  293
262  74.000 231.000  10  11  474  504
263 165.000 264.000  10  20   72  102
264  94.000 268.000  10  25  365  395
265  54.000 108.000  10  17  267  297
266 256.000 356.000  10  19  165  195
267 391.000 136.000  10  33  213  243
268 387.000 267.000  10  11  892  922
269 106.000 302.000  10   3  138  168
270 142.000 262.000  10  41  512  542
271 364.000  55.000  10  17  340  370
272 382.000  49.000  10   9  876  906
273 314.000 257.000  10  13  127  157
274 341.000  33.000  10  27  279  309
275 344.000 321.000  10   2  254  284
276 276.000 298.000  10  10  124  154
277 371.000 386.000  10  23  325  355
278 319.000 113.000   0  26 1167 1197
279 362.000 207.000  10  18  796  826
280 146.000 301.000  10  34  353  383
281 146.000 174.000  10  23   59   89
282 247.000 212.000  10  15  172  202
283  43.000  67.000  10  15  408  438
284  55.000 341.000  10  14  675  705
285  39.000  34.000  10  10  242  272
286 277.000 163.000  10  29  591  621
287 397.000 133.000  10  24  741  771
288 266.000  13.000  10  17  679  709
289  87.000 378.000  10  25  367  397
290  41.000  93.000  10  45  994 1024
291 173.000 384.000  10   3  185  215
292 320.000 211.000  10   6  120  150
293 102.000  84.000  10   3  165  195
294 244.000 176.000  10  24   50   80
295 374.000 175.000  10  18  344  374
296 122.000 397.000  10  22  576  606
297 310.000 163.000  10  20  692  722
298  24.000  57.000  10  18  226  256
299 111.000   4.000  10  12  510  540
300 389.000 171.000  10   3  451  481
301 246.000 298.000   0  19  956  986
302 299.000 351.000  10  14  180  210
303 153.000 222.000  10  33   51   81
304  42.000 197.000  10  26  369  399
305  85.000 256.000  10  15 1004 1034
306 156.000   4.000  10  25  210  240
307 202.000 158.000   0  11 1158 1188
308 372.000 382.000  10   7  625  655
309 234.000 214.000  10  20   36   66
310  67.000 318.000  10  15  246  276
311  57.000 381.000  10  22  230  260
312 178.000 353.000  10  19  958  988
313 114.000  88.000  10  24  674  704
314 297.000 240.000  10  37  260  290
315 231.000 182.000  10  18   35   65
316 183.000  71.000  10  14  765  795
317 326.000 156.000  10  15  291  321
318  48.000 278.000  10  36  170  200
319 113.000  80.000  10  19  166  196
320 238.000 119.000  10  17  673  703
321 334.000  92.000  10  29  444  474
322 228.000 341.000  10  13 1007 1037
323 294.000  13.000  10  26  587  617
324 381.000 144.000  10  18  490  520
325 262.000  30.000   0   8  180  210
326  38.000 366.000   0  18  258  288
327  45.000  85.000   0  10  915  945
328 328.000  39.000   0  11  756  786
329 256.000 145.000  10  12 1144 1174
330 153.000 315.000  10  16  124  154
331   8.000 285.000  10  24  323  353
332 111.000 286.000  10  21  133  163
333  34.000 371.000  10  18  380  410
334  49.000 187.000  10  20  191  221
335 134.000 320.000  10  39  165  195
336 262.000 390.000  10  21  476  506
337  26.000 260.000  10  16  629  659
338  80.000 365.000  10  18  449  479
339 246.000 244.000   0  33  679  709
340 192.000 291.000  10   3  104  134
341 173.000  72.000  10  39  274  304
342 268.000 223.000  10  20   71  101
343 107.000  98.000  10  21  138  168
344 140.000 387.000  10   8  196  226
345 302.000 300.000  10  17  832  862
346 320.000 373.000  10  22  551  581
347 140.000 131.000  10  34  879  909
348 330.000 313.000  10  27  172  202
349  37.000 106.000  10   5  358  388
350 316.000 383.000  10  14  816  846
351  75.000  76.000  10  23  329  359
352 262.000 233.000   0  16 1110 1140
353  36.000 286.000   0  16  762  792
354 236.000 171.000  10  27   46   76
355 317.000 183.000  10  29  118  148
356 192.000 332.000  10  31  438  468
357 196.000 138.000  10  18   72  102
358 297.000 137.000  10  18  458  488
359  35.000  79.000  10  22  423  453
360 335.000 202.000  10  23  829  859
361  85.000 333.000  10  19  576  606
362  13.000 167.000  10  42  189  219
363  26.000 372.000  10  14  244  274
364 168.000 100.000  10  29  632  662
365 199.000  22.000  10  20  453  483
366 220.000  38.000  10  32  580  610
367 213.000 280.000  10  29   81  111
368   3.000   2.000  10  16  956  986
369 396.000 106.000  10  18  270  300
370 124.000 221.000  10  27 1003 1033
371 186.000 355.000  10  25  155  185
372 349.000 181.000  10   1  289  319
373 102.000 252.000  10  21  110  140
374 154.000  68.000  10  20  739  769
375 302.000 345.000  10   9  229  259
376  36.000 203.000  10  11  380  410
377 100.000  15.000  10  21  316  346
378 209.000 167.000  10  17   34   64
379 163.000 264.000  10  26   73  103
380 186.000 145.000   0  18 1490 1520
381 140.000  40.000  10  27 1015 1045
382  40.000 336.000  10   9 1205 1235
383 231.000  76.000  10  31  816  846
384 380.000 126.000  10  31  202  232
385  16.000 311.000  10  10  293  323
386 395.000 113.000  10   9  580  610
387 253.000 316.000  10  21  421  451
388 238.000 124.000  10  26  577  607
389 155.000 159.000   0  15   60   90
390  53.000  51.000  10  18  235  265
391   2.000 200.000  10  35  341  371
392 397.000  73.000  10  15  234  264
393  37.000 119.000  10  15  526  556
394 367.000 361.000  10  22  487  517
395 137.000  68.000   0  25  146  176
396 102.000 149.000  10  12  507  537
397 306.000 361.000  10   4  705  735
398 135.000 384.000  10  13  244  274
399  56.000 156.000  10  19  683  713
400 217.000  98.000  10  19  103  133
401 399.000 179.000   0  26  448  478
402  88.000 121.000  10  15  568  598
403 145.000 165.000  10  13   65   95
404  11.000 135.000  10  28  259  289
405 348.000 371.000  10  23  652  682
406 266.000   8.000  10  26  580  610
407 349.000 135.000  10  28  548  578
408  59.000  49.000  10  36  409  439
409   0.000 155.000   0   9  205  235
410  18.000 235.000  10  24  218  248
411 177.000 174.000  10  10   34   64
412  41.000 399.000  10  13  261  291
413   4.000  60.000  10  29  240  270
414 243.000 215.000  10   7   45   75
415 243.000 275.000   0  31  920  950
416  13.000  96.000  10  19  751  781
417  38.000 291.000  10   8  509  539
418  18.000 102.000  10  18  232  262
419 292.000  33.000  10  13  944  974
420 207.000 185.000  10 -15 1220 1250
421 108.000 399.000  10 -23  219  249
422   5.000 266.000  10 -32  368  398
423 343.000 322.000  10 -33  811  841
424   9.000  47.000  10 -14  853  883
425 338.000 106.000  10 -22  951  981
426 278.000 265.000  10  -9  649  679
427 325.000 130.000  10  -8 1038 1068
428  19.000  61.000  10 -13 1152 1182
429  96.000  22.000  10 -12  816  846
430 156.000  32.000  10 -34  790  820
431 350.000 214.000  10 -12  820  850
432  29.000  86.000  10 -24  570  600
433 131.000  89.000  10 -26  140  170
434 230.000 234.000  10 -20 1561 1591
435 348.000  41.000  10 -36  658  688
436 169.000 235.000  10 -19   46   76
437 231.000 229.000  10 -43 1203 1233
438 350.000 131.000  10 -22  802  832
439 398.000 258.000  10 -14  598  628
440 330.000 310.000  10 -29  678  708
441 361.000 287.000  10 -13  256  286
442 171.000 168.000  10 -38 1353 1383
443  14.000  53.000  10 -14  805  835
444  65.000 335.000  10 -29  329  359
445 196.000 107.000  10 -23 1329 1359
446 101.000  99.000  10 -22 1312 1342
447 210.000   1.000  10 -11 1000 1030
448 303.000 112.000  10 -16  873  903
449 365.000 303.000  10 -11  902  932
450 232.000 131.000  10 -20 1136 1166
451 257.000  98.000  10 -14  338  368
452 348.000 102.000  10 -15  392  422
453 131.000 275.000  10 -10  529  559
454 244.000 285.000  10  -9 1318 1348
455 350.000  18.000  10 -26 1136 1166
456 115.000  51.000  10 -24  848  878
457 334.000 100.000  10 -12 1137 1167
458  74.000  87.000  10  -3 1355 1385
459  63.000 166.000  10 -18  996 1026
460  10.000 202.000  10 -24  326  356
461 233.000 100.000  10 -13  686  716
462 368.000  63.000  10 -22  415  445
463 126.000  90.000  10 -10  866  896
464 260.000 352.000  10 -23  395  425
465  80.000 282.000  10 -14  521  551
466 321.000 144.000  10 -24 1064 1094
467 390.000 376.000  10 -20  463  493
468 246.000 152.000  10 -25  601  631
469 287.000 225.000  10 -11  746  776
470 377.000  72.000  10 -27 1308 1338
471 266.000 234.000  10 -14  913  943
472 201.000 242.000  10 -14  770  800
473 394.000 299.000  10  -2  794  824
474 217.000 211.000  10 -22 1180 1210
475 267.000 295.000  10 -26  731  761
476 234.000   7.000  10 -37 1116 1146
477 348.000 189.000  10  -1  269  299
478 338.000   5.000  10  -8 1017 1047
479  92.000 238.000  10 -13 1214 1244
480 213.000 332.000  10  -9  718  748
481 122.000 105.000  10  -7  178  208
482 307.000 396.000  10 -28  772  802
483  41.000 183.000  10 -15 1177 1207
484 317.000 240.000  10 -25  304  334
485 380.000 339.000  10 -23  741  771
486  47.000 190.000  10 -21  631  661
487 150.000  49.000  10  -1  848  878
488 177.000 139.000  10 -17 1580 1610
489 180.000  15.000  10  -8  875  905
490 325.000 311.000  10 -15  613  643
491  81.000 156.000  10 -16  435  465
492 284.000 311.000  10 -14  349  379
493  54.000 341.000  10 -15  308  338
494  11.000 328.000  10 -12  767  797
495 397.000 283.000  10  -7  412  442
496 359.000 157.000  10 -23  810  840
497 186.000  75.000  10 -12  780  810
498 192.000 268.000  10 -19  524  554
499 356.000 299.000  10 -20 1051 1081
500 359.000  31.000  10  -1 1253 1283
501 212.000 197.000  10 -30  854  884
502 213.000 305.000  10 -35  490  520
503 158.000  85.000  10  -6  933  963
504 378.000  30.000  10 -44 1100 1130
505 344.000 154.000  10 -30  998 1028
506   2.000  29.000  10 -14 1363 1393
507 100.000  10.000  10 -27  285  315
508 292.000 392.000  10 -21  661  691
509  70.000 231.000  10 -11 1097 1127
510 131.000  82.000  10 -27  896  926
511 256.000 385.000  10  -8  596  626
512 380.000 390.000  10 -21  261  291
513  76.000  72.000  10  -9 1010 1040
514 244.000  56.000  10 -29  662  692
515 246.000 247.000  10 -12  679  709
516   4.000 280.000  10  -8  238  268
517  36.000 288.000  10  -7  957  987
518 105.000 254.000  10 -22  409  439
519 117.000 381.000  10 -33  622  652
520 208.000  86.000  10 -11  958  988
521 370.000  57.000  10 -10 1118 1148
522 218.000 134.000  10 -19 1275 1305
523   4.000 307.000  10  -7 1077 1107
524 384.000  47.000  10  -9 1091 1121
525 176.000 154.000  10 -29   51   81
526  55.000 346.000  10 -13  443  473
527 278.000 221.000  10 -10  902  932
528  92.000  73.000  10 -20  337  367
529 299.000 270.000  10 -19  833  863
530 123.000 159.000  10 -11 1315 1345
531  68.000 378.000  10 -16  682  712
532 219.000  49.000  10  -8  461  491
533  79.000 344.000  10 -19  217  247
534 102.000 118.000  10 -17 1169 1199
535 194.000 121.000  10 -10 1272 1302
536 243.000 209.000  10  -9 1379 1409
537 160.000 222.000  10 -21 1294 1324
538   6.000  62.000  10 -29  897  927
539 287.000 279.000  10  -4 1197 1227
540 196.000  77.000  10 -26  828  858
541 379.000 254.000  10 -35  289  319
542 330.000  76.000  10 -29  928  958
543 159.000 164.000  10 -36 1336 1366
544 110.000 290.000  10 -19  127  157
545 341.000  78.000  10 -16  830  860
546 119.000 286.000  10  -8  829  859
547 254.000   0.000  10 -10  673  703
548  91.000 233.000  10 -23  466  496
549 101.000   8.000  10 -17  387  417
550 201.000   6.000  10 -22  585  615
551 381.000 375.000  10  -5 1071 1101
552 195.000 121.000  10 -22  871  901
553 223.000  41.000  10 -17  551  581
554   2.000   3.000  10  -9  794  824
555 320.000 166.000  10 -12  586  616
556  74.000 213.000  10 -28  435  465
557  73.000 124.000  10  -2  553  583
558 264.000  69.000  10 -24  665  695
559  82.000  78.000  10 -11 1186 1216
560  74.000 351.000  10 -14  960  990
561 187.000  23.000  10 -32 1003 1033
562 364.000 213.000  10 -16  578  608
563 321.000 287.000  10 -15  591  621
564 230.000 266.000  10 -18  848  878
565 349.000 249.000  10 -16  870  900
566  16.000 114.000  10  -9  723  753
567 247.000 377.000  10  -2 1215 1245
568 384.000 307.000  10 -15  380  410
569  74.000 283.000  10  -4 1086 1116
570 194.000  43.000  10 -38  725  755
571 175.000 192.000  10 -11  924  954
572 215.000 260.000  10 -15   61   91
573 381.000 290.000  10 -24  469  499
574 116.000 195.000  10 -22 1066 1096
575 126.000 208.000  10 -26 1370 1400
576 195.000 148.000  10  -4 1326 1356
577  45.000 291.000  10 -32  213  243
578  68.000 215.000  10 -21  971 1001
579 356.000 223.000  10 -15  968  998
580   5.000 344.000  10 -14 1259 1289
581 194.000  65.000  10 -13  386  416
582 202.000   6.000  10 -10  636  666
583 358.000 261.000  10 -19  750  780
584  43.000 121.000  10 -11  985 1015
585 271.000 116.000  10  -4  909  939
586 102.000 377.000  10 -13  984 1014
587 304.000 395.000  10 -17  529  559
588   8.000 384.000  10  -9 1011 1041
589 309.000 274.000  10 -19  341  371
590 152.000 361.000  10 -21 1029 1059
591 377.000  29.000  10 -15  747  777
592 118.000 122.000  10 -26  950  980
593 379.000 126.000  10 -17  866  896
594 395.000 167.000  10 -23  980 1010
595 352.000 383.000  10  -8  798  828
596 294.000 118.000  10 -35  124  154
597 231.000 320.000  10 -12  160  190
598 305.000 257.000  10 -26  619  649
599 340.000 290.000  10 -20  451  481
600 326.000 335.000  10 -11  981 1011
601 327.000  11.000  10 -26  590  620
602  32.000 229.000  10  -9 1054 1084
603 279.000 247.000  10  -8   91  121
604  18.000 294.000  10  -9  487  517
605  17.000  99.000  10 -19 1006 1036
606 229.000 371.000  10 -16 1013 1043
607 280.000   5.000  10 -20 1016 1046
608 308.000 217.000  10 -13  992 1022
609 388.000 106.000  10  -3  264  294
610 279.000  91.000  10 -35 1308 1338
611 338.000 315.000  10 -18  952  982
612 262.000 212.000  10 -18 1125 1155
613 317.000  68.000  10 -23 1160 1190
614   8.000 363.000  10 -12  879  909
615 194.000 166.000  10  -7  688  718
616 277.000 143.000  10 -12  644  674
617 303.000 258.000  10 -12  988 1018
618  37.000 397.000  10 -29  825  855
619 285.000 287.000  10  -3  745  775
620 160.000 313.000  10  -8  859  889
621 210.000 294.000  10 -16   94  124
622  97.000 387.000  10  -5  561  591
623 146.000 324.000  10  -7 1412 1442
624 369.000 211.000  10  -4  463  493
625 299.000 308.000  10 -14  563  593
626 170.000 114.000  10  -9  637  667
627 285.000 107.000  10 -34  500  530
628 166.000 115.000  10 -33 1249 1279
629 177.000  55.000  10 -11  756  786
630 103.000 154.000  10 -15 1106 1136
631  55.000 115.000  10 -29  783  813
632 364.000  23.000  10 -13 1065 1095
633 319.000 160.000  10 -17  168  198
634 159.000  79.000  10  -1  792  822
635 343.000 184.000  10  -9 1123 1153
636 279.000 148.000  10 -10 1452 1482
637  46.000 110.000  10 -15  563  593
638 376.000  19.000  10 -10 1281 1311
639 315.000 237.000  10 -20  520  550
640 108.000 395.000  10 -16  573  603
641 374.000 163.000  10 -23  315  345
642 316.000 327.000  10 -26  763  793
643 166.000 357.000  10  -8 1213 1243
644  30.000  39.000  10 -27  368  398
645 369.000   6.000  10 -20  547  577
646  26.000 275.000  10 -10 1132 1162
647 300.000 272.000  10 -16  693  723
648 367.000 300.000  10 -19  449  479
649 157.000 378.000  10 -24  916  946
650 125.000 175.000  10 -17  162  192
651 344.000 236.000  10 -20  884  914
652 230.000 139.000  10  -8 1298 1328
653 236.000  44.000  10 -12  774  804
654 180.000 359.000  10 -11  941  971
655 123.000 176.000  10  -5 1170 1200
656 153.000 224.000  10 -21  785  815
657 214.000 119.000  10 -19 1015 1045
658 303.000 358.000  10  -9  341  371
659 323.000 218.000  10 -33  820  850
660 188.000  67.000  10 -21 1049 1079
661 320.000  24.000  10  -8 1008 1038
662 279.000 337.000  10 -30  603  633
663  33.000 226.000  10 -18 1192 1222
664  41.000 337.000  10  -9  669  699
665 306.000  85.000  10 -26 1144 1174
666 185.000 180.000  10 -19 1623 1653
667 225.000  53.000  10 -18 1082 1112
668  68.000 250.000  10 -31  564  594
669 299.000 399.000  10 -21  774  804
670  56.000  97.000  10  -2  941  971
671  90.000 311.000  10 -18  669  699
672 362.000 378.000  10 -17  472  502
673 137.000 132.000  10 -17  216  246
674 174.000 329.000  10  -7  700  730
675 325.000 294.000  10  -8 1146 1176
676 359.000 389.000  10 -26 1054 1084
677 193.000 216.000  10 -30 1231 1261
678 316.000 112.000  10 -16  964  994
679  78.000  85.000  10 -15  741  771
680  87.000 147.000  10 -15  874  904
681  78.000 194.000  10 -11  938  968
682 168.000 268.000  10 -20 1053 1083
683  56.000 292.000  10 -25  506  536
684  66.000   5.000  10 -17 1135 1165
685 296.000 388.000  10 -19  262  292
686 380.000 145.000  10 -33  523  553
687 388.000 275.000  10 -11  927  957
688  91.000 388.000  10  -3  217  247
689 136.000 226.000  10 -41  998 1028
690 384.000  72.000  10 -17  993 1023
691 357.000  38.000  10  -9 1104 1134
692 322.000 281.000  10 -13  146  176
693 384.000  64.000  10 -27 1066 1096
694 356.000 315.000  10  -2  421  451
695 304.000 319.000  10 -10  861  891
696 390.000 357.000  10 -23 1041 1071
697 319.000 113.000  10 -26 1167 1197
698 351.000 199.000  10 -18  792  822
699 138.000 326.000  10 -34  561  591
700 120.000 170.000  10 -23  457  487
701 267.000 221.000  10 -15  587  617
702  73.000   4.000  10 -15 1406 1436
703 142.000 238.000  10 -14 1177 1207
704  15.000   4.000  10 -10  699  729
705 250.000 183.000  10 -29 1022 1052
706 400.000 109.000  10 -24  847  877
707 193.000  29.000  10 -17  757  787
708  92.000 384.000  10 -25  403  433
709  52.000  94.000  10 -45 1142 1172
710 162.000 316.000  10  -3  596  626
711 361.000 236.000  10  -6  164  194
712  75.000  89.000  10  -3  826  856
713 192.000 151.000  10 -24  584  614
714 329.000 208.000  10 -18 1317 1347
715 105.000 360.000  10 -22  786  816
716 324.000 194.000  10 -20 1066 1096
717  51.000  64.000  10 -18  795  825
718 108.000  48.000  10 -12  832  862
719 354.000 199.000  10  -3 1280 1310
720 246.000 298.000  10 -19  956  986
721 308.000 327.000  10 -14  388  418
722 184.000 235.000  10 -33 1124 1154
723  85.000 128.000  10 -26 1288 1318
724  84.000 221.000  10 -15 1103 1133
725 160.000  62.000  10 -25  709  739
726 202.000 158.000  10 -11 1158 1188
727 330.000 353.000  10  -7 1186 1216
728 240.000 201.000  10 -20  754  784
729 102.000 324.000  10 -15  491  521
730  48.000 358.000  10 -22  876  906
731 193.000 390.000  10 -19 1035 1065
732 129.000  53.000  10 -24  751  781
733 294.000 249.000  10 -37  471  501
734 321.000  85.000  10 -18  434  464
735 168.000  87.000  10 -14  917  947
736 342.000 154.000  10 -15  400  430
737  13.000 322.000  10 -36  368  398
738 148.000  94.000  10 -19  838  868
739 229.000 105.000  10 -17  855  885
740 340.000  79.000  10 -29  670  700
741 236.000 260.000  10 -13 1119 1149
742 231.000  36.000  10 -26 1031 1061
743 352.000 156.000  10 -18  898  928
744 262.000  30.000  10  -8  180  210
745  38.000 366.000  10 -18  258  288
746  45.000  85.000  10 -10  915  945
747 328.000  39.000  10 -11  756  786
748 236.000 119.000  10 -12 1350 1380
749 110.000 351.000  10 -16  175  205
750  21.000 255.000  10 -24  761  791
751  93.000 283.000  10 -21  331  361
752  17.000 348.000  10 -18  438  468
753  68.000 143.000  10 -20 1255 1285
754 146.000 320.000  10 -39  497  527
755 271.000 371.000  10 -21  752  782
756 163.000 207.000  10 -16 1125 1155
757 103.000 361.000  10 -18  460  490
758 246.000 244.000  10 -33  679  709
759 147.000 376.000  10  -3  193  223
760 143.000  20.000  10 -39 1217 1247
761 280.000 224.000  10 -20  227  257
762  91.000  61.000  10 -21 1472 1502
763 142.000 385.000  10  -8  527  557
764 291.000 304.000  10 -17 1038 1068
765 326.000 374.000  10 -22  578  608
766 165.000 126.000  10 -34 1242 1272
767 348.000 343.000  10 -27  340  370
768  37.000  21.000  10  -5  909  939
769 310.000 363.000  10 -14 1059 1089
770 107.000 159.000  10 -23 1032 1062
771 262.000 233.000  10 -16 1110 1140
772  36.000 286.000  10 -16  762  792
773 191.000 167.000  10 -27  952  982
774 243.000 140.000  10 -29 1273 1303
775 165.000 335.000  10 -31  648  678
776 220.000  71.000  10 -18  676  706
777 273.000 182.000  10 -18  850  880
778  32.000  78.000  10 -22  649  679
779 336.000 201.000  10 -23  820  850
780  41.000 340.000  10 -19  863  893
781  26.000 199.000  10 -42  808  838
782  31.000 360.000  10 -14  277  307
783 161.000 124.000  10 -29  660  690
784 234.000  37.000  10 -20  512  542
785 246.000  47.000  10 -32 1121 1151
786 209.000 283.000  10 -29  617  647
787   3.000  15.000  10 -16 1102 1132
788 369.000 118.000  10 -18 1052 1082
789 157.000 220.000  10 -27 1376 1406
790 140.000 344.000  10 -25 1288 1318
791 285.000 136.000  10  -1 1089 1119
792  11.000 274.000  10 -21  800  830
793 164.000  80.000  10 -20 1183 1213
794 308.000 314.000  10  -9  640  670
795  52.000 194.000  10 -11  549  579
796  93.000  31.000  10 -21  658  688
797 177.000  77.000  10 -17  799  829
798 138.000 306.000  10 -26  864  894
799 186.000 145.000  10 -18 1490 1520
800 154.000  41.000  10 -27 1286 1316
801  77.000 319.000  10  -9 1239 1269
802 166.000  19.000  10 -31 1199 1229
803 357.000 147.000  10 -31  531  561
804  59.000 285.000  10 -10 1147 1177
805 362.000 115.000  10  -9 1061 1091
806 237.000 259.000  10 -21 1174 1204
807 248.000 126.000  10 -26  652  682
808 155.000 159.000  10 -15   60   90
809  12.000  40.000  10 -18  615  645
810  49.000 222.000  10 -35 1127 1157
811 353.000  65.000  10 -15  306  336
812  46.000 102.000  10 -15  604  634
813 398.000 325.000  10 -22  875  905
814 137.000  68.000  10 -25  146  176
815  97.000 105.000  10 -12  944  974
816 287.000 343.000  10  -4  720  750
817 163.000 364.000  10 -13  787  817
818 135.000 161.000  10 -19 1350 1380
819 159.000  11.000  10 -19 1188 1218
820 399.000 179.000  10 -26  448  478
821  98.000 107.000  10 -15  934  964
822   2.000  52.000  10 -13  677  707
823   7.000 143.000  10 -28  333  363
824 362.000 399.000  10 -23  890  920
825 259.000   4.000  10 -26  606  636
826 366.000  97.000  10 -28  772  802
827  69.000  82.000  10 -36  875  905
828   0.000 155.000  10  -9  205  235
829  26.000 247.000  10 -24  388  418
830 148.000  71.000  10 -10  815  845
831  50.000 385.000  10 -13  823  853
832  21.000  82.000  10 -29  842  872
833 357.000 202.000  10  -7  499  529
834 243.000 275.000  10 -31  920  950
835  35.000 160.000  10 -19 1017 1047
836  51.000 205.000  10  -8 1216 1246
837  59.000  89.000  10 -18  769  799
838 344.000  72.000  10 -13 1065 1095
839 200.000 200.000   0   0    0 1688
