417 417 1000 200 1000
  0 200.000 200.000   0   0    0 1688
  1 234.000  20.000  10  15    0 1495
  2 108.000 399.000  10  23  219  229
  3 148.000  94.000  10  23  848  858
  4 356.000 223.000  10  28    0 1521
  5  21.000  82.000  10  26  852  862
  6 237.000 243.000  10   9   56   66
  7 267.000 221.000  10  24  597  607
  8  57.000 124.000  10  24  161  171
  9 280.000   5.000  10   9 1026 1036
 10  51.000 205.000  10  26    0 1529
 11 369.000   6.000  10  16  557  567
 12 131.000  89.000  10  26  150  160
 13 239.000 252.000   0  20 1342 1352
 14 328.000   8.000  10  36    0 1448
 15 184.000 233.000  10  19   36   46
 16  29.000  86.000  10  28  580  590
 17 361.000 287.000  10  13  266  276
 18 353.000  65.000  10  24  316  326
 19  73.000 126.000  10  38  429  439
 20 117.000 148.000  10  14   97  107
 21  60.000 319.000  10  29  265  275
 22  79.000  95.000   0  22 1236 1246
 23 255.000  80.000  10  11  530  540
 24 319.000 115.000  10  16    0 1532
 25 161.000 124.000  10  17    0 1593
 26 211.000 153.000  10  14   66   76
 27 327.000 115.000  10  15  313  323
 28 151.000 231.000  10  10   89   99
 29 210.000 294.000  10  43    0 1584
 30 309.000  53.000   0  26  337  347
 31 108.000  75.000  10  24    0 1523
 32 303.000 358.000  10  37    0 1490
 33  26.000  70.000  10   3  931  941
 34 329.000 208.000  10  20 1327 1337
 35 151.000 188.000  10  18   50   60
 36 125.000 182.000  10  24   77   87
 37 232.000 127.000  10  13   79   89
 38 368.000  63.000  10  22    0 1462
 39 280.000 224.000  10  20  237  247
 40 348.000 102.000  10  26  402  412
 41 319.000 160.000   0  26  178  188
 42 264.000  69.000  10  15  675  685
 43  81.000 290.000  10  14  411  421
 44 290.000  82.000  10  24  908  918
 45 353.000 357.000  10  20  230  240
 46 324.000 184.000  10  25    0 1553
 47 305.000 255.000  10  11  321  331
 48 147.000 376.000  10  36  203  213
 49 312.000 247.000  10  14    0 1557
 50 384.000 307.000  10   7    0 1466
 51 375.000 294.000  10   2  613  623
 52 225.000  53.000  10  23 1092 1102
 53 292.000 392.000  10  18  671  681
 54 267.000 321.000   0  26  643  653
 55 334.000 186.000  10   1    0 1544
 56 339.000   3.000  10   8  813  823
 57  75.000 238.000  10  13    0 1548
 58 122.000 105.000  10   7    0 1556
 59 307.000 396.000   0  28  782  792
 60 299.000 227.000  10  25  108  118
 61 299.000 399.000  10  11    0 1456
 62 366.000 340.000  10  23  725  735
 63  97.000 387.000  10  37    0 1465
 64 327.000  11.000  10  22  600  610
 65 184.000  69.000  10   1  513  523
 66 206.000   7.000  10   8  804  814
 67 260.000 352.000  10  13  405  415
 68 202.000   6.000   0  20  646  656
 69 325.000 311.000  10  15  623  633
 70 259.000 285.000  10  14  103  113
 71  87.000 147.000  10   7  884  894
 72  48.000 304.000  10  15  240  250
 73 400.000 373.000  10   7    0 1414
 74 123.000 159.000  10  30 1325 1335
 75 377.000 144.000  10  23  477  487
 76 200.000 144.000  10  12   91  101
 77  52.000  94.000  10  14    0 1496
 78 390.000 376.000  10   2  473  483
 79 206.000 286.000  10  19  496  506
 80 384.000 294.000   0  20    0 1472
 81 269.000 203.000  10  30  385  395
 82 248.000 286.000  10  35    0 1580
 83 391.000  42.000  10  44  974  984
 84  92.000 384.000  10  26    0 1465
 85 344.000 154.000  10  30    0 1527
 86  59.000  51.000  10  14  216  226
 87 250.000 340.000  10  21  200  210
 88 103.000 154.000  10  22    0 1571
 89 243.000 287.000  10   8  147  157
 90 362.000 383.000  10  21  266  276
 91  70.000  81.000  10   9    0 1502
 92   6.000  62.000  10  23    0 1440
 93 313.000  64.000  10  29    0 1502
 94  80.000 282.000  10  10  531  541
 95  73.000 124.000  10   9  563  573
 96 279.000 337.000  10   5  613  623
 97 330.000 353.000   0   9 1196 1206
 98 201.000 195.000   0  12    5   15
 99 125.000 175.000  10  20  172  182
100  52.000 251.000  10   8  169  179
101 192.000 200.000  10  22   13   23
102 136.000 373.000   0  33  624  634
103 357.000 202.000  10   5    0 1521
104  36.000 288.000  10   1    0 1492
105 359.000  42.000  10  10    0 1454
106 248.000 124.000   0  19  674  684
107 142.000 385.000  10  16  537  547
108 299.000 270.000  10  24    0 1557
109  40.000 314.000   0   7  734  744
110 248.000 126.000  10  23    0 1590
111  54.000 341.000  10  19  318  328
112 101.000  99.000  10  12    0 1537
113 355.000  41.000  10   9  849  859
114  85.000  61.000  10  20  180  190
115 279.000 262.000  10  19  100  110
116  80.000 392.000  10  16  545  555
117 384.000  72.000  10  21    0 1454
118 234.000  73.000  10   8  165  175
119 192.000 151.000  10  22  594  604
120  47.000 190.000  10  23  641  651
121 193.000 390.000  10  21    0 1488
122 184.000 282.000  10  19   83   93
123  86.000 112.000  10  17    0 1534
124 223.000  41.000  10  19  561  571
125   2.000  52.000  10  11    0 1431
126 361.000 236.000  10  13  172  182
127 199.000  45.000  10  26  800  810
128 384.000 248.000  10  35    0 1488
129 364.000 213.000  10  11  588  598
130 168.000 223.000  10  19    0 1639
131  73.000 292.000  10   8  185  195
132 190.000  27.000  10  10    0 1505
133 340.000 290.000  10  39  461  471
134 180.000  15.000  10   7  885  895
135 147.000 210.000  10  23   53   63
136 102.000  42.000  10  17    0 1493
137   8.000 363.000  10  39  889  899
138 193.000  18.000  10  22    0 1496
139  17.000 348.000  10  22  448  458
140 365.000 303.000  10   4  912  922
141 196.000 129.000  10  22  776  786
142 367.000 300.000  10  16  459  469
143 179.000 175.000  10   2   32   42
144 251.000  70.000  10  24  468  478
145   2.000  17.000  10  11  279  289
146  88.000 372.000  10  14  364  374
147 241.000 275.000  10  18  706  716
148 350.000 131.000  10  12    0 1513
149  32.000 163.000  10   9  229  239
150 205.000 372.000  10   2  899  909
151 397.000 362.000  10  15  260  270
152 316.000 327.000   0  24  773  783
153 177.000 139.000  10  19 1590 1600
154 317.000  68.000   0  13 1170 1180
155 102.000 324.000  10  23  501  511
156  79.000 344.000  10  16  227  237
157  74.000 283.000   0   5    0 1528
158  72.000 315.000  10  11  691  701
159 197.000 200.000  10  15    3   13
160 395.000 340.000  10  24  240  250
161 166.000 115.000   0  13 1259 1269
162  84.000 206.000  10  22  587  597
163 179.000 125.000  10   4   77   87
164  78.000 261.000  10  32  136  146
165  16.000 294.000  10  21    0 1472
166   5.000 345.000  10  14 1221 1231
167 369.000 118.000  10  12 1062 1072
168 172.000 109.000  10  13  100  110
169 208.000  20.000  10  10  611  621
170   9.000  47.000  10   5    0 1434
171 176.000 154.000  10  15   51   61
172 308.000 217.000   0  12 1002 1012
173 210.000   1.000  10  11    0 1479
174 309.000 279.000  10  19    0 1544
175 381.000  12.000  10  15  601  611
176 377.000  29.000  10  22  757  767
177  49.000 222.000   0  11 1137 1147
178 382.000 169.000  10  23  668  678
179 265.000 127.000  10  35   97  107
180 159.000  11.000  10   7 1198 1208
181 220.000 238.000  10  12   42   52
182 337.000 248.000  10  26  487  497
183 310.000 340.000  10  11  183  193
184 304.000 319.000  10  14  871  881
185 209.000 208.000  10   8   12   22
186 194.000  65.000  10  16  396  406
187  91.000 388.000  10   2    0 1461
188 110.000 241.000  10   9   98  108
189 200.000  48.000  10  20  230  240
190 267.000 295.000  10  20  741  751
191 191.000 167.000  10  17  962  972
192 393.000 256.000  10  13  399  409
193 308.000 314.000  10  23    0 1521
194 371.000 111.000  10   3  259  269
195 343.000 335.000  10  18    0 1482
196 105.000 254.000  10  12  419  429
197 194.000 166.000  10   7    0 1644
198 304.000 395.000  10  18    0 1457
199 326.000 374.000  10  17  588  598
200  98.000 375.000  10  29  202  212
201 286.000 308.000  10   3  637  647
202 145.000 301.000  10   8  115  125
203   2.000   3.000  10  14  804  814
204 110.000 351.000  10  21  175  185
205 201.000 255.000  10  16    0 1623
206  11.000 328.000  10  12  777  787
207  95.000 391.000  10   5  483  493
208 338.000   5.000  10  23 1027 1037
209 376.000 205.000  10   4    0 1502
210 300.000 319.000  10  14  162  172
211 170.000 114.000  10   9  647  657
212 273.000 118.000  10  34  116  126
213 168.000  87.000   0   5  927  937
214 206.000 106.000  10  33    0 1584
215  37.000  21.000  10  24  919  929
216  66.000 144.000  10  29  150  160
217 395.000 167.000  10  24    0 1481
218  56.000 292.000  10  30  516  526
219  40.000 153.000  10  15  166  176
220 368.000 278.000  10  20  251  261
221  68.000 386.000  10  16  319  329
222 369.000 171.000  10  23  171  181
223 201.000   6.000  10  25  595  605
224   5.000 266.000  10  32  378  388
225 131.000 275.000   0  30    0 1577
226 174.000 326.000  10   8  965  975
227   6.000  20.000  10  27    0 1414
228 353.000   3.000  10  20  266  276
229 352.000 383.000  10  16  808  818
230 221.000 225.000  10  16   32   42
231 278.000 289.000  10  19  118  128
232 175.000 304.000  10  24  106  116
233 348.000  41.000  10  16  668  678
234 357.000 147.000  10  23  541  551
235 166.000 185.000  10  17   37   47
236  90.000 311.000  10  12  679  689
237  26.000 199.000  10  26    0 1504
238 342.000 154.000  10  25    0 1529
239 357.000  38.000   0   2 1114 1124
240 154.000  41.000  10  22 1296 1306
241  26.000 247.000  10  31  398  408
242 215.000 260.000  10   9   61   71
243 391.000 260.000  10  20  614  624
244 142.000 379.000  10  11  790  800
245 157.000 378.000  10  22  926  936
246 120.000 170.000  10  24  467  477
247  94.000 165.000  10   5  659  669
248 356.000 299.000  10  31 1061 1071
249 162.000 251.000  10  21   63   73
250 340.000  79.000  10  30  680  690
251 273.000 182.000  10  18  860  870
252 311.000 356.000  10   9  191  201
253 213.000 332.000  10  21    0 1546
254 289.000 234.000  10  33   95  105
255 325.000  45.000  10   8  599  609
256  65.000 335.000  10   4  339  349
257 226.000 378.000  10  30  369  379
258  44.000 296.000  10  18  494  504
259 350.000 214.000   0  28  830  840
260 325.000 130.000  10  19    0 1535
261 279.000 247.000   0  12    0 1587
262 246.000 247.000  10  21  689  699
263 286.000  44.000  10  18  576  586
264 100.000 218.000  10  31  113  123
265 336.000 386.000  10  21  737  747
266  76.000  90.000  10   2  757  767
267  52.000 343.000  10  18  437  447
268 362.000 378.000  10  17  482  492
269 138.000 143.000  10  17   92  102
270 169.000 352.000  10   7  259  269
271 343.000 359.000  10  26  466  476
272  92.000 255.000  10  30  434  444
273 125.000 122.000  10  15    0 1570
274 308.000 327.000  10  13  398  408
275 214.000 119.000  10   5    0 1596
276  11.000 274.000  10  18  810  820
277  54.000 108.000  10  17  277  287
278 334.000 100.000  10  21    0 1511
279 256.000 356.000  10  19  173  183
280 398.000 325.000  10  22  885  895
281  74.000  87.000  10   9 1365 1375
282 294.000 118.000  10  13  124  134
283 142.000 262.000  10  41  522  532
284 380.000 145.000  10  31  533  543
285 364.000  55.000  10  17    0 1460
286 177.000  77.000  10  13    0 1553
287 314.000 257.000  10  13  127  137
288 271.000 116.000  10  28    0 1569
289 341.000  33.000  10  27  289  299
290 344.000 321.000  10   2  264  274
291 319.000 113.000   0  26 1177 1187
292 146.000 174.000  10  23   59   69
293  43.000  67.000  10  15  418  428
294  32.000  78.000  10  23    0 1471
295 117.000 381.000  10  18    0 1479
296  39.000  34.000  10  10    0 1447
297 277.000 163.000  10  29    0 1593
298 397.000 133.000  10  24    0 1470
299 180.000 359.000  10  26  951  961
300 173.000 384.000  10   3  185  195
301 102.000  84.000  10   3  175  185
302 138.000 326.000  10  17  571  581
303 244.000 176.000  10  24    0 1628
304 136.000 226.000  10   7 1008 1018
305 310.000 163.000   0  20  702  712
306 398.000 258.000  10  12  608  618
307 111.000   4.000  10  12  520  530
308 299.000 351.000  10  14  180  190
309  42.000 197.000   0  26  379  389
310 131.000  82.000  10  15  906  916
311  85.000 256.000  10  15 1014 1024
312 156.000   4.000  10  25  220  230
313 234.000 214.000  10  20   36   46
314 114.000  88.000  10  24  684  694
315  51.000  64.000  10  14  805  815
316 297.000 240.000  10  37  270  280
317 316.000 112.000  10   9  974  984
318 231.000 182.000  10  18   35   45
319 183.000  71.000  10  14  775  785
320 257.000  98.000  10   8  348  358
321 326.000 156.000  10  15  301  311
322 323.000 218.000  10  34  830  840
323 334.000  92.000  10  29  454  464
324 233.000 100.000  10  26  696  706
325  15.000   4.000  10  18    0 1409
326 381.000 144.000  10  18    0 1489
327 220.000  71.000  10  22  686  696
328 394.000 299.000  10  14  804  814
329  38.000 366.000  10  18  268  278
330 153.000 315.000  10  16  124  134
331   8.000 285.000  10  24  333  343
332  59.000 285.000  10  16    0 1514
333  93.000 283.000  10  13  341  351
334 317.000 240.000  10  16  314  324
335  49.000 187.000  10  20  201  211
336 374.000 163.000  10  29  325  335
337  26.000 260.000  10  16  639  649
338 192.000 291.000  10   3  114  124
339  31.000 360.000  10  23  287  297
340 268.000 223.000  10  20   71   81
341 140.000 387.000  10   8  203  213
342 330.000 313.000  10  27  172  182
343  75.000  76.000  10  23    0 1502
344 262.000 233.000  10  16    0 1608
345 236.000 171.000  10  27   46   56
346 177.000  55.000   0  17  766  776
347  91.000 233.000  10  25  476  486
348 244.000  56.000  10  14    0 1528
349 317.000 183.000  10  29  128  138
350 192.000 332.000  10  31  448  458
351 196.000 138.000  10  18   82   92
352 110.000 290.000  10   3  132  142
353 335.000 202.000   0  23  839  849
354  85.000 333.000  10  19  586  596
355  18.000 294.000  10  45  497  507
356  13.000 167.000  10  42  195  205
357 150.000  49.000  10   5  858  868
358  26.000 372.000  10  14  244  254
359  50.000 385.000  10  31  833  843
360 143.000  20.000  10  15    0 1490
361 213.000 280.000   0  29   81   91
362 384.000  47.000  10  31 1101 1111
363 101.000   8.000  10   3    0 1462
364 396.000 106.000  10  18  280  290
365  92.000  73.000   0   8    0 1512
366 369.000 211.000  10  20  473  483
367 186.000 355.000  10  25  155  165
368  46.000 110.000  10  16    0 1500
369 349.000 181.000  10   1    0 1528
370 102.000 252.000  10  21  110  120
371 154.000  68.000  10  20  749  759
372 302.000 345.000  10   9  239  249
373  81.000 156.000  10  25  445  455
374 209.000 167.000  10  17   34   44
375 163.000 264.000  10  26   73   83
376 140.000  40.000  10  27 1025 1035
377  40.000 336.000   0   9 1215 1225
378 231.000  76.000  10  31  826  836
379 395.000 113.000  10   9    0 1465
380 238.000 124.000  10  26    0 1594
381 380.000 339.000  10  10  751  761
382 155.000 159.000  10  15   66   76
383   2.000  29.000  10  28    0 1417
384 397.000  73.000  10  15  234  244
385   7.000 143.000  10   4  343  353
386 137.000  68.000  10  25  154  164
387 102.000 149.000  10  12  517  527
388 135.000 384.000  10  13  254  264
389  56.000 156.000  10  19  693  703
390 217.000  98.000  10  19  103  113
391 229.000 371.000  10   7 1023 1033
392 379.000 254.000  10   3  299  309
393 145.000 165.000  10  13   65   75
394  11.000 135.000  10  28  269  279
395 300.000 272.000  10  15  703  713
396 348.000 371.000  10  23  662  672
397  59.000  49.000  10  36    0 1472
398   0.000 155.000  10   9  205  215
399  18.000 235.000  10  24  228  238
400 177.000 174.000  10  10    0 1644
401 213.000 305.000  10  24    0 1573
402  41.000 399.000  10  13    0 1424
403   4.000  60.000  10  29  250  260
404 321.000  85.000  10  16  444  454
405 254.000   0.000  10   4    0 1471
406 243.000 215.000   0   7   45   55
407 278.000 221.000  10  27  912  922
408 243.000 209.000  10  11    0 1635
409 231.000 320.000  10   4    0 1555
410 219.000  49.000  10  23  471  481
411 234.000  37.000  10  12  522  532
412 259.000   4.000  10  26  616  626
413  13.000  96.000  10  19  761  771
414 246.000 152.000  10   5  611  621
415  18.000 102.000  10  18  242  252
416 163.000 364.000  10  21    0 1510
417 292.000  33.000   0  13    0 1488
418 309.000  18.000  10 -15  406  416
419 108.000 395.000  10 -23  583  593
420 165.000 126.000  10 -23    0 1597
421 354.000 199.000  10 -28    0 1524
422 159.000 164.000  10 -26 1346 1356
423 371.000 396.000  10  -9  611  621
424 237.000 200.000  10 -24    0 1641
425  30.000  39.000  10 -24  378  388
426 218.000 134.000  10  -9 1285 1295
427  74.000 213.000  10 -26  445  455
428 392.000  14.000  10 -16    0 1411
429 113.000  80.000  10 -26  176  186
430 239.000 252.000  10 -20 1342 1352
431 350.000  18.000  10 -36    0 1443
432 192.000 268.000  10 -19  534  544
433  45.000  85.000  10 -28  925  935
434 358.000 309.000  10 -13  866  876
435 366.000  97.000  10 -24  782  792
436 102.000 118.000  10 -38 1179 1189
437  78.000  85.000  10 -14  751  761
438  13.000 322.000  10 -29  378  388
439  79.000  95.000  10 -22 1236 1246
440 207.000 185.000  10 -11 1230 1240
441 349.000 135.000  10 -16  558  568
442 140.000 131.000  10 -17  889  899
443 262.000  30.000  10 -14    0 1498
444 332.000 124.000  10 -15  344  354
445  94.000 268.000  10 -10  375  385
446 243.000 275.000  10 -43  930  940
447 309.000  53.000  10 -26  337  347
448 126.000  90.000  10 -24  876  886
449 271.000 371.000  10 -37  762  772
450  37.000 106.000  10  -3    0 1490
451 320.000 211.000  10 -20    0 1558
452  36.000 203.000  10 -18  390  400
453  46.000 197.000  10 -24    0 1524
454 238.000 119.000  10 -13    0 1589
455 377.000  72.000  10 -22    0 1460
456 266.000 234.000  10 -20  923  933
457 341.000  78.000  10 -26  840  850
458 319.000 160.000  10 -26  178  188
459 236.000  44.000  10 -15  784  794
460  45.000 291.000  10 -14    0 1499
461 279.000  91.000  10 -24 1318 1328
462 371.000 349.000  10 -20  273  283
463 350.000 207.000  10 -25  388  398
464 294.000 249.000  10 -11  481  491
465 174.000 329.000  10 -36  710  720
466 217.000 211.000  10 -14 1190 1200
467 368.000 215.000  10  -7  737  747
468 349.000 249.000  10  -2    0 1522
469 236.000 119.000  10 -23 1360 1370
470 285.000 287.000  10 -18    0 1557
471 267.000 321.000  10 -26  643  653
472 351.000 199.000  10  -1  802  812
473 376.000  19.000  10  -8 1291 1301
474  35.000 238.000  10 -13  201  211
475  75.000  89.000  10  -7  836  846
476 307.000 396.000  10 -28  782  792
477 336.000 201.000  10 -25  830  840
478 291.000 398.000  10 -11  541  551
479 390.000 357.000  10 -23 1051 1061
480 165.000 264.000  10 -37    0 1606
481 359.000  31.000  10 -22 1263 1273
482 194.000  43.000  10  -1    0 1521
483 188.000  67.000  10  -8    0 1545
484 256.000 385.000  10 -13  606  616
485 202.000   6.000  10 -20  646  656
486 291.000 304.000  10 -15 1048 1058
487 343.000 322.000  10 -14  821  831
488  63.000 166.000  10  -7 1006 1016
489  84.000 221.000  10 -15 1113 1123
490 380.000 390.000  10  -7    0 1417
491 135.000 161.000  10 -30 1360 1370
492 378.000 118.000  10 -23  737  747
493 199.000  22.000  10 -12    0 1500
494  40.000  31.000  10 -14  586  596
495 362.000 399.000  10  -2    0 1422
496 209.000 283.000  10 -19  627  637
497 384.000 294.000  10 -20    0 1472
498 246.000 244.000  10 -30  689  699
499 276.000 298.000  10 -35    0 1554
500 384.000  64.000  10 -44 1076 1086
501  87.000 378.000  10 -26    0 1468
502 308.000 178.000  10 -30    0 1568
503  53.000  51.000  10 -14  245  255
504 306.000 361.000  10 -21  715  725
505  43.000 121.000  10 -22  995 1005
506 299.000 308.000  10  -8  573  583
507 371.000 386.000  10 -21  335  345
508  76.000  72.000  10  -9 1020 1030
509  24.000  57.000  10 -23    0 1452
510 306.000  85.000  10 -29 1154 1164
511  84.000 293.000  10 -10  566  576
512 103.000  95.000  10  -9    0 1536
513 228.000 341.000  10  -5 1017 1027
514 330.000 353.000  10  -9 1196 1206
515 201.000 195.000  10 -12    5   15
516 123.000 176.000  10 -20 1180 1190
517  33.000 226.000  10  -8 1202 1212
518 175.000 192.000  10 -22  934  944
519 136.000 373.000  10 -33  624  634
520 348.000 189.000  10  -5    0 1530
521  32.000 229.000  10  -1 1064 1074
522 285.000 107.000  10 -10    0 1553
523 248.000 124.000  10 -19  674  684
524 193.000 216.000  10 -16    0 1661
525 309.000 274.000  10 -24  351  361
526  40.000 314.000  10  -7  734  744
527 194.000 121.000  10 -23 1282 1292
528  74.000 351.000  10 -19  970  980
529  97.000 105.000  10 -12  954  964
530 300.000  64.000  10  -9    0 1510
531 100.000  15.000  10 -20  326  336
532 302.000 274.000  10 -19  302  312
533  68.000 378.000  10 -16  692  702
534 384.000  53.000  10 -21  960  970
535 236.000  38.000  10  -8  443  453
536 228.000  96.000  10 -22    0 1571
537 126.000 208.000  10 -23 1380 1390
538 140.000 344.000  10 -21 1298 1308
539 264.000 341.000  10 -19    0 1524
540  55.000 115.000  10 -17  793  803
541 196.000  51.000  10 -19    0 1529
542  12.000  40.000  10 -11    0 1432
543 340.000 276.000  10 -13  878  888
544 246.000  47.000  10 -26 1131 1141
545 393.000 246.000  10 -35  518  528
546 343.000 184.000  10 -11 1133 1143
547 119.000 286.000  10 -19  839  849
548  23.000 317.000  10  -8    0 1466
549 168.000  15.000  10 -10    0 1491
550 321.000 287.000  10 -39  601  611
551 166.000  19.000  10  -7 1209 1219
552  26.000 275.000  10 -23 1142 1152
553 115.000  51.000  10 -17  858  868
554   1.000 335.000  10 -39    0 1438
555 187.000  23.000  10 -22 1013 1023
556  12.000 368.000  10 -22  781  791
557 325.000 294.000  10  -4 1156 1166
558 195.000 148.000  10 -22 1336 1346
559 387.000 267.000  10 -16  902  912
560  46.000 102.000  10  -2  614  624
561 266.000  13.000  10 -24  689  699
562  19.000  61.000  10 -11 1162 1172
563  57.000 381.000  10 -14    0 1448
564 237.000 259.000  10 -18 1184 1194
565 321.000 144.000  10 -12 1074 1084
566  78.000 194.000  10  -9  948  958
567 178.000 353.000  10  -2  968  978
568 372.000 382.000  10 -15  635  645
569 316.000 327.000  10 -24  773  783
570 186.000 179.000  10 -19    0 1653
571 317.000  68.000  10 -13 1170 1180
572  55.000 341.000  10 -23  685  695
573  77.000 319.000  10 -16 1249 1259
574  74.000 283.000  10  -5    0 1528
575   4.000 307.000  10 -11 1087 1097
576 124.000 179.000  10 -15  728  738
577 397.000 283.000  10 -24  422  432
578 166.000 115.000  10 -13 1259 1269
579 124.000 221.000  10 -22 1013 1023
580 108.000  48.000  10  -4  842  852
581  68.000 215.000  10 -32  981  991
582  92.000 238.000  10 -21 1224 1234
583  52.000 301.000  10 -14    0 1499
584 362.000 115.000  10 -12 1071 1081
585 162.000  94.000  10 -13    0 1566
586 203.000  40.000  10 -10  802  812
587  13.000  59.000  10  -5  569  579
588 116.000 102.000  10 -15  824  834
589 308.000 217.000  10 -12 1002 1012
590 231.000   6.000  10 -11  711  721
591 278.000 265.000  10 -19    0 1577
592 338.000 106.000  10 -15  961  971
593 338.000  14.000  10 -22 1211 1221
594  49.000 222.000  10 -11 1137 1147
595 343.000 134.000  10 -23 1019 1029
596 330.000  76.000  10 -35  938  948
597 156.000  32.000  10  -7    0 1505
598 284.000 311.000  10 -12  359  369
599 344.000 236.000  10 -26    0 1530
600 348.000 319.000  10 -11    0 1489
601 287.000 279.000  10 -14    0 1561
602 243.000 140.000  10  -8 1283 1293
603 220.000  38.000  10 -16  590  600
604 138.000 306.000  10  -2  874  884
605   4.000 280.000  10  -9  248  258
606 274.000   7.000  10 -20  339  349
607 236.000 260.000  10 -20 1129 1139
608 170.000 176.000  10 -17 1026 1036
609 358.000 261.000  10 -13  760  770
610 302.000 300.000  10 -23    0 1536
611 344.000  72.000  10  -3 1075 1085
612 326.000 335.000  10 -18    0 1494
613  68.000 250.000  10 -12  574  584
614 208.000  86.000  10  -7  968  978
615 247.000 377.000  10 -18 1225 1235
616 310.000 363.000  10 -17 1069 1079
617  80.000 365.000  10 -29  459  469
618 246.000 298.000  10  -3  966  976
619 134.000 320.000  10  -8  175  185
620  85.000 128.000  10 -14 1298 1308
621  41.000 337.000  10 -21  679  689
622 201.000 242.000  10 -16  780  790
623  26.000 326.000  10 -12    0 1464
624 105.000 360.000  10  -5  796  806
625 364.000  23.000  10 -23 1075 1085
626 324.000 194.000  10  -4 1076 1086
627 356.000 315.000  10 -14  431  441
628 107.000 159.000  10  -9 1042 1052
629 303.000 112.000  10 -34  883  893
630 168.000  87.000  10  -5  927  937
631 202.000 158.000  10 -33 1168 1178
632  73.000   4.000  10 -24 1416 1426
633  58.000  98.000  10 -29  273  283
634 285.000 184.000  10 -24 1040 1050
635  44.000 277.000  10 -30  544  554
636  41.000  93.000  10 -15 1004 1014
637 322.000 281.000  10 -20    0 1532
638 102.000 377.000  10 -16    0 1476
639 399.000 179.000  10 -23  458  468
640 196.000 107.000  10 -25 1339 1349
641  21.000 255.000  10 -32  771  781
642 131.000 275.000  10 -30    0 1577
643 184.000 235.000  10  -8    0 1640
644   3.000   2.000  10 -27  966  976
645 320.000  24.000  10 -20    0 1465
646 359.000 389.000  10 -16 1064 1074
647 305.000 257.000  10 -16  629  639
648 377.000 282.000  10 -19    0 1483
649 146.000 301.000  10 -24  363  373
650 303.000 142.000  10 -16 1087 1097
651 320.000 166.000  10 -23  596  606
652  66.000 118.000  10 -17    0 1521
653 160.000 222.000  10 -12 1304 1314
654  52.000 194.000  10 -26  559  569
655 294.000 184.000  10 -25 1083 1093
656 357.000  38.000  10  -2 1114 1124
657 178.000 103.000  10 -22    0 1579
658  74.000 231.000  10 -31  484  494
659 262.000 390.000  10  -9    0 1479
660 361.000 194.000  10 -20    0 1517
661 166.000 357.000  10 -11 1223 1233
662 165.000 335.000  10 -22    0 1539
663  88.000 121.000  10 -24  578  588
664 116.000 195.000  10  -5 1076 1086
665 352.000 303.000  10 -31 1082 1092
666  67.000 318.000  10 -21  256  266
667 337.000  81.000  10 -30  723  733
668 250.000 183.000  10 -18 1032 1042
669 244.000 285.000  10  -9 1328 1338
670 287.000 343.000  10 -21  730  740
671 274.000 247.000  10 -33  954  964
672 328.000  39.000  10  -8  766  776
673  55.000 346.000  10  -4  453  463
674 161.000 346.000  10 -30 1066 1076
675  48.000 278.000  10 -18    0 1508
676 350.000 214.000  10 -28  830  840
677 388.000 106.000  10 -19  274  284
678 279.000 247.000  10 -12    0 1587
679 213.000 216.000  10 -21    0 1658
680 230.000 139.000  10 -18    0 1611
681  96.000 209.000  10 -31  133  143
682 316.000 383.000  10 -21    0 1462
683  98.000 107.000  10  -2  944  954
684  41.000 340.000  10 -18  873  883
685 320.000 373.000  10 -17  561  571
686 162.000 121.000  10 -17    0 1591
687 168.000 268.000  10  -7 1063 1073
688 349.000 324.000  10 -26  548  558
689 106.000 302.000  10 -30    0 1540
690 171.000 168.000  10 -15    0 1635
691 338.000 315.000  10 -13  962  972
692 196.000  77.000  10  -5  838  848
693  13.000 220.000  10 -18 1075 1085
694  91.000  61.000  10 -17 1486 1496
695 381.000  27.000  10 -21  473  483
696 251.000 381.000  10 -19  278  288
697 381.000 375.000  10 -22 1081 1091
698 107.000  98.000  10  -9    0 1540
699 347.000  59.000  10 -13    0 1475
700 163.000 270.000  10 -41  555  565
701 380.000 126.000  10 -31    0 1484
702 256.000 145.000  10 -17 1154 1164
703 244.000 135.000  10 -13  682  692
704 338.000 290.000  10 -13  660  670
705 338.000 150.000  10 -28  778  788
706 326.000  79.000  10 -27  816  826
707 388.000 275.000  10  -2  937  947
708 319.000 113.000  10 -26 1177 1187
709  68.000 143.000  10 -23    0 1535
710  66.000   5.000  10 -15 1145 1155
711  17.000  99.000  10 -23 1016 1026
712 133.000 375.000  10 -18  660  670
713  29.000   9.000  10 -10  835  845
714 296.000 156.000  10 -29    0 1573
715 389.000 171.000  10 -24  461  471
716 146.000 324.000  10 -26 1422 1432
717 162.000 316.000  10  -3  606  616
718  59.000  89.000  10  -3  779  789
719 169.000 235.000  10 -17    0 1632
720 277.000 143.000  10 -24  654  664
721 153.000 222.000  10  -7    0 1627
722 310.000 163.000  10 -20  702  712
723 397.000 261.000  10 -12    0 1472
724  93.000  31.000  10 -12  668  678
725 296.000 388.000  10 -14  272  282
726  42.000 197.000  10 -26  379  389
727 158.000  85.000  10 -15  943  953
728 142.000 238.000  10 -15 1187 1197
729 129.000  53.000  10 -25  761  771
730 247.000 212.000  10 -20    0 1630
731 118.000 122.000  10 -24    0 1565
732  82.000  78.000  10 -14 1196 1206
733 287.000 225.000  10 -37  756  766
734 285.000 136.000  10  -9 1099 1109
735 297.000 137.000  10 -18  468  478
736 159.000  79.000  10 -14  802  812
737 232.000 131.000  10  -8 1146 1156
738 359.000 157.000  10 -15    0 1514
739 262.000 212.000  10 -34 1135 1145
740 339.000  69.000  10 -29    0 1487
741 186.000  75.000  10 -26  790  800
742   8.000  68.000  10 -18    0 1446
743 379.000 126.000  10 -18  876  886
744 185.000 180.000  10 -22 1643 1653
745 381.000 290.000  10 -14    0 1476
746   5.000 344.000  10 -18 1269 1279
747 103.000 361.000  10 -16  470  480
748  70.000 231.000  10 -24    0 1545
749  16.000 311.000  10 -16  303  313
750 153.000 224.000  10 -13  795  805
751 315.000 237.000  10 -16  530  540
752  41.000 183.000  10 -20 1187 1197
753 374.000 175.000  10 -29  354  364
754 157.000 220.000  10 -16 1386 1396
755 253.000 316.000  10  -3  431  441
756  34.000 371.000  10 -23  390  400
757 332.000 216.000  10 -20  457  467
758 122.000 397.000  10  -8  586  596
759 367.000 361.000  10 -27  497  507
760  92.000  68.000  10 -23    0 1508
761 240.000 201.000  10 -16  764  774
762 391.000 136.000  10 -27    0 1477
763 177.000  55.000  10 -17  766  776
764  50.000 315.000  10 -25    0 1489
765 244.000  50.000  10 -14    0 1522
766 345.000 195.000  10 -29    0 1533
767 160.000 313.000  10 -31  869  879
768 158.000 121.000  10 -18 1115 1125
769  38.000 291.000  10  -3    0 1493
770 335.000 202.000  10 -23  839  849
771   8.000 384.000  10 -19 1021 1031
772  36.000 286.000  10 -45  772  782
773 163.000 207.000  10 -42 1135 1145
774 164.000  80.000  10  -5 1193 1203
775  30.000 349.000  10 -14  688  698
776  48.000 358.000  10 -31  886  896
777 123.000  30.000  10 -15  708  718
778 213.000 280.000  10 -29   81   91
779 370.000  57.000  10 -31 1128 1138
780  96.000  22.000  10  -3  826  836
781 279.000 148.000  10 -18 1462 1472
782  92.000  73.000  10  -8    0 1512
783 362.000 207.000  10 -20    0 1516
784 152.000 361.000  10 -25    0 1510
785  69.000  82.000  10 -16  885  895
786 352.000 156.000  10  -1  908  918
787   2.000 200.000  10 -21  351  361
788 148.000  71.000  10 -20  825  835
789 330.000 310.000  10  -9  688  698
790  87.000 164.000  10 -25  672  682
791 266.000   8.000  10 -17  590  600
792 111.000 286.000  10 -26  143  153
793 168.000 100.000  10 -27    0 1574
794  40.000 336.000  10  -9 1215 1225
795 229.000 105.000  10 -31  865  875
796 400.000 109.000  10  -9  857  867
797 186.000 145.000  10 -26 1500 1510
798 348.000 343.000  10 -10    0 1473
799 137.000 132.000  10 -15  226  236
800   3.000  15.000  10 -28 1112 1122
801 382.000  49.000  10 -15  886  896
802  56.000  97.000  10  -4  951  961
803 173.000  72.000  10 -25  284  294
804  96.000 162.000  10 -12    0 1568
805 117.000 395.000  10 -13  411  421
806  35.000 160.000  10 -19 1027 1037
807 231.000  36.000  10 -19    0 1512
808 230.000 234.000  10  -7 1571 1581
809 303.000 258.000  10  -3  998 1008
810 143.000 159.000  10 -13    0 1608
811  16.000 114.000  10 -28  733  743
812 282.000 252.000  10 -15  878  888
813 311.000 344.000  10 -23    0 1497
814 100.000  10.000  10 -36    0 1464
815   8.000 119.000  10  -9    0 1470
816  10.000 202.000  10 -24    0 1488
817 160.000  62.000  10 -10  719  729
818 220.000 337.000  10 -24  322  332
819  37.000 397.000  10 -13  835  845
820  14.000  53.000  10 -29  815  825
821 378.000  30.000  10 -16 1110 1120
822 226.000  52.000  10  -4    0 1528
823 243.000 215.000  10  -7   45   55
824 231.000 229.000  10 -27 1213 1223
825 212.000 197.000  10 -11  864  874
826 230.000 266.000  10  -4    0 1606
827 193.000  29.000  10 -23  767  777
828 294.000  13.000  10 -12  597  607
829 234.000   7.000  10 -26 1126 1136
830  35.000  79.000  10 -19    0 1474
831 195.000 121.000  10  -5  881  891
832  37.000 119.000  10 -18  536  546
833 146.000 320.000  10 -21  507  517
834 292.000  33.000  10 -13    0 1488
835 200.000 200.000   0   0    0 1688
