417 417 1000 200 1000
  0 200.000 200.000   0   0    0 1688
  1 123.000 176.000  10   6    0 1598
  2 234.000  20.000  10  15    0 1495
  3 303.000 258.000  10  21    0 1560
  4 148.000  94.000  10  23  848  858
  5  35.000 238.000  10  32  201  211
  6 356.000 223.000  10  28    0 1521
  7 349.000 324.000  10  33  548  558
  8 146.000 320.000  10  22    0 1547
  9 160.000 313.000  10   8    0 1559
 10 237.000 243.000  10   9    0 1622
 11 343.000 134.000   0   8 1019 1029
 12 123.000  30.000  10  12    0 1492
 13 156.000  32.000  10  34    0 1505
 14 361.000 194.000  10  12    0 1517
 15 280.000   5.000  10   9    0 1468
 16  51.000 205.000  10  26    0 1529
 17 131.000  89.000  10  26  150  160
 18 359.000 157.000  10   5    0 1514
 19 328.000   8.000  10  36    0 1448
 20 129.000  53.000  10  14  761  771
 21 332.000 124.000  10  22  344  354
 22  16.000 114.000  10  26  733  743
 23  73.000 126.000  10  38  429  439
 24  91.000  61.000  10  10 1486 1496
 25 117.000 148.000  10  14    0 1581
 26  60.000 319.000  10  29  265  275
 27 244.000  50.000  10  23    0 1522
 28  79.000  95.000  10  22    0 1518
 29 232.000 131.000  10  20    0 1602
 30 211.000 153.000  10  14   66   76
 31 327.000 115.000  10  15  313  323
 32 151.000 231.000  10  10   89   99
 33 210.000 294.000  10  43    0 1584
 34 264.000 341.000  10   9    0 1524
 35 309.000  53.000  10  26    0 1495
 36 108.000  75.000  10  24    0 1523
 37 329.000 208.000  10  20    0 1549
 38  78.000  85.000  10  21    0 1511
 39   4.000 307.000  10  14    0 1455
 40 151.000 188.000  10  18   50   60
 41  14.000  53.000  10  12    0 1441
 42 368.000  63.000  10  22    0 1462
 43 348.000 102.000  10  26    0 1501
 44 116.000 102.000  10  10    0 1549
 45 192.000 268.000   0  31    0 1610
 46 264.000  69.000  10  15    0 1533
 47 231.000 229.000  10  12    0 1636
 48  81.000 290.000  10  14  411  421
 49 290.000  82.000  10  24  908  918
 50  21.000 255.000   0  29  771  781
 51 324.000 184.000  10  25    0 1553
 52 381.000  27.000  10  27    0 1428
 53 163.000 270.000  10  14    0 1599
 54 292.000 392.000  10  18  671  681
 55 267.000 321.000   0  26    0 1540
 56 339.000   3.000  10   8    0 1437
 57 158.000  85.000  10  22    0 1556
 58 213.000 216.000  10   9    0 1658
 59 122.000 105.000  10   7    0 1556
 60 299.000 227.000  10  25    0 1576
 61 299.000 399.000  10  11    0 1456
 62  46.000 197.000  10  21    0 1524
 63  97.000 387.000  10  37    0 1465
 64 266.000 234.000  10   7    0 1604
 65 158.000 121.000  10  17 1115 1125
 66 325.000 311.000   0  15  623  633
 67 143.000 159.000  10  16    0 1608
 68 259.000 285.000  10  14    0 1575
 69 366.000  97.000  10  23    0 1483
 70 400.000 373.000  10   7    0 1414
 71 123.000 159.000  10  30 1325 1335
 72 206.000 286.000  10  19    0 1592
 73 208.000  86.000   0   2  968  978
 74 384.000 294.000  10  20    0 1472
 75 315.000 237.000  10  33    0 1558
 76 168.000  15.000  10   6    0 1491
 77 391.000  42.000  10  44    0 1431
 78  92.000 384.000  10  26    0 1465
 79 344.000 154.000  10  30    0 1527
 80  59.000  51.000  10  14    0 1473
 81 100.000  10.000  10  27    0 1464
 82 250.000 340.000  10  21    0 1530
 83 103.000 154.000   0  22    0 1571
 84 243.000 287.000  10   8  147  157
 85 362.000 383.000  10  21    0 1434
 86  70.000  81.000  10   9    0 1502
 87 230.000 266.000  10  14    0 1606
 88 148.000  71.000  10   8    0 1539
 89   6.000  62.000  10  23    0 1440
 90 165.000 335.000   0   3    0 1539
 91 313.000  64.000  10  29    0 1502
 92  80.000 282.000  10  10    0 1533
 93  59.000  89.000   0  24    0 1499
 94 330.000 353.000  10   9    0 1478
 95 201.000 195.000  10  12    0 1673
 96 125.000 175.000  10  20  172  182
 97  52.000 251.000  10   8    0 1522
 98 192.000 200.000  10  22    0 1670
 99 357.000 202.000  10   5    0 1521
100 203.000  40.000  10  11    0 1518
101 359.000  42.000  10  10    0 1454
102 142.000 385.000  10  16    0 1485
103 299.000 270.000  10  24    0 1557
104 248.000 126.000  10  23    0 1590
105 101.000  99.000  10  12    0 1537
106 355.000  41.000  10   9  849  859
107  55.000 346.000   0  13    0 1473
108 282.000 252.000  10  10    0 1581
109 377.000  72.000  10   5    0 1460
110  85.000  61.000  10  20  180  190
111  87.000 164.000  10  11    0 1560
112  80.000 392.000  10  16    0 1452
113 234.000  73.000  10   8    0 1547
114 192.000 151.000  10  22  594  604
115 193.000 390.000  10  21    0 1488
116  86.000 112.000  10  17    0 1534
117 223.000  41.000   0  19    0 1518
118 285.000 184.000  10   9    0 1592
119   8.000  68.000  10  29    0 1446
120 287.000 279.000  10   4    0 1561
121 199.000  45.000  10  26    0 1523
122 384.000 248.000  10  35    0 1488
123 326.000  79.000  10  29    0 1504
124 217.000 211.000  10  12    0 1658
125 364.000 213.000  10  11    0 1514
126 124.000 179.000   0  36  728  738
127 168.000 223.000  10  19    0 1639
128 341.000  78.000  10  16    0 1492
129 147.000 210.000  10  23   53   63
130   8.000 363.000  10  39    0 1427
131 250.000 183.000  10  24    0 1626
132 193.000  18.000  10  22    0 1496
133 287.000 343.000  10  17    0 1511
134  17.000 348.000   0  22  448  458
135 365.000 303.000   0   4  912  922
136 196.000 129.000  10  22  776  786
137 278.000 265.000  10  23    0 1577
138 367.000 300.000  10  16    0 1484
139 226.000  52.000  10  17    0 1528
140  40.000  31.000  10   9    0 1446
141 332.000 216.000  10  12    0 1546
142  96.000 209.000  10  28    0 1574
143 195.000 121.000  10  23  881  891
144 285.000 287.000  10  22    0 1557
145 362.000 399.000  10  24    0 1422
146 231.000   6.000  10  32    0 1482
147 194.000 121.000  10  21    0 1599
148 350.000 207.000   0  16  388  398
149 241.000 275.000  10  18  706  716
150 350.000 131.000  10  12    0 1513
151 175.000 192.000  10  13  934  944
152 397.000 261.000  10  16    0 1472
153  32.000 163.000  10   9    0 1506
154 316.000 327.000  10  24  773  783
155 177.000 139.000  10  19    0 1613
156 317.000  68.000  10  13    0 1502
157 102.000 324.000  10  23    0 1520
158 236.000  38.000  10  38    0 1513
159  10.000 202.000  10   3    0 1488
160  72.000 315.000   0  11    0 1506
161 197.000 200.000  10  15    3   13
162 395.000 340.000   0  24  240  250
163 166.000 115.000  10  13    0 1587
164 362.000 115.000  10  11    0 1496
165  78.000 261.000  10  32  136  146
166 279.000  91.000  10  22 1318 1328
167  16.000 294.000  10  21    0 1472
168 172.000 109.000  10  13    0 1583
169 176.000 154.000  10  15    0 1627
170 308.000 178.000  10   4    0 1568
171 251.000 381.000  10  17    0 1490
172 381.000  12.000   0  15    0 1418
173  17.000  99.000  10   1 1016 1026
174 377.000  29.000  10  22    0 1432
175 153.000 224.000  10  15    0 1626
176 382.000 169.000  10  23    0 1494
177 371.000 349.000  10   8    0 1452
178 265.000 127.000  10  35   97  107
179 159.000  11.000  10   7    0 1485
180 220.000 238.000   0  12    0 1636
181 337.000 248.000  10  26    0 1533
182 377.000 282.000  10  20    0 1483
183 310.000 340.000  10  11  183  193
184  74.000 213.000  10  33  445  455
185 309.000  18.000  10  26    0 1466
186 378.000  30.000  10  35    0 1432
187 160.000 222.000  10  18    0 1633
188 381.000 375.000  10  11    0 1427
189 209.000 208.000  10   8    0 1666
190  91.000 388.000  10   2    0 1461
191 110.000 241.000  10   9   98  108
192  92.000  68.000  10  19    0 1508
193 200.000  48.000  10  20    0 1526
194 308.000 314.000  10  23    0 1521
195 371.000 111.000  10   3  259  269
196 300.000  64.000  10  35    0 1510
197 338.000 315.000  10   9  962  972
198 349.000 249.000  10   5    0 1522
199 294.000 184.000   0  18    0 1583
200  12.000 368.000  10  12    0 1426
201 119.000 286.000  10  18  839  849
202 105.000 254.000  10  12  419  429
203 304.000 395.000  10  18    0 1457
204 326.000 374.000  10  17  588  598
205 338.000 290.000  10  12  660  670
206  98.000 375.000  10  29  202  212
207  11.000 328.000  10  12    0 1450
208 376.000 205.000  10   4    0 1502
209 170.000 114.000  10   9  647  657
210 168.000  87.000  10   5    0 1561
211 206.000 106.000  10  33    0 1584
212  93.000  31.000  10  21  668  678
213  37.000  21.000  10  24    0 1436
214 162.000  94.000  10  11    0 1566
215 162.000 121.000  10   1    0 1591
216 345.000 195.000  10   9    0 1533
217  68.000 143.000  10  16    0 1535
218  56.000 292.000  10  30  516  526
219  40.000 153.000  10  15    0 1512
220 338.000  14.000  10  10    0 1447
221 368.000 278.000  10  20  251  261
222  68.000 386.000  10  16  319  329
223 369.000 171.000  10  23    0 1507
224 201.000   6.000  10  25  595  605
225   5.000 266.000  10  32    0 1473
226 311.000 344.000  10  26    0 1497
227 174.000 326.000  10   8  965  975
228  23.000 317.000  10  10    0 1466
229 221.000 225.000  10  16   32   42
230 278.000 289.000  10  19  118  128
231 380.000 390.000  10  36    0 1417
232 175.000 304.000  10  24  106  116
233  26.000 275.000   0  16 1142 1152
234 357.000 147.000  10  23    0 1513
235 188.000  67.000  10  14    0 1545
236 166.000 185.000  10  17    0 1641
237  26.000 199.000  10  26    0 1504
238 154.000  41.000  10  22    0 1513
239 215.000 260.000  10   9   61   71
240 244.000 135.000  10   8  682  692
241 142.000 379.000  10  11    0 1490
242 157.000 378.000  10  22    0 1495
243  94.000 165.000  10   5    0 1567
244 162.000 251.000  10  21   63   73
245 146.000 324.000  10  24    0 1543
246 311.000 356.000  10   9    0 1487
247 289.000 234.000  10  33    0 1583
248 274.000   7.000  10  21    0 1472
249 174.000 329.000  10  30    0 1547
250 243.000 140.000  10  15    0 1605
251  41.000 183.000  10  25    0 1519
252 325.000  45.000  10   8  599  609
253  65.000 335.000  10   4  339  349
254  44.000 296.000   0  18  494  504
255 103.000 361.000  10  25  470  480
256 169.000 235.000  10  35    0 1632
257 339.000  69.000  10  26    0 1487
258 279.000 247.000  10  12    0 1587
259 170.000 176.000  10  19 1026 1036
260 286.000  44.000  10  18    0 1500
261 100.000 218.000   0  31    0 1577
262 186.000  75.000  10  35    0 1553
263  76.000  90.000   0   2    0 1513
264 138.000 143.000  10  17    0 1594
265 352.000 303.000  10   8 1082 1092
266 338.000 150.000  10  16    0 1532
267  58.000  98.000  10  15  273  283
268  74.000 231.000  10  11    0 1549
269 330.000  76.000  10  10    0 1499
270 165.000 264.000  10  20    0 1606
271 214.000 119.000  10   5    0 1596
272  11.000 274.000  10  18    0 1476
273  68.000 215.000  10  19    0 1546
274 334.000 100.000  10  21    0 1511
275 256.000 356.000  10  19    0 1513
276 115.000  51.000  10  18  858  868
277 387.000 267.000  10  11    0 1480
278 106.000 302.000  10   3    0 1540
279 398.000 325.000  10  22    0 1444
280  74.000  87.000  10   9    0 1509
281 294.000 118.000  10  13  124  134
282 142.000 262.000  10  41    0 1594
283 364.000  55.000   0  17    0 1460
284 379.000 126.000  10   8    0 1485
285 177.000  77.000  10  13    0 1553
286 314.000 257.000  10  13    0 1551
287 336.000 201.000  10  17    0 1542
288 344.000 321.000  10   2    0 1490
289 276.000 298.000  10  10    0 1554
290 319.000 113.000   0  26 1177 1187
291 362.000 207.000  10  18    0 1516
292 146.000 301.000  10  34    0 1564
293 146.000 174.000  10  23   59   69
294 247.000 212.000  10  15    0 1630
295 356.000 315.000  10  18    0 1485
296  32.000  78.000  10  23    0 1471
297  55.000 341.000  10  14  685  695
298 180.000 359.000  10  26    0 1518
299  48.000 358.000  10  32  886  896
300  41.000  93.000  10  45    0 1487
301 320.000 211.000  10   6    0 1558
302 138.000 326.000  10  17  571  581
303 244.000 176.000  10  24    0 1628
304 400.000 109.000  10  20    0 1459
305   5.000 344.000  10   7    0 1436
306 122.000 397.000  10  22    0 1467
307  24.000  57.000  10  18    0 1452
308  70.000 231.000  10  16    0 1545
309 389.000 171.000  10   3    0 1487
310 212.000 197.000  10  16    0 1666
311 305.000 257.000  10   3  629  639
312  41.000 340.000  10  26    0 1467
313  85.000 256.000  10  15    0 1551
314 156.000   4.000  10  25  220  230
315 202.000 158.000   0  11    0 1636
316 372.000 382.000  10   7  635  645
317  67.000 318.000  10  15    0 1501
318  57.000 381.000  10  22    0 1448
319 118.000 122.000  10  20    0 1565
320 178.000 353.000  10  19    0 1524
321  73.000   4.000  10  20    0 1445
322 297.000 240.000  10  37    0 1574
323 316.000 112.000  10   9    0 1533
324 231.000 182.000  10  18   35   45
325 257.000  98.000  10   8  348  358
326  48.000 278.000  10  36    0 1508
327 113.000  80.000  10  19  176  186
328 323.000 218.000  10  34    0 1554
329 238.000 119.000  10  17    0 1589
330 294.000 249.000  10   8    0 1572
331 384.000  64.000  10  19    0 1450
332  15.000   4.000  10  18    0 1409
333 193.000 216.000  10   1    0 1661
334  68.000 378.000  10  10    0 1457
335  63.000 166.000  10   4    0 1537
336 328.000  39.000  10  11    0 1473
337 153.000 315.000  10  16    0 1554
338 111.000 286.000  10  21    0 1555
339  34.000 371.000  10  18    0 1440
340 230.000 139.000  10  14    0 1611
341  59.000 285.000  10  16    0 1514
342  93.000 283.000  10  13  341  351
343 374.000 163.000  10  29    0 1501
344 192.000 291.000  10   3  114  124
345 173.000  72.000  10  39    0 1548
346  31.000 360.000  10  23    0 1446
347 296.000 388.000  10  41    0 1467
348 268.000 223.000   0  20    0 1607
349  32.000 229.000  10   7 1064 1074
350 140.000 387.000  10   8    0 1482
351 302.000 300.000  10  17    0 1536
352  56.000  97.000  10  19  951  961
353 359.000 389.000  10  13    0 1432
354 320.000 373.000  10  22  561  571
355 102.000 118.000  10  22    0 1551
356 330.000 313.000  10  27  172  182
357 344.000  72.000  10   8    0 1486
358  75.000  76.000  10  23    0 1502
359  36.000 286.000  10  16  772  782
360  91.000 233.000  10  25  476  486
361 110.000 290.000  10   3  132  142
362 297.000 137.000   0  18  468  478
363 335.000 202.000  10  23    0 1543
364 322.000 281.000  10   9    0 1532
365 150.000  49.000  10   5  858  868
366  26.000 372.000  10  14  244  254
367 236.000 260.000  10  31    0 1609
368  50.000 385.000   0  31    0 1440
369 199.000  22.000  10  20    0 1500
370 220.000  38.000  10  32    0 1515
371 384.000  47.000  10  31 1101 1111
372 101.000   8.000  10   3    0 1462
373   3.000   2.000  10  16  966  976
374 396.000 106.000  10  18    0 1461
375 124.000 221.000   0  27 1013 1023
376  84.000 221.000  10  22    0 1561
377 369.000 211.000  10  20  473  483
378   3.000  15.000  10  20    0 1408
379 349.000 181.000   0   1    0 1528
380 102.000 252.000  10  21  110  120
381 381.000 290.000  10  36    0 1476
382 302.000 345.000  10   9    0 1501
383 209.000 167.000  10  17   34   44
384 163.000 264.000  10  26   73   83
385 231.000  76.000  10  31    0 1551
386  16.000 311.000  10  10    0 1464
387 395.000 113.000  10   9    0 1465
388 253.000 316.000  10  21    0 1551
389 380.000 339.000  10  10  751  761
390 271.000 371.000  10  15  762  772
391  53.000  51.000  10  18    0 1469
392   2.000  29.000   0  28    0 1417
393   7.000 143.000  10   4  343  353
394  37.000 119.000  10  15    0 1496
395 137.000  68.000  10  25  154  164
396 102.000 149.000  10  12    0 1568
397 105.000 360.000  10  10    0 1492
398 379.000 254.000  10   3  299  309
399  88.000 121.000  10  15    0 1541
400 145.000 165.000  10  13    0 1613
401  11.000 135.000  10  28    0 1479
402 300.000 272.000  10  15  703  713
403 348.000 371.000  10  23    0 1452
404   0.000 155.000  10   9    0 1473
405 213.000 305.000  10  24    0 1573
406   4.000  60.000  10  29  250  260
407 321.000  85.000  10  16  444  454
408 231.000  36.000  10  34    0 1512
409 278.000 221.000  10  27    0 1598
410 243.000 209.000  10  11    0 1635
411 284.000 311.000  10  19    0 1539
412 259.000   4.000  10  26    0 1474
413 243.000 275.000  10  31    0 1592
414  13.000  96.000  10  19  761  771
415 246.000 152.000   0   5    0 1612
416  38.000 291.000  10   8    0 1493
417  18.000 102.000  10  18  242  252
418 116.000 195.000  10  -6    0 1594
419 210.000   1.000  10 -15    0 1479
420 312.000 247.000  10 -21    0 1557
421 165.000 126.000  10 -23    0 1597
422  26.000 247.000  10 -32  398  408
423 321.000 144.000  10 -28    0 1545
424 375.000 294.000  10 -33    0 1480
425 205.000 372.000  10 -22    0 1506
426  90.000 311.000  10  -8  679  689
427 230.000 234.000  10  -9    0 1633
428 343.000 134.000  10  -8 1019 1029
429 143.000  20.000  10 -12    0 1490
430 187.000  23.000  10 -34 1013 1023
431 354.000 199.000  10 -12    0 1524
432 262.000  30.000  10  -9    0 1498
433  36.000 203.000  10 -26    0 1514
434 102.000  42.000  10 -26    0 1493
435 352.000 156.000  10  -5  908  918
436 320.000  24.000  10 -36    0 1465
437  96.000  22.000  10 -14  826  836
438 384.000  72.000  10 -22    0 1454
439  46.000 110.000  10 -26    0 1500
440  66.000 118.000  10 -38    0 1521
441 107.000  98.000  10 -10    0 1540
442  57.000 124.000  10 -14    0 1517
443 110.000 351.000  10 -29    0 1503
444 251.000  70.000  10 -23    0 1539
445  75.000  89.000  10 -22  836  846
446 238.000 124.000  10 -20    0 1594
447 219.000  49.000  10 -14  471  481
448 279.000 148.000  10 -15    0 1584
449  92.000 255.000  10 -10    0 1557
450 201.000 255.000  10 -43    0 1623
451 213.000 332.000  10  -9    0 1546
452 294.000  13.000  10 -26    0 1469
453 108.000  48.000  10 -24  842  852
454 320.000 166.000  10 -20    0 1554
455  82.000  78.000  10 -21    0 1509
456  45.000 291.000  10 -14    0 1499
457 120.000 170.000  10 -18    0 1593
458  66.000   5.000  10 -12    0 1442
459 382.000  49.000  10 -22  886  896
460 277.000 143.000  10 -26    0 1583
461 125.000 122.000  10 -10    0 1570
462 192.000 268.000  10 -31    0 1610
463 266.000  13.000  10 -15  689  699
464 306.000 361.000  10 -12    0 1486
465  50.000 315.000  10 -14    0 1489
466 292.000  33.000  10 -24    0 1488
467  21.000 255.000  10 -29  771  781
468 310.000 163.000  10 -25  702  712
469 369.000   6.000  10 -27    0 1421
470 145.000 301.000  10 -14    0 1563
471 262.000 390.000  10 -18    0 1479
472 267.000 321.000  10 -26    0 1540
473 338.000   5.000  10  -8 1027 1037
474 186.000 145.000  10 -22 1500 1510
475 213.000 280.000  10  -9    0 1597
476 155.000 159.000  10  -7    0 1618
477 308.000 217.000  10 -25    0 1569
478 291.000 398.000  10 -11    0 1461
479  52.000 194.000  10 -21    0 1530
480 102.000 377.000  10 -37    0 1476
481 309.000 279.000  10  -7    0 1544
482 161.000 124.000  10 -17    0 1593
483 325.000 311.000  10 -15  623  633
484  97.000 105.000  10 -16    0 1538
485 286.000 308.000  10 -14  637  647
486 353.000  65.000  10 -23    0 1474
487 390.000 357.000  10  -7 1051 1061
488 135.000 161.000  10 -30    0 1603
489 209.000 283.000  10 -19    0 1595
490 208.000  86.000  10  -2  968  978
491 398.000 258.000  10 -20  608  618
492 280.000 224.000  10 -33    0 1595
493 208.000  20.000  10  -6    0 1498
494 350.000  18.000  10 -44    0 1443
495 108.000 399.000  10 -26    0 1459
496 342.000 154.000  10 -30    0 1529
497  59.000  49.000  10 -14    0 1472
498 111.000   4.000  10 -27    0 1463
499 228.000 341.000  10 -21    0 1535
500 103.000 154.000  10 -22    0 1571
501 279.000 337.000  10  -8    0 1520
502 348.000 343.000  10 -21    0 1473
503  69.000  82.000  10  -9    0 1502
504 246.000 247.000  10 -14    0 1613
505 160.000  62.000  10  -8    0 1535
506   2.000  52.000  10 -23    0 1431
507 165.000 335.000  10  -3    0 1539
508 334.000  92.000  10 -29    0 1506
509 126.000 208.000  10 -10    0 1604
510  59.000  89.000  10 -24    0 1499
511 352.000 383.000  10  -9    0 1441
512 236.000 171.000  10 -12    0 1632
513  84.000 206.000  10 -20  587  597
514  18.000 235.000  10  -8    0 1493
515 177.000 174.000  10 -22    0 1644
516 348.000 189.000  10  -5    0 1530
517 196.000 107.000  10 -11    0 1585
518 359.000  31.000  10 -10 1263 1273
519 135.000 384.000  10 -16    0 1483
520 305.000 255.000  10 -24    0 1560
521 248.000 124.000  10 -23    0 1589
522 114.000  88.000  10 -12  684  694
523 364.000  23.000  10  -9    0 1437
524  55.000 346.000  10 -13    0 1473
525 309.000 274.000  10 -10  351  361
526 397.000  73.000  10  -5    0 1444
527  39.000  34.000  10 -20    0 1447
528 107.000 159.000  10 -11    0 1577
529 108.000 395.000  10 -16    0 1463
530 244.000  56.000  10  -8    0 1528
531 179.000 125.000  10 -22    0 1601
532 229.000 371.000  10 -21 1023 1033
533  92.000  73.000  10 -17    0 1512
534 223.000  41.000  10 -19    0 1518
535 269.000 203.000  10  -9    0 1609
536   9.000  47.000  10 -29    0 1434
537 267.000 295.000  10  -4    0 1562
538 194.000  65.000  10 -26  396  406
539 361.000 236.000  10 -35    0 1514
540 319.000 115.000  10 -29    0 1532
541 302.000 274.000  10 -12    0 1552
542 395.000 167.000  10 -11    0 1481
543 124.000 179.000  10 -36  728  738
544 136.000 226.000  10 -19    0 1609
545 285.000 136.000  10 -16    0 1572
546 153.000 222.000  10 -23    0 1627
547   5.000 345.000  10 -39    0 1435
548 273.000 182.000  10 -24  860  870
549 193.000  29.000  10 -22    0 1507
550 366.000 340.000  10 -17  725  735
551  17.000 348.000  10 -22  448  458
552 365.000 303.000  10  -4  912  922
553 236.000 119.000  10 -22 1360 1370
554 317.000 240.000  10 -23    0 1555
555 394.000 299.000  10 -16    0 1461
556 220.000  71.000  10 -17    0 1548
557  30.000  39.000  10  -9    0 1444
558 350.000 214.000  10 -12    0 1528
559 125.000 182.000  10 -28    0 1601
560 217.000  98.000  10 -23    0 1575
561 308.000 327.000  10 -22    0 1512
562 371.000 396.000  10 -24    0 1418
563 206.000   7.000  10 -32    0 1485
564 232.000 127.000  10 -21    0 1599
565 350.000 207.000  10 -16  388  398
566 239.000 252.000  10 -18 1342 1352
567 303.000 142.000  10 -12    0 1560
568 191.000 167.000  10 -13    0 1644
569 391.000 260.000  10 -16    0 1478
570  35.000 160.000  10  -9    0 1509
571 244.000 285.000  10 -24    0 1583
572 194.000 166.000  10 -19    0 1644
573 337.000  81.000  10 -13    0 1497
574  80.000 365.000  10 -23  459  469
575 234.000   7.000  10 -38    0 1483
576  56.000 156.000  10  -3    0 1528
577  72.000 315.000  10 -11    0 1506
578 171.000 168.000  10 -15    0 1635
579 395.000 340.000  10 -24  240  250
580 159.000  79.000  10 -13  802  812
581 388.000 106.000  10 -11    0 1468
582   4.000 280.000  10 -32  248  258
583 271.000 116.000  10 -22    0 1569
584  68.000 250.000  10 -21    0 1537
585 168.000 100.000  10 -13    0 1574
586 164.000  80.000  10 -15    0 1553
587 377.000 144.000  10  -4  477  487
588 247.000 377.000  10 -17 1225 1235
589 381.000  12.000  10 -15    0 1418
590  29.000  86.000  10  -1    0 1473
591 306.000  85.000  10 -22    0 1522
592 157.000 220.000  10 -15    0 1631
593 380.000 145.000  10 -23  533  543
594 291.000 304.000  10  -8    0 1540
595 285.000 107.000  10 -35    0 1553
596 177.000  55.000  10  -7    0 1532
597 220.000 238.000  10 -12    0 1636
598 361.000 287.000  10 -26  266  276
599 388.000 275.000  10 -20    0 1476
600 316.000 383.000  10 -11    0 1462
601  49.000 187.000  10 -33    0 1527
602 255.000  80.000  10 -26    0 1546
603 348.000  41.000  10 -35    0 1461
604 184.000 235.000  10 -18    0 1640
605 397.000 362.000  10 -11    0 1423
606 279.000 262.000  10  -8    0 1578
607 138.000 306.000  10  -2  874  884
608  54.000 341.000  10  -9    0 1476
609 102.000  84.000  10 -19    0 1527
610 196.000  51.000  10 -20    0 1529
611 300.000 319.000  10 -23    0 1523
612 380.000 126.000  10  -3    0 1484
613 325.000 130.000  10 -35    0 1535
614 330.000 310.000  10  -9    0 1508
615 344.000 236.000  10  -5    0 1530
616 294.000 184.000  10 -18    0 1583
617  74.000 283.000  10 -12    0 1528
618 131.000 275.000  10 -18    0 1577
619  40.000 336.000  10 -12    0 1469
620 299.000 351.000  10 -18    0 1498
621 310.000 363.000  10 -17 1069 1079
622 340.000 290.000  10 -12    0 1512
623  37.000 397.000  10 -29    0 1423
624   1.000 335.000  10 -12    0 1438
625 399.000 179.000  10  -4    0 1478
626 154.000  68.000  10  -9    0 1539
627 183.000  71.000  10  -5  775  785
628 229.000 105.000  10 -33    0 1579
629   2.000  17.000  10 -21    0 1409
630  13.000  59.000  10 -24    0 1444
631 126.000  90.000  10 -11    0 1546
632 100.000  15.000  10  -1    0 1468
633 343.000 184.000  10  -9    0 1535
634  66.000 144.000  10 -16  150  160
635  48.000 304.000  10 -30    0 1494
636  37.000 106.000  10 -15    0 1490
637 327.000  11.000  10 -10    0 1451
638 358.000 261.000  10 -20  760  770
639  41.000 399.000  10 -16    0 1424
640 374.000 175.000  10 -23    0 1503
641 202.000   6.000  10 -25  646  656
642  13.000 220.000  10 -32 1075 1085
643 353.000 357.000  10 -26    0 1459
644 166.000 357.000  10  -8 1223 1233
645  13.000 322.000  10 -10    0 1455
646 326.000 335.000  10 -16    0 1494
647 304.000 319.000  10 -19  871  881
648 390.000 376.000  10 -36    0 1420
649 147.000 376.000  10 -24  203  213
650  26.000 275.000  10 -16 1142 1152
651 319.000 160.000  10 -23    0 1553
652 194.000  43.000  10 -14    0 1521
653 185.000 180.000  10 -17    0 1653
654   2.000 200.000  10 -26  351  361
655 196.000  77.000  10 -22    0 1555
656 186.000 355.000  10  -9    0 1523
657 256.000 145.000  10  -8    0 1600
658 117.000 395.000  10 -11    0 1467
659 231.000 320.000  10 -22    0 1555
660  96.000 162.000  10  -5    0 1568
661 184.000 282.000  10 -21    0 1595
662 226.000 378.000  10 -24    0 1499
663 303.000 358.000  10  -9    0 1490
664 274.000 247.000  10 -33  954  964
665 246.000  47.000  10 -21    0 1519
666 161.000 346.000  10 -30    0 1527
667 273.000 118.000  10 -15    0 1569
668  78.000 194.000  10 -25  948  958
669 341.000  33.000  10  -8    0 1460
670  52.000 343.000  10  -4    0 1473
671  44.000 296.000  10 -18  494  504
672  79.000 344.000  10 -25    0 1490
673 184.000 233.000  10 -35    0 1642
674 357.000  38.000  10 -26    0 1453
675 234.000 214.000  10 -12    0 1642
676 186.000 179.000  10 -19    0 1653
677 207.000 185.000  10 -18    0 1662
678 100.000 218.000  10 -31    0 1577
679 196.000 138.000  10 -35    0 1616
680  76.000  90.000  10  -2    0 1513
681 159.000 164.000  10 -17    0 1624
682 325.000 294.000  10  -8    0 1522
683 349.000 135.000  10 -16  558  568
684 103.000  95.000  10 -15    0 1536
685  26.000 260.000  10 -11  639  649
686 340.000  79.000  10 -10    0 1493
687 168.000 268.000  10 -20    0 1603
688 236.000  44.000  10  -5    0 1518
689   8.000 285.000  10 -18    0 1469
690  47.000 190.000  10 -19  641  651
691 392.000  14.000  10 -21    0 1411
692 192.000 332.000  10 -19    0 1546
693 131.000  82.000  10 -18    0 1542
694 393.000 256.000  10 -11  399  409
695  95.000 391.000  10  -3    0 1461
696 367.000 361.000  10 -22  497  507
697 137.000 132.000  10  -9    0 1586
698 376.000  19.000  10 -13 1291 1301
699  94.000 268.000  10 -41  375  385
700 364.000  55.000  10 -17    0 1460
701 378.000 118.000  10  -8    0 1483
702 184.000  69.000  10 -13    0 1547
703 340.000 276.000  10 -13    0 1519
704 324.000 194.000  10 -17    0 1554
705 384.000 307.000  10  -2    0 1466
706 220.000 337.000  10 -10    0 1540
707 319.000 113.000  10 -26 1177 1187
708 334.000 186.000  10 -18    0 1544
709 162.000 316.000  10 -34    0 1556
710  81.000 156.000  10 -23    0 1552
711 237.000 200.000  10 -15    0 1641
712 358.000 309.000  10 -18  866  876
713  43.000  67.000  10 -23    0 1473
714  74.000 351.000  10 -14    0 1482
715 169.000 352.000  10 -26    0 1523
716  77.000 319.000  10 -32    0 1507
717  52.000  94.000  10 -45    0 1496
718 296.000 156.000  10  -6    0 1573
719 173.000 384.000  10 -17    0 1493
720 326.000 156.000  10 -24  301  311
721 391.000 136.000  10 -20    0 1477
722  30.000 349.000  10  -7  688  698
723 117.000 381.000  10 -22    0 1479
724  51.000  64.000  10 -18    0 1477
725  13.000 167.000  10 -16    0 1489
726 277.000 163.000  10  -3    0 1593
727 267.000 221.000  10 -16  597  607
728 243.000 215.000  10  -3    0 1633
729 142.000 238.000  10 -26 1187 1197
730  41.000 337.000  10 -15    0 1469
731 180.000  15.000  10 -25  885  895
732 202.000 158.000  10 -11    0 1636
733 371.000 386.000  10  -7    0 1426
734  87.000 378.000  10 -15    0 1468
735  38.000 366.000  10 -22    0 1447
736 140.000 131.000  10 -20  889  899
737 163.000 364.000  10 -19    0 1510
738  29.000   9.000  10 -20    0 1422
739 262.000 233.000  10 -37    0 1608
740 303.000 112.000  10  -9  883  893
741 262.000 212.000  10 -18 1135 1145
742 266.000   8.000  10  -8    0 1475
743  36.000 288.000  10 -36    0 1492
744  76.000  72.000  10 -19    0 1500
745 351.000 199.000  10 -34    0 1527
746 233.000 100.000  10 -17    0 1573
747 356.000 299.000  10  -8 1061 1071
748 384.000  53.000  10 -19  960  970
749   2.000   3.000  10 -18  804  814
750 133.000 375.000  10  -1    0 1491
751  84.000 293.000  10 -10  566  576
752   8.000 119.000  10  -4    0 1470
753 353.000   3.000  10 -11    0 1429
754 140.000 344.000  10 -16    0 1522
755 163.000 207.000  10 -21 1135 1145
756   8.000 384.000  10 -18    0 1413
757 228.000  96.000  10 -14    0 1571
758  52.000 301.000  10 -16    0 1499
759  73.000 292.000  10 -13    0 1522
760 381.000 144.000  10 -29    0 1489
761 152.000 361.000  10  -3    0 1510
762 195.000 148.000  10 -39 1336 1346
763  40.000 314.000  10 -23    0 1482
764 307.000 396.000  10 -41    0 1455
765 268.000 223.000  10 -20    0 1607
766  49.000 222.000  10  -7    0 1526
767 134.000 320.000  10  -8    0 1542
768 299.000 308.000  10 -17    0 1532
769  54.000 108.000  10 -19    0 1506
770 343.000 335.000  10 -13    0 1482
771 336.000 386.000  10 -22  737  747
772  98.000 107.000  10 -22    0 1540
773 343.000 322.000  10 -27    0 1491
774 347.000  59.000  10  -8    0 1475
775  45.000  85.000  10 -23    0 1485
776  18.000 294.000  10 -16    0 1474
777  92.000 238.000  10 -25 1224 1234
778  88.000 372.000  10  -3    0 1473
779 297.000 137.000  10 -18  468  478
780 317.000 183.000  10 -23    0 1560
781 321.000 287.000  10  -9  601  611
782 140.000  40.000  10  -5    0 1508
783  26.000 326.000  10 -14    0 1464
784 237.000 259.000  10 -31    0 1609
785  50.000 385.000  10 -31    0 1440
786 190.000  27.000  10 -20    0 1505
787 234.000  37.000  10 -32    0 1512
788 370.000  57.000  10 -31    0 1456
789 166.000  19.000  10  -3    0 1494
790  26.000  70.000  10 -16    0 1461
791 397.000 133.000  10 -18    0 1470
792 124.000 221.000  10 -27 1013 1023
793  42.000 197.000  10 -22    0 1520
794 368.000 215.000  10 -20  737  747
795  12.000  40.000  10 -20    0 1432
796 349.000 181.000  10  -1    0 1528
797  44.000 277.000  10 -21  544  554
798 397.000 283.000  10 -36    0 1465
799 343.000 359.000  10  -9    0 1465
800 200.000 144.000  10 -17    0 1622
801 136.000 373.000  10 -26    0 1494
802 218.000 134.000  10 -31 1285 1295
803  33.000 226.000  10 -10 1202 1212
804 369.000 118.000  10  -9    0 1491
805 248.000 286.000  10 -21    0 1580
806 348.000 319.000  10 -10    0 1489
807 256.000 385.000  10 -15    0 1485
808  19.000  61.000  10 -18    0 1450
809   2.000  29.000  10 -28    0 1417
810  85.000 128.000  10  -4    0 1543
811  21.000  82.000  10 -15    0 1464
812 178.000 103.000  10 -25    0 1579
813  87.000 147.000  10 -12    0 1554
814  85.000 333.000  10 -10  586  596
815 393.000 246.000  10  -3  518  528
816 179.000 175.000  10 -15    0 1646
817  73.000 124.000  10 -13  563  573
818  46.000 102.000  10 -28    0 1496
819 246.000 298.000  10 -15    0 1570
820 362.000 378.000  10 -23  482  492
821  43.000 121.000  10  -9  995 1005
822 201.000 242.000  10 -24  780  790
823   6.000  20.000  10 -29    0 1414
824 338.000 106.000  10 -16  961  971
825 225.000  53.000  10 -34 1092 1102
826 287.000 225.000  10 -27    0 1588
827 240.000 201.000  10 -11    0 1638
828 260.000 352.000  10 -19    0 1515
829 254.000   0.000  10 -26    0 1471
830 246.000 244.000  10 -31    0 1615
831  55.000 115.000  10 -19    0 1510
832 246.000 152.000  10  -5    0 1612
833  75.000 238.000  10  -8    0 1548
834  35.000  79.000  10 -18    0 1474
835 200.000 200.000   0   0    0 1688
