418 418 1000 200 1000
  0 200.000 200.000   0   0    0 1688
  1 123.000 176.000  10   6 1180 1190
  2 234.000  20.000  10  15    0 1495
  3 108.000 399.000  10  23  219  229
  4 303.000 258.000  10  21    0 1560
  5 148.000  94.000  10  23  848  858
  6  35.000 238.000  10  32  201  211
  7 356.000 223.000  10  28    0 1521
  8 349.000 324.000  10  33  548  558
  9  21.000  82.000  10  26    0 1464
 10 146.000 320.000  10  22    0 1547
 11 337.000  81.000  10  22  723  733
 12 237.000 243.000   0   9    0 1622
 13  13.000  59.000   0  13    0 1444
 14 123.000  30.000  10  12    0 1492
 15 156.000  32.000  10  34    0 1505
 16 330.000 310.000  10  11    0 1508
 17 209.000 283.000  10  24  627  637
 18 267.000 221.000  10  24  597  607
 19  57.000 124.000  10  24  161  171
 20 280.000   5.000  10   9    0 1468
 21 131.000  89.000  10  26  150  160
 22 359.000 157.000  10   5    0 1514
 23 328.000   8.000  10  36    0 1448
 24 162.000 316.000  10  30    0 1556
 25 184.000 233.000  10  19    0 1642
 26 348.000 319.000  10  29    0 1489
 27 361.000 287.000  10  13  266  276
 28  16.000 114.000  10  26  733  743
 29  73.000 126.000  10  38  429  439
 30 117.000 148.000  10  14   97  107
 31  60.000 319.000  10  29  265  275
 32  79.000  95.000  10  22 1236 1246
 33 161.000 124.000  10  17    0 1593
 34 152.000 361.000  10  18    0 1510
 35 327.000 115.000  10  15  313  323
 36 151.000 231.000  10  10   89   99
 37 210.000 294.000   0  43    0 1584
 38 309.000  53.000  10  26  337  347
 39 378.000 118.000  10  12    0 1483
 40  45.000 291.000  10  18    0 1499
 41  30.000  39.000  10   8  378  388
 42  78.000  85.000  10  21  751  761
 43   4.000 307.000   0  14    0 1455
 44 151.000 188.000  10  18   50   60
 45 125.000 182.000  10  24    0 1601
 46 319.000 160.000  10  26  178  188
 47 192.000 268.000  10  31    0 1610
 48 220.000 337.000  10  23    0 1540
 49 264.000  69.000  10  15    0 1533
 50 231.000 229.000   0  12    0 1636
 51  81.000 290.000   0  14  411  421
 52 207.000 185.000  10   1    0 1662
 53 353.000 357.000  10  20    0 1459
 54 324.000 184.000  10  25    0 1553
 55 137.000 132.000   0  20  226  236
 56 384.000 307.000  10   7    0 1466
 57 375.000 294.000  10   2  613  623
 58 267.000 321.000   0  26  643  653
 59 228.000  96.000  10  37    0 1571
 60 339.000   3.000  10   8  813  823
 61  75.000 238.000  10  13    0 1548
 62  13.000 220.000  10  15 1075 1085
 63 299.000 227.000  10  25    0 1576
 64 299.000 399.000  10  11    0 1456
 65  46.000 197.000  10  21    0 1524
 66  97.000 387.000  10  37    0 1465
 67 327.000  11.000  10  22  600  610
 68 184.000  69.000  10   1  513  523
 69 325.000 311.000  10  15  623  633
 70 259.000 285.000   0  14    0 1575
 71 366.000  97.000  10  23    0 1483
 72  48.000 304.000  10  15    0 1494
 73   1.000 335.000   0  12    0 1438
 74 400.000 373.000  10   7    0 1414
 75 123.000 159.000  10  30 1325 1335
 76 200.000 144.000  10  12   91  101
 77 206.000 286.000  10  19    0 1592
 78 248.000 286.000  10  35    0 1580
 79 168.000  15.000  10   6    0 1491
 80  59.000  51.000  10  14  216  226
 81 100.000  10.000  10  27    0 1464
 82  66.000 118.000  10  27    0 1521
 83 103.000 154.000  10  22    0 1571
 84 362.000 383.000  10  21  266  276
 85  70.000  81.000   0   9    0 1502
 86 313.000  64.000  10  29    0 1502
 87  80.000 282.000  10  10    0 1533
 88 201.000 195.000   0  12    0 1673
 89 125.000 175.000  10  20  172  182
 90  52.000 251.000   0   8    0 1522
 91 192.000 200.000  10  22   13   23
 92 203.000  40.000  10  11    0 1518
 93  36.000 288.000  10   1    0 1492
 94 348.000 343.000  10  12    0 1473
 95 142.000 385.000  10  16    0 1485
 96 299.000 270.000  10  24    0 1557
 97  66.000   5.000   0   3 1145 1155
 98 101.000  99.000  10  12    0 1537
 99 355.000  41.000  10   9  849  859
100 377.000  72.000  10   5    0 1460
101  85.000  61.000  10  20  180  190
102 279.000 262.000  10  19  100  110
103  87.000 164.000  10  11  672  682
104 384.000  72.000  10  21    0 1454
105 234.000  73.000  10   8    0 1547
106  68.000 250.000  10  14  574  584
107 193.000 390.000  10  21    0 1488
108 184.000 282.000  10  19   83   93
109 310.000 363.000  10  20 1069 1079
110  86.000 112.000  10  17    0 1534
111 223.000  41.000  10  19  561  571
112 165.000 126.000  10   4    0 1597
113 285.000 184.000  10   9    0 1592
114  26.000 326.000  10  21    0 1464
115   8.000  68.000  10  29    0 1446
116 287.000 279.000  10   4    0 1561
117 199.000  45.000   0  26  800  810
118 384.000 248.000   0  35    0 1488
119 397.000 283.000  10   9  422  432
120 364.000 213.000   0  11  588  598
121 124.000 179.000  10  36  728  738
122 168.000 223.000  10  19    0 1639
123 341.000  78.000  10  16    0 1492
124 166.000 357.000  10  21 1223 1233
125  73.000 292.000  10   8  185  195
126 160.000  62.000  10  11    0 1535
127 190.000  27.000  10  10    0 1505
128 180.000  15.000  10   7  885  895
129 147.000 210.000  10  23   53   63
130   8.000 363.000   0  39    0 1427
131 193.000  18.000  10  22    0 1496
132  17.000 348.000  10  22  448  458
133  96.000  22.000  10  23  826  836
134  46.000 102.000   0  25    0 1496
135 365.000 303.000  10   4  912  922
136 196.000 129.000  10  22  776  786
137 226.000  52.000  10  17    0 1528
138  96.000 209.000  10  28    0 1574
139 179.000 175.000  10   2   32   42
140 195.000 121.000   0  23  881  891
141 251.000  70.000  10  24  468  478
142 285.000 287.000  10  22    0 1557
143  88.000 372.000  10  14  364  374
144 350.000 207.000  10  16  388  398
145  32.000 163.000  10   9    0 1506
146 370.000  57.000  10  10    0 1456
147 316.000 327.000  10  24  773  783
148 177.000 139.000  10  19 1590 1600
149 236.000  38.000  10  38    0 1513
150  10.000 202.000   0   3    0 1488
151  72.000 315.000   0  11  691  701
152 197.000 200.000  10  15    3   13
153 395.000 340.000  10  24  240  250
154 166.000 115.000   0  13 1259 1269
155 179.000 125.000  10   4   77   87
156  78.000 261.000  10  32  136  146
157 368.000 215.000  10  15  737  747
158 172.000 109.000  10  13    0 1583
159 208.000  20.000  10  10    0 1498
160   9.000  47.000  10   5    0 1434
161 176.000 154.000  10  15   51   61
162 308.000 217.000  10  12    0 1569
163 251.000 381.000  10  17  278  288
164 210.000   1.000  10  11    0 1479
165  30.000 349.000  10   9  688  698
166 133.000 375.000  10  21    0 1491
167 381.000  12.000   0  15  601  611
168 103.000  95.000  10  26    0 1536
169 237.000 259.000  10  11 1184 1194
170 153.000 224.000  10  15    0 1626
171 382.000 169.000  10  23  668  678
172 371.000 349.000  10   8  273  283
173 265.000 127.000  10  35   97  107
174 337.000 248.000  10  26  487  497
175 377.000 282.000  10  20    0 1483
176 310.000 340.000  10  11  183  193
177 378.000  30.000  10  35    0 1432
178 160.000 222.000  10  18    0 1633
179 381.000 375.000  10  11    0 1427
180 209.000 208.000  10   8   12   22
181 285.000 136.000  10  11 1099 1109
182  91.000 388.000  10   2    0 1461
183 107.000 159.000  10  33    0 1577
184 110.000 241.000  10   9   98  108
185 291.000 398.000  10  16  541  551
186 267.000 295.000  10  20    0 1562
187 393.000 256.000  10  13  399  409
188 308.000 314.000  10  23    0 1521
189 371.000 111.000  10   3  259  269
190 300.000  64.000  10  35    0 1510
191 349.000 249.000  10   5    0 1522
192 119.000 286.000  10  18  839  849
193 105.000 254.000  10  12  419  429
194 194.000 166.000  10   7    0 1644
195 326.000 374.000  10  17  588  598
196 277.000 143.000  10  12  654  664
197 338.000 290.000  10  12  660  670
198  98.000 375.000  10  29  202  212
199 145.000 301.000  10   8  115  125
200   2.000   3.000  10  14  804  814
201 110.000 351.000  10  21  175  185
202  74.000 351.000  10  32    0 1482
203 338.000   5.000  10  23 1027 1037
204 300.000 319.000  10  14    0 1523
205 170.000 114.000  10   9  647  657
206 168.000  87.000  10   5  927  937
207  37.000  21.000  10  24    0 1436
208 162.000  94.000  10  11    0 1566
209  96.000 162.000  10  15    0 1568
210  66.000 144.000  10  29  150  160
211 162.000 121.000  10   1    0 1591
212  68.000 143.000  10  16    0 1535
213  40.000 153.000  10  15    0 1512
214 368.000 278.000  10  20  251  261
215  68.000 386.000  10  16  319  329
216 201.000   6.000  10  25  595  605
217   5.000 266.000  10  32  378  388
218 311.000 344.000  10  26    0 1497
219 131.000 275.000  10  30    0 1577
220 353.000   3.000  10  20    0 1429
221  23.000 317.000  10  10    0 1466
222 221.000 225.000  10  16   32   42
223 278.000 289.000  10  19  118  128
224 380.000 390.000  10  36    0 1417
225 175.000 304.000  10  24  106  116
226 306.000  85.000  10  21    0 1522
227 357.000 147.000   0  23    0 1513
228 166.000 185.000  10  17   37   47
229 154.000  41.000  10  22 1296 1306
230 215.000 260.000  10   9   61   71
231 391.000 260.000  10  20  614  624
232 244.000 135.000  10   8  682  692
233 142.000 379.000  10  11    0 1490
234 157.000 378.000  10  22    0 1495
235  94.000 165.000   0   5  659  669
236  78.000 194.000   0   2  948  958
237 162.000 251.000  10  21   63   73
238 196.000  51.000   0  19    0 1529
239 311.000 356.000  10   9  191  201
240 213.000 332.000  10  21    0 1546
241 289.000 234.000  10  33   95  105
242 243.000 140.000  10  15    0 1605
243  41.000 183.000  10  25 1187 1197
244 325.000  45.000  10   8  599  609
245  65.000 335.000  10   4  339  349
246 226.000 378.000  10  30    0 1499
247  44.000 296.000  10  18  494  504
248 103.000 361.000  10  25  470  480
249 169.000 235.000  10  35    0 1632
250 388.000 106.000  10   9    0 1468
251 325.000 130.000  10  19    0 1535
252 339.000  69.000  10  26    0 1487
253 279.000 247.000  10  12    0 1587
254 236.000 119.000   0  30 1360 1370
255 246.000 247.000  10  21    0 1613
256 388.000 275.000  10  21  937  947
257 100.000 218.000  10  31    0 1577
258 336.000 386.000  10  21  737  747
259 362.000 378.000  10  17  482  492
260 169.000 352.000   0   7    0 1523
261  92.000 255.000  10  30  434  444
262 125.000 122.000  10  15    0 1570
263  54.000 108.000  10  17    0 1506
264  68.000 215.000  10  19    0 1546
265 334.000 100.000  10  21    0 1511
266 256.000 356.000  10  19    0 1513
267 387.000 267.000  10  11  902  912
268  74.000  87.000  10   9 1365 1375
269 294.000 118.000   0  13  124  134
270 142.000 262.000  10  41  522  532
271 380.000 145.000  10  31  533  543
272 364.000  55.000  10  17    0 1460
273  12.000  40.000  10  20    0 1432
274 177.000  77.000  10  13    0 1553
275 314.000 257.000  10  13  127  137
276 336.000 201.000  10  17  830  840
277 341.000  33.000  10  27    0 1460
278 276.000 298.000  10  10    0 1554
279 371.000 386.000  10  23    0 1426
280 319.000 113.000  10  26 1177 1187
281 362.000 207.000  10  18    0 1516
282 146.000 301.000  10  34  363  373
283 146.000 174.000  10  23   59   69
284 247.000 212.000  10  15    0 1630
285  43.000  67.000  10  15  418  428
286 117.000 381.000  10  18    0 1479
287 180.000 359.000  10  26    0 1518
288 266.000  13.000  10  17  689  699
289  48.000 358.000  10  32  886  896
290  87.000 378.000  10  25    0 1468
291 173.000 384.000  10   3    0 1493
292 138.000 326.000   0  17  571  581
293 324.000 194.000  10  18    0 1554
294 400.000 109.000  10  20  857  867
295 374.000 175.000  10  18  354  364
296 122.000 397.000  10  22  586  596
297  70.000 231.000  10  16    0 1545
298 389.000 171.000  10   3  461  471
299 299.000 351.000  10  14  180  190
300 305.000 257.000  10   3  629  639
301 153.000 222.000   0  33    0 1627
302 131.000  82.000  10  15  906  916
303  41.000 340.000  10  26  873  883
304 196.000  77.000  10   4  838  848
305 156.000   4.000  10  25  220  230
306 372.000 382.000  10   7  635  645
307 234.000 214.000  10  20    0 1642
308 118.000 122.000   0  20    0 1565
309  51.000  64.000  10  14    0 1477
310  73.000   4.000  10  20    0 1445
311 196.000 107.000  10  18    0 1585
312 343.000 322.000  10  21    0 1491
313 262.000 212.000  10  19 1135 1145
314 231.000 182.000  10  18   35   45
315 257.000  98.000  10   8  348  358
316 326.000 156.000  10  15  301  311
317  48.000 278.000  10  36    0 1508
318 113.000  80.000  10  19  176  186
319 334.000  92.000  10  29  454  464
320 228.000 341.000  10  13    0 1535
321 294.000 249.000  10   8  481  491
322 384.000  64.000  10  19 1076 1086
323  15.000   4.000  10  18    0 1409
324 381.000 144.000  10  18    0 1489
325  68.000 378.000  10  10  692  702
326 394.000 299.000  10  14  804  814
327  38.000 366.000  10  18  268  278
328 328.000  39.000  10  11  766  776
329 171.000 168.000  10  14    0 1635
330   4.000 280.000  10  18  248  258
331 153.000 315.000  10  16  124  134
332   8.000 285.000  10  24    0 1469
333 351.000 199.000  10   4  802  812
334 111.000 286.000  10  21    0 1555
335  34.000 371.000  10  18  390  400
336 230.000 139.000  10  14    0 1611
337  93.000 283.000  10  13  341  351
338 317.000 240.000  10  16    0 1555
339 262.000 390.000  10  21    0 1479
340  26.000 260.000  10  16  639  649
341 192.000 291.000  10   3  114  124
342 173.000  72.000  10  39  284  294
343 364.000  23.000  10  11 1075 1085
344 321.000 144.000  10  16    0 1545
345  32.000 229.000  10   7 1064 1074
346 140.000 387.000  10   8    0 1482
347 320.000 373.000  10  22  561  571
348 330.000 313.000  10  27  172  182
349  37.000 106.000  10   5    0 1490
350 262.000 233.000  10  16    0 1608
351 320.000 166.000  10  25    0 1554
352 244.000  56.000  10  14    0 1528
353 317.000 183.000  10  29  128  138
354 299.000 308.000  10  21  573  583
355 196.000 138.000  10  18   82   92
356 110.000 290.000  10   3  132  142
357 297.000 137.000  10  18  468  478
358  85.000 333.000  10  19  586  596
359 320.000  24.000  10  28    0 1465
360 159.000  79.000  10  15  802  812
361  13.000 167.000  10  42  195  205
362  26.000 372.000  10  14  244  254
363 168.000 100.000  10  29    0 1574
364  50.000 385.000  10  31    0 1440
365 352.000 156.000  10   6  908  918
366 213.000 280.000  10  29   81   91
367   3.000   2.000  10  16  966  976
368  84.000 221.000  10  22    0 1561
369  92.000  73.000  10   8    0 1512
370 369.000 211.000  10  20  473  483
371 186.000 355.000  10  25  155  165
372   3.000  15.000  10  20 1112 1122
373 349.000 181.000  10   1    0 1528
374 102.000 252.000  10  21  110  120
375 154.000  68.000  10  20    0 1539
376 302.000 345.000  10   9  239  249
377 209.000 167.000  10  17   34   44
378  69.000  82.000  10  11  885  895
379 163.000 264.000  10  26   73   83
380 140.000  40.000  10  27    0 1508
381  40.000 336.000  10   9    0 1469
382 380.000 126.000  10  31    0 1484
383  16.000 311.000  10  10  303  313
384 253.000 316.000  10  21  431  441
385  53.000  51.000  10  18    0 1469
386 164.000  80.000  10  25    0 1553
387 194.000  43.000  10  26    0 1521
388   7.000 143.000  10   4  343  353
389 367.000 361.000  10  22  497  507
390 137.000  68.000  10  25  154  164
391 306.000 361.000  10   4    0 1486
392 105.000 360.000   0  10  796  806
393 229.000 371.000  10   7 1023 1033
394 399.000 179.000  10  26    0 1478
395 379.000 254.000  10   3  299  309
396  88.000 121.000  10  15    0 1541
397 344.000 236.000  10  28    0 1530
398  11.000 135.000  10  28  269  279
399 300.000 272.000  10  15  703  713
400 266.000   8.000  10  26    0 1475
401 349.000 135.000  10  28  558  568
402  59.000  49.000  10  36    0 1472
403   0.000 155.000  10   9  205  215
404  18.000 235.000  10  24  228  238
405 177.000 174.000  10  10    0 1644
406 201.000 242.000  10  19  780  790
407  41.000 399.000  10  13    0 1424
408   4.000  60.000  10  29  250  260
409 321.000  85.000  10  16  444  454
410 243.000 215.000   0   7    0 1633
411 231.000  36.000  10  34    0 1512
412 278.000 221.000  10  27    0 1598
413 243.000 209.000  10  11    0 1635
414 231.000 320.000  10   4    0 1555
415 234.000  37.000  10  12    0 1512
416 259.000   4.000  10  26  616  626
417  13.000  96.000  10  19  761  771
418  18.000 102.000  10  18  242  252
419 143.000 159.000  10  -6    0 1608
420 214.000 119.000  10 -15    0 1596
421  57.000 381.000  10 -23    0 1448
422 321.000 287.000  10 -21  601  611
423 217.000  98.000  10 -23    0 1575
424 102.000 149.000  10 -32    0 1568
425 343.000 184.000  10 -28 1133 1143
426 350.000 214.000  10 -33  830  840
427  82.000  78.000  10 -26    0 1509
428 193.000 216.000  10 -22    0 1661
429 338.000 106.000  10 -22  961  971
430 237.000 243.000  10  -9    0 1622
431  13.000  59.000  10 -13    0 1444
432 108.000  75.000  10 -12    0 1523
433 102.000  42.000  10 -34    0 1493
434 239.000 252.000  10 -11 1342 1352
435 241.000 275.000  10 -24  706  716
436 240.000 201.000  10 -24  764  774
437  73.000 124.000  10 -24  563  573
438 294.000  13.000  10  -9  597  607
439  98.000 107.000  10 -26  944  954
440 391.000 136.000  10  -5    0 1477
441 353.000  65.000  10 -36    0 1474
442 134.000 320.000  10 -30  175  185
443  42.000 197.000  10 -19    0 1520
444 291.000 304.000  10 -29 1048 1058
445 367.000 300.000  10 -13    0 1484
446  59.000  89.000  10 -26    0 1499
447  76.000  90.000  10 -38    0 1513
448   2.000  52.000  10 -14    0 1431
449 124.000 221.000  10 -29 1013 1023
450 107.000  98.000  10 -22    0 1540
451 114.000  88.000  10 -17  684  694
452 163.000 364.000  10 -18    0 1510
453 332.000 124.000  10 -15  344  354
454  74.000 231.000  10 -10  484  494
455 210.000 294.000  10 -43    0 1584
456 303.000 112.000  10 -26  883  893
457 397.000  73.000  10 -12    0 1444
458  44.000 277.000  10 -18  544  554
459  41.000  93.000  10  -8 1004 1014
460  75.000  89.000  10 -21  836  846
461   4.000 307.000  10 -14    0 1455
462 120.000 170.000  10 -18  467  477
463 135.000 161.000  10 -24    0 1603
464 350.000 131.000  10 -26    0 1513
465 201.000 255.000  10 -31    0 1623
466 244.000 285.000  10 -23 1328 1338
467 286.000  44.000  10 -15    0 1500
468 231.000 229.000  10 -12    0 1636
469  81.000 290.000  10 -14  411  421
470 292.000  33.000  10  -1    0 1488
471 352.000 383.000  10 -20  808  818
472 354.000 199.000  10 -25    0 1524
473 137.000 132.000  10 -20  226  236
474 397.000 261.000  10  -7    0 1472
475 334.000 186.000  10  -2    0 1544
476 267.000 321.000  10 -26  643  653
477 238.000 124.000  10 -37    0 1594
478 369.000   6.000  10  -8    0 1421
479  26.000 199.000  10 -13    0 1504
480  49.000 222.000  10 -15 1137 1147
481 323.000 218.000  10 -25    0 1554
482 247.000 377.000  10 -11 1225 1235
483  47.000 190.000  10 -21  641  651
484  80.000 365.000  10 -37  459  469
485 338.000  14.000  10 -22    0 1447
486 290.000  82.000  10  -1  908  918
487 344.000 321.000  10 -15    0 1490
488 259.000 285.000  10 -14    0 1575
489 377.000  29.000  10 -23    0 1432
490  52.000 301.000  10 -15    0 1499
491   1.000 335.000  10 -12    0 1438
492 358.000 309.000  10  -7  866  876
493 145.000 165.000  10 -30    0 1613
494 319.000 115.000  10 -12    0 1532
495 236.000 260.000  10 -19 1129 1139
496 213.000 216.000  10 -35    0 1658
497 220.000  38.000  10  -6    0 1515
498 115.000  51.000  10 -14  858  868
499 100.000  15.000  10 -27  326  336
500  43.000 121.000  10 -27  995 1005
501  37.000 119.000  10 -22    0 1496
502 362.000 399.000  10 -21    0 1422
503  70.000  81.000  10  -9    0 1502
504 347.000  59.000  10 -29    0 1475
505 116.000 195.000  10 -10 1076 1086
506 201.000 195.000  10 -12    0 1673
507 140.000 131.000  10 -20  889  899
508  52.000 251.000  10  -8    0 1522
509 206.000 106.000  10 -22    0 1584
510 219.000  49.000  10 -11  471  481
511  13.000 322.000  10  -1  378  388
512 343.000 335.000  10 -12    0 1482
513 135.000 384.000  10 -16  254  264
514 282.000 252.000  10 -24  878  888
515  66.000   5.000  10  -3 1145 1155
516 186.000 179.000  10 -12    0 1653
517 384.000  47.000  10  -9 1101 1111
518 317.000  68.000  10  -5 1170 1180
519  92.000  68.000  10 -20    0 1508
520 326.000 335.000  10 -19    0 1494
521 138.000 143.000  10 -11    0 1594
522 384.000  53.000  10 -21  960  970
523 248.000 126.000  10  -8    0 1590
524  85.000 256.000  10 -14 1014 1024
525 138.000 306.000  10 -21  874  884
526 178.000 353.000  10 -19    0 1524
527 330.000 353.000  10 -20 1196 1206
528  46.000 110.000  10 -17    0 1500
529 220.000  71.000  10 -19  686  696
530 148.000  71.000  10  -4    0 1539
531 236.000 171.000  10  -9    0 1632
532  50.000 315.000  10 -21    0 1489
533  19.000  61.000  10 -29    0 1450
534 356.000 315.000  10  -4    0 1485
535 199.000  45.000  10 -26  800  810
536 384.000 248.000  10 -35    0 1488
537 352.000 303.000  10  -9 1082 1092
538 364.000 213.000  10 -11  588  598
539 158.000 121.000  10 -36 1115 1125
540  74.000 213.000  10 -19  445  455
541 303.000 142.000  10 -16 1087 1097
542 213.000 305.000  10 -21    0 1573
543  67.000 318.000  10  -8  256  266
544 166.000  19.000  10 -11 1209 1219
545 200.000  48.000  10 -10    0 1526
546 193.000  29.000  10  -7    0 1507
547  36.000 286.000  10 -23  772  782
548   8.000 363.000  10 -39    0 1427
549 199.000  22.000  10 -22    0 1500
550   5.000 344.000  10 -22 1269 1279
551  29.000   9.000  10 -23    0 1422
552  46.000 102.000  10 -25    0 1496
553 305.000 255.000  10  -4    0 1560
554 194.000 121.000  10 -22 1282 1292
555 186.000 145.000  10 -17 1500 1510
556 163.000 207.000  10 -28 1135 1145
557 232.000 131.000  10  -2    0 1602
558 195.000 121.000  10 -23  881  891
559 255.000  80.000  10 -24  530  540
560 278.000 265.000  10 -22    0 1577
561  37.000 397.000  10 -14  835  845
562 335.000 202.000  10 -16    0 1543
563  87.000 147.000  10  -9    0 1554
564 392.000  14.000  10 -10    0 1411
565 302.000 274.000  10 -24    0 1552
566 185.000 180.000  10 -19    0 1653
567 246.000  47.000  10 -38    0 1519
568  10.000 202.000  10  -3    0 1488
569  72.000 315.000  10 -11  691  701
570 192.000 151.000  10 -15  594  604
571 316.000 383.000  10 -24    0 1462
572 166.000 115.000  10 -13 1259 1269
573 159.000  11.000  10  -4 1198 1208
574  26.000 247.000  10 -32  398  408
575 348.000 189.000  10 -15    0 1530
576 143.000  20.000  10 -13    0 1490
577 183.000  71.000  10 -10  775  785
578  29.000  86.000  10  -5  580  590
579  97.000 105.000  10 -15  954  964
580 315.000 237.000  10 -12  530  540
581 304.000 395.000  10 -17    0 1457
582 234.000   7.000  10 -11 1126 1136
583  12.000 368.000  10  -9  781  791
584 136.000 373.000  10 -21  624  634
585 381.000  12.000  10 -15  601  611
586 116.000 102.000  10 -26    0 1549
587 220.000 238.000  10 -11    0 1636
588 175.000 192.000  10 -15  934  944
589 362.000 115.000  10 -23    0 1496
590 390.000 376.000  10  -8    0 1420
591 382.000  49.000  10 -35  886  896
592 297.000 240.000  10 -26    0 1574
593 381.000 290.000  10 -20    0 1476
594 284.000 311.000  10 -11    0 1539
595 246.000 152.000  10 -35    0 1612
596  36.000 203.000  10 -18  390  400
597 356.000 299.000  10 -11 1061 1071
598 309.000 274.000  10  -8  351  361
599 256.000 145.000  10 -11 1154 1164
600  92.000 384.000  10  -2    0 1465
601  81.000 156.000  10 -33    0 1552
602  38.000 291.000  10  -9    0 1493
603 292.000 392.000  10 -16  671  681
604 246.000 298.000  10 -20    0 1570
605 369.000 171.000  10 -13    0 1507
606 302.000 300.000  10 -23    0 1536
607 381.000  27.000  10  -3  473  483
608 326.000  79.000  10 -35  816  826
609 287.000 225.000  10  -5    0 1588
610 126.000 208.000  10 -18    0 1604
611  51.000 205.000  10 -12    0 1529
612 206.000   7.000  10  -7    0 1485
613 348.000 371.000  10 -17  662  672
614 244.000 176.000  10 -12    0 1628
615 304.000 319.000  10 -12  871  881
616 140.000 344.000  10 -29 1298 1308
617  84.000 206.000  10  -8  587  597
618   6.000  20.000  10 -14    0 1414
619  80.000 392.000  10 -21  545  555
620  55.000 346.000  10 -32  453  463
621 376.000  19.000  10 -23 1291 1301
622 345.000 195.000  10 -14    0 1533
623 186.000  75.000  10  -9  790  800
624 178.000 103.000  10  -5    0 1579
625   2.000  17.000  10 -24  279  289
626 187.000  23.000  10 -11 1013 1023
627 191.000 167.000  10 -15  962  972
628  17.000  99.000  10 -29 1016 1026
629 111.000   4.000  10  -1    0 1463
630  85.000 128.000  10 -16    0 1543
631  35.000 160.000  10 -15 1027 1037
632 393.000 246.000  10 -20  518  528
633 174.000 326.000  10 -16  965  975
634 202.000   6.000  10 -25  646  656
635 142.000 238.000  10 -32 1187 1197
636 303.000 358.000  10 -26    0 1490
637 168.000 268.000  10 -30 1063 1073
638 344.000  72.000  10 -20    0 1486
639  26.000 275.000  10 -10 1142 1152
640 170.000 176.000  10 -16 1026 1036
641 308.000 327.000  10 -19  398  408
642 338.000 315.000  10 -36  962  972
643  59.000 285.000  10 -24    0 1514
644 285.000 107.000  10 -21    0 1553
645 357.000 147.000  10 -23    0 1513
646 218.000 134.000  10 -17 1285 1295
647  91.000  61.000  10 -22 1486 1496
648 243.000 275.000  10  -9    0 1592
649 361.000 194.000  10 -20    0 1517
650 225.000  53.000  10  -8 1092 1102
651 161.000 346.000  10 -11 1066 1076
652 117.000 395.000  10 -22    0 1467
653  94.000 165.000  10  -5  659  669
654  78.000 194.000  10  -2  948  958
655  77.000 319.000  10 -21    0 1507
656 196.000  51.000  10 -19    0 1529
657 366.000 340.000  10  -9  725  735
658 250.000 340.000  10 -21    0 1530
659 332.000 216.000  10 -33  457  467
660 273.000 118.000  10 -15    0 1569
661  49.000 187.000  10 -25    0 1527
662 391.000  42.000  10  -8    0 1431
663  52.000 343.000  10  -4  437  447
664 174.000 329.000  10 -30    0 1547
665  90.000 311.000  10 -18  679  689
666  55.000 341.000  10 -25  685  695
667 157.000 220.000  10 -35    0 1631
668 396.000 106.000  10  -9  280  290
669 368.000  63.000  10 -19    0 1462
670 330.000  76.000  10 -26    0 1499
671 246.000 244.000  10 -12  689  699
672 236.000 119.000  10 -30 1360 1370
673 217.000 211.000  10 -21 1190 1200
674 390.000 357.000  10 -21 1051 1061
675 159.000 164.000  10 -31    0 1624
676 359.000 389.000  10 -21 1064 1074
677 397.000 362.000  10 -17    0 1423
678 169.000 352.000  10  -7    0 1523
679  56.000 156.000  10 -30  693  703
680 158.000  85.000  10 -15  943  953
681  52.000  94.000  10 -17    0 1496
682  52.000 194.000  10 -19    0 1530
683 340.000  79.000  10 -21  680  690
684 271.000 371.000  10 -19  762  772
685 384.000 294.000  10 -11    0 1472
686 155.000 159.000  10  -9    0 1618
687 294.000 118.000  10 -13  124  134
688 163.000 270.000  10 -41    0 1599
689 379.000 126.000  10 -31  876  886
690 359.000  42.000  10 -17    0 1454
691  24.000  57.000  10 -20    0 1452
692 248.000 124.000  10 -13  674  684
693 398.000 258.000  10 -13  608  618
694 329.000 208.000  10 -17 1327 1337
695 279.000  91.000  10 -27 1318 1328
696 343.000 359.000  10 -10  466  476
697 371.000 396.000  10 -23  611  621
698 279.000 148.000  10 -26 1462 1472
699 376.000 205.000  10 -18    0 1502
700  91.000 233.000  10 -34  476  486
701  56.000  97.000  10 -23  951  961
702 237.000 200.000  10 -15    0 1641
703  32.000  78.000  10 -15    0 1471
704 108.000 395.000  10 -18    0 1463
705 205.000 372.000  10 -26    0 1506
706 231.000  76.000  10 -17  826  836
707 146.000 324.000  10 -32 1422 1432
708 160.000 313.000  10 -25  869  879
709 192.000 332.000  10  -3  448  458
710 138.000 326.000  10 -17  571  581
711 310.000 163.000  10 -18  702  712
712 277.000 163.000  10 -20    0 1593
713 369.000 118.000  10 -18 1062 1072
714 165.000 335.000  10 -22    0 1539
715  92.000 238.000  10 -16 1224 1234
716 395.000 167.000  10  -3    0 1481
717 309.000 279.000  10 -14    0 1544
718 398.000 325.000  10  -3    0 1444
719 153.000 222.000  10 -33    0 1627
720 126.000  90.000  10 -15    0 1546
721  16.000 294.000  10 -26    0 1472
722 238.000 119.000  10  -4    0 1589
723 231.000   6.000  10 -25    0 1482
724 230.000 234.000  10  -7    0 1633
725 269.000 203.000  10 -20  385  395
726 118.000 122.000  10 -20    0 1565
727  76.000  72.000  10 -14 1020 1030
728  14.000  53.000  10 -20    0 1441
729 195.000 148.000  10 -18 1336 1346
730 380.000 339.000  10 -21  751  761
731 212.000 197.000  10 -19    0 1666
732 338.000 150.000  10 -18    0 1532
733 262.000  30.000  10  -8    0 1498
734 343.000 134.000  10 -15 1019 1029
735 136.000 226.000  10 -36 1008 1018
736 102.000 118.000  10 -19 1179 1189
737 348.000 102.000  10 -29    0 1501
738 279.000 337.000  10 -13  613  623
739 358.000 261.000  10  -8  760  770
740 271.000 116.000  10 -19    0 1569
741  40.000  31.000  10 -18    0 1446
742 308.000 178.000  10 -18    0 1568
743 106.000 302.000  10 -10    0 1540
744 322.000 281.000  10 -14    0 1532
745  31.000 360.000  10 -18  287  297
746 359.000  31.000  10 -11 1263 1273
747 202.000 158.000  10 -14 1168 1178
748  11.000 328.000  10 -18    0 1450
749 147.000 376.000  10 -16  203  213
750  18.000 294.000  10 -24    0 1474
751 320.000 211.000  10  -4    0 1558
752  41.000 337.000  10 -21  679  689
753  56.000 292.000  10 -18  516  526
754 309.000  18.000  10 -14  406  416
755  74.000 283.000  10 -13    0 1528
756 312.000 247.000  10 -16    0 1557
757 296.000 388.000  10 -21    0 1467
758  21.000 255.000  10 -16  771  781
759 264.000 341.000  10  -3    0 1524
760 194.000  65.000  10 -39  396  406
761 350.000  18.000  10 -11    0 1443
762 296.000 156.000  10 -16    0 1573
763  33.000 226.000  10  -7 1202 1212
764  95.000 391.000  10  -8  483  493
765 287.000 343.000  10 -22  730  740
766 340.000 290.000  10 -27    0 1512
767  45.000  85.000  10  -5  925  935
768 266.000 234.000  10 -16    0 1604
769 250.000 183.000  10 -25    0 1626
770 233.000 100.000  10 -14    0 1573
771 377.000 144.000  10 -29  477  487
772 286.000 308.000  10 -21  637  647
773 274.000   7.000  10 -18  339  349
774  54.000 341.000  10  -3  318  328
775 273.000 182.000  10 -18  860  870
776 102.000 324.000  10 -19    0 1520
777 357.000  38.000  10 -28 1114 1124
778 150.000  49.000  10 -15  858  868
779   2.000 200.000  10 -42  351  361
780  84.000 293.000  10 -14  566  576
781 188.000  67.000  10 -29    0 1545
782   8.000 384.000  10 -31 1021 1031
783 344.000 154.000  10  -6    0 1527
784 243.000 287.000  10 -29  147  157
785   2.000  29.000  10 -16    0 1417
786  63.000 166.000  10 -22    0 1537
787  93.000  31.000  10  -8  668  678
788 357.000 202.000  10 -20    0 1521
789 102.000 377.000  10 -25    0 1476
790  39.000  34.000  10 -20    0 1447
791 395.000 113.000  10  -1    0 1465
792  94.000 268.000  10 -21  375  385
793 129.000  53.000  10 -20  761  771
794 340.000 276.000  10  -9  878  888
795 211.000 153.000  10 -17   66   76
796  55.000 115.000  10 -11    0 1510
797 165.000 264.000  10 -26    0 1606
798 177.000  55.000  10 -27    0 1532
799  40.000 314.000  10  -9    0 1482
800 294.000 184.000  10 -31 1083 1093
801   5.000 345.000  10 -10    0 1435
802 260.000 352.000  10 -21    0 1515
803 102.000  84.000  10 -18    0 1527
804 229.000 105.000  10 -25    0 1579
805 316.000 112.000  10 -26  974  984
806   8.000 119.000  10  -4    0 1470
807 307.000 396.000  10 -22    0 1455
808 101.000   8.000  10 -25    0 1462
809 325.000 294.000  10  -4 1156 1166
810 105.000 360.000  10 -10  796  806
811 230.000 266.000  10  -7    0 1606
812 397.000 133.000  10 -26    0 1470
813 374.000 163.000  10  -3    0 1501
814  58.000  98.000  10 -15  273  283
815 361.000 236.000  10 -28  172  182
816  26.000  70.000  10 -28  931  941
817 274.000 247.000  10 -15  954  964
818 236.000  44.000  10 -26  784  794
819 342.000 154.000  10 -28    0 1529
820 108.000  48.000  10 -36  842  852
821  75.000  76.000  10  -9    0 1502
822  11.000 274.000  10 -24    0 1476
823 208.000  86.000  10 -10  968  978
824 184.000 235.000  10 -19    0 1640
825  79.000 344.000  10 -13    0 1490
826  35.000  79.000  10 -29    0 1474
827 348.000  41.000  10 -16    0 1461
828 243.000 215.000  10  -7    0 1633
829 232.000 127.000  10 -34    0 1599
830 280.000 224.000  10 -27    0 1595
831 268.000 223.000  10 -11    0 1607
832 256.000 385.000  10  -4    0 1485
833 244.000  50.000  10 -12    0 1522
834 254.000   0.000  10 -26    0 1471
835   6.000  62.000  10 -19    0 1440
836 122.000 105.000  10 -18    0 1556
837 200.000 200.000   0   0    0 1688
