403 403 1000 1000 1000
  0 200.000 200.000   0   0    0 6751
  1 221.000 225.000  10  16   32  272
  2 355.000  41.000  10   9 3296 3536
  3 364.000  55.000  10  17    0 6523
  4  10.000 202.000  10   3 1245 1485
  5  40.000 153.000  10  15  547  787
  6 145.000 165.000  10  13  141  381
  7  13.000 167.000  10  42  681  921
  8 179.000 125.000  10   4  192  432
  9 194.000  43.000  10  26 2838 3078
 10 343.000 359.000  10  26    0 6528
 11 101.000   8.000  10   3    0 6525
 12 302.000 274.000  10  15    0 6615
 13 131.000 275.000  10  30 2055 2295
 14 332.000 124.000  10  22 1275 1515
 15 106.000 302.000  10   3  435  675
 16 334.000 100.000  10  21    0 6574
 17  16.000 294.000  10  21 1452 1692
 18 206.000   7.000  10   8 3115 3355
 19 343.000 335.000  10  18 3352 3592
 20 206.000 286.000  10  19    0 6655
 21 156.000   4.000  10  25  782 1022
 22 326.000 335.000  10  11 3864 4104
 23 177.000 174.000  10  10   34  274
 24 220.000 337.000  10  23 1188 1428
 25 342.000 154.000  10  25 1540 1780
 26 136.000 226.000  10   7 3930 4170
 27 243.000 209.000  10  11    0 6698
 28 254.000   0.000  10   4 2631 2871
 29  94.000 268.000  10  25 1400 1640
 30  11.000 135.000  10  28  977 1217
 31 265.000 127.000  10  35  271  511
 32 259.000 285.000  10  14  294  534
 33  14.000  53.000  10  12 3159 3399
 34 237.000 259.000  10  11 4635 4875
 35 367.000 361.000  10  22 1888 2128
 36  91.000 233.000  10  25 1805 2045
 37 125.000 175.000  10  20  586  826
 38 193.000  29.000  10  16    0 6570
 39  80.000 392.000  10  16 2081 2321
 40 327.000  11.000  10  22 2302 2542
 41 299.000 351.000  10  14  602  842
 42 311.000 344.000  10  26  689  929
 43 229.000 105.000  10  26 3361 3601
 44 362.000 207.000  10  18 3123 3363
 45  68.000 250.000  10  14 2195 2435
 46 268.000 223.000  10  20  167  407
 47 352.000 156.000  10   6 3531 3771
 48 334.000 186.000  10   1  563  803
 49  12.000  40.000  10  20 2400 2640
 50 381.000 144.000  10  18    0 6552
 51 320.000 211.000  10   6  362  602
 52 376.000 205.000  10   4 1750 1990
 53 257.000  98.000  10   8 1294 1534
 54 111.000   4.000  10  12 1982 2222
 55 140.000 387.000  10   8  714  954
 56 271.000 371.000  10  15 2947 3187
 57 347.000  59.000  10  23    0 6538
 58  74.000 213.000  10  33    0 6615
 59  54.000 341.000  10  19 1170 1410
 60  21.000  82.000  10  26 3307 3547
 61 250.000 340.000  10  21  700  940
 62 166.000 185.000  10  17    0 6704
 63  87.000 378.000  10  25 1409 1649
 64 280.000 224.000  10  20  847 1087
 65 208.000  86.000  10   2 3771 4011
 66 215.000 260.000  10   9  127  367
 67 174.000 329.000  10  30    0 6610
 68 273.000 118.000  10  34    0 6632
 69 169.000 352.000  10   7    0 6586
 70 226.000 378.000  10  30 1376 1616
 71 384.000 248.000  10  35  827 1067
 72 103.000 361.000  10  25 1778 2018
 73 335.000 202.000  10  23 3257 3497
 74 158.000 121.000  10  17 4361 4601
 75 326.000 374.000  10  17 2251 2491
 76 317.000 240.000  10  16 1157 1397
 77  52.000 251.000  10   8  577  817
 78 233.000 100.000  10  26 2686 2926
 79  78.000 194.000  10   2 3693 3933
 80 110.000 351.000  10  21  583  823
 81 321.000 287.000  10  12 2303 2543
 82 369.000 118.000  10  12 4148 4388
 83 232.000 127.000  10  13  199  439
 84 390.000 376.000  10   2 1792 2032
 85 390.000 357.000  10  13 4105 4345
 86 397.000 283.000  10   9 1587 1827
 87 210.000 294.000  10  43  258  498
 88 231.000 182.000  10  18   35  275
 89  26.000 372.000  10  14  859 1099
 90 154.000  68.000  10  20 2895 3135
 91 338.000 106.000  10   8 3746 3986
 92  49.000 222.000   0  11 4450 4690
 93 309.000 279.000  10  19  568  808
 94 384.000  64.000  10  19    0 6513
 95 231.000  36.000  10  34 4063 4303
 96 279.000 337.000  10   5    0 6583
 97 214.000 119.000  10   5    0 6659
 98 134.000 320.000  10  39  598  838
 99 184.000 282.000  10  19  214  454
100 289.000 234.000  10  33  261  501
101 123.000 176.000  10   6    0 6661
102 231.000  76.000  10  31    0 6614
103 285.000 136.000  10  11 4295 4535
104 159.000  11.000  10   7 4694 4934
105 297.000 240.000  10  37  980 1220
106 192.000 200.000  10  22    8  248
107 200.000 144.000  10  12  262  502
108 337.000  81.000  10  22    0 6560
109 129.000  53.000  10  14 2945 3185
110 378.000 118.000  10  12    0 6546
111 153.000 222.000  10  33   88  328
112 306.000 361.000  10   4 2761 3001
113  46.000 110.000  10  16 2191 2431
114 123.000 159.000  10  30 5199 5439
115 162.000 316.000  10  30 2326 2566
116  57.000 124.000  10  24  528  768
117  46.000 102.000  10  25 2354 2594
118 116.000 102.000  10  10 3195 3435
119  37.000 397.000  10  50 3240 3480
120 269.000 203.000  10  30 1440 1680
121  31.000 360.000  10  23 1049 1289
122  68.000 378.000  10  10 2666 2906
123 262.000 390.000  10  21 1845 2085
124 236.000 119.000   0  30 5341 5581
125 220.000 238.000  10  12   52  292
126 276.000 298.000  10  10  376  616
127 179.000 175.000  10   2    0 6709
128  13.000  59.000  10  13 2177 2417
129 165.000 264.000  10  20    0 6669
130  56.000 292.000  10  30 1965 2205
131 210.000   1.000  10  11 3938 4178
132 306.000  85.000  10  21 4518 4758
133 243.000 287.000  10   8  486  726
134 396.000 106.000  10  18 1021 1261
135 151.000 188.000  10  18   82  322
136 151.000 231.000  10  10  258  498
137  38.000 291.000  10   8 1975 2215
138 217.000  98.000  10  19  294  534
139 308.000 327.000  10  13 1493 1733
140 391.000 136.000  10  33  792 1032
141 344.000 236.000  10  28    0 6593
142 366.000 340.000  10  23 2801 3041
143 328.000   8.000  10  36 1722 1962
144 302.000 300.000  10  17    0 6599
145  29.000  86.000  10  28 2221 2461
146 115.000  51.000  10  18 3332 3572
147 393.000 256.000  10  13 1495 1735
148 271.000 116.000  10  28 3575 3815
149 332.000 216.000  10  12    0 6609
150 246.000  47.000  10  18 4423 4663
151 247.000 377.000  10  28 4802 5042
152 397.000 362.000  10  15  941 1181
153  91.000 388.000  10   2  800 1040
154 327.000 115.000  10  15    0 6589
155 337.000 248.000  10  26 1848 2088
156  67.000 318.000  10  15  923 1163
157 372.000 382.000  10   7 2442 2682
158 356.000 223.000  10  28    0 6584
159 243.000 215.000  10   7   62  302
160 338.000   5.000  10  23 4006 4246
161 192.000 332.000  10  31 1693 1933
162  18.000 294.000  10  45 1889 2129
163  66.000 144.000  10  29  501  741
164  19.000  61.000  10  16 4550 4790
165 389.000 171.000  10   3    0 6550
166   6.000  20.000  10  27    0 6477
167 177.000  55.000  10  17    0 6595
168 118.000 122.000  10  20    0 6628
169  43.000 121.000  10  12    0 6566
170  13.000 322.000  10  19 1410 1650
171 369.000 211.000  10  20    0 6572
172  92.000  73.000  10   8 1289 1529
173 353.000   3.000  10  20  962 1202
174  18.000 102.000  10  18  869 1109
175 142.000 262.000  10  41 1988 2228
176 170.000 114.000  10   9    0 6650
177 146.000 301.000  10  34    0 6627
178 184.000 233.000  10  19   36  276
179 260.000 352.000  10  13 1519 1759
180 102.000 324.000  10  23    0 6583
181 238.000 124.000  10  26 2248 2488
182 248.000 286.000  10  35  314  554
183 277.000 143.000  10  12 2514 2754
184   6.000  62.000  10  23    0 6503
185 143.000 159.000  10  16  161  401
186 343.000 322.000  10  21 3186 3426
187 223.000  41.000  10  19 2144 2384
188 155.000 159.000  10  15  166  406
189 175.000 304.000  10  24  308  548
190 110.000 241.000  10   9  276  516
191 136.000 373.000  10  33 2397 2637
192  65.000 335.000  10   4 1258 1498
193 279.000 262.000  10  19  282  522
194 350.000 207.000  10  16    0 6591
195 305.000 257.000   0   3    0 6622
196 285.000 287.000  10  22 2922 3162
197  26.000 275.000  10  16 4466 4706
198  81.000 156.000  10  25 1681 1921
199 361.000 194.000  10  12    0 6580
200 336.000 386.000  10  21    0 6511
201 348.000 102.000  10  26    0 6564
202 162.000 251.000  10  21  134  374
203 374.000 163.000  10  29 1201 1441
204 330.000  76.000  10  10 3652 3892
205 253.000 316.000  10  21 1622 1862
206 169.000 235.000  10  35   67  307
207 186.000 179.000  10  29    0 6716
208 300.000 319.000  10  14  547  787
209 356.000 315.000  10  18 1623 1863
210 193.000  18.000  10  22    0 6559
211 344.000  72.000  10   8    0 6549
212  74.000 351.000  10  32    0 6545
213 262.000  30.000  10   8  604  844
214 339.000   3.000  10   8    0 6500
215 308.000 314.000  10  23 2499 2739
216 113.000  80.000  10  19  604  844
217  78.000 261.000  10  32  426  666
218 192.000 151.000  10  22    0 6692
219 273.000 182.000  10  18 3342 3582
220 163.000 264.000  10  26  176  416
221 213.000 305.000  10  24 1900 2140
222  96.000 162.000  10  15    0 6631
223 209.000 208.000  10   8   12  252
224 100.000  15.000  10  21 1202 1442
225 256.000 385.000  10   5    0 6548
226 178.000 103.000  10  10 2410 2650
227 285.000 107.000  10  17 1942 2182
228 213.000 216.000  10   9   20  260
229  73.000 124.000  10   9 2150 2390
230 296.000 156.000  10  17  352  592
231 117.000 395.000  10  13 1545 1785
232 244.000  50.000  10  23 3756 3996
233  11.000 328.000  10  12    0 6513
234 317.000 183.000  10  29  414  654
235 212.000 197.000  10  16    0 6729
236 395.000 340.000  10  24    0 6501
237 259.000   4.000  10  26 2363 2603
238 211.000 153.000  10  14  165  405
239 119.000 286.000  10  18    0 6623
240 213.000 332.000  10  21    0 6609
241 201.000 195.000  10  12    5  245
242 146.000 174.000  10  23    0 6682
243  86.000 112.000  10  17    0 6597
244 140.000  40.000  10  27 4000 4240
245 310.000 340.000  10  11  633  873
246 176.000 154.000  10  15   88  328
247  93.000  31.000  10  21    0 6541
248   5.000 344.000  10   7 4977 5217
249 159.000  79.000  10  15    0 6614
250 137.000  68.000  10  25    0 6595
251 103.000  95.000  10  26 2324 2564
252 294.000 118.000  10  13  379  619
253  59.000  89.000  10  24 3018 3258
254 138.000 326.000  10  17 2183 2423
255 304.000 395.000  10  18 2055 2295
256 384.000  47.000  10  31 4305 4545
257 326.000 156.000  10  15 1105 1345
258  41.000 340.000  10  26 3390 3630
259  94.000 165.000  10   5 2537 2777
260 107.000  98.000  10  21  472  712
261 243.000 275.000  10  31 3618 3858
262 365.000 303.000  10   4 3547 3787
263 397.000  73.000  10  15  818 1058
264 234.000 214.000  10  20   36  276
265   3.000  15.000  10  20 4346 4586
266 244.000 135.000  10   8 2627 2867
267 325.000  45.000  10   8 2296 2536
268 307.000 396.000  10  28 3028 3268
269 278.000 289.000  10  19    0 6623
270 203.000  40.000  10  11 3107 3347
271 166.000 357.000   0  21 4793 5033
272 125.000 122.000  10  15  384  624
273 184.000  69.000  10   1 1953 2193
274 368.000 278.000  10  20  905 1145
275 184.000 235.000  10  24    0 6703
276 153.000 315.000  10  16    0 6617
277  48.000 278.000  10  36  604  844
278 197.000 200.000  10  15    0 6738
279 226.000  52.000  10  17 1921 2161
280 124.000 221.000   0  27 3952 4192
281 122.000 105.000  10   7  651  891
282 236.000 171.000  10  27   65  305
283  26.000 326.000  10  21    0 6527
284 338.000 315.000  10   9 3749 3989
285  46.000 197.000  10  21 1633 1873
286  30.000  39.000  10   8 1412 1652
287  88.000 372.000  10  14 1357 1597
288  60.000 319.000  10  29    0 6558
289 174.000 326.000  10   8 3759 3999
290 172.000 109.000  10  13  301  541
291 157.000 378.000  10  22    0 6558
292 219.000  49.000  10  23 1784 2024
293  97.000 387.000  10  37 2185 2425
294 349.000 181.000  10   1 1096 1336
295 201.000 255.000  10  16    0 6686
296 102.000 252.000  10  21  324  564
297   9.000  47.000  10   5 3351 3591
298 237.000 243.000  10   9  107  347
299 330.000 313.000  10  27    0 6569
300 247.000 212.000  10  15  629  869
301 284.000 311.000  10  19 1337 1577
302  55.000 346.000  10  13 1711 1951
303 316.000 327.000  10  24    0 6569
304 369.000 171.000  10  23  566  806
305 287.000 343.000  10  17 2821 3061
306 220.000  38.000  10  32    0 6578
307 206.000 106.000  10  33 1092 1332
308 362.000 383.000  10  21  963 1203
309 107.000 159.000  10  33    0 6640
310  88.000 121.000  10  15 2212 2452
311 341.000  78.000  10  16 3258 3498
312 246.000 244.000  10  33 2655 2895
313  35.000  79.000  10  22 1630 1870
314  37.000 106.000  10   5 1373 1613
315 173.000 384.000  10   3  624  864
316 300.000 272.000  10  15    0 6618
317 237.000 200.000  10  17   37  277
318 286.000  44.000  10  18 2203 2443
319 294.000 249.000  10   8 1824 2064
320 388.000 106.000  10   9    0 6531
321 148.000  71.000  10   8 3202 3442
322 100.000 218.000  10  31  350  590
323 177.000  77.000  10  13 3135 3375
324 148.000  94.000  10  23 3294 3534
325  16.000 311.000  10  10 1112 1352
326  13.000  96.000  10  19 2945 3185
327 348.000  41.000  10  16 2571 2811
328  85.000  61.000  10  20  602  842
329 234.000  20.000  10  15 1614 1854
330 108.000 395.000  10  12    0 6526
331  45.000 291.000  10  18  794 1034
332  58.000  98.000  10  15    0 6567
333  79.000 344.000  10  16  807 1047
334 165.000 126.000  10   4    0 6660
335  43.000  67.000  10  15 1571 1811
336 209.000 167.000  10  17   34  274
337  57.000 381.000  10  22  856 1096
338  87.000 147.000  10   7    0 6617
339   4.000  60.000  10  29  900 1140
340  26.000 247.000  10  31 1491 1731
341  56.000 156.000  10  19    0 6591
342   7.000 143.000  10   4 1272 1512
343 105.000 360.000  10  10    0 6555
344 150.000  49.000  10   5    0 6582
345 199.000  22.000  10  20 1752 1992
346 381.000  27.000  10  27 1792 2032
347  75.000  76.000  10  23 1255 1495
348 377.000 144.000  10  23 1809 2049
349 194.000  65.000  10  16 1485 1725
350 213.000 280.000  10  29  204  444
351  41.000 399.000  10  13  986 1226
352  76.000  72.000  10   8 3978 4218
353  96.000 209.000  10  28    0 6637
354 325.000 294.000  10  22    0 6585
355   8.000 119.000  10  11    0 6533
356  53.000  51.000  10  18  878 1118
357 361.000 236.000  10  13  589  829
358  76.000  90.000  10   2 2927 3167
359 395.000 113.000  10   9 2260 2500
360  26.000 199.000  10  26    0 6567
361 168.000  15.000  10   6 2427 2667
362  47.000 190.000  10  23 2464 2704
363  35.000 160.000  10  13 4010 4250
364 388.000 275.000  10  21 3648 3888
365 338.000 150.000  10  16 3012 3252
366 352.000 383.000  10  16 3131 3371
367  50.000 315.000  10   4 2453 2693
368   2.000  17.000  10  11 1017 1257
369 168.000 223.000  10  19   39  279
370 299.000 270.000  10  24 3272 3512
371 397.000 133.000  10  24 2904 3144
372 381.000  12.000  10  15 2302 2542
373 117.000 148.000  10  14  272  512
374 325.000 130.000  10  19 4093 4333
375 146.000 320.000  10  22 1927 2167
376   8.000 285.000  10  24 1233 1473
377 131.000  82.000  10  15 3523 3763
378 266.000  13.000  10  17    0 6543
379 348.000 343.000  10  12 1299 1539
380  91.000  61.000   0  10 5844 6084
381 114.000  88.000  10  24 2638 2878
382  36.000 286.000  10  16    0 6556
383 325.000 311.000  10  15 2390 2630
384 291.000 398.000  10  16    0 6524
385 201.000   6.000  10  25 2281 2521
386 162.000 121.000  10   1  231  471
387 302.000 345.000  10   9  857 1097
388 297.000 137.000  10  18 1772 2012
389  34.000 371.000  10  18 1459 1699
390 338.000 290.000  10  12 2541 2781
391   5.000 266.000  10  32    0 6536
392 267.000 221.000  10  24    0 6671
393  18.000 235.000  10  24    0 6556
394 393.000 246.000  10  14 1974 2214
395 394.000 299.000  10  14    0 6524
396 244.000 176.000  10  24   80  320
397 364.000  23.000  10  11 4200 4440
398  75.000 238.000  10  13 3962 4202
399  81.000 290.000  10  14 1542 1782
400 209.000 283.000  10  24 2409 2649
401 400.000 109.000  10  20    0 6522
402 319.000 115.000  10  16    0 6595
403  12.000 368.000  10  12 3026 3266
404 279.000 247.000  10 -16  248  488
405 320.000  24.000  10  -9 3971 4211
406 338.000  14.000  10 -17 4745 4985
407 161.000 124.000  10  -3 2580 2820
408   4.000 307.000  10 -15    0 6518
409 102.000 149.000  10 -13    0 6631
410  35.000 238.000  10 -42  703  943
411 251.000  70.000  10  -4    0 6602
412 280.000   5.000  10 -26 4004 4244
413 380.000 390.000  10 -26    0 6480
414  41.000  93.000  10  -3    0 6550
415 384.000 307.000  10 -15 1459 1699
416 274.000 247.000  10 -30 3715 3955
417 357.000 147.000  10 -22    0 6576
418  55.000 341.000  10  -3    0 6539
419 309.000  53.000  10 -21 1246 1486
420  42.000 197.000  10 -21 1415 1655
421 236.000  44.000  10  -8 3035 3275
422 340.000 276.000  10 -18 3411 3651
423 336.000 201.000  10 -19 3220 3460
424 100.000  10.000  10 -25 1081 1321
425 256.000 145.000  10 -11 4515 4755
426  24.000  57.000  10 -10  787 1027
427 236.000 260.000  10 -23 4415 4655
428 191.000 167.000  10 -25 3746 3986
429 116.000 195.000  10  -7 4206 4446
430 364.000 213.000  10 -11 2253 2493
431 180.000  15.000  10  -4    0 6555
432  52.000 194.000  10 -25 2135 2375
433  54.000 108.000  10 -28    0 6569
434 353.000  65.000  10 -35 1163 1403
435 354.000 199.000  10 -14 5061 5301
436   3.000   2.000  10 -12 3766 4006
437 193.000 216.000  10 -11 4864 5104
438 362.000 378.000  10 -22    0 6501
439  21.000 255.000  10 -25 2982 3222
440  11.000 274.000  10 -20    0 6539
441 266.000   8.000  10 -16 2260 2500
442  98.000 375.000  10 -16    0 6539
443 391.000  42.000  10 -22    0 6494
444 311.000 356.000  10 -14  646  886
445 353.000 357.000  10 -26  821 1061
446 170.000 176.000  10 -26 4003 4243
447 278.000 221.000  10 -18 3548 3788
448  68.000 215.000  10 -14    0 6609
449 380.000 126.000  10 -20  749  989
450 321.000  85.000  10  -6    0 6575
451 207.000 185.000  10  -1 4821 5061
452   2.000  52.000  10 -20 2646 2886
453 378.000  30.000  10 -18    0 6495
454 348.000 189.000  10  -6    0 6593
455 358.000 309.000  10  -4 3364 3604
456 236.000  38.000  10  -8 1671 1911
457  51.000  64.000  10 -12 3121 3361
458 135.000 384.000  10  -8  916 1156
459 398.000 325.000  10 -15 3439 3679
460 334.000  92.000  10 -23 1714 1954
461  84.000 221.000  10 -33 4352 4592
462  87.000 164.000  10 -19 2587 2827
463  45.000  85.000  10 -26 3601 3841
464 266.000 234.000  10 -21 3592 3832
465 163.000 207.000  10 -17 4440 4680
466  50.000 385.000  10 -25 3232 3472
467 277.000 163.000  10 -20 2305 2545
468 231.000   6.000  10  -2    0 6545
469 246.000 247.000  10  -9 2655 2895
470 241.000 275.000  10 -30    0 6656
471 243.000 140.000  10 -34    0 6668
472 122.000 397.000  10  -7 2246 2486
473 323.000 218.000  10 -30    0 6617
474 380.000 145.000  10 -35 2031 2271
475 161.000 346.000  10 -25 4165 4405
476 231.000 320.000  10 -23    0 6618
477 101.000  99.000  10 -17 5189 5429
478 250.000 183.000  10 -17 4028 4268
479 351.000 199.000  10 -16    0 6590
480   5.000 345.000  10  -8 4782 5022
481 143.000  20.000  10 -26 4810 5050
482  85.000 256.000  10  -2 3955 4195
483 153.000 224.000  10 -21 3079 3319
484 312.000 247.000  10 -12 3468 3708
485 290.000  82.000  10 -12    0 6593
486 382.000 169.000  10 -13 2572 2812
487 362.000 399.000  10  -2 3502 3742
488 348.000 371.000  10 -13    0 6515
489 375.000 294.000  10  -9    0 6543
490 278.000 265.000  10 -43 2534 2774
491 319.000 160.000  10 -18  611  851
492  74.000 283.000  10 -14    0 6591
493 103.000 154.000  10 -20 4364 4604
494 344.000 154.000  10  -8 3933 4173
495  49.000 222.000  10 -11 4450 4690
496 371.000 396.000  10 -19 2346 2586
497 339.000  69.000  10 -19 3803 4043
498 154.000  41.000  10 -34 5083 5323
499 251.000 381.000  10  -5 1011 1251
500 200.000  48.000  10  -5  819 1059
501   8.000 384.000  10 -39 3982 4222
502  68.000 386.000  10 -19 1178 1418
503 371.000 111.000  10 -33  937 1177
504 178.000 353.000  10  -6 3771 4011
505 255.000  80.000  10 -31    0 6609
506 202.000 158.000  10 -11 4573 4813
507 230.000 139.000  10  -7 5131 5371
508 308.000 178.000  10 -37 1533 1773
509  32.000 229.000  10 -22    0 6571
510 234.000  73.000  10 -12    0 6610
511 313.000  64.000  10 -22 1549 1789
512 156.000  32.000  10 -14 3101 3341
513 326.000  79.000  10 -12 3165 3405
514  40.000 336.000  10 -33 4761 5001
515 299.000 399.000  10  -4 3034 3274
516  66.000 118.000  10 -16 2198 2438
517 185.000 180.000  10 -30 6476 6716
518 287.000 225.000  10 -30 2922 3162
519 168.000 100.000  10 -24 2468 2708
520  78.000  85.000  10 -25 2903 3143
521  17.000  99.000  10 -10 3966 4206
522 146.000 324.000  10 -50    0 6606
523 246.000 152.000  10 -30 2345 2585
524  36.000 288.000  10 -23 3766 4006
525  77.000 319.000  10 -10 4896 5136
526 299.000 308.000  10 -21 2193 2433
527 236.000 119.000  10 -30 5341 5581
528 400.000 373.000  10 -12  987 1227
529 371.000 386.000  10 -10 1240 1480
530 138.000 143.000  10  -2    0 6657
531  32.000  78.000  10 -13 2534 2774
532 110.000 290.000  10 -20  430  670
533  48.000 358.000  10 -30 3442 3682
534 195.000 148.000  10 -11 5243 5483
535 300.000  64.000  10 -21 4568 4808
536 330.000 353.000  10  -8    0 6541
537 377.000  29.000  10 -18 2926 3166
538   0.000 155.000  10 -18  700  940
539  93.000 283.000  10 -10    0 6606
540  80.000 282.000  10  -8 2025 2265
541 274.000   7.000  10 -19    0 6535
542 240.000 201.000  10 -13    0 6701
543 376.000  19.000  10 -33 5063 5303
544 126.000 208.000  10 -28    0 6667
545 348.000 319.000  10 -23    0 6552
546 340.000  79.000  10 -36 2618 2858
547 285.000 184.000  10 -17    0 6655
548  40.000  31.000  10 -28    0 6509
549 102.000 118.000  10 -18 4615 4855
550 357.000 202.000  10 -13 1937 2177
551 147.000 210.000  10 -28    0 6688
552 345.000 195.000  10 -12    0 6596
553 166.000  19.000  10 -18 4736 4976
554 239.000 252.000  10 -28 5270 5510
555 303.000 258.000  10 -15 3893 4133
556 140.000 344.000  10  -2 5092 5332
557 303.000 142.000  10 -15    0 6623
558 310.000 163.000  10 -26    0 6625
559 201.000 242.000  10 -15 3022 3262
560 310.000 363.000  10  -7 4177 4417
561 361.000 287.000  10 -28    0 6558
562 341.000  33.000  10  -7 1057 1297
563 279.000 148.000  10 -23 5748 5988
564 165.000 335.000  10 -31 2530 2770
565   8.000 363.000  10 -45 3457 3697
566   4.000 280.000  10 -29  892 1132
567 102.000  84.000  10 -16    0 6590
568 398.000 258.000  10  -3    0 6535
569  69.000  82.000  10 -27 3440 3680
570  79.000  95.000  10 -17 4843 5083
571  56.000  97.000  10 -20 3706 3946
572 158.000  85.000  10 -12    0 6619
573  26.000 260.000  10 -19 2457 2697
574 384.000 294.000  10 -20 2168 2408
575 160.000  62.000  10  -8    0 6598
576 368.000  63.000  10 -20 1599 1839
577  82.000  78.000  10 -18    0 6572
578 246.000 298.000  10 -41 3764 4004
579 140.000 131.000  10  -9 3457 3697
580 230.000 234.000  10 -34 6184 6424
581 147.000 376.000  10 -19  712  952
582 320.000 373.000  10 -13 2146 2386
583 192.000 268.000  10 -23    0 6673
584 194.000 166.000  10 -26 2692 2932
585 343.000 184.000  10 -35 4430 4670
586 196.000 129.000  10 -12 3004 3244
587  74.000  87.000  10 -23 5359 5599
588  41.000 183.000  10 -16 4649 4889
589 262.000 212.000  10 -21 4442 4682
590 220.000  71.000  10 -19 2645 2885
591 108.000  75.000  10 -15  501  741
592  92.000 384.000  10 -24    0 6528
593  23.000 317.000  10  -9 1755 1995
594 142.000 379.000  10 -33 3061 3301
595  92.000 238.000  10  -4    0 6627
596 309.000 274.000  10 -19 1302 1542
597 379.000 254.000  10 -16 1097 1337
598 305.000 257.000  10  -3    0 6622
599 308.000 217.000  10 -22 3909 4149
600  59.000 285.000  10 -16 4527 4767
601 205.000 372.000  10 -25    0 6569
602 387.000 267.000  10 -12 3508 3748
603 381.000 375.000  10 -21 4226 4466
604 321.000 144.000  10 -26 4197 4437
605 111.000 286.000  10 -21  472  712
606 320.000 166.000  10 -29 2284 2524
607 316.000 112.000  10 -10 3795 4035
608 316.000 383.000  10 -21    0 6525
609  63.000 166.000  10 -35    0 6600
610 131.000  89.000  10 -29  502  742
611 256.000 356.000  10 -14    0 6576
612 367.000 300.000  10 -18 1737 1977
613 196.000 107.000  10 -22 5257 5497
614 350.000  18.000  10  -8 4483 4723
615 160.000 313.000  10 -32 3375 3615
616 190.000  27.000  10  -8    0 6568
617 384.000  72.000  10  -8 3913 4153
618 267.000 321.000  10 -23 2473 2713
619  39.000  34.000  10 -19  909 1149
620  72.000 315.000  10 -32 2666 2906
621 195.000 121.000  10 -22 3424 3664
622 282.000 252.000  10 -18 3411 3651
623 125.000 182.000  10 -26    0 6664
624 163.000 270.000  10 -24 2118 2358
625 124.000 179.000  10 -15 2813 3053
626 340.000 290.000  10  -8 1744 1984
627 196.000  77.000  10 -21 3252 3492
628 368.000 215.000  10  -5 2846 3086
629  85.000 128.000  10 -10 5091 5331
630 279.000  91.000  10 -17 5173 5413
631 292.000 392.000  10  -9 2584 2824
632 171.000 168.000  10  -9    0 6698
633 314.000 257.000  10 -17    0 6614
634 142.000 385.000  10 -13 2049 2289
635 234.000   7.000  10 -23 4405 4645
636  30.000 349.000  10 -12 2651 2891
637 324.000 184.000  10 -29  422  662
638 305.000 255.000  10 -16 1184 1424
639 231.000 229.000  10 -24    0 6699
640 194.000 121.000  10 -26 5029 5269
641 349.000 135.000  10 -14 2131 2371
642 138.000 306.000  10 -18 3395 3635
643 264.000 341.000  10 -21 4103 4343
644 317.000  68.000  10 -12 4581 4821
645  37.000 119.000  10 -23 2045 2285
646 186.000 145.000  10 -17 5901 6141
647 187.000  23.000  10 -27 3952 4192
648 267.000 295.000  10 -11 2865 3105
649 228.000  96.000  10 -15 1229 1469
650 196.000  51.000  10 -21 2059 2299
651 105.000 254.000  10  -7    0 6632
652 202.000   6.000  10 -15    0 6547
653 199.000  45.000  10 -25 3099 3339
654  52.000  94.000  10 -26 4507 4747
655 366.000  97.000  10 -13 3028 3268
656  66.000   5.000  10 -24 4482 4722
657  85.000 333.000  10 -17 2246 2486
658 294.000 184.000  10 -18 4232 4472
659 370.000  57.000  10 -31 4414 4654
660 303.000 112.000  10 -15    0 6606
661  84.000 293.000  10 -26    0 6593
662 229.000 371.000  10  -5 3991 4231
663 102.000  42.000  10 -21  667  907
664 228.000 341.000  10 -31 3969 4209
665 356.000 299.000  10  -4 4143 4383
666 369.000   6.000  10 -15 2130 2370
667 382.000  49.000  10 -20 3443 3683
668   2.000  29.000  10 -20 5393 5633
669 196.000 138.000  10  -8    0 6679
670 359.000  42.000  10  -8    0 6517
671 380.000 339.000  10 -28    0 6514
672 304.000 319.000  10 -19 3385 3625
673 164.000  80.000  10 -11 4674 4914
674 166.000 357.000  10 -21 4793 5033
675   2.000   3.000  10 -15 3117 3357
676 292.000  33.000  10  -1 3714 3954
677 391.000 260.000  10 -20 2356 2596
678 192.000 291.000  10 -24  356  596
679 186.000 355.000  10 -16  503  743
680  17.000 348.000  10 -36    0 6506
681  84.000 206.000  10 -15    0 6625
682 234.000  37.000  10 -17 1989 2229
683 124.000 221.000  10 -27 3952 4192
684  59.000  51.000  10  -7  764 1004
685 358.000 261.000  10 -27    0 6572
686  48.000 304.000  10 -21    0 6557
687 262.000 233.000  10  -9 4378 4618
688 142.000 238.000  10 -21 4650 4890
689  15.000   4.000  10  -8    0 6472
690 102.000 377.000  10 -14 3877 4117
691 157.000 220.000  10 -29 5445 5685
692 244.000 285.000  10  -8 5210 5450
693 173.000  72.000  10 -13 1037 1277
694 108.000 399.000  10 -22    0 6522
695 108.000  48.000  10 -23 3267 3507
696 168.000 268.000  10 -37    0 6666
697 248.000 124.000  10  -1    0 6652
698 180.000 359.000  10 -16 3706 3946
699   1.000 335.000  10 -21  939 1179
700  70.000  81.000  10  -5 3449 3689
701 322.000 281.000  10  -9  506  746
702 344.000 321.000  10 -27    0 6553
703 248.000 126.000  10 -15 2547 2787
704 349.000 324.000  10 -19 2093 2333
705  52.000 343.000  10 -13 1647 1887
706 287.000 279.000  10 -24 4726 4966
707 309.000  18.000  10 -23 1526 1766
708 371.000 349.000  10 -17    0 6515
709 264.000  69.000  10 -32 2602 2842
710  96.000  22.000  10 -33 3205 3445
711 291.000 304.000  10 -21    0 6603
712  33.000 226.000  10 -33    0 6572
713  98.000 107.000  10 -15    0 6603
714 238.000 119.000  10 -16    0 6652
715 299.000 227.000  10 -33    0 6639
716  59.000  49.000  10 -22 1575 1815
717  97.000 105.000  10  -5 3714 3954
718 133.000 375.000  10  -3 2541 2781
719 381.000 290.000  10 -15 1817 2057
720 315.000 237.000  10 -17 2018 2258
721 294.000  13.000  10 -18    0 6532
722 175.000 192.000  10  -8 3636 3876
723 392.000  14.000  10  -9 4043 4283
724 186.000  75.000  10  -8 3059 3299
725  92.000 255.000  10 -31    0 6620
726 225.000  53.000  10 -13 4269 4509
727 168.000  87.000  10 -23 3606 3846
728  44.000 277.000  10 -10 2076 2316
729  55.000 115.000  10 -19 3071 3311
730 377.000  72.000  10 -16 5173 5413
731  26.000  70.000  10 -20 3625 3865
732 183.000  71.000  10 -15    0 6611
733  95.000 391.000  10 -12    0 6524
734  90.000 311.000  10 -18 2614 2854
735  73.000   4.000  10 -15 5564 5804
736  73.000 292.000  10 -16    0 6585
737 177.000 139.000  10  -4 6260 6500
738   8.000  68.000  10 -15 2553 2793
739 359.000 157.000  10 -17 3179 3419
740 152.000 361.000  10 -22 4055 4295
741  32.000 163.000  10  -7  817 1057
742  29.000   9.000  10 -29 3242 3482
743  49.000 187.000  10 -31    0 6590
744  68.000 143.000  10 -19 4961 5201
745  75.000  89.000  10  -4 3244 3484
746 163.000 364.000  10 -10 3088 3328
747 218.000 134.000  10  -5 5039 5279
748 188.000  67.000  10 -20 4138 4378
749 328.000  39.000  10 -27 2965 3205
750 244.000  56.000  10 -23 2588 2828
751 397.000 261.000  10 -23    0 6535
752 162.000  94.000  10 -16    0 6629
753 296.000 388.000  10 -29  987 1227
754 117.000 381.000  10 -13 2430 2670
755 135.000 161.000  10  -8 5342 5582
756 145.000 301.000  10 -28    0 6626
757 286.000 308.000  10 -22 2450 2690
758   2.000 200.000  10 -11    0 6543
759  37.000  21.000  10 -18 3575 3815
760 399.000 179.000  10 -13 1730 1970
761 126.000  90.000  10  -2 3402 3642
762 395.000 167.000  10  -9 3860 4100
763 160.000 222.000  10 -26 5116 5356
764 123.000  30.000  10  -6 2731 2971
765 193.000 390.000  10 -23 4078 4318
766  13.000 220.000  10 -13 4200 4440
767 377.000 282.000  10 -21    0 6546
768 350.000 131.000  10 -16 3147 3387
769 217.000 211.000  10 -16 4662 4902
770  80.000 365.000  10  -4    0 6537
771  16.000 114.000  10 -11 2832 3072
772  44.000 296.000  10 -19 1875 2115
773 329.000 208.000  10 -24 5207 5447
774 379.000 126.000  10 -24 3406 3646
775 384.000  53.000  10 -15    0 6506
776  73.000 126.000  10 -14 1618 1858
777 319.000 113.000  10 -19 4609 4849
778  41.000 337.000  10 -22 2616 2856
779  74.000 231.000  10 -24 1834 2074
780 159.000 164.000  10 -15 5285 5525
781 166.000 115.000  10 -17 4935 5175
782 303.000 358.000  10 -12 1305 1545
783  91.000  61.000  10 -10 5844 6084
784  92.000  68.000  10 -24 2821 3061
785  40.000 314.000  10 -16    0 6545
786 232.000 131.000  10 -15 4483 4723
787 324.000 194.000  10 -16 4204 4444
788 137.000 132.000  10 -25    0 6649
789 208.000  20.000  10  -1    0 6561
790 230.000 266.000  10  -9    0 6669
791 362.000 115.000  10 -18 4186 4426
792  38.000 366.000  10 -18    0 6510
793 330.000 310.000  10 -12 2652 2892
794  51.000 205.000  10 -32    0 6592
795 374.000 175.000  10 -24 1316 1556
796  36.000 203.000  10 -24    0 6577
797 349.000 249.000  10 -14 3420 3660
798 359.000 389.000  10 -14 4158 4398
799 352.000 303.000  10 -24 4229 4469
800 359.000  31.000  10 -11 4954 5194
801  70.000 231.000  10 -13 4328 4568
802 120.000 170.000  10 -14 1770 2010
803 350.000 214.000  10 -24 3219 3459
804 357.000  38.000  10 -20 4358 4598
805 343.000 134.000  10 -16 3975 4215
806  52.000 301.000  10 -12 3639 3879
807 200.000 200.000   0   0    0 6751
