405 405 1000 1000 1000
  0 200.000 200.000   0   0    0 6751
  1 221.000 225.000  10  16   90  172
  2 279.000 247.000  10  12  312  423
  3 355.000  41.000  10   9 3343 3489
  4  93.000 283.000  10  13 1335 1434
  5 329.000 208.000  10  20 5276 5379
  6  10.000 202.000  10   3 1298 1433
  7 145.000 165.000  10  13  188  333
  8 278.000 265.000  10  23 2584 2725
  9  13.000 167.000  10  42  717  884
 10 179.000 125.000  10   4  251  372
 11 343.000 359.000  10  26 1796 1972
 12 101.000   8.000  10   3 1550 1669
 13 302.000 274.000  10  15 1208 1249
 14 131.000 275.000  10  30 2104 2247
 15 106.000 302.000  10   3  501  609
 16 334.000 100.000  10  21 4562 4657
 17 142.000 238.000  10   3 4686 4854
 18 138.000 306.000  10   1 3460 3571
 19  16.000 294.000  10  21 1501 1643
 20 206.000   7.000  10   8 3168 3303
 21 299.000 308.000  10  21 2234 2391
 22 343.000 335.000  10  18 3441 3502
 23 135.000 384.000  10  13  957 1114
 24 177.000 174.000  10  10   50  228
 25 220.000 337.000  10  23 1228 1388
 26 137.000 132.000  10  20  847 1003
 27 342.000 154.000  10  25 1617 1703
 28 353.000  65.000  10  24 1238 1328
 29  79.000  95.000  10  22 4887 5038
 30 352.000 303.000  10   8 4258 4440
 31 145.000 301.000  10   8  380  540
 32  94.000 268.000  10  25 1431 1610
 33 265.000 127.000  10  35  345  436
 34 259.000 285.000  10  14  337  491
 35 192.000 291.000  10   3  402  551
 36 367.000 361.000  10  22 1944 2073
 37 125.000 175.000  10  20  657  756
 38 241.000 275.000  10  18 2794 2895
 39  80.000 392.000  10  16 2107 2295
 40 362.000 207.000  10  18 3146 3341
 41  39.000  34.000  10  10 1014 1044
 42  68.000 250.000  10  14 2235 2396
 43 268.000 223.000  10  20  218  357
 44 352.000 156.000  10   6 3601 3701
 45 313.000  64.000  10  29 1634 1703
 46 375.000 294.000  10   2 2439 2505
 47 334.000 186.000  10   1  608  757
 48  84.000 206.000   0  22 2329 2411
 49  12.000  40.000  10  20 2492 2547
 50 381.000 144.000  10  18 1933 2103
 51 320.000 211.000  10   6  402  563
 52 257.000  98.000  10   8 1343 1484
 53 330.000 310.000  10  11 2731 2814
 54 140.000 387.000  10   8  749  918
 55 271.000 371.000  10  15 3010 3123
 56   4.000 280.000  10  18  972 1053
 57 347.000  59.000  10  23 1862 2028
 58 147.000 376.000  10  36  747  916
 59  74.000 213.000  10  33 1721 1876
 60  54.000 341.000  10  19 1226 1355
 61 303.000 358.000  10  37 1365 1484
 62  21.000  82.000  10  26 3373 3482
 63 398.000 258.000  10  12 2376 2527
 64 250.000 340.000  10  21  758  881
 65 166.000 185.000  10  17  127  170
 66 294.000 184.000  10  18 4277 4427
 67  87.000 378.000  10  25 1437 1621
 68  56.000  97.000  10  19 3768 3883
 69 225.000  53.000  10  23 4328 4451
 70 280.000 224.000  10  20  925 1009
 71 395.000 167.000  10  24 3915 4046
 72 215.000 260.000  10   9  217  278
 73 174.000 329.000  10  30 2812 2908
 74 380.000 390.000  10  36 1027 1148
 75 273.000 118.000  10  34  426  539
 76 371.000 396.000  10   5 2372 2559
 77  78.000  85.000  10  21 2984 3063
 78  68.000 143.000  10  16 5033 5128
 79 384.000 248.000  10  35  857 1037
 80 267.000 295.000  10  20 2948 3023
 81 166.000 115.000  10  13 5024 5086
 82   2.000   3.000  10  14 3153 3321
 83 326.000 374.000  10  17 2321 2421
 84 317.000 240.000  10  16 1189 1366
 85 357.000 147.000  10  23 2085 2281
 86  32.000  78.000  10  23 2612 2697
 87  52.000 251.000  10   8  649  745
 88  40.000 314.000   0   7 2879 3034
 89 233.000 100.000  10  26 2726 2886
 90 110.000 351.000  10  21  676  731
 91 321.000 287.000  10  12 2364 2481
 92 101.000  99.000  10  12 5238 5380
 93 232.000 127.000  10  13  272  366
 94  73.000 292.000  10   8  715  808
 95 175.000 192.000  10  13 3681 3830
 96  80.000 365.000  10  18 1781 1935
 97 397.000 283.000  10   9 1656 1757
 98 160.000 313.000  10   8 3412 3579
 99 320.000 373.000  10  22 2164 2367
100 231.000 182.000  10  18  116  171
101  26.000 372.000  10  14  905 1052
102  49.000 222.000  10  11 4523 4616
103 309.000 279.000  10  19  627  750
104 187.000  23.000   0  22 4016 4129
105  32.000 163.000  10   9  882  991
106 134.000 320.000  10  39  681  756
107  42.000 197.000  10  26 1455 1615
108 350.000  18.000  10  20 4496 4710
109 184.000 282.000  10  19  270  399
110 289.000 234.000  10  33  316  447
111 231.000  76.000  10  31 3244 3405
112 138.000 143.000  10  17  368  407
113 162.000  94.000  10  11  385  515
114 192.000 200.000  10  22    8  146
115  48.000 304.000  10  15  869 1088
116 200.000 144.000  10  12  310  454
117 337.000  81.000  10  22 2892 2935
118 345.000 195.000  10   9 3724 3852
119 285.000 184.000  10   9 4105 4254
120 246.000 298.000  10  19 3818 3951
121 153.000 222.000  10  33  123  293
122 306.000 361.000  10   4 2833 2930
123 162.000 316.000  10  30 2393 2499
124 309.000 274.000  10  23 1346 1498
125  57.000 124.000  10  24  588  708
126  96.000  22.000  10  23 3234 3417
127 292.000  33.000  10  13 3793 3876
128 359.000 389.000  10  13 4221 4335
129 392.000  14.000  10   1 4089 4236
130  68.000 386.000  10  16 1201 1395
131 163.000 364.000  10  21 3142 3274
132  37.000 397.000  10  50 3296 3424
133 269.000 203.000  10  30 1513 1607
134  31.000 360.000  10  23 1120 1218
135  68.000 378.000  10  10 2763 2810
136 262.000 390.000  10  21 1912 2019
137 220.000 238.000  10  12  128  216
138 362.000 399.000  10  24 3553 3690
139 179.000 175.000  10   2   51  211
140 200.000  48.000  10  20  892  987
141  13.000  59.000  10  13 2229 2365
142 165.000 264.000  10  20  216  368
143 178.000 353.000  10  19 3825 3958
144 243.000 287.000  10   8  547  666
145 151.000 188.000  10  18  151  252
146 151.000 231.000  10  10  310  446
147  11.000 274.000  10  18 3185 3336
148 108.000  48.000  10  18 3305 3470
149 232.000 131.000  10  20 4574 4633
150 217.000  98.000  10  19  374  453
151 308.000 327.000  10  13 1568 1658
152 279.000  91.000  10  22 5199 5388
153 384.000 294.000  10  20 2233 2343
154   2.000  29.000   0  28 5441 5586
155 302.000 300.000  10  17 3322 3454
156 147.000 210.000  10  23  190  241
157 287.000 279.000  10   4 4763 4929
158 102.000 149.000  10  12 2058 2118
159 115.000  51.000  10  18 3400 3504
160 340.000 290.000  10  39 1780 1948
161 319.000 113.000  10  26 4686 4773
162 246.000  47.000  10  18 4479 4607
163 397.000 362.000  10  15  941 1182
164 322.000 281.000  10   9  530  722
165  50.000 385.000  10  31 3276 3428
166  91.000 388.000  10   2  836 1005
167 351.000 199.000  10   4 3172 3284
168 327.000 115.000  10  15 1229 1319
169 362.000 378.000  10  17 1876 2023
170 337.000 248.000  10  26 1868 2068
171 379.000 254.000  10   3 1129 1306
172  67.000 318.000  10  15  954 1132
173 372.000 382.000  10   7 2513 2610
174 243.000 215.000  10   7  121  244
175 336.000 201.000   0  17 3287 3394
176 142.000 385.000  10  16 2142 2195
177 192.000 332.000  10  31 1740 1886
178 377.000  29.000  10  22 3006 3087
179   6.000  20.000  10  27 1072 1152
180 118.000 122.000  10  20 3803 3920
181  43.000 121.000  10  12 3960 4039
182  13.000 322.000  10  19 1478 1583
183  92.000  73.000  10   8 1361 1458
184 163.000 270.000  10  14 2153 2324
185 349.000 249.000  10   5 3461 3619
186 353.000   3.000  10  20 1043 1121
187 314.000 257.000  10  13  458  562
188 161.000 124.000  10  17 2607 2794
189 170.000 114.000  10   9 2537 2676
190 243.000 140.000  10  15 5119 5189
191 359.000 157.000  10   5 3245 3353
192 146.000 301.000  10  34 1412 1533
193 184.000 233.000  10  19  112  182
194 125.000 182.000  10  24  253  365
195 260.000 352.000  10  13 1579 1699
196  55.000 115.000  10   8 3156 3226
197 102.000 324.000  10  23 1960 2086
198 238.000 124.000  10  26 2278 2458
199  54.000 108.000  10  17 1082 1173
200 108.000  75.000  10  24  549  693
201 248.000 286.000  10  35  399  470
202 340.000 276.000  10  43 3453 3608
203   6.000  62.000  10  23 3586 3709
204 143.000 159.000  10  16  237  324
205 223.000  41.000  10  19 2185 2342
206 155.000 159.000  10  15  248  323
207  73.000   4.000  10  20 5609 5759
208 175.000 304.000  10  24  384  472
209  40.000  31.000  10   9 2302 2422
210 110.000 241.000  10   9  338  454
211 234.000  73.000  10   8  591  769
212  65.000 335.000  10   4 1332 1423
213 279.000 262.000  10  19  340  464
214 111.000 286.000  10  21  521  664
215 350.000 207.000  10  16 1487 1656
216 285.000 287.000   0  22 2987 3097
217 228.000  96.000  10  37 1323 1375
218 296.000 388.000  10  41 1060 1154
219  49.000 187.000  10  20  749  901
220 361.000 194.000  10  12 1618 1740
221 267.000 321.000  10  26 2555 2631
222 246.000 152.000  10   5 2429 2502
223 336.000 386.000  10  21 2904 3033
224 162.000 251.000  10  21  211  298
225 231.000 320.000  10   4  636  766
226 374.000 163.000  10  29 1254 1388
227 253.000 316.000  10  21 1685 1800
228 169.000 235.000  10  35  132  243
229 186.000 179.000  10  29   25  189
230 300.000 319.000  10  14  584  750
231 356.000 315.000  10  18 1689 1796
232 193.000  18.000  10  22 1745 1862
233 228.000 341.000  10  13 4026 4151
234  74.000 351.000  10  32 3843 3954
235 262.000  30.000  10   8  697  751
236 361.000 287.000  10  13 1006 1159
237  26.000 260.000  10  16 2520 2634
238  78.000 261.000  10  32  476  616
239 273.000 182.000  10  18 3363 3561
240 163.000 264.000  10  26  257  334
241 213.000 305.000  10  24 1967 2073
242  96.000 162.000  10  15 3652 3765
243 209.000 208.000  10   8   12  132
244 100.000  15.000  10  21 1278 1367
245 256.000 385.000  10   5 2361 2525
246 178.000 103.000  10  10 2451 2608
247   1.000 335.000  10  12 1012 1107
248 213.000 216.000  10   9   20  157
249  73.000 124.000  10   9 2224 2316
250 296.000 156.000  10  17  409  536
251 117.000 395.000  10  13 1599 1732
252 381.000 290.000  10  36 1856 2018
253 244.000  50.000  10  23 3804 3948
254  11.000 328.000  10  12 3072 3187
255 317.000 183.000  10  29  488  579
256 196.000  51.000  10  19 2131 2227
257 299.000 227.000  10  25  401  503
258 395.000 340.000  10  24  919 1001
259 292.000 392.000  10  18 2661 2747
260 211.000 153.000  10  14  218  353
261 328.000  39.000  10  11 3040 3130
262 312.000 247.000  10  14 3534 3642
263 248.000 126.000  10  23 2597 2737
264 201.000 195.000  10  12    5  110
265 146.000 174.000  10  23  185  294
266 341.000  33.000  10  27 1114 1239
267 310.000 340.000  10  11  710  795
268 176.000 154.000  10  15  129  287
269 131.000  89.000  10  26  543  700
270 159.000  79.000  10  15 3162 3293
271 137.000  68.000  10  25  601  668
272 103.000  95.000  10  26 2384 2503
273 315.000 237.000  10  33 2073 2203
274  59.000  49.000  10  36 1633 1757
275  72.000 315.000  10  11 2698 2874
276  94.000 165.000  10   5 2605 2709
277 107.000  98.000  10  21  549  635
278 397.000  73.000  10  15  864 1011
279 234.000 214.000  10  20   66  229
280 244.000 135.000  10   8 2680 2814
281 325.000  45.000  10   8 2386 2447
282 278.000 289.000  10  19  420  527
283 238.000 119.000  10  17 2702 2803
284 166.000 357.000  10  21 4834 4992
285   2.000 200.000  10  35 1368 1483
286 348.000 319.000  10  29 1342 1427
287  36.000 203.000  10  11 1494 1668
288 374.000 175.000  10  18 1388 1484
289 153.000 315.000  10  16  473  521
290  48.000 278.000  10  36  638  809
291 197.000 200.000  10  15    3  123
292 196.000 138.000  10  18  298  402
293 226.000  52.000  10  17 1949 2132
294 256.000 356.000  10  19  673  752
295 108.000 399.000  10  23  834  920
296 240.000 201.000  10  13 3013 3138
297 122.000 105.000  10   7  726  816
298 236.000 171.000  10  27  152  218
299 380.000 126.000  10  31  777  961
300  74.000 283.000  10   5 4336 4471
301  30.000  39.000  10   8 1470 1594
302  88.000 372.000  10  14 1415 1539
303 172.000 109.000  10  13  328  514
304 157.000 378.000  10  22 3713 3737
305  97.000 387.000  10  37 2227 2382
306 349.000 181.000  10   1 1181 1251
307  29.000   9.000  10  14 3316 3408
308 201.000 255.000  10  16  208  232
309 102.000 252.000  10  21  385  502
310 237.000 243.000  10   9  156  298
311 330.000 313.000  10  27  590  787
312  16.000 114.000  10  26 2891 3014
313 236.000  38.000  10  38 1705 1876
314 247.000 212.000  10  15  692  807
315 284.000 311.000  10  19 1395 1519
316 316.000 327.000  10  24 3044 3183
317  73.000 126.000  10  38 1695 1780
318 369.000 171.000  10  23  610  762
319 350.000 214.000  10  28 3280 3399
320 220.000  38.000  10  32 2318 2442
321 154.000  41.000  10  22 5146 5261
322 362.000 383.000  10  21 1014 1152
323 107.000 159.000  10  33 4083 4290
324 319.000 160.000  10  26  649  813
325 341.000  78.000   0  16 3273 3483
326  97.000 105.000  10  33 3792 3876
327 246.000 244.000  10  33 2677 2873
328  37.000 106.000  10   5 1437 1549
329 368.000  63.000  10  22 1675 1762
330 237.000 200.000  10  17   98  198
331 388.000 106.000  10   9 1051 1177
332 148.000  71.000  10   8 3265 3378
333 100.000 218.000  10  31  418  523
334 158.000  85.000   0  22 3720 3864
335  13.000  96.000  10  19 2983 3147
336  85.000  61.000  10  20  659  785
337 160.000  62.000  10  11 2858 2933
338 234.000  20.000  10  15 1715 1753
339 108.000 395.000  10  12 2251 2450
340 230.000 139.000   0  14 5196 5307
341  45.000 291.000  10  18  832  995
342 266.000   8.000  10  26 2299 2461
343  79.000 344.000  10  16  823 1030
344  59.000  51.000  10  14  813  955
345 380.000 339.000  10  10 2961 3091
346 165.000 126.000  10   4 4949 5109
347 209.000 167.000  10  17   83  190
348  57.000 381.000  10  22  927 1025
349  87.000 147.000  10   7 3481 3635
350  26.000 247.000  10  31 1518 1704
351  44.000 296.000  10  18 1934 2055
352 311.000 356.000  10   9  709  822
353 140.000 131.000  10  34 3510 3643
354 102.000  84.000  10   3  667  777
355 150.000  49.000  10   5 3426 3475
356  52.000 343.000  10  18 1708 1827
357 199.000  22.000  10  20 1796 1948
358 381.000  27.000  10  27 1876 1948
359 377.000 144.000  10  23 1873 1985
360 321.000  85.000  10  16 1718 1870
361 194.000  65.000  10  16 1534 1675
362 213.000 280.000  10  29  258  390
363  41.000  93.000  10  45 3960 4108
364  41.000 399.000  10  13 1032 1179
365  55.000 341.000  10  14 2727 2796
366 248.000 124.000  10  19 2651 2783
367   0.000 155.000  10   9  778  862
368 186.000 355.000  10  25  586  659
369 102.000  42.000  10  17  728  847
370  96.000 209.000  10  28  521  582
371 251.000 381.000  10  17 1059 1202
372 123.000  30.000  10  12 2792 2910
373 361.000 236.000  10  13  659  760
374 110.000 290.000  10   3  504  595
375  26.000 199.000  10  26 3215 3366
376  47.000 190.000  10  23 2567 2602
377   2.000  17.000  10  11 1066 1209
378 168.000 223.000  10  19  118  198
379 397.000 133.000  10  24 2965 3084
380  24.000  57.000  10  18  818  996
381 234.000  37.000  10  12 2014 2203
382 381.000  12.000  10  15 2335 2510
383 117.000 148.000  10  14  327  456
384 325.000 130.000   0  19 4143 4284
385 266.000  13.000  10  17 2709 2843
386 325.000 311.000  10  15 2472 2548
387 192.000 268.000  10  31 2069 2241
388  37.000 119.000  10  15 2111 2220
389 291.000 398.000  10  16 2120 2248
390 302.000 345.000  10   9  907 1047
391  34.000 371.000  10  18 1510 1648
392 338.000 290.000  10  12 2561 2761
393 310.000 163.000  10  20 2722 2936
394 368.000 215.000  10  15 2884 3048
395 142.000 379.000  10  11 3123 3239
396   5.000 266.000  10  32 1503 1560
397  18.000 235.000  10  24  896  967
398 394.000 299.000  10  14 3153 3317
399 244.000 176.000  10  24  125  275
400 309.000  18.000  10  26 1616 1675
401  81.000 290.000  10  14 1619 1706
402 353.000 357.000  10  20  877 1005
403  87.000 164.000  10  11 2663 2751
404 400.000 109.000  10  20 3351 3548
405 349.000 135.000  10  28 2184 2318
406 357.000  38.000  10 -16 4387 4569
407 377.000 282.000  10 -12 1565 1660
408 382.000  49.000  10  -9 3470 3657
409 119.000 286.000  10 -13 3280 3468
410 243.000 209.000  10 -20 5522 5630
411  52.000 194.000  10  -3 2221 2289
412  53.000  51.000  10 -13  942 1054
413 212.000 197.000  10 -23 3431 3518
414  38.000 291.000  10 -42 2029 2160
415  18.000 102.000  10  -4  915 1062
416 338.000  14.000  10 -26 4814 4916
417 111.000   4.000  10  -3 2036 2167
418 357.000 202.000  10 -15 1985 2129
419 320.000 166.000  10 -30 2353 2454
420  41.000 337.000  10  -3 2692 2779
421 317.000  68.000  10 -21 4620 4782
422 157.000 220.000  10  -3 5535 5594
423  85.000 128.000  10  -1 5158 5265
424  68.000 215.000  10 -21 3868 4024
425 156.000  32.000  10  -8 3159 3284
426 358.000 261.000  10 -21 2983 3134
427 365.000 303.000  10 -18 3609 3725
428 330.000 353.000  10 -13 4752 4860
429  66.000 118.000  10 -10 2259 2377
430 316.000 383.000  10 -23 3276 3372
431 286.000 308.000  10 -20 2504 2635
432 294.000  13.000  10 -25 2367 2447
433 332.000 124.000  10 -24 1337 1453
434 159.000 164.000  10 -22 5354 5456
435 231.000 229.000  10  -8 4826 4916
436  98.000 375.000  10  -8  752  868
437  84.000 293.000  10 -25 2213 2355
438 348.000 189.000  10 -35 1090 1179
439 299.000 351.000  10 -14  667  778
440 348.000 371.000  10  -3 2603 2734
441 378.000  30.000  10 -22 4396 4520
442 213.000 332.000  10 -20 2895 2966
443 153.000 224.000  10 -18 3124 3273
444 122.000 397.000  10 -16 2313 2419
445 338.000 106.000  10 -18 3812 3920
446 100.000  10.000  10 -10 1133 1269
447 180.000 359.000  10 -14 3741 3910
448 194.000  43.000  10 -20 2862 3055
449 364.000  23.000  10  -6 4234 4406
450 384.000  72.000  10 -29 3967 4100
451 246.000 247.000  10  -2 2688 2862
452 371.000 111.000  10  -1  956 1158
453  84.000 206.000  10 -22 2329 2411
454  51.000  64.000  10 -20 3184 3299
455 380.000 145.000  10 -18 2092 2210
456 348.000 102.000  10  -6 1586 1668
457  46.000 102.000  10  -8 2417 2531
458 370.000  57.000  10 -11 4452 4615
459 226.000 378.000  10  -8 1429 1562
460 299.000 399.000  10 -15 3086 3222
461 103.000 361.000  10 -18 1804 1992
462  37.000  21.000  10 -23 3642 3748
463 287.000 343.000  10 -36 2882 3000
464 135.000 161.000  10 -33 5424 5500
465  17.000  99.000  10 -19 4042 4129
466 236.000 260.000  10 -37 4472 4597
467 102.000 118.000  10 -26 4656 4815
468 391.000 260.000  10 -12 2403 2549
469 356.000 299.000  10 -21 4216 4309
470  66.000   5.000  10 -17 4567 4636
471 343.000 184.000  10 -18 4536 4565
472 203.000  40.000  10 -25 3222 3231
473  76.000  72.000  10 -19 4057 4139
474 234.000   7.000  10 -23 4457 4593
475 369.000 211.000  10 -20 1854 1967
476 306.000  85.000  10 -24 4582 4693
477 244.000  56.000  10  -9 2659 2756
478 274.000 247.000  10 -30 3758 3912
479 300.000 272.000  10 -36 2815 2849
480 158.000 121.000  10 -34 4429 4534
481 326.000 335.000  10  -5 3946 4023
482  59.000  89.000  10 -21 3073 3202
483 123.000 159.000  10 -16 5262 5376
484 393.000 256.000  10 -35 1544 1686
485 308.000 217.000  10 -20 3926 4131
486 195.000 148.000  10 -13 5336 5389
487  52.000  94.000  10 -14 4511 4742
488 352.000 383.000  10 -17 3216 3286
489 393.000 246.000  10 -16 2039 2149
490 214.000 119.000  10 -23 4059 4178
491 140.000  40.000  10 -23 4079 4161
492 195.000 121.000  10  -8 3497 3591
493  40.000 314.000  10  -7 2879 3034
494 291.000 304.000  10 -26 4142 4283
495  17.000 348.000  10 -21 1723 1901
496 279.000 337.000  10 -12 2431 2515
497 185.000 180.000  10 -12 6578 6643
498 359.000  42.000  10 -13 3407 3447
499 152.000 361.000  10  -8 4137 4214
500 163.000 207.000  10 -13 4480 4640
501 117.000 381.000  10 -18 2490 2609
502 294.000 249.000  10  -9 1869 2019
503 161.000 346.000  10  -8 4272 4298
504 307.000 396.000  10 -22 3088 3208
505 389.000 171.000  10 -18 1811 1921
506  41.000 340.000  10 -14 3470 3550
507  33.000 226.000  10 -11 4783 4877
508 287.000 225.000  10 -19 3001 3083
509 187.000  23.000  10 -22 4016 4129
510  56.000 156.000  10  -9 2701 2882
511  16.000 311.000  10 -39 1183 1281
512  75.000 238.000  10 -26 4008 4155
513 359.000  31.000  10 -20 5027 5120
514 304.000 395.000  10 -19 2113 2236
515 328.000   8.000  10 -33 1798 1885
516  26.000 275.000  10 -31 4504 4669
517 190.000  27.000  10 -17 1655 1797
518 183.000  71.000  10 -11 3074 3163
519 146.000 320.000  10 -22 1996 2097
520  91.000 233.000  10 -15 1857 1992
521 184.000  69.000  10 -12 1997 2149
522 344.000 154.000  10 -22 3998 4108
523 356.000 223.000  10  -9 3873 3991
524 324.000 194.000  10  -9 4242 4406
525 303.000 258.000  10 -19 3960 4066
526 136.000 226.000  10 -33 3995 4105
527 381.000 375.000  10  -4 4312 4380
528 209.000 283.000  10 -30 2461 2597
529 285.000 107.000  10 -23 2007 2116
530 171.000 168.000  10 -24 5413 5533
531  69.000  82.000  10 -23 3532 3587
532 208.000  86.000  10 -13 3862 3919
533 325.000 294.000  10 -13 4604 4682
534 377.000  72.000  10  -1 5228 5358
535  92.000 384.000  10 -16 1561 1782
536 174.000 326.000  10 -21 3795 3963
537   5.000 344.000  10 -50 5070 5124
538 220.000  71.000  10 -30 2695 2835
539 133.000 375.000  10 -23 2612 2710
540 105.000 360.000  10 -10 3121 3283
541 343.000 322.000  10 -21 3253 3358
542 286.000  44.000  10 -12 2273 2373
543 338.000 315.000  10 -24 3814 3923
544 156.000   4.000  10  -2  864  940
545  75.000  89.000  10 -20 3280 3448
546   2.000  52.000  10 -13 2740 2793
547  55.000 346.000  10 -20 1784 1878
548  70.000 231.000  10 -19 4391 4505
549 264.000 341.000  10  -8 4178 4268
550 138.000 326.000  10 -18 2258 2348
551  35.000 238.000  10 -10  781  865
552 168.000 268.000  10 -18 4200 4348
553 177.000 139.000  10 -18 6320 6441
554 202.000 158.000  10 -20 4605 4782
555 192.000 151.000  10 -19 2329 2460
556 398.000 325.000  10 -13 3510 3608
557 279.000 148.000  10 -22 5815 5921
558 344.000 236.000  10 -20 3553 3641
559   2.000  29.000  10 -28 5441 5586
560 304.000 319.000  10 -17 3431 3579
561   8.000 119.000  10 -23 3374 3454
562 244.000 285.000  10  -4 5246 5415
563 123.000 176.000  10 -12 4670 4807
564  70.000  81.000  10 -18 3504 3634
565 170.000 176.000  10 -39 4050 4196
566 236.000 119.000  10 -26 5378 5544
567 166.000  19.000  10 -18 4811 4901
568 400.000 373.000  10 -15 1049 1164
569 364.000 213.000  10  -9 2332 2413
570  48.000 358.000  10 -31 3499 3625
571   8.000 285.000  10  -2 1305 1402
572 230.000 266.000  10  -4 3393 3514
573 334.000  92.000  10 -15 1719 1950
574 280.000   5.000  10 -17 4075 4173
575 305.000 257.000  10 -26 2453 2619
576 367.000 300.000  10  -3 1799 1916
577  41.000 183.000  10 -15 4677 4860
578 230.000 234.000  10  -7 6240 6369
579 396.000 106.000  10  -7 1082 1199
580 336.000 201.000  10 -17 3287 3394
581 102.000 377.000  10 -16 3933 4062
582 266.000 234.000  10 -31 3675 3748
583 384.000  53.000  10 -22 3779 3937
584  35.000  79.000  10 -27 1677 1824
585 160.000 222.000  10 -20 5187 5285
586 140.000 344.000  10 -12 5161 5263
587  40.000 336.000  10 -19 4796 4966
588  15.000   4.000  10  -8 2803 2912
589  98.000 107.000  10 -14 3734 3861
590 344.000  72.000  10  -5 4247 4393
591 274.000   7.000  10 -20 1321 1434
592 368.000 278.000  10 -13  964 1086
593 114.000  88.000  10 -17 2689 2827
594  86.000 112.000  10  -9 2844 2976
595 218.000 134.000  10 -15 5109 5209
596 320.000  24.000  10  -5 4023 4159
597 243.000 275.000  10 -34 3688 3789
598 105.000 254.000  10 -19 1650 1740
599 165.000 335.000  10 -24 2552 2748
600 388.000 275.000  10 -13 3697 3839
601  63.000 166.000  10  -8 3995 4093
602 229.000 105.000  10 -23 3449 3512
603 339.000   3.000  10 -26 3219 3323
604  93.000  31.000  10 -17 2641 2740
605 177.000  55.000  10 -24 3035 3130
606 259.000   4.000  10 -35 2413 2554
607 369.000 118.000  10 -43 4207 4328
608  82.000  78.000  10 -23 4750 4856
609  66.000 144.000  10 -16  591  651
610 168.000  15.000  10 -19 2465 2630
611  46.000 110.000  10 -15 2276 2346
612  91.000  61.000  10 -20 5895 6032
613 247.000 377.000  10 -24 4872 4972
614  19.000  61.000  10  -9 4606 4734
615 267.000 221.000  10  -9 2342 2471
616 343.000 134.000  10  -8 4037 4153
617  95.000 391.000  10  -4 1856 2046
618 344.000 321.000  10 -19  989 1160
619  60.000 319.000  10 -21 1014 1148
620 376.000 205.000  10 -16 1801 1939
621 285.000 287.000  10 -22 2987 3097
622  76.000  90.000  10 -37 2976 3118
623 308.000 178.000  10 -41 1578 1728
624  80.000 282.000  10 -20 2101 2190
625 332.000 216.000  10 -12 1764 1936
626 354.000 199.000  10 -26 5108 5253
627 321.000 144.000  10  -5 4255 4380
628 366.000 340.000  10 -21 2842 3000
629  74.000 231.000  10 -21 1889 2019
630 338.000 150.000  10  -4 3039 3225
631 399.000 179.000  10 -29 1779 1921
632 310.000 363.000  10 -21 4210 4384
633  85.000 333.000  10 -35 2309 2422
634 206.000 106.000  10 -29 1124 1300
635 348.000 343.000  10 -14 1355 1482
636 308.000 314.000  10 -18 2520 2719
637  88.000 121.000  10 -22 2281 2383
638 262.000 233.000  10 -13 4444 4552
639   8.000 384.000  10 -32 4055 4150
640 309.000  53.000  10  -8 1317 1416
641 371.000 349.000  10 -13 1073 1148
642 193.000 390.000  10 -16 4137 4259
643 277.000 163.000  10 -32 2367 2482
644 290.000  82.000  10 -18 3575 3732
645  26.000 326.000  10 -26 2537 2646
646 278.000 221.000  10 -24 3619 3718
647 217.000 211.000  10 -15 4731 4832
648 384.000 307.000  10  -8 1476 1683
649  75.000  76.000  10 -21 1288 1463
650 300.000  64.000  10  -5 4600 4777
651 126.000  90.000  10 -10 3474 3570
652  59.000 285.000  10 -12 4599 4694
653 311.000 344.000  10  -9  743  875
654 116.000 102.000  10  -9 3263 3368
655 378.000 118.000  10 -17 2909 3028
656 142.000 262.000  10 -13 2036 2181
657 303.000 112.000  10 -36 3488 3615
658 164.000  80.000  10 -23 4686 4902
659  77.000 319.000  10 -12 4941 5090
660 364.000  55.000  10 -29 1344 1498
661 186.000  75.000  10 -19 3099 3259
662 324.000 184.000  10 -25  469  615
663 384.000  64.000  10 -24 4228 4419
664 387.000 267.000  10 -18 3555 3701
665 219.000  49.000  10 -14 1852 1957
666 256.000 145.000  10 -11 4566 4705
667 250.000 183.000  10 -14 4097 4198
668 196.000 129.000  10 -23 3071 3177
669 319.000 115.000  10 -12 2644 2795
670  40.000 153.000  10 -23  590  745
671 340.000  79.000  10 -27 2673 2804
672 338.000   5.000  10 -11 4009 4244
673 125.000 122.000  10 -15  458  551
674 129.000  53.000  10 -26 3006 3124
675 159.000  11.000  10 -15 4764 4864
676 154.000  68.000  10 -25 2941 3089
677 131.000  82.000  10 -26 3592 3695
678 201.000 242.000  10 -33 3072 3211
679   8.000  68.000  10 -36 2625 2721
680   8.000 363.000  10 -11 3518 3637
681  85.000 256.000  10  -5 3997 4152
682 120.000 170.000  10 -21 1810 1970
683 231.000   6.000  10 -15 2806 2922
684 327.000  11.000  10 -20 2363 2480
685 199.000  45.000  10  -8 3173 3265
686  74.000  87.000  10  -8 5393 5565
687 371.000 386.000  10 -19 1279 1440
688 323.000 218.000  10 -17 3277 3401
689 146.000 324.000  10 -21 5629 5783
690  18.000 294.000  10 -35 1969 2048
691 339.000  69.000  10 -29 3870 3975
692  23.000 317.000  10 -11 1833 1917
693 366.000  97.000  10 -18 3079 3217
694 390.000 357.000  10 -16 4151 4299
695  92.000 255.000  10 -36 1688 1824
696 206.000 286.000  10 -15 1929 2082
697 162.000 121.000  10 -18  289  413
698 207.000 185.000  10 -17 4888 4995
699 264.000  69.000  10 -19 2648 2795
700  38.000 366.000  10 -23 1004 1181
701 191.000 167.000  10 -13 3787 3946
702 113.000  80.000  10  -7  651  798
703 294.000 118.000  10 -27  417  580
704 369.000   6.000  10 -31 2212 2287
705  51.000 205.000  10  -5 4870 4978
706 177.000  77.000  10  -8 3167 3344
707 236.000  44.000  10 -14 3111 3199
708  58.000  98.000  10 -13 1020 1205
709 229.000 371.000  10 -22 4032 4189
710  52.000 301.000  10 -37 3692 3826
711 330.000  76.000  10  -1 3727 3816
712   9.000  47.000  10 -14 3416 3526
713 169.000 352.000  10 -16  986 1126
714  35.000 160.000  10 -21 4054 4205
715 276.000 298.000  10  -9  432  560
716 376.000  19.000  10 -27 5133 5233
717  26.000  70.000  10 -26 3708 3782
718 303.000 142.000  10 -38 4303 4436
719 297.000 240.000  10 -15 1050 1151
720 299.000 270.000  10 -19 3333 3451
721 282.000 252.000  10 -24 3487 3575
722  29.000  86.000  10 -38 2313 2370
723 391.000 136.000  10 -23  841  982
724 335.000 202.000  10 -28 3322 3431
725 148.000  94.000  10 -32 3338 3490
726 186.000 145.000  10 -22 5981 6061
727 390.000 376.000  10 -21 1843 1980
728 116.000 195.000  10 -33 4290 4362
729 326.000 156.000  10 -26 1147 1304
730 341.000  78.000  10 -16 3273 3483
731  32.000 229.000  10 -33 4179 4376
732 193.000 216.000  10 -33 4923 5044
733 208.000  20.000  10  -5 2375 2554
734 254.000   0.000  10 -22 2687 2815
735 305.000 255.000  10 -17 1254 1355
736 193.000  29.000  10  -9 3007 3168
737 143.000  20.000  10  -8 4884 4976
738   7.000 143.000  10 -31 1330 1455
739 158.000  85.000  10 -22 3720 3864
740  45.000  85.000  10 -19 3638 3804
741 210.000   1.000  10 -20 4002 4114
742 180.000  15.000  10 -11 3517 3601
743 168.000 100.000  10 -15 2512 2665
744 136.000 373.000  10 -12 2462 2573
745 230.000 139.000  10 -14 5196 5307
746  50.000 315.000  10 -18 2534 2613
747 237.000 259.000  10 -26 4682 4828
748  30.000 349.000  10 -16 2728 2813
749 201.000   6.000  10 -14 2320 2482
750 358.000 309.000  10 -10 3435 3532
751 194.000 121.000  10  -4 5099 5199
752 391.000  42.000  10 -17 3848 3984
753  36.000 288.000  10 -22 3848 3925
754  78.000 194.000  10  -7 3762 3864
755  56.000 292.000  10 -31 2011 2160
756  44.000 277.000  10 -18 2137 2254
757 350.000 131.000  10  -9 3204 3330
758 103.000 154.000  10 -34 4413 4555
759 202.000   6.000  10  -3 2522 2683
760 196.000 107.000  10  -5 5350 5404
761 126.000 208.000  10 -18 5446 5630
762 277.000 143.000  10 -20 2567 2702
763 348.000  41.000  10 -27 2614 2767
764 326.000  79.000  10 -23 3240 3331
765 251.000  70.000  10 -16 1817 1964
766  92.000  68.000  10 -16 2881 3001
767 210.000 294.000  10 -29  308  449
768  13.000 220.000  10 -45 4279 4361
769  90.000 311.000  10 -13 2711 2757
770   5.000 345.000  10 -14 4841 4963
771 168.000  87.000  10 -19 3638 3814
772  11.000 135.000  10  -9 1038 1156
773 173.000 384.000  10 -25  719  769
774 173.000  72.000  10 -17 1084 1231
775 124.000 179.000  10 -28 2810 3056
776 262.000 212.000  10 -17 4518 4606
777 231.000  36.000  10 -12 4136 4231
778 397.000 261.000  10 -13 2341 2457
779  92.000 238.000  10  -3 4848 4985
780 124.000 221.000  10 -26 4008 4137
781  21.000 255.000  10 -23 3006 3199
782  43.000  67.000  10 -11 1641 1742
783  36.000 286.000  10 -19 3064 3156
784 188.000  67.000  10 -24 4223 4293
785   4.000  60.000  10 -18  956 1084
786 255.000  80.000  10 -12 2080 2197
787   3.000  15.000  10 -15 4436 4497
788  81.000 156.000  10 -14 1768 1834
789 325.000 130.000  10 -19 4143 4284
790   3.000   2.000  10 -17 3792 3980
791 384.000  47.000  10 -15 4349 4502
792 194.000 166.000  10 -31 2784 2841
793  14.000  53.000  10 -15 3243 3315
794 239.000 252.000  10 -16 5336 5443
795 297.000 137.000  10  -9 1850 1934
796   4.000 307.000  10 -18 4279 4460
797 271.000 116.000  10 -12 3634 3756
798 205.000 372.000  10 -20 3567 3667
799 379.000 126.000  10 -15 3509 3542
800  84.000 221.000  10 -11 4432 4511
801  12.000 368.000  10 -32 3123 3169
802 196.000  77.000  10 -24 3300 3445
803 362.000 115.000  10 -14 4248 4364
804 395.000 113.000  10 -24 2354 2406
805 285.000 136.000  10 -26 4400 4431
806  46.000 197.000  10 -14 1697 1810
807 349.000 324.000  10 -20 2147 2279
808 184.000 235.000  10 -11 4493 4618
809 316.000 112.000  10 -20 3870 3960
810 382.000 169.000  10 -28 2653 2732
811 200.000 200.000   0   0    0 6751
