404 404 1000 1000 1000
  0 200.000 200.000   0   0    0 6751
  1 221.000 225.000  10  16   32  272
  2 329.000 208.000  10  20    0 6612
  3 145.000 165.000  10  13  141  381
  4 179.000 125.000  10   4  192  432
  5 194.000  43.000  10  26 2838 3078
  6 358.000 261.000  10  19    0 6572
  7 299.000 399.000  10  11    0 6519
  8 246.000 247.000  10  21 2655 2895
  9 343.000 359.000  10  26    0 6528
 10 101.000   8.000  10   3    0 6525
 11 302.000 274.000  10  15    0 6615
 12 131.000 275.000  10  30 2055 2295
 13 332.000 124.000  10  22 1275 1515
 14 138.000 306.000  10   1 3395 3635
 15 206.000   7.000  10   8 3115 3355
 16 299.000 308.000  10  21    0 6595
 17 135.000 384.000  10  13  916 1156
 18 206.000 286.000  10  19    0 6655
 19 156.000   4.000  10  25  782 1022
 20 177.000 174.000  10  10   34  274
 21 207.000 185.000   0   1    0 6725
 22  92.000 255.000  10  30    0 6620
 23 220.000 337.000  10  23 1188 1428
 24 342.000 154.000  10  25    0 6592
 25 353.000  65.000  10  24 1163 1403
 26  70.000 231.000  10  16 4328 4568
 27 352.000 303.000  10   8 4229 4469
 28 243.000 209.000  10  11    0 6698
 29 145.000 301.000  10   8    0 6626
 30  94.000 268.000  10  25 1400 1640
 31 265.000 127.000  10  35  271  511
 32 278.000 221.000  10  27 3548 3788
 33 231.000 229.000  10  12    0 6699
 34   8.000 384.000  10  24    0 6476
 35 367.000 361.000  10  22 1888 2128
 36  91.000 233.000  10  25    0 6628
 37 125.000 175.000  10  20    0 6662
 38 193.000  29.000  10  16    0 6570
 39  80.000 392.000  10  16    0 6515
 40 299.000 351.000  10  14  602  842
 41 362.000 207.000  10  18 3123 3363
 42 344.000 154.000  10  30 3933 4173
 43 268.000 223.000  10  20    0 6670
 44 116.000 195.000  10  20    0 6657
 45 334.000 186.000  10   1  563  803
 46  84.000 206.000  10  22    0 6625
 47  12.000  40.000  10  20 2400 2640
 48 308.000 178.000  10   4 1533 1773
 49 376.000 205.000  10   4 1750 1990
 50 257.000  98.000  10   8 1294 1534
 51 305.000 255.000  10  11 1184 1424
 52 140.000 387.000  10   8    0 6545
 53 271.000 371.000  10  15    0 6556
 54 147.000 376.000  10  36  712  952
 55  74.000 213.000  10  33    0 6615
 56  54.000 341.000  10  19 1170 1410
 57 303.000 358.000  10  37    0 6553
 58 398.000 258.000  10  12    0 6535
 59 152.000 361.000  10  18    0 6573
 60 166.000 185.000  10  17    0 6704
 61 303.000 258.000  10  21    0 6623
 62 250.000 183.000  10  24 4028 4268
 63 384.000  72.000  10  21 3913 4153
 64 280.000 224.000  10  20    0 6658
 65 208.000  86.000  10   2 3771 4011
 66 215.000 260.000  10   9  127  367
 67 380.000 390.000  10  36    0 6480
 68 273.000 118.000  10  34    0 6632
 69 103.000 154.000  10  22 4364 4604
 70 371.000 396.000  10   5    0 6481
 71 169.000 352.000  10   7    0 6586
 72  78.000  85.000  10  21 2903 3143
 73 226.000 378.000  10  30 1376 1616
 74 357.000 202.000  10   5    0 6584
 75 384.000 248.000  10  35  827 1067
 76 391.000  42.000  10  44    0 6494
 77 350.000 131.000  10  12 3147 3387
 78   5.000 345.000  10  14 4782 5022
 79 103.000 361.000  10  25 1778 2018
 80 239.000 252.000  10  20 5270 5510
 81   2.000   3.000  10  14 3117 3357
 82 158.000 121.000  10  17 4361 4601
 83 166.000  19.000  10  11    0 6557
 84 326.000 374.000  10  17    0 6527
 85 317.000 240.000  10  16 1157 1397
 86  40.000 336.000  10   9 4761 5001
 87  78.000 194.000  10   2    0 6619
 88 232.000 127.000  10  13    0 6662
 89 195.000 121.000  10  23 3424 3664
 90  80.000 365.000  10  18    0 6537
 91 160.000 313.000  10   8 3375 3615
 92 210.000 294.000  10  43  258  498
 93 231.000 182.000  10  18   35  275
 94  30.000 349.000   0   9    0 6515
 95  17.000  99.000  10   1 3966 4206
 96 309.000 279.000  10  19  568  808
 97 384.000  64.000  10  19    0 6513
 98  32.000 163.000  10   9    0 6569
 99  74.000  87.000  10   9    0 6572
100 134.000 320.000  10  39  598  838
101  48.000 358.000  10  32 3442 3682
102 184.000 282.000  10  19    0 6658
103 289.000 234.000  10  33  261  501
104 194.000 166.000  10   7 2692 2932
105 168.000  87.000  10   5 3606 3846
106 297.000 240.000  10  37  980 1220
107 200.000 144.000  10  12  262  502
108 274.000 247.000  10  22 3715 3955
109 129.000  53.000  10  14 2945 3185
110 378.000 118.000  10  12    0 6546
111 309.000  53.000  10  26    0 6558
112 153.000 222.000  10  33   88  328
113 306.000 361.000  10   4 2761 3001
114  46.000 110.000  10  16    0 6563
115 123.000 159.000  10  30    0 6654
116 234.000   7.000  10  10    0 6546
117 309.000 274.000  10  23    0 6610
118  96.000  22.000  10  23    0 6535
119 292.000  33.000  10  13    0 6551
120  68.000 386.000  10  16 1178 1418
121 116.000 102.000  10  10 3195 3435
122 264.000 341.000  10   9 4103 4343
123 269.000 203.000  10  30 1440 1680
124 262.000 390.000  10  21 1845 2085
125 236.000 119.000  10  30 5341 5581
126  36.000 288.000  10   1    0 6555
127 276.000 298.000  10  10  376  616
128 362.000 399.000  10  24    0 6485
129 244.000 285.000  10   6 5210 5450
130  32.000 229.000  10   7    0 6571
131 179.000 175.000  10   2    0 6709
132 165.000 264.000  10  20    0 6669
133 178.000 353.000  10  19    0 6587
134 243.000 287.000  10   8  486  726
135 151.000 188.000  10  18   82  322
136 151.000 231.000  10  10  258  498
137  92.000 238.000  10  11    0 6627
138 108.000  48.000  10  18 3267 3507
139  38.000 291.000  10   8 1975 2215
140 217.000  98.000  10  19  294  534
141 384.000 294.000  10  20 2168 2408
142 202.000   6.000  10  20    0 6547
143 316.000 383.000  10  14    0 6525
144 384.000  53.000  10  13    0 6506
145 302.000 300.000  10  17    0 6599
146  29.000  86.000  10  28 2221 2461
147 287.000 279.000  10   4    0 6624
148 102.000 149.000  10  12    0 6631
149 393.000 256.000  10  13 1495 1735
150 340.000 290.000  10  39    0 6575
151 332.000 216.000  10  12    0 6609
152 319.000 113.000  10  26 4609 4849
153 246.000  47.000  10  18 4423 4663
154 247.000 377.000  10  28 4802 5042
155 371.000 111.000  10   3    0 6549
156 397.000 362.000  10  15  941 1181
157 193.000 216.000   0   1    0 6724
158  80.000 282.000  10  10 2025 2265
159  91.000 388.000  10   2  800 1040
160 327.000 115.000  10  15    0 6589
161  23.000 317.000  10  10 1755 1995
162 362.000 378.000   0  17    0 6501
163 337.000 248.000  10  26 1848 2088
164   4.000 307.000  10  14    0 6518
165 379.000 254.000  10   3 1097 1337
166 243.000 215.000  10   7   62  302
167 336.000 201.000   0  17    0 6605
168 338.000   5.000  10  23 4006 4246
169 192.000 332.000  10  31    0 6609
170  18.000 294.000  10  45 1889 2129
171 400.000 373.000  10   7  987 1227
172  66.000 144.000  10  29  501  741
173  19.000  61.000  10  16 4550 4790
174 377.000  29.000  10  22 2926 3166
175   6.000  20.000  10  27    0 6477
176  13.000 322.000  10  19 1410 1650
177  18.000 102.000  10  18  869 1109
178 142.000 262.000  10  41 1988 2228
179 314.000 257.000  10  13    0 6614
180 170.000 114.000  10   9    0 6650
181 243.000 140.000  10  15    0 6668
182 146.000 301.000  10  34    0 6627
183 184.000 233.000  10  19   36  276
184 102.000 324.000  10  23    0 6583
185 238.000 124.000  10  26 2248 2488
186  54.000 108.000  10  17    0 6569
187 108.000  75.000  10  24    0 6586
188 359.000  42.000  10  10    0 6517
189 248.000 286.000  10  35  314  554
190 340.000 276.000  10  43 3411 3651
191 277.000 143.000  10  12 2514 2754
192   6.000  62.000  10  23    0 6503
193 143.000 159.000  10  16  161  401
194 223.000  41.000  10  19 2144 2384
195 155.000 159.000  10  15  166  406
196 175.000 304.000  10  24  308  548
197   8.000 363.000  10  39 3457 3697
198 126.000  90.000  10  31    0 6609
199 339.000  69.000  10  26    0 6550
200  65.000 335.000  10   4 1258 1498
201  35.000 238.000  10  32  703  943
202 201.000 242.000  10  19    0 6699
203 279.000 262.000  10  19  282  522
204 111.000 286.000  10  21  472  712
205 350.000 207.000  10  16    0 6591
206 228.000  96.000  10  37    0 6634
207  38.000 366.000  10  18    0 6510
208  81.000 156.000  10  25 1681 1921
209 361.000 194.000  10  12    0 6580
210 267.000 321.000  10  26 2473 2713
211 348.000 102.000  10  26    0 6564
212 162.000 251.000  10  21    0 6678
213 374.000 163.000  10  29    0 6564
214 330.000  76.000  10  10    0 6562
215 253.000 316.000  10  21 1622 1862
216 169.000 235.000  10  35   67  307
217 186.000 179.000  10  29    0 6716
218  13.000 220.000  10  15 4200 4440
219 323.000 218.000  10  34    0 6617
220 300.000 319.000  10  14    0 6586
221 193.000  18.000  10  22    0 6559
222 324.000 184.000  10  25  422  662
223 344.000  72.000  10   8    0 6549
224  74.000 351.000  10  32    0 6545
225 262.000  30.000  10   8    0 6561
226 361.000 287.000  10  13    0 6558
227 188.000  67.000  10  14    0 6608
228  26.000  70.000  10   3 3625 3865
229 371.000 349.000  10   8    0 6515
230 339.000   3.000  10   8    0 6500
231 382.000 169.000  10  23 2572 2812
232  52.000 301.000  10   7 3639 3879
233  51.000  64.000  10  14 3121 3361
234 163.000 264.000  10  26  176  416
235 213.000 305.000  10  24 1900 2140
236 100.000  15.000  10  21 1202 1442
237 256.000 385.000  10   5    0 6548
238 178.000 103.000  10  10    0 6642
239 285.000 107.000  10  17 1942 2182
240   1.000 335.000  10  12  939 1179
241 274.000   7.000  10  21    0 6535
242 213.000 216.000  10   9   20  260
243 190.000  27.000  10  10    0 6568
244 296.000 156.000  10  17  352  592
245   2.000  52.000  10  11 2646 2886
246 381.000 290.000  10  36    0 6539
247  11.000 328.000  10  12    0 6513
248 317.000 183.000  10  29  414  654
249 259.000   4.000  10  26    0 6537
250 292.000 392.000  10  18 2584 2824
251 211.000 153.000  10  14  165  405
252 119.000 286.000  10  18    0 6623
253 328.000  39.000  10  11 2965 3205
254 312.000 247.000  10  14    0 6620
255 208.000  20.000  10  10    0 6561
256 201.000 195.000  10  12    5  245
257 146.000 174.000  10  23    0 6682
258 341.000  33.000  10  27 1057 1297
259  86.000 112.000  10  17    0 6597
260 310.000 340.000  10  11    0 6563
261 176.000 154.000  10  15   88  328
262 315.000 237.000  10  33    0 6621
263  75.000  89.000  10  18 3244 3484
264 369.000   6.000  10  16    0 6484
265  63.000 166.000  10   4    0 6600
266 304.000 395.000  10  18 2055 2295
267 170.000 176.000   0  19    0 6703
268 326.000 156.000  10  15 1105 1345
269  94.000 165.000  10   5    0 6630
270 107.000  98.000  10  21  472  712
271 262.000 233.000  10  16    0 6671
272 397.000  73.000  10  15    0 6507
273 234.000 214.000  10  20    0 6705
274   3.000  15.000  10  20    0 6471
275 303.000 112.000  10  21    0 6606
276 325.000  45.000  10   8 2296 2536
277 278.000 289.000  10  19    0 6623
278 177.000 139.000  10  19    0 6676
279  36.000 203.000  10  11    0 6577
280 125.000 122.000  10  15  384  624
281 368.000 278.000  10  20    0 6556
282 374.000 175.000  10  18    0 6566
283 126.000 208.000  10  26    0 6667
284  48.000 278.000  10  36  604  844
285 286.000 308.000  10   3    0 6603
286 196.000 138.000  10  18    0 6679
287 226.000  52.000  10  17 1921 2161
288 256.000 356.000  10  19    0 6576
289 108.000 399.000  10  23    0 6522
290 124.000 221.000  10  27 3952 4192
291 236.000 171.000   0  27    0 6695
292  26.000 326.000  10  21    0 6527
293 338.000 315.000  10   9 3749 3989
294 380.000 126.000  10  31  749  989
295  60.000 319.000  10  29    0 6558
296 174.000 326.000  10   8    0 6613
297 157.000 378.000  10  22    0 6558
298 262.000 212.000  10  19    0 6678
299 349.000 181.000  10   1    0 6591
300 102.000 252.000  10  21  324  564
301   9.000  47.000  10   5 3351 3591
302 237.000 243.000  10   9  107  347
303 330.000 313.000  10  27    0 6569
304  16.000 114.000  10  26    0 6538
305 236.000  38.000  10  38 1671 1911
306 247.000 212.000  10  15  629  869
307 284.000 311.000  10  19 1337 1577
308 316.000 327.000  10  24    0 6569
309 255.000  80.000  10  11    0 6609
310  73.000 126.000  10  38 1618 1858
311 220.000  38.000  10  32    0 6578
312 154.000  41.000  10  22 5083 5323
313 362.000 383.000  10  21  963 1203
314 319.000 160.000  10  26  611  851
315 341.000  78.000  10  16 3258 3498
316 246.000 244.000  10  33 2655 2895
317  35.000  79.000  10  22 1630 1870
318  37.000 106.000  10   5 1373 1613
319 173.000 384.000  10   3  624  864
320 300.000 272.000  10  15    0 6618
321 237.000 200.000  10  17   37  277
322 388.000 106.000  10   9    0 6531
323 148.000  71.000  10   8 3202 3442
324 100.000 218.000  10  31    0 6640
325 177.000  77.000  10  13    0 6616
326  16.000 311.000  10  10 1112 1352
327 158.000  85.000  10  22    0 6619
328 105.000 254.000  10  12    0 6632
329  13.000  96.000  10  19    0 6528
330  85.000  61.000  10  20    0 6561
331  45.000 291.000  10  18  794 1034
332  58.000  98.000  10  15    0 6567
333  79.000 344.000  10  16  807 1047
334 380.000 339.000  10  10    0 6514
335 165.000 126.000  10   4    0 6660
336  43.000  67.000  10  15    0 6536
337 209.000 167.000  10  17   34  274
338  57.000 381.000  10  22  856 1096
339 294.000  13.000  10  26    0 6532
340  87.000 147.000  10   7    0 6617
341   4.000  60.000  10  29    0 6501
342  26.000 247.000  10  31 1491 1731
343  44.000 296.000  10  18 1875 2115
344 357.000  38.000  10   2 4358 4598
345 364.000 213.000   0  11 2253 2493
346 105.000 360.000  10  10    0 6555
347 150.000  49.000  10   5    0 6582
348 199.000  22.000  10  20    0 6563
349 381.000  27.000  10  27 1792 2032
350 377.000 144.000  10  23 1809 2049
351 213.000 280.000  10  29    0 6660
352  41.000  93.000  10  45    0 6550
353  41.000 399.000  10  13  986 1226
354   0.000 155.000  10   9  700  940
355 186.000 355.000  10  25  503  743
356 102.000  42.000  10  17  667  907
357  96.000 209.000  10  28    0 6637
358 362.000 115.000  10  11 4186 4426
359  53.000  51.000  10  18    0 6532
360 361.000 236.000  10  13    0 6577
361  76.000  90.000  10   2    0 6576
362  77.000 319.000  10  12    0 6570
363 395.000 113.000  10   9 2260 2500
364 110.000 290.000  10   3  430  670
365  26.000 199.000  10  26    0 6567
366  15.000   4.000  10  18    0 6472
367 168.000  15.000  10   6 2427 2667
368  47.000 190.000  10  23    0 6588
369  35.000 160.000  10  13 4010 4250
370 388.000 275.000  10  21 3648 3888
371 186.000  75.000  10  35    0 6616
372 352.000 383.000  10  16    0 6504
373 153.000 224.000  10  15    0 6689
374 381.000  12.000  10  15 2302 2542
375 117.000 148.000  10  14  272  512
376   8.000 285.000  10  24 1233 1473
377 146.000 324.000  10  24    0 6606
378 131.000  82.000  10  15 3523 3763
379 266.000  13.000  10  17    0 6543
380 348.000 343.000  10  12    0 6536
381  91.000  61.000  10  10 5844 6084
382 114.000  88.000  10  24 2638 2878
383  36.000 286.000  10  16    0 6556
384 325.000 311.000  10  15    0 6574
385 192.000 268.000  10  31    0 6673
386  37.000 119.000  10  15 2045 2285
387 201.000   6.000  10  25 2281 2521
388 162.000 121.000  10   1  231  471
389 302.000 345.000  10   9  857 1097
390 202.000 158.000  10  11    0 6699
391 368.000 215.000  10  15 2846 3086
392 142.000 379.000  10  11    0 6553
393   5.000 266.000  10  32    0 6536
394 267.000 221.000  10  24    0 6671
395  18.000 235.000  10  24    0 6556
396 393.000 246.000  10  14 1974 2214
397 394.000 299.000  10  14    0 6524
398 244.000 176.000  10  24   80  320
399 309.000  18.000  10  26    0 6529
400 209.000 283.000  10  24 2409 2649
401 353.000 357.000  10  20  821 1061
402 400.000 109.000  10  20    0 6522
403  12.000 368.000  10  12 3026 3266
404 231.000   6.000  10  32    0 6545
405 320.000 373.000  10 -16 2146 2386
406 321.000 287.000  10 -20    0 6592
407  40.000 153.000  10 -13  547  787
408 173.000  72.000  10  -4 1037 1277
409 244.000  56.000  10 -26    0 6591
410 300.000  64.000  10 -19 4568 4808
411 349.000 249.000  10 -11    0 6585
412 192.000 151.000  10 -21    0 6692
413 356.000 315.000  10 -26 1623 1863
414 210.000   1.000  10  -3 3938 4178
415 371.000 386.000  10 -15    0 6489
416  26.000 275.000  10 -30    0 6552
417 297.000 137.000  10 -22 1772 2012
418 184.000 235.000  10  -1    0 6703
419 234.000  73.000  10  -8    0 6610
420 390.000 357.000  10 -21    0 6495
421  92.000 384.000  10 -13    0 6528
422  97.000 105.000  10 -19 3714 3954
423 389.000 171.000  10 -25    0 6550
424  13.000 167.000  10 -10    0 6552
425 207.000 185.000  10  -1    0 6725
426  75.000 238.000  10 -30    0 6611
427 107.000 159.000  10 -23    0 6640
428 338.000 106.000  10 -25 3746 3986
429 343.000 134.000  10 -24 3975 4215
430 197.000 200.000  10 -16    0 6738
431 306.000  85.000  10  -8    0 6585
432 344.000 321.000  10 -11    0 6553
433 140.000 344.000  10  -8 5092 5332
434  84.000 293.000  10 -25    0 6593
435 294.000 118.000  10 -35  379  619
436 325.000 294.000  10 -27    0 6585
437 279.000 247.000  10 -12  248  488
438  78.000 261.000  10 -24    0 6605
439 372.000 382.000  10 -22 2442 2682
440 138.000 326.000  10 -25 2183 2423
441 125.000 182.000  10 -20    0 6664
442  93.000  31.000  10 -16    0 6541
443  31.000 360.000  10 -16 1049 1289
444 230.000 234.000  10 -14 6184 6424
445 321.000 144.000  10 -18 4197 4437
446 369.000 118.000  10 -30 4148 4388
447 356.000 223.000  10 -20    0 6584
448 192.000 200.000  10 -20    0 6733
449 396.000 106.000  10  -1 1021 1261
450  85.000 128.000  10 -22 5091 5331
451 187.000  23.000  10 -20    0 6564
452 320.000 166.000  10  -4 2284 2524
453 399.000 179.000  10  -4    0 6541
454 234.000  37.000  10  -8    0 6575
455 305.000 257.000  10 -11    0 6622
456 146.000 320.000  10  -8    0 6610
457 287.000 343.000  10 -15 2821 3061
458 117.000 395.000  10 -36 1545 1785
459  68.000 215.000  10 -33    0 6609
460  52.000 343.000  10 -19    0 6536
461 343.000 184.000  10 -37 4430 4670
462 246.000 298.000  10 -12 3764 4004
463  88.000 372.000  10 -18    0 6536
464  51.000 205.000  10 -17    0 6592
465 335.000 202.000  10 -21 3257 3497
466 217.000 211.000  10 -24 4662 4902
467 350.000  18.000  10 -21 4483 4723
468 244.000 135.000  10 -20 2627 2867
469 195.000 148.000  10  -2 5243 5483
470 205.000 372.000  10  -9    0 6569
471 359.000 389.000  10 -36 4158 4398
472 264.000  69.000  10 -34 2602 2842
473 124.000 179.000  10 -22    0 6663
474 348.000 371.000  10  -5    0 6515
475 161.000 346.000  10  -7 4165 4405
476 113.000  80.000  10 -21    0 6593
477  26.000 260.000  10 -30    0 6557
478 326.000 335.000  10  -5 3864 4104
479 348.000 319.000  10 -35    0 6552
480 353.000   3.000  10 -44  962 1202
481 352.000 156.000  10 -12 3531 3771
482 157.000 220.000  10 -14 5445 5685
483 133.000 375.000  10 -25    0 6554
484 209.000 208.000  10 -20    0 6729
485  55.000 115.000  10 -14    0 6573
486 143.000  20.000  10 -17 4810 5050
487  41.000 183.000  10 -11    0 6582
488 395.000 340.000  10 -17    0 6501
489 266.000 234.000  10 -16 3592 3832
490  93.000 283.000  10  -9    0 6606
491 285.000 184.000  10  -2    0 6655
492 232.000 131.000  10 -13 4483 4723
493 240.000 201.000  10 -23    0 6701
494  97.000 387.000  10 -18 2185 2425
495 193.000 390.000  10  -8 4078 4318
496  21.000 255.000  10 -43 2982 3222
497 200.000  48.000  10 -18    0 6589
498  30.000 349.000  10  -9    0 6515
499  37.000  21.000  10  -1    0 6499
500 310.000 363.000  10 -19 4177 4417
501 320.000  24.000  10 -19 3971 4211
502   8.000 119.000  10  -9    0 6533
503 219.000  49.000  10  -9    0 6589
504  56.000 292.000  10 -39 1965 2205
505  59.000 285.000  10 -32 4527 4767
506  95.000 391.000  10 -19    0 6524
507 248.000 126.000  10 -33 2547 2787
508 186.000 145.000  10  -7    0 6685
509 196.000 107.000  10  -5 5257 5497
510 246.000 152.000  10 -37 2345 2585
511 194.000  65.000  10 -12 1485 1725
512 236.000 260.000  10 -22    0 6672
513 135.000 161.000  10 -14 5342 5582
514 370.000  57.000  10 -12    0 6519
515 233.000 100.000  10 -26 2686 2926
516 278.000 265.000  10 -33 2534 2774
517 358.000 309.000  10  -4 3364 3604
518  70.000  81.000  10 -16 3449 3689
519  92.000  73.000  10 -30 1289 1529
520 366.000  97.000  10 -10    0 6546
521 299.000 270.000  10 -23 3272 3512
522 140.000  40.000  10 -23 4000 4240
523 220.000  71.000  10 -13 2645 2885
524 122.000 397.000  10 -16 2246 2486
525  76.000  72.000  10 -10 3978 4218
526 228.000 341.000  10  -9 3969 4209
527 310.000 163.000  10 -30    0 6625
528 345.000 195.000  10 -21    0 6596
529 218.000 134.000  10 -30    0 6673
530 147.000 210.000  10  -1    0 6688
531 291.000 398.000  10 -10    0 6524
532 259.000 285.000  10 -24    0 6638
533 220.000 238.000  10  -6    0 6699
534 196.000 129.000  10  -7 3004 3244
535 185.000 180.000  10  -2 6476 6716
536 106.000 302.000  10 -20  435  675
537 168.000 268.000  10 -19    0 6666
538 251.000 381.000  10  -8    0 6553
539 161.000 124.000  10 -18 2580 2820
540 110.000 241.000  10 -10    0 6643
541  68.000 250.000  10 -11 2195 2435
542 118.000 122.000  10 -18    0 6628
543  73.000 292.000  10  -8    0 6585
544 196.000  77.000  10 -19    0 6618
545 308.000 314.000  10 -20 2499 2739
546 391.000 136.000  10 -20    0 6540
547 324.000 194.000  10 -14    0 6617
548 321.000  85.000  10 -13    0 6575
549 398.000 325.000  10 -17 3439 3679
550  73.000 124.000  10 -28 2150 2390
551 201.000 255.000  10  -4    0 6686
552 102.000 118.000  10 -12 4615 4855
553 322.000 281.000  10 -13    0 6595
554 230.000 266.000  10 -39    0 6669
555 136.000 226.000  10 -12 3930 4170
556 351.000 199.000  10 -26    0 6590
557 225.000  53.000  10 -18 4269 4509
558 241.000 275.000  10 -28    0 6656
559 369.000 211.000  10  -3    0 6572
560 291.000 304.000  10 -15    0 6603
561 193.000 216.000  10  -1    0 6724
562 212.000 197.000  10 -10    0 6729
563 108.000 395.000  10  -2    0 6526
564 319.000 115.000  10 -15    0 6595
565  68.000 378.000  10 -10 2666 2906
566 362.000 378.000  10 -17    0 6501
567 282.000 252.000  10 -26    0 6644
568   4.000 280.000  10 -14    0 6530
569 391.000 260.000  10  -3    0 6541
570 277.000 163.000  10  -7    0 6656
571 336.000 201.000  10 -17    0 6605
572 338.000  14.000  10 -23 4745 4985
573 213.000 332.000  10 -31    0 6609
574  50.000 385.000  10 -45 3232 3472
575 390.000 376.000  10  -7 1792 2032
576  66.000 118.000  10 -29 2198 2438
577 138.000 143.000  10 -16    0 6657
578 384.000  47.000  10 -22    0 6502
579  49.000 187.000  10 -27    0 6590
580  26.000 372.000  10 -19    0 6497
581  39.000  34.000  10 -18  909 1149
582  90.000 311.000  10 -41 2614 2854
583 344.000 236.000  10 -13    0 6593
584 115.000  51.000  10  -9 3332 3572
585 287.000 225.000  10 -15 2922 3162
586 153.000 315.000  10 -34    0 6617
587  87.000 378.000  10 -19 1409 1649
588  74.000 283.000  10 -23    0 6591
589 248.000 124.000  10 -26    0 6652
590 102.000  84.000  10 -17    0 6590
591  75.000  76.000  10 -24    0 6565
592 368.000  63.000  10 -10 1599 1839
593 260.000 352.000  10 -35    0 6578
594 142.000 238.000  10 -43 4650 4890
595 320.000 211.000  10 -12    0 6621
596   7.000 143.000  10 -23 1272 1512
597  59.000  89.000  10 -16 3018 3258
598 196.000  51.000  10 -19 2059 2299
599  82.000  78.000  10 -15    0 6572
600 117.000 381.000  10 -24    0 6542
601  55.000 346.000  10 -39    0 6536
602 231.000  36.000  10 -31 4063 4303
603 359.000  31.000  10 -26 4954 5194
604  16.000 294.000  10  -4 1452 1692
605 294.000 184.000  10 -32 4232 4472
606  48.000 304.000  10 -19    0 6557
607 397.000 283.000  10 -19 1587 1827
608  67.000 318.000  10 -21  923 1163
609 317.000  68.000  10 -16 4581 4821
610 230.000 139.000  10 -37 5131 5371
611 102.000 377.000  10 -18    0 6539
612 166.000 115.000  10 -25    0 6650
613 325.000 130.000  10 -12 4093 4333
614 334.000  92.000  10 -26    0 6569
615 285.000 136.000  10 -26 4295 4535
616  41.000 340.000  10 -21    0 6530
617 359.000 157.000  10 -29 3179 3419
618 337.000  81.000  10 -10    0 6560
619 343.000 335.000  10 -21    0 6545
620  40.000 314.000  10 -35    0 6545
621 111.000   4.000  10 -29 1982 2222
622  84.000 221.000  10 -15 4352 4592
623 160.000 222.000  10 -34 5116 5356
624 367.000 300.000  10 -14 1737 1977
625 137.000  68.000  10 -22    0 6595
626 327.000  11.000  10 -25 2302 2542
627 290.000  82.000  10  -8    0 6593
628  37.000 397.000  10 -32 3240 3480
629 203.000  40.000  10  -8 3107 3347
630 350.000 214.000  10 -13    0 6591
631 123.000  30.000  10 -14    0 6555
632  56.000 156.000  10  -3    0 6591
633 381.000 375.000  10  -8 4226 4466
634 364.000  55.000  10  -8    0 6523
635 303.000 142.000  10 -23    0 6623
636  85.000 256.000  10  -7 3955 4195
637 131.000  89.000  10 -14    0 6611
638  55.000 341.000  10 -26    0 6539
639 120.000 170.000  10 -24    0 6656
640 100.000  10.000  10 -21 1081 1321
641 387.000 267.000  10  -5 3508 3748
642 180.000  15.000  10 -10    0 6555
643 199.000  45.000  10 -17 3099 3339
644   2.000 200.000  10 -12    0 6543
645 381.000 144.000  10 -21    0 6552
646 384.000 307.000  10  -9    0 6529
647  57.000 124.000  10 -10    0 6580
648 286.000  44.000  10 -17    0 6563
649 148.000  94.000  10 -11    0 6623
650 336.000 386.000  10 -36    0 6511
651  42.000 197.000  10 -12 1415 1655
652 355.000  41.000  10 -29 3296 3536
653 254.000   0.000  10 -26 2631 2871
654 348.000 189.000  10 -18    0 6593
655 214.000 119.000  10 -14    0 6659
656  72.000 315.000  10 -18    0 6569
657 279.000  91.000  10 -11 5173 5413
658 229.000 371.000  10 -14 3991 4231
659 231.000  76.000  10 -10    0 6614
660 184.000  69.000  10 -12    0 6610
661 159.000 164.000  10 -23 5285 5525
662 357.000 147.000  10 -27    0 6576
663 103.000  95.000  10 -17 2324 2564
664 308.000 327.000  10 -11    0 6575
665 159.000  11.000  10 -15 4694 4934
666 279.000 337.000  10 -33    0 6583
667  69.000  82.000  10 -18 3440 3680
668 347.000  59.000  10 -16    0 6538
669 308.000 217.000  10  -4 3909 4149
670 267.000 295.000  10 -18 2865 3105
671 170.000 176.000  10 -19    0 6703
672 271.000 116.000  10 -15    0 6632
673 123.000 176.000  10  -5    0 6661
674  14.000  53.000  10 -21    0 6504
675 304.000 319.000  10 -16    0 6583
676 376.000  19.000  10 -15    0 6489
677 299.000 227.000  10 -20    0 6639
678  92.000  68.000  10 -20    0 6571
679 313.000  64.000  10 -21    0 6565
680 340.000  79.000  10  -8 2618 2858
681 243.000 275.000  10 -19 3618 3858
682  98.000 107.000  10 -19    0 6603
683 238.000 119.000  10 -11    0 6652
684  13.000  59.000  10 -15 2177 2417
685 349.000 135.000  10 -20    0 6579
686 397.000 133.000  10 -18 2904 3144
687  52.000 251.000  10 -26    0 6585
688  10.000 202.000  10 -36    0 6551
689 296.000 388.000  10  -3    0 6530
690 183.000  71.000  10 -18    0 6611
691  66.000   5.000  10 -17 4482 4722
692 307.000 396.000  10 -19 3028 3268
693 136.000 373.000  10 -23 2397 2637
694 168.000 223.000  10 -27    0 6702
695 236.000 171.000  10 -27    0 6695
696  81.000 290.000  10 -21    0 6592
697 231.000 320.000  10  -9    0 6618
698 378.000  30.000  10 -31    0 6495
699  68.000 143.000  10 -29 4961 5201
700 174.000 329.000  10  -8    0 6610
701  50.000 315.000  10 -22 2453 2693
702 338.000 290.000  10 -19 2541 2781
703 354.000 199.000  10  -1 5061 5301
704 165.000 335.000  10 -21 2530 2770
705   3.000   2.000  10  -5 3766 4006
706 326.000  79.000  10  -9    0 6567
707 330.000 310.000  10 -27 2652 2892
708  59.000  49.000  10 -26 1575 1815
709  29.000   9.000  10 -38 3242 3482
710 343.000 322.000  10 -15    0 6554
711 356.000 299.000  10 -19    0 6557
712 250.000 340.000  10 -24    0 6593
713 244.000  50.000  10 -11 3756 3996
714  87.000 164.000  10 -38 2587 2827
715  40.000  31.000  10 -32    0 6509
716 160.000  62.000  10 -22    0 6598
717 365.000 303.000  10 -21    0 6547
718 236.000  44.000  10 -26 3035 3275
719 382.000  49.000  10 -16 3443 3683
720 172.000 109.000  10 -33    0 6646
721  46.000 102.000  10 -22 2354 2594
722  30.000  39.000  10  -5 1412 1652
723 163.000 270.000  10  -3 2118 2358
724 330.000 353.000  10 -15    0 6541
725 348.000  41.000  10 -17 2571 2811
726 328.000   8.000  10  -9 1722 1962
727 164.000  80.000  10  -8 4674 4914
728  33.000 226.000  10 -31    0 6572
729 234.000  20.000  10 -13 1614 1854
730  52.000 194.000  10 -10    0 6593
731 101.000  99.000  10 -22 5189 5429
732  74.000 231.000  10 -12 1834 2074
733  88.000 121.000  10 -19 2212 2452
734  56.000  97.000  10 -20    0 6564
735 273.000 182.000  10 -18 3342 3582
736 191.000 167.000  10 -15 3746 3986
737  85.000 333.000  10 -16 2246 2486
738 311.000 344.000  10 -10    0 6560
739 159.000  79.000  10  -4    0 6614
740  24.000  57.000  10 -15  787 1027
741 380.000 145.000  10 -17 2031 2271
742  98.000 375.000  10 -22    0 6539
743 379.000 126.000  10 -26 3406 3646
744   2.000  17.000  10  -7 1017 1257
745  32.000  78.000  10 -29 2534 2774
746 229.000 105.000  10 -31 3361 3601
747  41.000 337.000  10 -18    0 6532
748 279.000 148.000  10  -2 5748 5988
749 364.000 213.000  10 -11 2253 2493
750 163.000 364.000  10 -10 3088 3328
751 194.000 121.000  10  -5 5029 5269
752 156.000  32.000  10 -20 3101 3341
753 392.000  14.000  10 -27    0 6474
754 395.000 167.000  10 -23 3860 4100
755 192.000 291.000  10 -29    0 6650
756  43.000 121.000  10 -45    0 6566
757 110.000 351.000  10 -13    0 6566
758 175.000 192.000  10  -9 3636 3876
759  49.000 222.000  10 -25 4450 4690
760   8.000  68.000  10 -17 2553 2793
761  44.000 277.000  10 -28    0 6568
762 256.000 145.000  10 -11 4515 4755
763 162.000  94.000  10 -18    0 6629
764 397.000 261.000  10 -13    0 6535
765  79.000  95.000  10  -2 4843 5083
766  17.000 348.000  10 -12    0 6506
767 316.000 112.000  10  -9 3795 4035
768  34.000 371.000  10  -3    0 6503
769  46.000 197.000  10 -26 1633 1873
770   2.000  29.000  10 -18 5393 5633
771  73.000   4.000  10  -6 5564 5804
772  45.000  85.000  10 -23    0 6548
773 171.000 168.000  10 -13    0 6698
774 334.000 100.000  10 -21    0 6574
775 177.000  55.000  10 -35    0 6595
776 311.000 356.000  10 -16    0 6550
777 162.000 316.000  10 -15 2326 2566
778 364.000  23.000  10 -15    0 6500
779  11.000 135.000  10 -14  977 1217
780  11.000 274.000  10 -24    0 6539
781 180.000 359.000  10 -24 3706 3946
782 140.000 131.000  10 -15 3457 3697
783 251.000  70.000  10 -17    0 6602
784 377.000 282.000  10 -12    0 6546
785 137.000 132.000  10 -10    0 6649
786 206.000 106.000  10 -24    0 6647
787 163.000 207.000  10 -16    0 6704
788 285.000 287.000  10 -15    0 6620
789 166.000 357.000  10 -31 4793 5033
790  21.000  82.000  10 -15 3307 3547
791 122.000 105.000  10 -25    0 6619
792  59.000  51.000  10  -1  764 1004
793 237.000 259.000  10  -9 4635 4875
794  52.000  94.000  10 -11 4507 4747
795 338.000 150.000  10 -15 3012 3252
796 142.000 385.000  10 -11 2049 2289
797 168.000 100.000  10 -32 2468 2708
798 294.000 249.000  10 -24 1824 2064
799  96.000 162.000  10 -24    0 6631
800 349.000 324.000  10 -14 2093 2333
801 375.000 294.000  10 -14    0 6543
802 266.000   8.000  10 -24 2260 2500
803 369.000 171.000  10 -26    0 6570
804 154.000  68.000  10 -24 2895 3135
805 366.000 340.000  10 -20 2801 3041
806 377.000  72.000  10 -20 5173 5413
807   5.000 344.000  10 -12 4977 5217
808 280.000   5.000  10 -32    0 6531
809 200.000 200.000   0   0    0 6751
