404 404 1000 1000 1000
  0 200.000 200.000   0   0    0 6751
  1 221.000 225.000  10  16   90  172
  2 279.000 247.000  10  12  312  423
  3  93.000 283.000  10  13    0 6606
  4 364.000  55.000  10  17    0 6523
  5 356.000 299.000  10  31 4216 4309
  6  10.000 202.000  10   3 1298 1433
  7  40.000 153.000  10  15  590  745
  8 145.000 165.000  10  13  188  333
  9 278.000 265.000  10  23 2584 2725
 10  13.000 167.000  10  42  717  884
 11 179.000 125.000  10   4  251  372
 12 246.000 247.000  10  21 2688 2862
 13 343.000 359.000  10  26    0 6528
 14 101.000   8.000  10   3    0 6525
 15 302.000 274.000  10  15    0 6615
 16 380.000 145.000  10  31 2092 2210
 17 206.000   7.000  10   8 3168 3303
 18 206.000 286.000  10  19    0 6655
 19 326.000 335.000  10  11 3946 4023
 20  82.000  78.000  10  20    0 6572
 21 177.000 174.000  10  10   50  228
 22 171.000 168.000  10  14    0 6698
 23 207.000 185.000   0   1 4888 4995
 24  92.000 255.000  10  30    0 6620
 25 137.000 132.000  10  20    0 6649
 26 342.000 154.000  10  25 1617 1703
 27 353.000  65.000  10  24 1238 1328
 28 352.000 303.000  10   8 4258 4440
 29 145.000 301.000  10   8    0 6626
 30  94.000 268.000  10  25 1431 1610
 31  84.000 293.000  10  11    0 6593
 32 265.000 127.000  10  35  345  436
 33  69.000  82.000  10  11 3532 3587
 34 192.000 291.000  10   3  402  551
 35  91.000 233.000  10  25 1857 1992
 36 193.000  29.000  10  16    0 6570
 37  80.000 392.000  10  16 2107 2295
 38 299.000 351.000  10  14  667  778
 39 311.000 344.000  10  26  743  875
 40 362.000 207.000  10  18 3146 3341
 41  39.000  34.000  10  10 1014 1044
 42  68.000 250.000  10  14 2235 2396
 43 268.000 223.000  10  20  218  357
 44 313.000  64.000  10  29 1634 1703
 45 334.000 186.000  10   1  608  757
 46 381.000 144.000  10  18    0 6552
 47 320.000 211.000  10   6  402  563
 48 376.000 205.000  10   4 1801 1939
 49 305.000 255.000  10  11 1254 1355
 50 140.000 387.000  10   8  749  918
 51 164.000  80.000  10  25 4686 4902
 52 271.000 371.000  10  15 3010 3123
 53   4.000 280.000  10  18  972 1053
 54 147.000 376.000  10  36  747  916
 55 303.000 358.000  10  37 1365 1484
 56  21.000  82.000  10  26 3373 3482
 57 397.000 261.000  10  16    0 6535
 58 250.000 340.000  10  21  758  881
 59 250.000 183.000  10  24 4097 4198
 60 384.000  72.000  10  21 3967 4100
 61  98.000 107.000  10  17    0 6603
 62  56.000  97.000  10  19 3768 3883
 63 395.000 167.000  10  24 3915 4046
 64 215.000 260.000  10   9  217  278
 65  44.000 277.000  10   9 2137 2254
 66 174.000 329.000  10  30    0 6610
 67 273.000 118.000  10  34    0 6632
 68 226.000 378.000  10  30 1429 1562
 69 357.000 202.000  10   5 1985 2129
 70 391.000  42.000  10  44    0 6494
 71 350.000 131.000   0  12 3204 3330
 72 326.000 374.000  10  17 2321 2421
 73 317.000 240.000  10  16 1189 1366
 74  52.000 251.000  10   8  649  745
 75  40.000 314.000  10   7    0 6545
 76  78.000 194.000  10   2 3762 3864
 77 110.000 351.000  10  21  676  731
 78 321.000 287.000  10  12 2364 2481
 79 232.000 127.000  10  13  272  366
 80  73.000 292.000  10   8    0 6585
 81  80.000 365.000  10  18    0 6537
 82 344.000 321.000  10   2    0 6553
 83 397.000 283.000  10   9 1656 1757
 84  66.000   5.000  10   3 4567 4636
 85 210.000 294.000  10  43  308  449
 86 320.000 373.000  10  22 2164 2367
 87 231.000 182.000  10  18  116  171
 88  17.000  99.000  10   1 4042 4129
 89 309.000 279.000  10  19  627  750
 90 384.000  64.000  10  19    0 6513
 91 279.000 337.000  10   5    0 6583
 92 187.000  23.000  10  22 4016 4129
 93  32.000 163.000  10   9  882  991
 94 214.000 119.000  10   5    0 6659
 95  42.000 197.000  10  26 1455 1615
 96  92.000  68.000  10  19 2881 3001
 97  48.000 358.000  10  32 3499 3625
 98 184.000 282.000  10  19  270  399
 99 168.000 268.000  10  22    0 6666
100 123.000 176.000  10   6    0 6661
101 231.000  76.000  10  31    0 6614
102 138.000 143.000  10  17    0 6657
103 285.000 136.000  10  11 4400 4431
104 194.000 166.000  10   7 2784 2841
105 165.000 335.000  10   3 2552 2748
106 205.000 372.000  10   2    0 6569
107 168.000  87.000  10   5 3638 3814
108 159.000  11.000  10   7 4764 4864
109  17.000 348.000  10  22    0 6506
110 192.000 200.000  10  22    8  146
111 200.000 144.000  10  12  310  454
112 317.000  68.000  10  13 4620 4782
113 337.000  81.000  10  22    0 6560
114 345.000 195.000  10   9    0 6596
115 309.000  53.000  10  26 1317 1416
116 153.000 222.000  10  33  123  293
117 306.000 361.000  10   4 2833 2930
118  46.000 110.000  10  16 2276 2346
119 309.000 274.000  10  23 1346 1498
120  57.000 124.000  10  24  588  708
121  46.000 102.000  10  25 2417 2531
122 292.000  33.000  10  13 3793 3876
123 392.000  14.000  10   1 4089 4236
124  68.000 386.000  10  16 1201 1395
125 116.000 102.000  10  10 3263 3368
126 264.000 341.000  10   9 4178 4268
127 269.000 203.000  10  30 1513 1607
128  31.000 360.000  10  23 1120 1218
129 262.000 390.000  10  21 1912 2019
130 220.000 238.000  10  12  128  216
131 276.000 298.000  10  10  432  560
132 200.000  48.000  10  20  892  987
133  13.000  59.000  10  13 2229 2365
134  56.000 292.000  10  30 2011 2160
135 178.000 353.000   0  19 3825 3958
136 243.000 287.000  10   8  547  666
137 151.000 188.000  10  18  151  252
138 151.000 231.000  10  10  310  446
139  11.000 274.000  10  18    0 6539
140  92.000 238.000  10  11    0 6627
141 108.000  48.000  10  18 3305 3470
142  38.000 291.000  10   8 2029 2160
143 217.000  98.000  10  19  374  453
144 340.000  79.000  10  30 2673 2804
145 308.000 327.000  10  13 1568 1658
146 384.000 294.000  10  20 2233 2343
147 202.000   6.000  10  20    0 6547
148 366.000 340.000  10  23 2842 3000
149 328.000   8.000  10  36 1798 1885
150 384.000  53.000  10  13    0 6506
151  29.000  86.000  10  28 2313 2370
152 358.000 309.000  10  11 3435 3532
153 147.000 210.000  10  23    0 6688
154 287.000 279.000  10   4 4763 4929
155 340.000 290.000  10  39 1780 1948
156 271.000 116.000  10  28 3634 3756
157 247.000 377.000  10  28 4872 4972
158  91.000 388.000  10   2  836 1005
159 351.000 199.000  10   4    0 6590
160  23.000 317.000  10  10 1833 1917
161 337.000 248.000  10  26 1868 2068
162 379.000 254.000  10   3 1129 1306
163  67.000 318.000  10  15  954 1132
164 336.000 201.000  10  17 3287 3394
165 400.000 373.000  10   7 1049 1164
166  66.000 144.000  10  29  591  651
167 389.000 171.000  10   3    0 6550
168 377.000  29.000  10  22 3006 3087
169   6.000  20.000  10  27    0 6477
170  68.000 215.000  10  19    0 6609
171 118.000 122.000  10  20    0 6628
172 193.000 390.000  10  21 4137 4259
173 369.000 211.000  10  20    0 6572
174 353.000   3.000  10  20 1043 1121
175  18.000 102.000  10  18  915 1062
176 314.000 257.000  10  13    0 6614
177  85.000 256.000  10  15 3997 4152
178 146.000 301.000  10  34    0 6627
179 184.000 233.000  10  19  112  182
180 125.000 182.000  10  24    0 6664
181 260.000 352.000  10  13 1579 1699
182  55.000 115.000  10   8 3156 3226
183 238.000 124.000  10  26 2278 2458
184  54.000 108.000  10  17    0 6569
185 108.000  75.000  10  24  549  693
186 143.000 159.000  10  16  237  324
187 343.000 322.000  10  21 3253 3358
188 155.000 159.000  10  15  248  323
189 175.000 304.000  10  24  384  472
190  40.000  31.000  10   9    0 6509
191 110.000 241.000  10   9  338  454
192 399.000 179.000  10  26 1779 1921
193   8.000 363.000  10  39 3518 3637
194 126.000  90.000  10  31 3474 3570
195 136.000 373.000  10  33 2462 2573
196  65.000 335.000  10   4 1332 1423
197 201.000 242.000  10  19 3072 3211
198 111.000 286.000  10  21  521  664
199 305.000 257.000  10   3    0 6622
200 296.000 388.000  10  41 1060 1154
201  38.000 366.000  10  18    0 6510
202  49.000 187.000  10  20    0 6590
203 354.000 199.000  10  27 5108 5253
204 361.000 194.000  10  12    0 6580
205 267.000 321.000  10  26 2555 2631
206 217.000 211.000   0  12 4731 4832
207 246.000 152.000  10   5 2429 2502
208 162.000 251.000  10  21  211  298
209 231.000 320.000  10   4    0 6618
210 374.000 163.000  10  29 1254 1388
211 367.000 300.000  10  16 1799 1916
212  45.000  85.000  10  10 3638 3804
213 330.000  76.000  10  10 3727 3816
214 264.000  69.000  10  15 2648 2795
215 169.000 235.000  10  35  132  243
216  13.000 220.000  10  15 4279 4361
217 300.000 319.000  10  14  584  750
218 356.000 315.000  10  18 1689 1796
219 324.000 184.000  10  25  469  615
220 344.000  72.000  10   8    0 6549
221 262.000  30.000  10   8  697  751
222 361.000 287.000  10  13    0 6558
223  26.000  70.000  10   3 3708 3782
224 371.000 349.000  10   8    0 6515
225 339.000   3.000  10   8    0 6500
226 113.000  80.000  10  19  651  798
227  78.000 261.000  10  32  476  616
228  85.000 333.000  10  19 2309 2422
229 382.000 169.000  10  23 2653 2732
230 163.000 264.000  10  26  257  334
231  96.000 162.000  10  15    0 6631
232 209.000 208.000  10   8   12  132
233   8.000  68.000  10  29 2625 2721
234 178.000 103.000  10  10 2451 2608
235   1.000 335.000  10  12 1012 1107
236 274.000   7.000  10  21    0 6535
237 213.000 216.000  10   9   20  157
238  73.000 124.000  10   9 2224 2316
239 296.000 156.000  10  17  409  536
240 117.000 395.000  10  13 1599 1732
241  11.000 328.000  10  12    0 6513
242 317.000 183.000  10  29  488  579
243 196.000  51.000  10  19 2131 2227
244 299.000 227.000  10  25    0 6639
245 395.000 340.000  10  24    0 6501
246 211.000 153.000  10  14  218  353
247 328.000  39.000  10  11 3040 3130
248 312.000 247.000  10  14 3534 3642
249 201.000 195.000  10  12    5  110
250 146.000 174.000  10  23    0 6682
251 341.000  33.000  10  27 1114 1239
252  86.000 112.000  10  17    0 6597
253 310.000 340.000  10  11  710  795
254 176.000 154.000  10  15  129  287
255 131.000  89.000  10  26  543  700
256 349.000 324.000  10  33 2147 2279
257   5.000 344.000  10   7 5070 5124
258 137.000  68.000  10  25    0 6595
259 103.000  95.000  10  26 2384 2503
260 294.000 118.000  10  13  417  580
261 369.000   6.000  10  16 2212 2287
262  63.000 166.000  10   4    0 6600
263 304.000 395.000  10  18 2113 2236
264  59.000  49.000  10  36 1633 1757
265  72.000 315.000  10  11 2698 2874
266  94.000 165.000  10   5 2605 2709
267 107.000  98.000  10  21  549  635
268 243.000 275.000  10  31 3688 3789
269 384.000 307.000  10   7 1476 1683
270 397.000  73.000  10  15  864 1011
271 234.000 214.000  10  20   66  229
272   3.000  15.000  10  20 4436 4497
273 244.000 135.000  10   8 2680 2814
274 166.000 357.000  10  21 4834 4992
275 290.000  82.000  10  24    0 6593
276 348.000 319.000  10  29    0 6552
277 125.000 122.000  10  15  458  551
278 374.000 175.000  10  18 1388 1484
279 197.000 200.000  10  15    0 6738
280 196.000 138.000  10  18    0 6679
281 226.000  52.000  10  17 1949 2132
282 256.000 356.000  10  19    0 6576
283 108.000 399.000  10  23    0 6522
284 124.000 221.000   0  27 4008 4137
285 122.000 105.000  10   7  726  816
286 236.000 171.000  10  27  152  218
287 348.000 371.000  10  23    0 6515
288  26.000 326.000  10  21    0 6527
289 380.000 126.000  10  31  777  961
290  74.000 283.000  10   5    0 6591
291  88.000 372.000  10  14 1415 1539
292  60.000 319.000  10  29    0 6558
293 174.000 326.000  10   8 3795 3963
294 172.000 109.000  10  13  328  514
295 219.000  49.000  10  23 1852 1957
296 230.000 234.000   0  11 6240 6369
297 349.000 181.000  10   1 1181 1251
298  29.000   9.000  10  14 3316 3408
299 102.000 252.000  10  21  385  502
300 237.000 243.000  10   9  156  298
301 282.000 252.000  10  10 3487 3575
302 247.000 212.000  10  15  692  807
303 366.000  97.000  10  23 3079 3217
304 284.000 311.000  10  19 1395 1519
305 343.000 184.000  10  17 4536 4565
306  55.000 346.000  10  13 1784 1878
307 255.000  80.000  10  11    0 6609
308  73.000 126.000  10  38 1695 1780
309 369.000 171.000  10  23  610  762
310 287.000 343.000  10  17 2882 3000
311 220.000  38.000  10  32    0 6578
312 173.000  72.000  10  39 1084 1231
313 206.000 106.000  10  33 1124 1300
314 362.000 383.000  10  21 1014 1152
315 319.000 160.000  10  26  649  813
316  88.000 121.000  10  15 2281 2383
317  97.000 105.000  10  33 3792 3876
318  37.000 106.000  10   5 1437 1549
319 173.000 384.000  10   3  719  769
320 368.000  63.000  10  22 1675 1762
321 300.000 272.000  10  15    0 6618
322 237.000 200.000  10  17   98  198
323 286.000  44.000  10  18 2273 2373
324 388.000 106.000  10   9    0 6531
325 148.000  71.000  10   8 3265 3378
326 100.000 218.000  10  31  418  523
327  16.000 311.000  10  10 1183 1281
328 105.000 254.000  10  12    0 6632
329  66.000 118.000  10  27 2259 2377
330 108.000 395.000  10  12    0 6526
331  45.000 291.000  10  18  832  995
332 266.000   8.000  10  26 2299 2461
333  95.000 391.000  10   5    0 6524
334 156.000  32.000  10  34 3159 3284
335  79.000 344.000  10  16  823 1030
336 380.000 339.000  10  10    0 6514
337 209.000 167.000  10  17   83  190
338  57.000 381.000  10  22  927 1025
339  87.000 147.000  10   7    0 6617
340   4.000  60.000  10  29  956 1084
341  26.000 247.000  10  31 1518 1704
342  44.000 296.000  10  18 1934 2055
343  52.000 194.000  10   9 2221 2289
344 124.000 179.000  10  36 2810 3056
345 311.000 356.000  10   9  709  822
346 102.000  84.000  10   3    0 6590
347   7.000 143.000  10   4 1330 1455
348 218.000 134.000  10  24 5109 5209
349  75.000  76.000  10  23 1288 1463
350 377.000 144.000  10  23 1873 1985
351 194.000  65.000  10  16 1534 1675
352 213.000 280.000  10  29  258  390
353  41.000  93.000  10  45    0 6550
354 334.000  92.000  10  29 1719 1950
355  55.000 341.000  10  14    0 6539
356   0.000 155.000  10   9  778  862
357 186.000 355.000  10  25  586  659
358 102.000  42.000  10  17  728  847
359  96.000 209.000  10  28    0 6637
360 251.000 381.000  10  17 1059 1202
361 362.000 115.000  10  11 4248 4364
362   8.000 119.000  10  11    0 6533
363  53.000  51.000  10  18  942 1054
364 361.000 236.000  10  13  659  760
365  76.000  90.000  10   2 2976 3118
366 395.000 113.000  10   9 2354 2406
367 110.000 290.000  10   3  504  595
368  26.000 199.000   0  26    0 6567
369  92.000 384.000  10  26    0 6528
370 168.000  15.000  10   6 2465 2630
371  35.000 160.000  10  13 4054 4205
372 388.000 275.000   0  21 3697 3839
373 338.000 150.000  10  16 3039 3225
374 186.000  75.000  10  35 3099 3259
375 153.000 224.000  10  15 3124 3273
376 168.000 223.000  10  19  118  198
377 397.000 133.000  10  24 2965 3084
378  24.000  57.000  10  18  818  996
379 381.000  12.000  10  15 2335 2510
380 117.000 148.000  10  14  327  456
381   8.000 285.000  10  24 1305 1402
382 266.000  13.000  10  17    0 6543
383 114.000  88.000  10  24 2689 2827
384 192.000 268.000  10  31    0 6673
385  37.000 119.000  10  15 2111 2220
386 291.000 398.000  10  16    0 6524
387 162.000 121.000  10   1  289  413
388 302.000 345.000  10   9  907 1047
389 297.000 137.000  10  18 1850 1934
390  34.000 371.000  10  18 1510 1648
391 338.000 290.000  10  12 2561 2761
392 310.000 163.000  10  20    0 6625
393 142.000 379.000  10  11 3123 3239
394 267.000 221.000  10  24    0 6671
395  18.000 235.000  10  24    0 6556
396 393.000 246.000  10  14 2039 2149
397 394.000 299.000  10  14    0 6524
398 244.000 176.000  10  24  125  275
399 309.000  18.000  10  26 1616 1675
400  75.000 238.000  10  13 4008 4155
401  81.000 290.000  10  14 1619 1706
402 353.000 357.000  10  20  877 1005
403 319.000 115.000  10  16    0 6595
404 231.000   6.000  10  32    0 6545
405 322.000 281.000  10 -16  530  722
406 129.000  53.000  10 -12 3006 3124
407 162.000 316.000  10 -13 2393 2499
408 357.000  38.000  10 -17 4387 4569
409 160.000 222.000  10 -31 5187 5285
410  36.000 288.000  10  -3 3848 3925
411   6.000  62.000  10 -15    0 6503
412 102.000 149.000  10 -13    0 6631
413 231.000 229.000  10 -23    0 6699
414 107.000 159.000  10 -42    0 6640
415  58.000  98.000  10  -4    0 6567
416 273.000 182.000  10 -21 3363 3561
417 362.000 399.000  10 -26 3553 3690
418 234.000   7.000  10  -3 4457 4593
419 277.000 163.000  10 -15 2367 2482
420 357.000 147.000  10 -31    0 6576
421 225.000  53.000  10  -8 4328 4451
422 246.000 298.000  10 -19 3818 3951
423 303.000 258.000  10 -11 3960 4066
424   9.000  47.000  10 -20 3416 3526
425  85.000  61.000  10 -10  659  785
426   2.000  17.000  10 -14 1066 1209
427 207.000 185.000  10  -1 4888 4995
428  41.000 337.000  10 -30 2692 2779
429 136.000 226.000  10 -20 3995 4105
430 378.000 118.000  10 -25    0 6546
431 334.000 100.000  10 -24    0 6574
432 163.000 207.000  10  -8 4480 4640
433   4.000 307.000  10  -8    0 6518
434 236.000 260.000  10 -25 4472 4597
435 138.000 326.000  10 -11 2258 2348
436 326.000 156.000  10 -35 1147 1304
437   2.000  29.000  10 -11 5441 5586
438 135.000 384.000  10  -3  957 1114
439 131.000 275.000  10 -25 2104 2247
440 199.000  22.000  10 -16 1796 1948
441 157.000 378.000  10 -16    0 6558
442 375.000 294.000  10 -14    0 6543
443 398.000 258.000  10 -26    0 6535
444 103.000 154.000  10 -18 4413 4555
445 223.000  41.000  10 -10 2185 2342
446  59.000 285.000  10 -14 4599 4694
447 289.000 234.000  10 -20  316  447
448 355.000  41.000  10 -29 3343 3489
449 396.000 106.000  10  -1 1082 1199
450 400.000 109.000  10 -18    0 6522
451 262.000 233.000  10  -6 4444 4552
452 256.000 145.000  10  -4 4566 4705
453 349.000 135.000  10 -11 2184 2318
454 340.000 276.000  10  -8 3453 3608
455 160.000  62.000  10 -25    0 6598
456 352.000 383.000  10 -15 3216 3286
457 119.000 286.000  10 -18    0 6623
458 299.000 308.000  10 -36 2234 2391
459 380.000 390.000  10 -37    0 6480
460 159.000  79.000  10 -26    0 6614
461 166.000 115.000  10 -16 5024 5086
462 371.000 386.000  10 -21 1279 1440
463 212.000 197.000  10 -24    0 6729
464 384.000  47.000  10 -21 4349 4502
465 135.000 161.000  10 -17 5424 5500
466 143.000  20.000  10 -19 4884 4976
467 294.000 184.000  10 -24 4277 4427
468 330.000 353.000  10  -9    0 6541
469   5.000 266.000  10  -9    0 6536
470 287.000 225.000  10 -30 3001 3083
471 321.000  85.000  10 -34    0 6575
472 377.000 282.000  10 -30    0 6546
473 194.000  43.000  10  -5 2862 3055
474 377.000  72.000  10 -44 5228 5358
475 350.000 131.000  10 -12 3204 3330
476 336.000 386.000  10 -17    0 6511
477 348.000 189.000  10 -16    0 6593
478 161.000 346.000  10  -8 4272 4298
479 103.000 361.000  10  -7 1804 1992
480 157.000 220.000  10  -2 5535 5594
481  77.000 319.000  10 -21 4941 5090
482 299.000 270.000  10 -12 3333 3451
483 115.000  51.000  10 -13 3400 3504
484  26.000 260.000  10  -8 2520 2634
485 160.000 313.000  10 -18 3412 3579
486 278.000 289.000  10  -2    0 6623
487 358.000 261.000  10  -9    0 6572
488 177.000 139.000  10  -3 6320 6441
489 294.000 249.000  10 -43 1869 2019
490 371.000 396.000  10 -22 2372 2559
491 327.000 115.000  10 -18    0 6589
492  73.000   4.000  10  -1 5609 5759
493 154.000  68.000  10 -19 2941 3089
494 300.000  64.000  10 -19 4600 4777
495 372.000 382.000  10  -5 2513 2610
496 210.000   1.000  10 -22 4002 4114
497  43.000 121.000  10  -9    0 6566
498 161.000 124.000  10  -5 2607 2794
499  12.000 368.000  10 -26 3123 3169
500   2.000   3.000  10 -19 3153 3321
501  56.000 156.000  10 -32    0 6591
502 192.000 332.000  10 -19 1740 1886
503 165.000 264.000  10 -22    0 6669
504  84.000 206.000  10  -6    0 6625
505 234.000  73.000  10 -31    0 6610
506  92.000  73.000  10 -17 1361 1458
507 202.000 158.000  10 -11 4605 4782
508 243.000 209.000  10  -7    0 6698
509 246.000 244.000  10  -3 2677 2873
510 387.000 267.000  10  -2 3555 3701
511 364.000  23.000  10  -5 4234 4406
512 186.000 145.000  10  -7 5981 6061
513  51.000 205.000  10 -22    0 6592
514 125.000 175.000  10 -22  657  756
515 228.000  96.000  10 -12 1323 1375
516 279.000 148.000  10 -13 5815 5921
517 236.000 119.000  10 -22 5378 5544
518 325.000 130.000  10  -9 4143 4284
519 244.000  50.000  10 -26 3804 3948
520  70.000 231.000  10 -33 4391 4505
521 381.000 375.000  10  -4 4312 4380
522   3.000   2.000  10 -16 3792 3980
523 285.000 184.000  10 -23    0 6655
524  43.000  67.000  10 -24 1641 1742
525  15.000   4.000  10 -25    0 6472
526 376.000  19.000  10 -13 5133 5233
527 350.000  18.000  10  -1 4496 4710
528  68.000 378.000  10 -16 2763 2810
529 338.000 106.000  10 -10 3812 3920
530 310.000 363.000  10  -9 4210 4384
531 344.000 154.000  10 -30 3998 4108
532  52.000 343.000  10 -23 1708 1827
533 330.000 310.000  10 -21 2731 2814
534 248.000 286.000  10 -12  399  470
535 393.000 256.000  10 -10 1544 1686
536 111.000   4.000  10 -20 2036 2167
537   2.000  52.000  10 -13 2740 2793
538  90.000 311.000  10 -30 2711 2757
539 178.000 353.000  10 -19 3825 3958
540 397.000 362.000  10  -8  941 1182
541  35.000 238.000  10 -18  781  865
542 106.000 302.000  10 -10  501  609
543  74.000 231.000  10 -18 1889 2019
544 146.000 324.000  10 -11    0 6606
545 338.000  14.000  10 -18 4814 4916
546  26.000 275.000  10  -8 4504 4669
547 234.000  37.000  10 -19 2014 2203
548 306.000  85.000  10 -30 4582 4693
549 292.000 392.000  10 -13 2661 2747
550 266.000 234.000  10 -20 3675 3748
551 251.000  70.000  10 -20    0 6602
552 308.000 217.000  10 -23 3926 4131
553 325.000  45.000  10 -36 2386 2447
554 370.000  57.000  10 -13 4452 4615
555  52.000  94.000  10 -28 4511 4742
556 365.000 303.000  10 -11 3609 3725
557  48.000 278.000  10 -23  638  809
558 244.000 285.000  10  -4 5246 5415
559 349.000 249.000  10 -39 3461 3619
560 321.000 144.000  10 -28 4255 4380
561 239.000 252.000  10 -28 5336 5443
562  80.000 282.000  10  -2 2101 2190
563 320.000 166.000  10  -4 2353 2454
564   5.000 345.000  10 -10 4841 4963
565 391.000 260.000  10 -26 2403 2549
566 315.000 237.000  10  -3 2073 2203
567 209.000 283.000  10 -15 2461 2597
568 170.000 176.000  10 -17 4050 4196
569 316.000 327.000  10  -7    0 6569
570  35.000  79.000  10 -29 1677 1824
571 323.000 218.000  10  -3    0 6617
572 326.000  79.000  10 -22 3240 3331
573 186.000 179.000  10 -27    0 6716
574  54.000 341.000  10 -19 1226 1355
575 201.000   6.000  10 -20 2320 2482
576 169.000 352.000  10 -21    0 6586
577 150.000  49.000  10 -20    0 6582
578 234.000  20.000  10 -20 1715 1753
579   2.000 200.000  10 -18    0 6543
580 262.000 212.000  10 -13 4518 4606
581  41.000 183.000  10 -15 4677 4860
582  40.000 336.000  10 -34 4796 4966
583 344.000 236.000  10 -19    0 6593
584 116.000 195.000  10 -24 4290 4362
585 302.000 300.000  10 -13    0 6599
586  70.000  81.000  10  -8 3504 3634
587 230.000 266.000  10 -26    0 6669
588 177.000  55.000  10 -17    0 6595
589 100.000  10.000  10 -24 1133 1269
590  30.000  39.000  10 -16 1470 1594
591 359.000 389.000  10 -21 4221 4335
592 100.000  15.000  10 -15 1278 1367
593 308.000 314.000  10 -24 2520 2719
594 102.000 118.000  10  -9 4656 4815
595 142.000 385.000  10  -9 2142 2195
596 233.000 100.000  10 -26 2726 2886
597  36.000 203.000  10 -39    0 6577
598 320.000  24.000  10 -31 4023 4159
599 133.000 375.000  10 -33 2612 2710
600 163.000 270.000  10  -4 2153 2324
601 274.000 247.000  10 -19 3758 3912
602 138.000 306.000  10 -21 3460 3571
603 308.000 178.000  10  -3 1578 1728
604 286.000 308.000  10 -41 2504 2635
605 105.000 360.000  10 -18    0 6555
606  50.000 385.000  10 -20 3276 3428
607 332.000 216.000  10 -27    0 6609
608 148.000  94.000  10 -12 3338 3490
609 285.000 287.000  10 -26 2987 3097
610 217.000 211.000  10 -12 4731 4832
611 165.000 126.000  10  -5    0 6660
612 220.000 337.000  10 -21 1228 1388
613 291.000 304.000  10  -4    0 6603
614 364.000 213.000  10 -29 2332 2413
615 350.000 214.000  10 -16 3280 3399
616 140.000  40.000  10 -10 4079 4161
617 369.000 118.000  10 -10 4207 4328
618 338.000   5.000  10 -15 4009 4244
619 213.000 332.000  10 -35    0 6609
620  84.000 221.000  10 -15 4432 4511
621 381.000 290.000  10 -14 1856 2018
622 316.000 383.000  10 -18    0 6525
623 168.000 100.000  10 -25 2512 2665
624 382.000  49.000  10  -8 3470 3657
625 244.000  56.000  10  -8 2659 2756
626 191.000 167.000  10 -13 3787 3946
627 188.000  67.000  10  -3 4223 4293
628 330.000 313.000  10  -8    0 6569
629 294.000  13.000  10  -8    0 6532
630 156.000   4.000  10 -19  864  940
631 117.000 381.000  10 -32 2490 2609
632 102.000 377.000  10 -19 3933 4062
633 343.000 134.000  10 -23 4037 4153
634 213.000 305.000  10 -26 1967 2073
635  16.000 114.000  10 -15 2891 3014
636 248.000 126.000  10  -8 2597 2737
637  13.000  96.000  10 -29 2983 3147
638 196.000 129.000  10 -10 3071 3177
639  50.000 315.000  10 -12 2534 2613
640 236.000  38.000  10 -21 1705 1876
641 279.000 262.000  10  -9  340  464
642 183.000  71.000  10  -9    0 6611
643 332.000 124.000  10 -17 1337 1453
644  98.000 375.000  10 -13    0 6539
645 185.000 180.000  10 -12 6578 6643
646 391.000 136.000  10 -29  841  982
647 208.000  86.000  10 -19 3862 3919
648 325.000 294.000  10 -25    0 6585
649 241.000 275.000  10 -24    0 6656
650 236.000  44.000  10 -14 3111 3199
651 347.000  59.000  10 -11    0 6538
652 194.000 121.000  10 -14 5099 5199
653 131.000  82.000  10 -12 3592 3695
654 159.000 164.000  10 -23 5354 5456
655 378.000  30.000  10 -27    0 6495
656  74.000  87.000  10 -17 5393 5565
657 368.000 215.000  10 -11 2884 3048
658  47.000 190.000  10 -15 2567 2602
659  59.000  51.000  10 -26  813  955
660 350.000 207.000  10 -33    0 6591
661 179.000 175.000  10  -7    0 6709
662 231.000  36.000  10 -25 4136 4231
663  78.000  85.000  10 -26 2984 3063
664 341.000  78.000  10 -13 3273 3483
665 359.000  42.000  10 -16    0 6517
666  52.000 301.000  10  -4 3692 3826
667 299.000 399.000  10 -18 3086 3222
668  91.000  61.000  10 -36 5895 6032
669 102.000 324.000  10 -11    0 6583
670  74.000 213.000  10  -5    0 6615
671 254.000   0.000  10 -21 2687 2815
672 193.000 216.000  10 -31 4923 5044
673 335.000 202.000  10  -7 3322 3431
674 192.000 151.000  10 -15    0 6692
675 243.000 215.000  10 -20  121  244
676  19.000  61.000  10 -20 4606 4734
677 248.000 124.000  10  -8    0 6652
678 184.000 235.000  10 -21    0 6703
679 238.000 119.000  10 -24    0 6652
680 390.000 376.000  10 -29 1843 1980
681 203.000  40.000  10 -15 3222 3231
682 277.000 143.000  10 -18 2567 2702
683 237.000 259.000  10 -15 4682 4828
684 195.000 148.000  10 -18 5336 5389
685 208.000  20.000  10 -17    0 6561
686 325.000 311.000  10 -19 2472 2548
687 152.000 361.000  10 -23 4137 4214
688 124.000 221.000  10 -27 4008 4137
689  11.000 135.000  10  -7 1038 1156
690 381.000  27.000  10 -27 1876 1948
691 362.000 378.000  10 -23    0 6501
692  48.000 304.000  10 -21    0 6557
693 195.000 121.000  10 -31 3497 3591
694   8.000 384.000  10  -5 4055 4150
695 122.000 397.000  10 -14 2313 2419
696 142.000 262.000  10 -29 2036 2181
697  49.000 222.000  10  -8 4523 4616
698 257.000  98.000  10 -13 1343 1484
699 193.000  18.000  10 -23    0 6559
700 230.000 234.000  10 -11 6240 6369
701 339.000  69.000  10  -1 3870 3975
702  76.000  72.000  10 -14 4057 4139
703  30.000 349.000  10 -21 2728 2813
704 162.000  94.000  10  -9    0 6629
705 158.000 121.000  10 -10 4429 4534
706 297.000 240.000  10 -15 1050 1151
707 348.000 102.000  10 -23    0 6564
708 367.000 361.000  10 -19 1944 2073
709 329.000 208.000  10 -17 5276 5379
710  97.000 387.000  10 -13 2227 2382
711 232.000 131.000  10 -11 4574 4633
712  12.000  40.000  10 -38 2492 2547
713 371.000 111.000  10 -23  956 1158
714 390.000 357.000  10 -17 4151 4299
715 190.000  27.000  10 -32    0 6568
716 196.000 107.000  10 -39 5350 5404
717 184.000  69.000  10 -33 1997 2149
718 348.000 343.000  10 -21 1355 1482
719 348.000  41.000  10 -26 2614 2767
720 123.000  30.000  10 -15 2792 2910
721 166.000  19.000  10 -33 4811 4901
722 120.000 170.000  10  -5 1810 1970
723 338.000 315.000  10  -3 3814 3923
724 140.000 131.000  10 -22 3510 3643
725 220.000  71.000  10 -15 2695 2835
726 280.000 224.000  10 -17  925 1009
727  96.000  22.000  10 -18 3234 3417
728 285.000 107.000  10  -9 2007 2116
729 316.000 112.000  10  -8 3870 3960
730  41.000 399.000  10 -31 1032 1179
731  18.000 294.000  10 -10 1969 2048
732 278.000 221.000  10 -12 3619 3718
733 154.000  41.000  10 -27 5146 5261
734 140.000 344.000  10 -12 5161 5263
735  87.000 378.000  10 -18 1437 1621
736 259.000   4.000  10 -26 2413 2554
737 163.000 364.000  10  -5 3142 3274
738 158.000  85.000  10 -34    0 6619
739  16.000 294.000  10 -16 1501 1643
740 304.000 319.000  10 -10 3431 3579
741 280.000   5.000  10 -17 4075 4173
742  26.000 372.000  10 -22  905 1052
743  75.000  89.000  10  -7 3280 3448
744  93.000  31.000  10 -29    0 6541
745  85.000 128.000  10 -31 5158 5265
746 126.000 208.000  10 -18    0 6667
747  37.000 397.000  10  -9 3296 3424
748  21.000 255.000  10 -36 3006 3199
749 384.000 248.000  10  -9  857 1037
750  41.000 340.000  10  -3 3470 3550
751  33.000 226.000  10  -4    0 6572
752 230.000 139.000  10 -24 5196 5307
753 180.000  15.000  10 -23    0 6555
754 359.000 157.000  10 -23 3245 3353
755  51.000  64.000  10 -16 3184 3299
756 259.000 285.000  10 -29  337  491
757  37.000  21.000  10 -45 3642 3748
758 170.000 114.000  10 -29    0 6650
759 146.000 320.000  10 -14 1996 2097
760  81.000 156.000  10  -9 1768 1834
761 256.000 385.000  10 -25    0 6548
762 246.000  47.000  10 -17 4479 4607
763 142.000 238.000  10 -28 4686 4854
764 253.000 316.000  10 -17 1685 1800
765 303.000 142.000  10 -11    0 6623
766 123.000 159.000  10 -11 5262 5376
767  87.000 164.000  10 -18 2663 2751
768 356.000 223.000  10 -13    0 6584
769  14.000  53.000  10  -2 3243 3315
770 240.000 201.000  10  -9    0 6701
771  36.000 286.000  10  -3    0 6556
772  26.000 199.000  10 -26    0 6567
773  74.000 351.000  10 -26    0 6545
774 196.000  77.000  10  -6 3300 3445
775 101.000  99.000  10 -13 5238 5380
776 388.000 275.000  10 -21 3697 3839
777 324.000 194.000  10 -16 4242 4406
778 177.000  77.000  10 -35 3167 3344
779 229.000 371.000  10 -15 4032 4189
780 134.000 320.000  10 -19  681  756
781 379.000 126.000  10 -24 3509 3542
782  46.000 197.000  10 -18 1697 1810
783 327.000  11.000  10 -15 2363 2480
784  32.000  78.000  10 -14 2612 2697
785  13.000 322.000  10 -24 1478 1583
786 359.000  31.000  10 -17 5027 5120
787  59.000  89.000  10 -24 3073 3202
788 368.000 278.000  10 -31  964 1086
789  79.000  95.000  10 -15 4887 5038
790 307.000 396.000  10 -16 3088 3208
791 166.000 185.000  10  -1    0 6704
792 343.000 335.000  10  -9 3441 3502
793 243.000 140.000  10 -18    0 6668
794 153.000 315.000  10 -18    0 6617
795 267.000 295.000  10 -12 2948 3023
796 303.000 112.000  10 -20    0 6606
797 180.000 359.000  10 -11 3741 3910
798 352.000 156.000  10 -24 3601 3701
799  32.000 229.000  10 -24    0 6571
800 229.000 105.000  10 -14 3449 3512
801 175.000 192.000  10 -14 3681 3830
802 319.000 113.000  10 -24 4686 4773
803 279.000  91.000  10 -26 5199 5388
804  68.000 143.000  10 -13 5033 5128
805 228.000 341.000  10 -14 4026 4151
806 398.000 325.000  10 -20 3510 3608
807 201.000 255.000  10 -16    0 6686
808 199.000  45.000  10 -32 3173 3265
809 200.000 200.000   0   0    0 6751
