405 405 1000 1000 1000
  0 200.000 200.000   0   0    0 6751
  1 221.000 225.000  10  16   90  172
  2  93.000 283.000  10  13    0 6606
  3 163.000 207.000  10   6    0 6704
  4 364.000  55.000  10  17    0 6523
  5 329.000 208.000  10  20    0 6612
  6 102.000 377.000  10  16    0 6539
  7 179.000 125.000  10   4  251  372
  8 194.000  43.000  10  26 2862 3055
  9 246.000 247.000  10  21    0 6676
 10 343.000 359.000  10  26    0 6528
 11 101.000   8.000  10   3    0 6525
 12 131.000 275.000  10  30    0 6640
 13 191.000 167.000  10  17 3787 3946
 14 380.000 145.000  10  31    0 6553
 15 180.000 359.000  10  26    0 6581
 16 142.000 238.000  10   3    0 6672
 17 138.000 306.000  10   1 3460 3571
 18 206.000   7.000  10   8    0 6548
 19 299.000 308.000  10  21    0 6595
 20 343.000 335.000  10  18    0 6545
 21 135.000 384.000  10  13  957 1114
 22 206.000 286.000  10  19    0 6655
 23 156.000   4.000  10  25  864  940
 24  37.000  21.000  10  24    0 6499
 25 177.000 174.000  10  10    0 6707
 26  84.000 221.000  10  22 4432 4511
 27 220.000 337.000  10  23 1228 1388
 28 137.000 132.000  10  20    0 6649
 29 353.000  65.000  10  24 1238 1328
 30  79.000  95.000  10  22    0 6581
 31 145.000 301.000  10   8    0 6626
 32 254.000   0.000  10   4 2687 2815
 33 236.000  44.000  10  12 3111 3199
 34 280.000   5.000  10   9    0 6531
 35 265.000 127.000  10  35  345  436
 36 259.000 285.000  10  14    0 6638
 37 231.000 229.000  10  12    0 6699
 38  14.000  53.000  10  12    0 6504
 39  69.000  82.000  10  11    0 6565
 40 192.000 291.000  10   3    0 6650
 41 367.000 361.000  10  22    0 6510
 42  91.000 233.000  10  25    0 6628
 43 304.000 319.000  10  14    0 6583
 44 299.000 351.000  10  14    0 6561
 45 229.000 105.000  10  26 3449 3512
 46 362.000 207.000  10  18 3146 3341
 47  39.000  34.000  10  10    0 6510
 48 268.000 223.000  10  20    0 6670
 49 116.000 195.000  10  20    0 6657
 50 352.000 156.000  10   6 3601 3701
 51 375.000 294.000  10   2    0 6543
 52  84.000 206.000  10  22    0 6625
 53  12.000  40.000  10  20 2492 2547
 54 381.000 144.000  10  18    0 6552
 55 308.000 178.000  10   4 1578 1728
 56 376.000 205.000  10   4    0 6565
 57 111.000   4.000  10  12 2036 2167
 58 330.000 310.000  10  11    0 6571
 59 305.000 255.000  10  11 1254 1355
 60 140.000 387.000  10   8    0 6545
 61   4.000 280.000  10  18    0 6530
 62 147.000 376.000  10  36    0 6558
 63  74.000 213.000  10  33    0 6615
 64 398.000 258.000  10  12    0 6535
 65 152.000 361.000  10  18    0 6573
 66 294.000 184.000  10  18    0 6646
 67 303.000 258.000  10  21    0 6623
 68  87.000 378.000  10  25 1437 1621
 69 250.000 183.000  10  24    0 6689
 70  56.000  97.000  10  19    0 6564
 71 208.000  86.000  10   2    0 6627
 72 395.000 167.000  10  24    0 6544
 73  44.000 277.000  10   9    0 6568
 74 174.000 329.000  10  30    0 6610
 75 169.000 352.000  10   7    0 6586
 76 357.000 202.000  10   5    0 6584
 77 391.000  42.000  10  44    0 6494
 78 267.000 295.000  10  20 2948 3023
 79 199.000  45.000  10  26    0 6586
 80 103.000 361.000  10  25    0 6554
 81   2.000   3.000  10  14 3153 3321
 82 335.000 202.000  10  23 3322 3431
 83 166.000  19.000  10  11    0 6557
 84  32.000  78.000  10  23    0 6534
 85  40.000 336.000  10   9 4796 4966
 86  40.000 314.000  10   7    0 6545
 87  78.000 194.000  10   2    0 6619
 88 369.000 118.000   0  12 4207 4328
 89 101.000  99.000  10  12    0 6600
 90 390.000 376.000  10   2    0 6483
 91 195.000 121.000  10  23 3497 3591
 92 175.000 192.000  10  13 3681 3830
 93 390.000 357.000  10  13    0 6495
 94 397.000 283.000  10   9 1656 1757
 95 160.000 313.000  10   8    0 6622
 96 210.000 294.000  10  43    0 6647
 97 320.000 373.000  10  22    0 6531
 98 231.000 182.000  10  18  116  171
 99  30.000 349.000  10   9    0 6515
100  26.000 372.000  10  14    0 6497
101 338.000 106.000  10   8 3812 3920
102 279.000 148.000  10  20    0 6647
103 384.000  64.000  10  19    0 6513
104 231.000  36.000  10  34    0 6575
105 279.000 337.000  10   5    0 6583
106  74.000  87.000  10   9    0 6572
107 134.000 320.000  10  39  681  756
108  42.000 197.000  10  26 1455 1615
109 350.000  18.000  10  20    0 6506
110  48.000 358.000  10  32    0 6522
111 184.000 282.000  10  19    0 6658
112 168.000 268.000  10  22    0 6666
113 289.000 234.000  10  33    0 6646
114 196.000 107.000  10  18    0 6648
115 162.000  94.000  10  11    0 6629
116 165.000 335.000  10   3 2552 2748
117 159.000  11.000  10   7    0 6548
118 143.000  20.000   0  15 4884 4976
119  17.000 348.000  10  22    0 6506
120 200.000 144.000  10  12  310  454
121 185.000 180.000   0  22    0 6716
122 317.000  68.000  10  13 4620 4782
123 309.000  53.000  10  26    0 6558
124 153.000 222.000  10  33  123  293
125 306.000 361.000  10   4 2833 2930
126 123.000 159.000  10  30    0 6654
127  96.000  22.000  10  23    0 6535
128 292.000  33.000  10  13    0 6551
129 359.000 389.000  10  13 4221 4335
130  37.000 397.000  10  50    0 6486
131  68.000 378.000  10  10 2763 2810
132 262.000 390.000  10  21    0 6542
133 236.000 119.000  10  30 5378 5544
134  36.000 288.000  10   1    0 6555
135 276.000 298.000  10  10  432  560
136 362.000 399.000  10  24    0 6485
137 200.000  48.000  10  20    0 6589
138 165.000 264.000  10  20    0 6669
139 210.000   1.000  10  11 4002 4114
140 306.000  85.000  10  21    0 6585
141 243.000 287.000  10   8  547  666
142 396.000 106.000  10  18    0 6524
143 151.000 188.000  10  18  151  252
144 151.000 231.000   0  10    0 6684
145  11.000 274.000  10  18    0 6539
146  38.000 291.000  10   8    0 6556
147 217.000  98.000  10  19  374  453
148 308.000 327.000  10  13    0 6575
149  90.000 311.000  10  12 2711 2757
150 359.000  31.000  10  11 5027 5120
151 391.000 136.000  10  33    0 6540
152 344.000 236.000  10  28    0 6593
153 202.000   6.000  10  20    0 6547
154   2.000  29.000  10  28 5441 5586
155 302.000 300.000  10  17    0 6599
156 287.000 279.000  10   4    0 6624
157 102.000 149.000  10  12    0 6631
158 115.000  51.000  10  18    0 6570
159 340.000 290.000  10  39    0 6575
160 271.000 116.000  10  28    0 6632
161 247.000 377.000  10  28    0 6558
162 371.000 111.000  10   3    0 6549
163 322.000 281.000  10   9    0 6595
164  50.000 385.000  10  31    0 6503
165  91.000 388.000  10   2  836 1005
166 327.000 115.000  10  15    0 6589
167  23.000 317.000  10  10 1833 1917
168   4.000 307.000  10  14    0 6518
169 379.000 254.000  10   3 1129 1306
170 356.000 223.000  10  28    0 6584
171 243.000 215.000  10   7  121  244
172 142.000 385.000  10  16 2142 2195
173  66.000 144.000  10  29    0 6596
174 389.000 171.000   0   3    0 6550
175 377.000  29.000  10  22    0 6495
176   6.000  20.000  10  27    0 6477
177 193.000 390.000  10  21    0 6551
178 163.000 270.000  10  14 2153 2324
179 349.000 249.000  10   5    0 6585
180 133.000 375.000  10  21    0 6554
181 142.000 262.000  10  41    0 6657
182 161.000 124.000  10  17 2607 2794
183  85.000 256.000  10  15    0 6614
184  41.000 183.000  10  25    0 6582
185 359.000 157.000  10   5    0 6577
186 146.000 301.000  10  34    0 6627
187 194.000 121.000  10  21    0 6662
188 277.000 163.000  10  29    0 6656
189  51.000 205.000  10  26    0 6592
190 260.000 352.000  10  13    0 6578
191  55.000 115.000  10   8    0 6573
192 102.000 324.000  10  23    0 6583
193 238.000 124.000  10  26 2278 2458
194 248.000 286.000  10  35  399  470
195 340.000 276.000  10  43 3453 3608
196 159.000 164.000  10  13    0 6687
197 343.000 322.000  10  21    0 6554
198 155.000 159.000  10  15  248  323
199 175.000 304.000  10  24  384  472
200  40.000  31.000  10   9    0 6509
201 110.000 241.000  10   9    0 6643
202 399.000 179.000  10  26    0 6541
203   8.000 363.000  10  39    0 6490
204 136.000 373.000  10  33 2462 2573
205  35.000 238.000  10  32    0 6572
206 201.000 242.000  10  19    0 6699
207 279.000 262.000  10  19    0 6641
208 111.000 286.000  10  21  521  664
209 305.000 257.000  10   3    0 6622
210 320.000 166.000  10  25    0 6617
211 285.000 287.000  10  22    0 6620
212  38.000 366.000  10  18    0 6510
213  26.000 275.000  10  16    0 6552
214  49.000 187.000  10  20    0 6590
215   3.000   2.000  10  16 3792 3980
216 267.000 321.000  10  26 2555 2631
217 378.000  30.000  10  35    0 6495
218 336.000 386.000  10  21    0 6511
219 162.000 251.000  10  21    0 6678
220  70.000  81.000  10   9 3504 3634
221 231.000 320.000  10   4    0 6618
222 374.000 163.000  10  29    0 6564
223  45.000  85.000  10  10    0 6548
224 253.000 316.000  10  21    0 6614
225 264.000  69.000  10  15    0 6596
226 169.000 235.000  10  35    0 6695
227 186.000 179.000  10  29    0 6716
228 344.000  72.000  10   8    0 6549
229  26.000  70.000  10   3 3708 3782
230 371.000 349.000  10   8    0 6515
231 113.000  80.000  10  19    0 6593
232  78.000 261.000  10  32    0 6605
233  85.000 333.000  10  19 2309 2422
234  52.000 301.000  10   7    0 6562
235 273.000 182.000  10  18    0 6666
236 213.000 305.000  10  24 1967 2073
237   8.000  68.000  10  29    0 6509
238 178.000 103.000  10  10    0 6642
239 213.000 216.000  10   9   20  157
240 190.000  27.000  10  10    0 6568
241  73.000 124.000  10   9    0 6593
242 296.000 156.000  10  17  409  536
243 381.000 290.000  10  36    0 6539
244 317.000 183.000  10  29  488  579
245 212.000 197.000  10  16    0 6729
246 259.000   4.000  10  26    0 6537
247 370.000  57.000  10  10    0 6519
248 119.000 286.000  10  18    0 6623
249 213.000 332.000  10  21    0 6609
250 328.000  39.000  10  11 3040 3130
251 248.000 126.000  10  23    0 6653
252 146.000 174.000  10  23    0 6682
253 341.000  33.000  10  27 1114 1239
254 310.000 340.000  10  11    0 6563
255 176.000 154.000  10  15  129  287
256 131.000  89.000  10  26    0 6611
257  74.000 231.000  10  11    0 6612
258  93.000  31.000  10  21    0 6541
259 159.000  79.000  10  15    0 6614
260 315.000 237.000  10  33    0 6621
261  75.000  89.000  10  18 3280 3448
262 304.000 395.000  10  18 2113 2236
263  59.000  49.000  10  36    0 6535
264 170.000 176.000  10  19    0 6703
265 117.000 381.000  10  18    0 6542
266  72.000 315.000  10  11    0 6569
267 326.000 156.000  10  15 1147 1304
268 229.000 371.000  10   7    0 6568
269 107.000  98.000  10  21  549  635
270  41.000 337.000  10   9    0 6532
271 243.000 275.000  10  31    0 6655
272 234.000 214.000  10  20    0 6705
273 303.000 112.000  10  21    0 6606
274 307.000 396.000  10  28 3088 3208
275 278.000 289.000   0  19    0 6623
276 238.000 119.000  10  17    0 6652
277 177.000 139.000  10  19    0 6676
278 125.000 122.000  10  15  458  551
279 368.000 278.000  10  20    0 6556
280 374.000 175.000  10  18    0 6566
281 286.000 308.000  10   3    0 6603
282 197.000 200.000   0  15    0 6738
283 196.000 138.000  10  18    0 6679
284 122.000 105.000  10   7    0 6619
285 348.000 371.000  10  23    0 6515
286 183.000  71.000  10  14    0 6611
287  74.000 283.000  10   5    0 6591
288  46.000 197.000  10  21    0 6587
289  30.000  39.000  10   8 1470 1594
290 174.000 326.000  10   8    0 6613
291 157.000 378.000  10  22    0 6558
292 219.000  49.000   0  23    0 6589
293 316.000 112.000  10   9 3870 3960
294 398.000 325.000  10  22 3510 3608
295 230.000 234.000  10  11 6240 6369
296  97.000 387.000  10  37    0 6528
297 201.000 255.000  10  16    0 6686
298 102.000 252.000  10  21    0 6631
299   9.000  47.000  10   5    0 6497
300 330.000 313.000  10  27    0 6569
301 236.000  38.000  10  38 1705 1876
302 366.000  97.000  10  23    0 6546
303 284.000 311.000  10  19 1395 1519
304  55.000 346.000  10  13    0 6536
305 316.000 327.000  10  24    0 6569
306 255.000  80.000  10  11    0 6609
307  73.000 126.000  10  38 1695 1780
308 369.000 171.000  10  23    0 6570
309 350.000 214.000  10  28    0 6591
310 244.000  56.000  10  14    0 6591
311 220.000  38.000  10  32    0 6578
312 173.000  72.000  10  39 1084 1231
313 206.000 106.000  10  33    0 6647
314 319.000 160.000  10  26    0 6616
315  88.000 121.000  10  15    0 6604
316 341.000  78.000  10  16 3273 3483
317  37.000 106.000  10   5 1437 1549
318 173.000 384.000  10   3  719  769
319 368.000  63.000  10  22    0 6525
320 300.000 272.000  10  15    0 6618
321 237.000 200.000  10  17   98  198
322 294.000 249.000  10   8 1869 2019
323 388.000 106.000  10   9    0 6531
324 148.000  71.000  10   8    0 6602
325 177.000  77.000   0  13    0 6616
326 148.000  94.000  10  23    0 6623
327  16.000 311.000  10  10    0 6527
328 158.000  85.000  10  22    0 6619
329 105.000 254.000  10  12    0 6632
330  66.000 118.000  10  27 2259 2377
331  13.000  96.000  10  19    0 6528
332  85.000  61.000  10  20    0 6561
333 160.000  62.000  10  11    0 6598
334 234.000  20.000  10  15    0 6558
335 230.000 139.000  10  14    0 6674
336  45.000 291.000  10  18    0 6562
337  95.000 391.000  10   5    0 6524
338  58.000  98.000  10  15    0 6567
339 165.000 126.000  10   4    0 6660
340 377.000  72.000  10   5    0 6523
341  57.000 381.000  10  22    0 6511
342 294.000  13.000  10  26    0 6532
343  87.000 147.000  10   7    0 6617
344  26.000 247.000  10  31    0 6561
345 357.000  38.000  10   2    0 6516
346  56.000 156.000  10  19    0 6591
347  52.000 194.000  10   9    0 6593
348 124.000 179.000   0  36    0 6663
349 311.000 356.000  10   9    0 6550
350 364.000 213.000  10  11    0 6577
351 105.000 360.000  10  10    0 6555
352 381.000  27.000  10  27 1876 1948
353 377.000 144.000  10  23 1873 1985
354 321.000  85.000  10  16    0 6575
355 194.000  65.000  10  16 1534 1675
356 213.000 280.000  10  29    0 6660
357 334.000  92.000  10  29    0 6569
358  55.000 341.000  10  14    0 6539
359   0.000 155.000  10   9    0 6536
360 102.000  42.000  10  17    0 6556
361 251.000 381.000  10  17    0 6553
362   8.000 119.000  10  11    0 6533
363  53.000  51.000  10  18    0 6532
364 123.000  30.000  10  12    0 6555
365  76.000  90.000  10   2    0 6576
366  77.000 319.000  10  12    0 6570
367 395.000 113.000  10   9    0 6528
368 251.000  70.000  10  24    0 6602
369  15.000   4.000  10  18    0 6472
370 168.000  15.000  10   6 2465 2630
371  35.000 160.000  10  13 4054 4205
372 338.000 150.000  10  16 3039 3225
373 352.000 383.000  10  16    0 6504
374   2.000  17.000  10  11 1066 1209
375 397.000 133.000  10  24 2965 3084
376  24.000  57.000  10  18  818  996
377 234.000  37.000  10  12    0 6575
378 117.000 148.000  10  14  327  456
379   8.000 285.000  10  24    0 6532
380 146.000 324.000  10  24    0 6606
381 131.000  82.000  10  15    0 6605
382 348.000 343.000  10  12    0 6536
383  91.000  61.000  10  10    0 6565
384  36.000 286.000  10  16    0 6556
385 325.000 311.000  10  15    0 6574
386 192.000 268.000  10  31    0 6673
387  37.000 119.000  10  15    0 6559
388 291.000 398.000  10  16    0 6524
389 162.000 121.000  10   1    0 6654
390 302.000 345.000  10   9  907 1047
391 297.000 137.000  10  18 1850 1934
392  34.000 371.000  10  18    0 6503
393 202.000 158.000  10  11    0 6699
394 338.000 290.000  10  12    0 6577
395 368.000 215.000  10  15    0 6573
396 142.000 379.000  10  11    0 6553
397 326.000  79.000  10  29    0 6567
398   5.000 266.000  10  32    0 6536
399 267.000 221.000  10  24    0 6671
400  18.000 235.000  10  24    0 6556
401 394.000 299.000  10  14    0 6524
402 244.000 176.000  10  24    0 6691
403 309.000  18.000  10  26    0 6529
404 353.000 357.000  10  20  877 1005
405 400.000 109.000  10  20    0 6522
406 365.000 303.000  10 -16    0 6547
407  68.000 215.000  10 -13    0 6609
408 192.000 200.000  10  -6    0 6733
409 376.000  19.000  10 -17    0 6489
410  94.000 165.000  10 -20    0 6630
411 122.000 397.000  10 -16 2313 2419
412 140.000  40.000  10  -4 4079 4161
413  75.000  76.000  10 -26    0 6565
414 326.000 335.000  10 -21    0 6557
415 247.000 212.000  10 -26    0 6693
416 266.000   8.000  10  -3    0 6538
417  75.000 238.000  10 -30    0 6611
418 126.000 208.000  10 -17    0 6667
419 342.000 154.000  10 -31    0 6592
420 215.000 260.000  10 -26    0 6680
421 157.000 220.000  10  -3 5535 5594
422  13.000 167.000  10  -1    0 6552
423 246.000  47.000  10  -8 4479 4607
424 316.000 383.000  10 -21    0 6525
425 287.000 343.000  10 -18    0 6574
426  13.000 220.000  10 -13    0 6553
427 220.000 238.000  10 -19    0 6699
428  29.000   9.000  10 -25    0 6485
429 166.000 185.000  10 -24    0 6704
430 179.000 175.000  10 -10    0 6709
431 160.000 222.000  10 -22    0 6696
432 300.000 319.000  10 -23    0 6586
433  81.000 156.000  10 -20    0 6615
434 369.000   6.000  10 -24    0 6484
435 102.000 118.000  10 -22 4656 4815
436  80.000 392.000  10  -8    0 6515
437 168.000 100.000  10  -4    0 6637
438 150.000  49.000  10 -12    0 6582
439 156.000  32.000  10  -9 3159 3284
440 294.000 118.000  10 -35  417  580
441 349.000 324.000  10 -14    0 6548
442 246.000 244.000  10 -12    0 6678
443  51.000  64.000  10 -12 3184 3299
444 193.000  18.000  10 -11    0 6559
445 377.000 282.000  10  -3    0 6546
446 280.000 224.000  10 -22    0 6658
447  92.000 238.000  10 -25    0 6627
448 381.000 375.000  10 -14 4312 4380
449 299.000 399.000  10 -14    0 6519
450 140.000 131.000  10 -26 3510 3643
451 349.000 181.000  10 -18    0 6591
452   6.000  62.000  10 -10    0 6503
453 279.000 247.000  10 -20  312  423
454  16.000 114.000  10 -20    0 6538
455 313.000  64.000  10  -6    0 6565
456 292.000 392.000  10  -2    0 6529
457  70.000 231.000  10 -22 4391 4505
458  59.000  51.000  10 -20    0 6536
459 384.000  72.000  10 -18 3967 4100
460 310.000 163.000  10  -4    0 6625
461 124.000 221.000  10  -4 4008 4137
462 231.000   6.000  10 -12    0 6545
463 303.000 358.000  10 -11    0 6553
464 391.000 260.000  10 -11    0 6541
465 146.000 320.000  10  -8    0 6610
466  52.000 343.000  10 -18    0 6536
467 205.000 372.000  10 -36    0 6569
468 209.000 167.000  10 -33    0 6707
469 320.000 211.000  10 -12    0 6621
470  85.000 128.000  10 -18 5158 5265
471 384.000 248.000  10 -18  857 1037
472 369.000 211.000  10 -21    0 6572
473  92.000 384.000  10 -25    0 6528
474 302.000 274.000  10 -24    0 6615
475  35.000  79.000  10 -19    0 6537
476 220.000  71.000  10  -2    0 6611
477 324.000 184.000  10 -24    0 6616
478  56.000 292.000  10  -9 2011 2160
479 140.000 344.000  10 -30    0 6585
480 138.000 326.000  10  -7 2258 2348
481 334.000 186.000  10  -5    0 6607
482 379.000 126.000  10 -44    0 6548
483 361.000 287.000  10 -20    0 6558
484 232.000 131.000  10 -26 4574 4633
485  98.000 375.000  10 -25    0 6539
486  66.000   5.000  10 -14 4567 4636
487 336.000 201.000  10 -23    0 6605
488 234.000   7.000  10 -11    0 6546
489 103.000 154.000  10 -23    0 6634
490 184.000 233.000  10  -9    0 6705
491  80.000 282.000  10  -7 2101 2190
492 100.000 218.000  10  -2    0 6640
493 369.000 118.000  10 -12 4207 4328
494 116.000 102.000  10 -12 3263 3368
495 310.000 363.000  10  -2    0 6545
496 166.000 115.000  10 -23    0 6650
497 136.000 226.000  10 -13 3995 4105
498 380.000 339.000  10 -13    0 6514
499 309.000 274.000  10  -9    0 6610
500  59.000 285.000  10  -8 4599 4694
501 209.000 283.000  10 -43 2461 2597
502 278.000 221.000  10 -22    0 6661
503 303.000 142.000  10 -18    0 6623
504 163.000 264.000  10  -9    0 6668
505 117.000 395.000  10 -14    0 6530
506 362.000 115.000  10  -8    0 6559
507 236.000 171.000  10 -20    0 6695
508 349.000 135.000  10 -19    0 6579
509 337.000  81.000  10 -34    0 6560
510 192.000 332.000  10  -5    0 6609
511 102.000  84.000  10  -9    0 6590
512 110.000 351.000  10 -39    0 6566
513 103.000  95.000  10 -26 2384 2503
514 290.000  82.000  10 -20    0 6593
515   5.000 344.000  10 -32 5070 5124
516  73.000 292.000  10 -19    0 6585
517 352.000 303.000  10 -22    0 6558
518 297.000 240.000  10 -33    0 6637
519 233.000 100.000  10 -18    0 6636
520 194.000 166.000  10 -11    0 6707
521  84.000 293.000  10  -3    0 6593
522 100.000  15.000  10  -7 1278 1367
523 143.000  20.000  10 -15 4884 4976
524  79.000 344.000  10 -22    0 6553
525 256.000 145.000  10 -12 4566 4705
526 185.000 180.000  10 -22    0 6716
527 279.000  91.000  10 -13 5199 5388
528 243.000 140.000  10 -26    0 6668
529  67.000 318.000  10 -33    0 6564
530 323.000 218.000  10  -4    0 6617
531 126.000  90.000  10 -30    0 6609
532 274.000   7.000  10 -23    0 6535
533 359.000  42.000  10 -13    0 6517
534 395.000 340.000  10 -13    0 6501
535  12.000 368.000  10 -50    0 6489
536  31.000 360.000  10 -10    0 6509
537 367.000 300.000  10 -21 1799 1916
538 211.000 153.000  10 -30    0 6693
539  10.000 202.000  10  -1    0 6551
540 384.000 307.000  10 -10    0 6529
541 326.000 374.000  10 -24    0 6527
542  78.000  85.000  10 -20    0 6574
543 241.000 275.000  10 -20    0 6656
544 234.000  73.000  10 -11    0 6610
545 381.000  12.000  10 -21    0 6481
546 256.000 385.000  10  -8    0 6548
547 351.000 199.000  10 -18    0 6590
548   7.000 143.000  10 -18 1330 1455
549 151.000 231.000  10 -10    0 6684
550  81.000 290.000  10 -18    0 6592
551  86.000 112.000  10  -8    0 6597
552 343.000 134.000  10 -19 4037 4153
553 380.000 390.000  10 -13    0 6480
554  32.000 163.000  10 -12    0 6569
555 273.000 118.000  10 -11    0 6632
556 350.000 207.000  10 -33    0 6591
557 243.000 209.000  10 -28    0 6698
558 154.000  68.000  10 -20    0 6602
559  29.000  86.000  10 -28    0 6536
560 371.000 386.000  10 -17    0 6489
561 138.000 143.000  10  -4    0 6657
562  36.000 203.000  10 -12    0 6577
563 244.000  50.000  10 -18    0 6585
564 387.000 267.000  10 -39 3555 3701
565 248.000 124.000  10 -28    0 6652
566 344.000 321.000  10 -28    0 6553
567 320.000  24.000  10  -3 4023 4159
568 282.000 252.000  10  -9    0 6644
569  88.000 372.000  10 -31    0 6536
570   8.000 384.000  10  -2    0 6476
571 277.000 143.000  10 -15    0 6646
572  11.000 328.000  10 -10    0 6513
573  48.000 304.000  10 -14    0 6557
574 291.000 304.000  10  -3    0 6603
575 312.000 247.000  10 -28    0 6620
576 397.000 362.000  10  -7  941 1182
577 161.000 346.000  10 -16    0 6590
578 135.000 161.000  10 -29 5424 5500
579 389.000 171.000  10  -3    0 6550
580 348.000  41.000  10 -22 2614 2767
581 100.000  10.000  10 -27    0 6527
582 236.000 260.000  10 -21    0 6672
583 348.000 319.000  10 -14    0 6552
584 332.000 216.000  10  -5    0 6609
585 239.000 252.000  10 -21    0 6676
586 106.000 302.000  10 -41  501  609
587 125.000 175.000  10 -17    0 6662
588 114.000  88.000  10 -15 2689 2827
589  68.000 250.000  10 -25    0 6600
590 328.000   8.000  10  -5    0 6511
591  80.000 365.000  10 -34    0 6537
592 158.000 121.000  10 -21    0 6652
593 344.000 154.000  10 -29    0 6590
594  54.000 108.000  10 -26    0 6569
595 271.000 371.000  10 -13    0 6556
596 201.000 195.000  10  -8    0 6736
597  21.000 255.000  10 -23    0 6554
598 214.000 119.000  10 -26    0 6659
599 256.000 356.000  10 -35    0 6576
600 166.000 357.000  10 -43 4834 4992
601 145.000 165.000  10 -13  188  333
602 262.000 233.000  10 -21    0 6671
603 129.000  53.000  10 -15    0 6578
604 163.000 364.000  10 -24    0 6573
605 208.000  20.000  10  -9    0 6561
606 168.000 223.000  10  -9    0 6702
607 240.000 201.000  10 -26    0 6701
608 108.000 399.000  10 -39    0 6522
609 237.000 259.000  10 -33    0 6672
610  52.000 251.000  10 -32    0 6585
611 314.000 257.000  10 -19    0 6614
612 287.000 225.000  10 -19 3001 3083
613 186.000  75.000  10 -21    0 6616
614 393.000 246.000  10  -3 2039 2149
615 321.000 144.000  10 -25    0 6608
616 246.000 152.000  10 -22 2429 2502
617  26.000 326.000  10 -18    0 6527
618  18.000 294.000  10 -16    0 6537
619  68.000 143.000  10 -20    0 6598
620 123.000 176.000  10 -16    0 6661
621 266.000 234.000  10 -26 3675 3748
622 397.000  73.000  10 -35    0 6507
623 366.000 340.000  10 -21 2842 3000
624  94.000 268.000  10 -21 1431 1610
625 108.000  75.000  10  -9    0 6586
626 226.000 378.000  10  -4 1429 1562
627 338.000  14.000  10 -29 4814 4916
628  11.000 135.000  10 -10    0 6542
629 246.000 298.000  10 -21 3818 3951
630 319.000 115.000  10 -15    0 6595
631  63.000 166.000  10 -35    0 6600
632  92.000  73.000  10 -29 1361 1458
633 384.000  53.000  10  -8    0 6506
634  57.000 124.000  10  -3    0 6580
635 362.000 378.000  10  -8    0 6501
636 225.000  53.000  10 -19 4328 4451
637 193.000 216.000  10 -32    0 6724
638 184.000 235.000  10 -19    0 6703
639  50.000 315.000  10  -7 2534 2613
640  87.000 164.000  10 -18 2663 2751
641 358.000 309.000  10 -24 3435 3532
642 107.000 159.000  10 -29    0 6640
643 192.000 151.000  10 -10    0 6692
644 311.000 344.000  10  -9    0 6560
645 226.000  52.000  10 -10    0 6591
646  52.000  94.000  10  -9    0 6559
647 338.000   5.000  10 -17 4009 4244
648 384.000 294.000  10 -36 2233 2343
649 361.000 236.000  10 -29    0 6577
650 317.000 240.000  10 -16 1189 1366
651 172.000 109.000  10 -26    0 6646
652 339.000   3.000  10 -10    0 6500
653 110.000 290.000  10 -18    0 6614
654 178.000 353.000  10 -21    0 6587
655 339.000  69.000  10 -11    0 6550
656 244.000 135.000  10 -23    0 6663
657 147.000 210.000  10 -23    0 6688
658 378.000 118.000  10 -27    0 6546
659 186.000 355.000  10 -11    0 6586
660 180.000  15.000  10 -15    0 6555
661 207.000 185.000  10 -26    0 6725
662  47.000 190.000  10 -11    0 6588
663 201.000   6.000  10 -21 2320 2482
664 186.000 145.000  10 -15    0 6685
665 393.000 256.000  10 -33    0 6541
666 193.000  29.000  10 -18    0 6570
667 371.000 396.000  10 -18    0 6481
668  46.000 110.000  10 -36    0 6563
669 188.000  67.000  10 -19    0 6608
670 230.000 266.000  10 -18    0 6669
671   1.000 335.000  10 -11    0 6501
672 357.000 147.000  10 -15    0 6576
673 356.000 315.000  10  -7    0 6548
674 184.000  69.000  10 -21    0 6610
675   5.000 345.000  10  -9 4841 4963
676 338.000 315.000  10 -31    0 6562
677 400.000 373.000  10 -20 1049 1164
678 330.000  76.000  10 -21    0 6562
679 321.000 287.000  10 -28    0 6592
680 278.000 289.000  10 -19    0 6623
681  33.000 226.000  10 -17    0 6572
682 154.000  41.000  10 -19    0 6576
683  82.000  78.000  10 -15    0 6572
684 308.000 217.000  10 -20    0 6632
685 269.000 203.000  10 -18    0 6672
686 337.000 248.000  10  -3    0 6596
687 197.000 200.000  10 -15    0 6738
688 257.000  98.000  10 -18 1343 1484
689 164.000  80.000  10  -7 4686 4902
690 299.000 227.000  10 -23    0 6639
691  76.000  72.000  10 -14    0 6563
692  54.000 341.000  10  -5    0 6539
693 153.000 224.000  10 -21    0 6689
694   2.000  52.000  10  -8 2740 2793
695  44.000 296.000  10  -8    0 6558
696 228.000 341.000  10 -22    0 6598
697 219.000  49.000  10 -23    0 6589
698 350.000 131.000  10  -9    0 6576
699 388.000 275.000  10 -22    0 6539
700 209.000 208.000  10 -11    0 6729
701  68.000 386.000  10 -37 1201 1395
702 278.000 265.000  10 -16    0 6640
703  48.000 278.000  10 -21    0 6571
704  43.000 121.000  10  -5    0 6566
705 296.000 388.000  10 -27    0 6530
706 340.000  79.000  10 -38    0 6556
707 334.000 100.000  10 -23    0 6574
708 120.000 170.000  10 -19    0 6656
709  13.000 322.000  10 -13    0 6518
710 217.000 211.000  10 -24    0 6721
711 347.000  59.000  10 -11    0 6538
712  46.000 102.000  10 -38 2417 2531
713 343.000 184.000  10 -23 4536 4565
714 171.000 168.000  10 -28    0 6698
715 382.000  49.000  10 -14 3470 3657
716 231.000  76.000  10 -32    0 6614
717  59.000  89.000  10 -39 3073 3202
718 286.000  44.000  10 -33    0 6563
719 325.000  45.000  10 -26    0 6542
720 118.000 122.000  10 -15    0 6628
721 348.000 102.000  10 -16    0 6564
722  41.000  93.000  10  -5    0 6550
723  26.000 260.000  10  -3    0 6557
724 364.000  23.000  10 -22    0 6500
725 274.000 247.000  10 -15 3758 3912
726 324.000 194.000  10 -17    0 6617
727 397.000 261.000  10  -8    0 6535
728 361.000 194.000  10  -9    0 6580
729 108.000  48.000  10  -8    0 6564
730 177.000  77.000  10 -13    0 6616
731 196.000  77.000  10 -23    0 6618
732  65.000 335.000  10 -10    0 6551
733 228.000  96.000  10 -22    0 6634
734  92.000 255.000  10 -12    0 6620
735 218.000 134.000  10 -27    0 6673
736  43.000  67.000  10 -19    0 6536
737 168.000  87.000  10 -20 3638 3814
738  73.000   4.000  10 -11    0 6508
739 266.000  13.000  10 -15    0 6543
740 170.000 114.000  10 -14    0 6650
741  97.000 105.000  10 -18    0 6601
742 237.000 243.000  10  -5    0 6685
743  17.000  99.000  10 -15    0 6532
744  96.000 162.000  10  -4    0 6631
745 332.000 124.000  10  -5    0 6589
746 244.000 285.000  10 -22    0 6646
747 285.000 136.000  10 -26 4400 4431
748  19.000  61.000  10  -7    0 6513
749  40.000 153.000  10 -31    0 6575
750 348.000 189.000  10  -2    0 6593
751  26.000 199.000  10 -19    0 6567
752  32.000 229.000  10  -9    0 6571
753 124.000 179.000  10 -36    0 6663
754 262.000 212.000  10  -9    0 6678
755 285.000 184.000  10 -11    0 6655
756  41.000 399.000  10 -10 1032 1179
757 384.000  47.000  10 -27    0 6502
758 300.000  64.000  10 -23    0 6573
759 392.000  14.000  10 -16    0 6474
760 177.000  55.000  10 -16    0 6595
761 264.000 341.000  10 -29 4178 4268
762 319.000 113.000  10 -29    0 6594
763  74.000 351.000  10 -14    0 6545
764  21.000  82.000  10  -9 3373 3482
765 262.000  30.000  10 -17    0 6561
766 299.000 270.000  10 -17 3333 3451
767  13.000  59.000  10 -11 2229 2365
768   4.000  60.000  10 -18    0 6501
769 199.000  22.000  10 -12    0 6563
770 232.000 127.000  10  -2    0 6662
771  41.000 340.000  10 -12    0 6530
772 382.000 169.000  10  -9    0 6557
773 223.000  41.000  10 -24 2185 2342
774 125.000 182.000  10 -18    0 6664
775 203.000  40.000  10  -6 3222 3231
776  96.000 209.000  10 -13    0 6637
777 353.000   3.000  10 -16    0 6492
778 372.000 382.000  10 -16 2513 2610
779  92.000  68.000  10 -11    0 6571
780 354.000 199.000  10 -24 5108 5253
781  18.000 102.000  10 -18  915 1062
782 325.000 130.000  10 -12 4143 4284
783 196.000  51.000  10 -14    0 6592
784  60.000 319.000  10 -24    0 6558
785 162.000 316.000  10 -24 2393 2499
786 137.000  68.000  10 -15    0 6595
787 358.000 261.000  10 -12    0 6572
788 187.000  23.000  10 -10    0 6564
789   2.000 200.000  10 -16    0 6543
790 308.000 314.000  10 -15 2520 2719
791 143.000 159.000  10 -31    0 6671
792   3.000  15.000  10 -15    0 6471
793 325.000 294.000  10 -16    0 6585
794  49.000 222.000  10  -1 4523 4616
795 330.000 353.000  10  -9    0 6541
796 327.000  11.000  10 -18    0 6514
797 108.000 395.000  10 -18    0 6526
798 196.000 129.000  10 -11    0 6670
799 250.000 340.000  10 -12    0 6593
800 195.000 148.000  10 -15    0 6689
801 153.000 315.000  10 -11    0 6617
802 345.000 195.000  10 -29    0 6596
803  16.000 294.000  10 -32 1501 1643
804 309.000 279.000  10 -24  627  750
805  98.000 107.000  10 -24    0 6603
806 356.000 299.000  10 -14    0 6557
807 285.000 107.000  10 -24    0 6616
808 355.000  41.000  10 -26 3343 3489
809 362.000 383.000  10 -20 1014 1152
810 380.000 126.000  10 -20    0 6547
811 200.000 200.000   0   0    0 6751
