403 403 1000 1000 1000
  0 200.000 200.000   0   0    0 6751
  1 221.000 225.000  10  16   32  272
  2 279.000 247.000  10  12  248  488
  3 355.000  41.000  10   9 3296 3536
  4  93.000 283.000  10  13 1265 1505
  5  10.000 202.000  10   3 1245 1485
  6  40.000 153.000  10  15  547  787
  7 145.000 165.000  10  13  141  381
  8 278.000 265.000  10  23 2534 2774
  9  13.000 167.000  10  42  681  921
 10 179.000 125.000  10   4  192  432
 11 358.000 261.000  10  19 2939 3179
 12 299.000 399.000  10  11 3034 3274
 13 343.000 359.000  10  26 1764 2004
 14 101.000   8.000  10   3 1490 1730
 15 302.000 274.000  10  15 1108 1348
 16 131.000 275.000  10  30 2055 2295
 17 191.000 167.000  10  17 3746 3986
 18 332.000 124.000  10  22 1275 1515
 19 106.000 302.000  10   3  435  675
 20 334.000 100.000  10  21 4490 4730
 21 142.000 238.000   0   3 4650 4890
 22 206.000   7.000  10   8 3115 3355
 23 299.000 308.000  10  21 2193 2433
 24 343.000 335.000  10  18 3352 3592
 25 135.000 384.000  10  13  916 1156
 26 206.000 286.000  10  19 1885 2125
 27 156.000   4.000  10  25  782 1022
 28 177.000 174.000  10  10   34  274
 29 220.000 337.000  10  23 1188 1428
 30 353.000  65.000  10  24 1163 1403
 31 136.000 226.000  10   7 3930 4170
 32 145.000 301.000  10   8  340  580
 33 387.000 267.000  10  11 3508 3748
 34 236.000  44.000  10  12 3035 3275
 35  11.000 135.000  10  28  977 1217
 36 259.000 285.000  10  14  294  534
 37 168.000 100.000  10  29 2468 2708
 38 192.000 291.000  10   3  356  596
 39  91.000 233.000  10  25 1805 2045
 40 241.000 275.000  10  18 2724 2964
 41 327.000  11.000  10  22 2302 2542
 42 299.000 351.000  10  14  602  842
 43 311.000 344.000  10  26  689  929
 44 344.000 154.000  10  30 3933 4173
 45  39.000  34.000  10  10  909 1149
 46  68.000 250.000  10  14 2195 2435
 47 268.000 223.000  10  20  167  407
 48 313.000  64.000  10  29 1549 1789
 49 334.000 186.000  10   1  563  803
 50 381.000 144.000  10  18 1898 2138
 51 320.000 211.000  10   6  362  602
 52 376.000 205.000  10   4 1750 1990
 53 111.000   4.000  10  12 1982 2222
 54 330.000 310.000  10  11 2652 2892
 55 305.000 255.000  10  11 1184 1424
 56 140.000 387.000  10   8  714  954
 57   4.000 280.000  10  18  892 1132
 58 147.000 376.000  10  36  712  952
 59  54.000 341.000  10  19 1170 1410
 60  21.000  82.000  10  26 3307 3547
 61 152.000 361.000  10  18 4055 4295
 62 250.000 340.000  10  21  700  940
 63 166.000 185.000  10  17   37  277
 64 294.000 184.000  10  18 4232 4472
 65 303.000 258.000  10  21 3893 4133
 66  87.000 378.000  10  25 1409 1649
 67 384.000  72.000   0  21 3913 4153
 68  98.000 107.000  10  17 3677 3917
 69 280.000 224.000  10  20  847 1087
 70 395.000 167.000  10  24 3860 4100
 71 215.000 260.000  10   9  127  367
 72 380.000 390.000  10  36  968 1208
 73 273.000 118.000  10  34  362  602
 74 180.000  15.000  10   7 3439 3679
 75 169.000 352.000  10   7  936 1176
 76 226.000 378.000  10  30 1376 1616
 77 357.000 202.000  10   5 1937 2177
 78 199.000  45.000  10  26 3099 3339
 79 103.000 361.000  10  25 1778 2018
 80 317.000 240.000  10  16 1157 1397
 81 357.000 147.000  10  23 2063 2303
 82  32.000  78.000  10  23 2534 2774
 83  52.000 251.000  10   8  577  817
 84 110.000 351.000  10  21  583  823
 85 369.000 118.000  10  12 4148 4388
 86 232.000 127.000  10  13  199  439
 87 390.000 376.000  10   2 1792 2032
 88  73.000 292.000  10   8  642  882
 89  80.000 365.000  10  18 1738 1978
 90 344.000 321.000  10   2  954 1194
 91 397.000 283.000  10   9 1587 1827
 92 160.000 313.000  10   8 3375 3615
 93 210.000 294.000  10  43  258  498
 94 320.000 373.000  10  22 2146 2386
 95 231.000 182.000  10  18   35  275
 96  30.000 349.000  10   9 2651 2891
 97  26.000 372.000  10  14  859 1099
 98  49.000 222.000  10  11 4450 4690
 99  17.000  99.000   0   1 3966 4206
100 309.000 279.000  10  19  568  808
101 279.000 337.000  10   5 2353 2593
102  32.000 163.000  10   9  817 1057
103 214.000 119.000  10   5 3998 4238
104 134.000 320.000  10  39  598  838
105  92.000  68.000  10  19 2821 3061
106 184.000 282.000  10  19  214  454
107 289.000 234.000  10  33  261  501
108 138.000 143.000  10  17  268  508
109 165.000 335.000  10   3 2530 2770
110 297.000 240.000  10  37  980 1220
111  17.000 348.000  10  22 1692 1932
112 192.000 200.000  10  22    8  248
113 200.000 144.000  10  12  262  502
114 317.000  68.000  10  13 4581 4821
115 129.000  53.000  10  14 2945 3185
116 153.000 222.000  10  33   88  328
117 306.000 361.000  10   4 2761 3001
118  46.000 110.000  10  16 2191 2431
119 123.000 159.000  10  30 5199 5439
120 234.000   7.000  10  10 4405 4645
121 162.000 316.000  10  30 2326 2566
122 309.000 274.000  10  23 1302 1542
123  57.000 124.000  10  24  528  768
124  46.000 102.000  10  25 2354 2594
125 382.000  49.000  10   9 3443 3683
126 292.000  33.000  10  13 3714 3954
127 359.000 389.000  10  13 4158 4398
128 230.000 266.000  10  14 3333 3573
129  68.000 378.000  10  10 2666 2906
130 220.000 238.000  10  12   52  292
131 276.000 298.000  10  10  376  616
132 362.000 399.000  10  24 3502 3742
133 179.000 175.000  10   2   32  272
134 200.000  48.000  10  20  819 1059
135 165.000 264.000  10  20  172  412
136 196.000 129.000  10  22 3004 3244
137 243.000 287.000  10   8  486  726
138 396.000 106.000  10  18 1021 1261
139 151.000 231.000  10  10  258  498
140 340.000  79.000  10  30 2618 2858
141 308.000 327.000  10  13 1493 1733
142  90.000 311.000  10  12 2614 2854
143 359.000  31.000  10  11 4954 5194
144 391.000 136.000  10  33  792 1032
145 344.000 236.000  10  28 3477 3717
146 202.000   6.000  10  20 2482 2722
147   2.000  29.000  10  28 5393 5633
148 384.000  53.000  10  13 3738 3978
149  29.000  86.000  10  28 2221 2461
150 358.000 309.000  10  11 3364 3604
151 147.000 210.000  10  23   96  336
152 115.000  51.000  10  18 3332 3572
153 393.000 256.000  10  13 1495 1735
154 340.000 290.000  10  39 1744 1984
155 271.000 116.000  10  28 3575 3815
156 319.000 113.000  10  26 4609 4849
157 371.000 111.000  10   3  937 1177
158 397.000 362.000  10  15  941 1181
159  50.000 385.000  10  31 3232 3472
160  80.000 282.000  10  10 2025 2265
161  91.000 388.000  10   2  800 1040
162 327.000 115.000  10  15 1154 1394
163  23.000 317.000  10  10 1755 1995
164   4.000 307.000  10  14 4250 4490
165 379.000 254.000  10   3 1097 1337
166  67.000 318.000  10  15  923 1163
167 243.000 215.000  10   7   62  302
168 336.000 201.000  10  17 3220 3460
169 192.000 332.000  10  31 1693 1933
170  18.000 294.000  10  45 1889 2129
171 400.000 373.000  10   7  987 1227
172 287.000 225.000  10  20 2922 3162
173  66.000 144.000  10  29  501  741
174  19.000  61.000   0  16 4550 4790
175 389.000 171.000  10   3 1746 1986
176 377.000  29.000  10  22 2926 3166
177   6.000  20.000  10  27  992 1232
178 177.000  55.000  10  17 2962 3202
179  92.000  73.000  10   8 1289 1529
180 163.000 270.000  10  14 2118 2358
181 353.000   3.000  10  20  962 1202
182  18.000 102.000  10  18  869 1109
183 142.000 262.000  10  41 1988 2228
184 314.000 257.000  10  13  390  630
185 161.000 124.000  10  17 2580 2820
186 184.000 233.000  10  19   36  276
187 277.000 163.000  10  29 2305 2545
188 125.000 182.000  10  24  189  429
189  51.000 205.000  10  26 4804 5044
190  55.000 115.000  10   8 3071 3311
191  54.000 108.000  10  17 1008 1248
192 108.000  75.000  10  24  501  741
193 359.000  42.000  10  10 3307 3547
194 248.000 286.000  10  35  314  554
195 143.000 159.000  10  16  161  401
196 343.000 322.000  10  21 3186 3426
197 223.000  41.000  10  19 2144 2384
198 155.000 159.000  10  15  166  406
199  73.000   4.000  10  20 5564 5804
200 175.000 304.000  10  24  308  548
201 110.000 241.000  10   9  276  516
202 399.000 179.000  10  26 1730 1970
203 234.000  73.000  10   8  560  800
204  35.000 238.000  10  32  703  943
205 111.000 286.000  10  21  472  712
206 350.000 207.000  10  16 1451 1691
207 320.000 166.000  10  25 2284 2524
208 228.000  96.000  10  37 1229 1469
209  38.000 366.000  10  18  973 1213
210  26.000 275.000  10  16 4466 4706
211  49.000 187.000  10  20  705  945
212  81.000 156.000  10  25 1681 1921
213 267.000 321.000  10  26 2473 2713
214 336.000 386.000  10  21 2848 3088
215 162.000 251.000  10  21  134  374
216 231.000 320.000  10   4  581  821
217  45.000  85.000  10  10 3601 3841
218 371.000 386.000  10  23 1240 1480
219 253.000 316.000  10  21 1622 1862
220 264.000  69.000  10  15 2602 2842
221 330.000 353.000  10   9 4686 4926
222 169.000 235.000  10  35   67  307
223 186.000 179.000  10  29   25  265
224 323.000 218.000  10  34 3219 3459
225 356.000 315.000  10  18 1623 1863
226 193.000  18.000  10  22 1684 1924
227 228.000 341.000  10  13 3969 4209
228 324.000 184.000  10  25  422  662
229 262.000  30.000  10   8  604  844
230 361.000 287.000  10  13  962 1202
231 381.000 375.000  10  11 4226 4466
232 220.000  71.000  10  22 2645 2885
233  26.000 260.000  10  16 2457 2697
234 113.000  80.000  10  19  604  844
235  78.000 261.000  10  32  426  666
236  85.000 333.000  10  19 2246 2486
237  52.000 301.000  10   7 3639 3879
238 273.000 182.000  10  18 3342 3582
239 163.000 264.000  10  26  176  416
240  96.000 162.000  10  15 3588 3828
241 209.000 208.000  10   8   12  252
242   8.000  68.000  10  29 2553 2793
243 285.000 107.000  10  17 1942 2182
244 213.000 216.000  10   9   20  260
245  73.000 124.000  10   9 2150 2390
246 296.000 156.000  10  17  352  592
247 117.000 395.000  10  13 1545 1785
248 381.000 290.000  10  36 1817 2057
249 317.000 183.000  10  29  414  654
250 196.000  51.000  10  19 2059 2299
251 299.000 227.000  10  25  332  572
252 211.000 153.000  10  14  165  405
253 213.000 332.000  10  21 2811 3051
254 248.000 126.000  10  23 2547 2787
255 201.000 195.000  10  12    5  245
256 146.000 174.000  10  23  120  360
257 341.000  33.000  10  27 1057 1297
258 310.000 340.000  10  11  633  873
259 176.000 154.000  10  15   88  328
260  74.000 231.000  10  11 1834 2074
261  93.000  31.000  10  21 2571 2811
262 349.000 324.000  10  33 2093 2333
263   5.000 344.000  10   7 4977 5217
264 137.000  68.000  10  25  515  755
265 103.000  95.000  10  26 2324 2564
266 315.000 237.000  10  33 2018 2258
267 294.000 118.000  10  13  379  619
268 138.000 326.000  10  17 2183 2423
269 304.000 395.000  10  18 2055 2295
270  59.000  49.000  10  36 1575 1815
271 170.000 176.000  10  19 4003 4243
272 117.000 381.000  10  18 2430 2670
273 326.000 156.000  10  15 1105 1345
274  94.000 165.000  10   5 2537 2777
275 107.000  98.000  10  21  472  712
276 262.000 233.000  10  16 4378 4618
277  41.000 337.000  10   9 2616 2856
278 384.000 307.000  10   7 1459 1699
279 234.000 214.000  10  20   36  276
280 325.000  45.000  10   8 2296 2536
281 343.000 134.000  10   8 3975 4215
282 278.000 289.000  10  19  353  593
283 203.000  40.000  10  11 3107 3347
284   2.000 200.000  10  35 1306 1546
285 348.000 319.000  10  29 1265 1505
286  36.000 203.000  10  11 1461 1701
287 125.000 122.000  10  15  384  624
288 368.000 278.000  10  20  905 1145
289  48.000 278.000  10  36  604  844
290 197.000 200.000  10  15    3  243
291 196.000 138.000  10  18  230  470
292 256.000 356.000  10  19  593  833
293 108.000 399.000  10  23  757  997
294 124.000 221.000  10  27 3952 4192
295 122.000 105.000  10   7  651  891
296 236.000 171.000  10  27   65  305
297 348.000 371.000  10  23 2548 2788
298  26.000 326.000  10  21 2471 2711
299 380.000 126.000  10  31  749  989
300  88.000 372.000  10  14 1357 1597
301  60.000 319.000  10  29  961 1201
302 172.000 109.000  10  13  301  541
303 157.000 378.000  10  22 3605 3845
304 219.000  49.000  10  23 1784 2024
305 316.000 112.000  10   9 3795 4035
306 398.000 325.000  10  22 3439 3679
307 262.000 212.000  10  19 4442 4682
308 349.000 181.000  10   1 1096 1336
309 201.000 255.000  10  16  100  340
310 237.000 243.000  10   9  107  347
311 330.000 313.000  10  27  569  809
312 247.000 212.000  10  15  629  869
313 366.000  97.000  10  23 3028 3268
314 284.000 311.000  10  19 1337 1577
315 343.000 184.000  10  17 4430 4670
316  55.000 346.000  10  13 1711 1951
317 255.000  80.000  10  11 2019 2259
318  73.000 126.000  10  38 1618 1858
319 369.000 171.000  10  23  566  806
320 244.000  56.000  10  14 2588 2828
321 220.000  38.000  10  32 2260 2500
322 154.000  41.000  10  22 5083 5323
323 206.000 106.000  10  33 1092 1332
324 319.000 160.000  10  26  611  851
325 246.000 244.000  10  33 2655 2895
326 173.000 384.000  10   3  624  864
327 368.000  63.000  10  22 1599 1839
328 237.000 200.000  10  17   37  277
329 286.000  44.000  10  18 2203 2443
330 100.000 218.000  10  31  350  590
331 148.000  94.000  10  23 3294 3534
332  16.000 311.000  10  10 1112 1352
333 105.000 254.000  10  12 1575 1815
334  66.000 118.000  10  27 2198 2438
335 348.000  41.000  10  16 2571 2811
336 160.000  62.000  10  11 2776 3016
337 234.000  20.000  10  15 1614 1854
338 230.000 139.000   0  14 5131 5371
339  45.000 291.000  10  18  794 1034
340  95.000 391.000  10   5 1831 2071
341 156.000  32.000  10  34 3101 3341
342  79.000 344.000  10  16  807 1047
343  59.000  51.000  10  14  764 1004
344 380.000 339.000   0  10 2906 3146
345  43.000  67.000  10  15 1571 1811
346 209.000 167.000  10  17   34  274
347 294.000  13.000  10  26 2287 2527
348   4.000  60.000  10  29  900 1140
349  26.000 247.000  10  31 1491 1731
350  44.000 296.000  10  18 1875 2115
351  56.000 156.000  10  19 2672 2912
352 311.000 356.000  10   9  646  886
353 102.000  84.000  10   3  602  842
354   7.000 143.000  10   4 1272 1512
355  52.000 343.000  10  18 1647 1887
356 199.000  22.000  10  20 1752 1992
357  75.000  76.000  10  23 1255 1495
358 377.000 282.000  10  20 1493 1733
359 194.000  65.000  10  16 1485 1725
360 213.000 280.000  10  29  204  444
361 334.000  92.000  10  29 1714 1954
362   0.000 155.000  10   9  700  940
363 186.000 355.000  10  25  503  743
364 102.000  42.000  10  17  667  907
365  96.000 209.000  10  28  432  672
366  53.000  51.000  10  18  878 1118
367 361.000 236.000  10  13  589  829
368  76.000  90.000  10   2 2927 3167
369 395.000 113.000  10   9 2260 2500
370 110.000 290.000  10   3  430  670
371 251.000  70.000  10  24 1771 2011
372  92.000 384.000  10  26 1552 1792
373 122.000 397.000  10  22 2246 2486
374 168.000  15.000  10   6 2427 2667
375  35.000 160.000  10  13 4010 4250
376 153.000 224.000  10  15 3079 3319
377   2.000  17.000  10  11 1017 1257
378 168.000 223.000  10  19   39  279
379 299.000 270.000  10  24 3272 3512
380 397.000 133.000  10  24 2904 3144
381  24.000  57.000  10  18  787 1027
382 234.000  37.000  10  12 1989 2229
383 381.000  12.000  10  15 2302 2542
384 117.000 148.000  10  14  272  512
385 146.000 320.000  10  22 1927 2167
386 114.000  88.000  10  24 2638 2878
387 325.000 311.000  10  15 2390 2630
388 192.000 268.000  10  31 2035 2275
389  37.000 119.000  10  15 2045 2285
390 291.000 398.000  10  16 2064 2304
391 162.000 121.000  10   1  231  471
392 302.000 345.000  10   9  857 1097
393  34.000 371.000  10  18 1459 1699
394 338.000 290.000  10  12 2541 2781
395 100.000  10.000  10  27 1081 1321
396 310.000 163.000  10  20 2709 2949
397 142.000 379.000  10  11 3061 3301
398 326.000  79.000  10  29 3165 3405
399 267.000 221.000  10  24 2287 2527
400 244.000 176.000  10  24   80  320
401  81.000 290.000  10  14 1542 1782
402 400.000 109.000  10  20 3329 3569
403 319.000 115.000  10  16 2600 2840
404 244.000 135.000  10 -16 2627 2867
405 279.000 262.000  10 -12  282  522
406 392.000  14.000  10  -9 4043 4283
407 146.000 301.000  10 -13 1352 1592
408 312.000 247.000  10  -3 3468 3708
409  35.000  79.000  10 -15 1630 1870
410 246.000  47.000  10 -13 4423 4663
411 193.000 216.000  10 -23 4864 5104
412  68.000 143.000  10 -42 4961 5201
413   3.000   2.000  10  -4 3766 4006
414 354.000 199.000  10 -19 5061 5301
415 166.000 357.000  10 -11 4793 5033
416 271.000 371.000  10 -26 2947 3187
417 266.000   8.000  10  -3 2260 2500
418 398.000 258.000  10 -15 2332 2572
419 274.000 247.000  10 -30 3715 3955
420 116.000 195.000  10 -17 4206 4446
421 352.000 156.000  10 -22 3531 3771
422  41.000 399.000  10  -3  986 1226
423 300.000  64.000  10 -21 4568 4808
424 142.000 238.000  10  -3 4650 4890
425 108.000  48.000  10  -8 3267 3507
426 229.000 371.000  10 -21 3991 4231
427 287.000 279.000  10 -18 4726 4966
428 136.000 373.000  10 -13 2397 2637
429 305.000 257.000  10 -19 2416 2656
430 259.000   4.000  10 -25 2363 2603
431  18.000 235.000  10 -10  812 1052
432 217.000 211.000  10 -23 4662 4902
433 384.000  64.000  10 -24 4203 4443
434 157.000 220.000  10  -7 5445 5685
435 142.000 385.000  10  -8 2049 2289
436 244.000 285.000  10 -11 5210 5450
437 164.000  80.000  10 -12 4674 4914
438  70.000  81.000  10 -28 3449 3689
439 367.000 361.000  10 -14 1888 2128
440 231.000  36.000  10 -29 4063 4303
441  92.000 238.000  10  -3 4797 5037
442  50.000 315.000  10 -25 2453 2693
443 368.000 215.000  10 -18 2846 3086
444 328.000  39.000  10 -22 2965 3205
445 348.000 343.000  10 -14 1299 1539
446 371.000 349.000  10 -26  991 1231
447 321.000 144.000  10 -30 4197 4437
448  78.000  85.000  10 -10 2903 3143
449  12.000 368.000  10 -14 3026 3266
450 357.000  38.000  10 -20 4358 4598
451 328.000   8.000  10 -29 1722 1962
452 192.000 151.000  10  -1 2274 2514
453 377.000 144.000  10 -18 1809 2049
454 388.000 106.000  10  -6  994 1234
455 285.000 136.000  10  -4 4295 4535
456 280.000   5.000  10 -12 4004 4244
457 365.000 303.000  10 -11 3547 3787
458 393.000 246.000  10 -11 1974 2214
459 102.000 377.000  10  -8 3877 4117
460  63.000 166.000  10 -18 3924 4164
461  74.000 351.000  10 -36 3779 4019
462  13.000 322.000  10 -19 1410 1650
463  26.000  70.000  10 -26 3625 3865
464 161.000 346.000  10 -18 4165 4405
465 285.000 287.000  10 -21 2922 3162
466 257.000  98.000  10 -17 1294 1534
467 207.000 185.000  10 -18 4821 5061
468 202.000 158.000  10 -21 4573 4813
469   8.000 384.000  10 -25 3982 4222
470 384.000  72.000  10 -21 3913 4153
471  56.000  97.000  10 -17 3706 3946
472 397.000 261.000  10 -20 2279 2519
473 243.000 140.000  10 -24 5034 5274
474 308.000 314.000  10  -9 2499 2739
475 303.000 358.000  10 -36 1305 1545
476 345.000 195.000  10 -34 3668 3908
477 159.000  11.000  10  -7 4694 4934
478  84.000 221.000  10  -7 4352 4592
479 213.000 305.000  10 -30 1900 2140
480 344.000  72.000  10  -5 4200 4440
481 186.000 145.000  10 -26 5901 6141
482 180.000 359.000  10 -25 3706 3946
483 384.000 294.000  10 -16 2168 2408
484 337.000  81.000  10 -23 2794 3034
485   3.000  15.000  10 -23 4346 4586
486  56.000 292.000  10  -8 1965 2205
487  11.000 274.000  10 -21 3141 3381
488 243.000 209.000  10 -12 5456 5696
489 338.000 150.000  10 -13 3012 3252
490 292.000 392.000  10  -2 2584 2824
491  26.000 199.000  10  -8 3170 3410
492  41.000 183.000  10 -18 4649 4889
493 326.000 374.000  10  -2 2251 2491
494 388.000 275.000  10  -9 3648 3888
495 168.000 268.000  10  -8 4154 4394
496 174.000 326.000  10 -43 3759 3999
497 243.000 275.000  10 -22 3618 3858
498 212.000 197.000  10 -18 3355 3595
499  36.000 288.000  10  -9 3766 4006
500   1.000 335.000  10 -14  939 1179
501  70.000 231.000  10 -11 4328 4568
502  17.000  99.000  10  -1 3966 4206
503 306.000  85.000  10 -19 4518 4758
504 316.000 327.000  10  -5 2994 3234
505  87.000 164.000  10  -9 2587 2827
506 225.000  53.000  10  -5 4269 4509
507 102.000 324.000  10 -39 1903 2143
508 210.000   1.000  10 -19 3938 4178
509 153.000 315.000  10 -19  377  617
510 364.000  55.000  10 -33 1301 1541
511  94.000 268.000  10 -17 1400 1640
512 246.000 247.000  10  -3 2655 2895
513 321.000 287.000  10 -37 2303 2543
514  84.000 206.000  10 -22 2250 2490
515 151.000 188.000  10 -22   82  322
516 217.000  98.000  10 -12  294  534
517 279.000  91.000  10 -13 5173 5413
518 193.000  29.000  10 -14 2968 3208
519 102.000 252.000  10 -33  324  564
520 316.000 383.000  10  -4 3204 3444
521  82.000  78.000  10 -16 4683 4923
522 135.000 161.000  10 -30 5342 5582
523 166.000 115.000  10 -10 4935 5175
524 362.000 207.000  10 -30 3123 3363
525 366.000 340.000  10 -23 2801 3041
526 116.000 102.000  10 -24 3195 3435
527   2.000   3.000  10 -25 3117 3357
528 377.000  72.000  10  -9 5173 5413
529 140.000  40.000  10 -13 4000 4240
530 325.000 294.000  10 -13 4523 4763
531 107.000 159.000  10 -14 4067 4307
532  74.000 283.000  10 -10 4284 4524
533 307.000 396.000  10 -12 3028 3268
534 300.000 319.000  10 -10  547  787
535 247.000 377.000  10 -24 4802 5042
536 137.000 132.000  10  -2  805 1045
537 201.000   6.000  10 -20 2281 2521
538 163.000 364.000  10 -20 3088 3328
539 201.000 242.000  10 -22 3022 3262
540 353.000 357.000  10  -8  821 1061
541 376.000  19.000  10 -18 5063 5303
542  36.000 286.000  10 -10 2990 3230
543 325.000 130.000  10 -30 4093 4333
544 287.000 343.000  10 -13 2821 3061
545  32.000 229.000  10 -12 4158 4398
546 279.000 148.000  10 -11 5748 5988
547 381.000  27.000  10 -33 1792 2032
548 291.000 304.000  10 -28 4093 4333
549  96.000  22.000  10 -20 3205 3445
550 185.000 180.000  10 -28 6476 6716
551 384.000  47.000  10 -13 4305 4545
552   2.000  52.000  10 -28 2646 2886
553 340.000 276.000  10 -11 3411 3651
554  16.000 294.000  10 -23 1452 1692
555 126.000  90.000  10 -18 3402 3642
556 277.000 143.000  10 -13 2514 2754
557 303.000 112.000  10 -39 3432 3672
558 338.000 106.000  10 -28 3746 3986
559 236.000 119.000  10 -26 5341 5581
560 397.000  73.000  10  -3  818 1058
561 146.000 324.000  10 -15 5586 5826
562   8.000 363.000  10 -31 3457 3697
563  40.000 314.000  10 -10 2837 3077
564  48.000 358.000  10  -2 3442 3682
565 361.000 194.000  10 -15 1559 1799
566  38.000 291.000  10 -10 1975 2215
567 160.000 222.000  10 -14 5116 5356
568 294.000 249.000  10  -3 1824 2064
569  42.000 197.000  10 -15 1415 1655
570 356.000 299.000  10  -7 4143 4383
571 308.000 217.000  10 -17 3909 4149
572 286.000 308.000  10 -31 2450 2690
573  52.000 194.000  10 -45 2135 2375
574 371.000 396.000  10  -7 2346 2586
575 285.000 184.000  10 -20 4059 4299
576 102.000 118.000  10 -29 4615 4855
577  19.000  61.000  10 -16 4550 4790
578 380.000 145.000  10  -3 2031 2271
579 320.000  24.000  10 -22 3971 4211
580  59.000  89.000  10 -27 3018 3258
581 196.000 107.000  10 -17 5257 5497
582   8.000 119.000  10  -8 3294 3534
583 302.000 300.000  10 -14 3268 3508
584 347.000  59.000  10 -20 1825 2065
585  75.000  89.000  10 -18 3244 3484
586 232.000 131.000  10 -41 4483 4723
587 337.000 248.000  10 -13 1848 2088
588 177.000  77.000  10 -17 3135 3375
589  31.000 360.000  10 -19 1049 1289
590 238.000 119.000  10 -29 2632 2872
591 102.000 149.000  10 -24 1968 2208
592 126.000 208.000  10 -26 5418 5658
593   6.000  62.000  10  -8 3528 3768
594  13.000  96.000  10 -17 2945 3185
595  16.000 114.000  10 -24 2832 3072
596 364.000  23.000  10 -10 4200 4440
597 372.000 382.000  10 -35 2442 2682
598 274.000   7.000  10 -16 1258 1498
599 394.000 299.000  10 -21 3115 3355
600 131.000  82.000  10 -19 3523 3763
601 335.000 202.000  10 -15 3257 3497
602 177.000 139.000  10 -20 6260 6500
603  72.000 315.000  10 -24 2666 2906
604  48.000 304.000  10  -9  859 1099
605 350.000 131.000  10 -26 3147 3387
606 154.000  68.000  10  -8 2895 3135
607   8.000 285.000  10 -32 1233 1473
608  57.000 381.000  10 -21  856 1096
609 349.000 135.000  10 -16 2131 2371
610 246.000 152.000  10 -25 2345 2585
611 190.000  27.000  10 -37 1606 1846
612  21.000 255.000  10 -18 2982 3222
613   5.000 345.000  10 -16 4782 5022
614 209.000 283.000  10 -20 2409 2649
615 120.000 170.000  10 -25 1770 2010
616 138.000 306.000  10 -26 3395 3635
617 326.000 335.000  10 -21 3864 4104
618  68.000 386.000  10 -21 1178 1418
619 296.000 388.000  10  -4  987 1227
620  91.000  61.000  10 -10 5844 6084
621 362.000 378.000  10 -23 1830 2070
622 300.000 272.000  10 -21 2712 2952
623 254.000   0.000  10 -15 2631 2871
624 140.000 344.000  10  -9 5092 5332
625  65.000 335.000  10 -35 1258 1498
626 131.000  89.000  10 -29  502  742
627 304.000 319.000  10 -34 3385 3625
628 391.000 260.000  10 -18 2356 2596
629 158.000  85.000  10 -22 3672 3912
630 236.000 260.000  10 -13 4415 4655
631 342.000 154.000  10 -25 1540 1780
632 100.000  15.000  10  -8 1202 1442
633 384.000 248.000  10 -13  827 1067
634 390.000 357.000  10 -11 4105 4345
635 183.000  71.000  10 -22 2999 3239
636  11.000 328.000  10 -16 3009 3249
637  66.000   5.000  10 -19 4482 4722
638  43.000 121.000  10 -32 3880 4120
639 159.000 164.000  10 -19 5285 5525
640 171.000 168.000  10  -7 5353 5593
641 163.000 207.000  10 -18 4440 4680
642  33.000 226.000  10 -26 4710 4950
643 140.000 131.000  10 -15 3457 3697
644 322.000 281.000  10  -8  506  746
645  14.000  53.000  10 -29 3159 3399
646 238.000 124.000  10 -17 2248 2488
647 229.000 105.000  10  -9 3361 3601
648  85.000 128.000  10  -9 5091 5331
649 348.000 102.000  10 -17 1507 1747
650 205.000 372.000  10 -13 3497 3737
651 330.000  76.000  10 -36 3652 3892
652 348.000 189.000  10 -29 1014 1254
653 178.000 103.000  10 -19 2410 2650
654 370.000  57.000  10 -25 4414 4654
655 269.000 203.000  10 -14 1440 1680
656 193.000 390.000  10 -21 4078 4318
657 362.000 115.000  10 -23 4186 4426
658 265.000 127.000  10 -12  271  511
659 170.000 114.000  10 -23 2486 2726
660 309.000  53.000  10 -27 1246 1486
661 256.000 385.000  10 -11 2323 2563
662  85.000  61.000  10 -15  602  842
663  92.000 255.000  10 -11 1636 1876
664 148.000  71.000  10 -21 3202 3442
665 119.000 286.000  10 -33 3254 3494
666  77.000 319.000  10  -7 4896 5136
667 186.000  75.000  10 -25 3059 3299
668  86.000 112.000  10 -26 2790 3030
669 290.000  82.000  10 -33 3533 3773
670 332.000 216.000  10 -13 1730 1970
671 256.000 145.000  10 -17 4515 4755
672 264.000 341.000  10 -18 4103 4343
673  30.000  39.000  10 -36 1412 1652
674 103.000 154.000  10 -19 4364 4604
675  55.000 341.000  10 -18 2642 2882
676 308.000 178.000  10 -15 1533 1773
677 124.000 179.000  10  -5 2813 3053
678 173.000  72.000  10 -21 1037 1277
679 231.000 229.000  10 -16 4751 4991
680  41.000  93.000  10  -9 3914 4154
681 324.000 194.000  10  -7 4204 4444
682 239.000 252.000  10 -20 5270 5510
683 378.000  30.000  10  -8 4338 4578
684 218.000 134.000  10  -8 5039 5279
685 395.000 340.000  10 -19  840 1080
686 159.000  79.000  10 -11 3108 3348
687 250.000 183.000  10 -35 4028 4268
688 329.000 208.000  10 -29 5207 5447
689  74.000  87.000  10 -11 5359 5599
690 226.000  52.000  10 -15 1921 2161
691 248.000 124.000  10 -20 2597 2837
692  46.000 197.000  10 -36 1633 1873
693 125.000 175.000  10 -15  586  826
694 194.000 121.000  10 -18 5029 5269
695 260.000 352.000  10 -19 1519 1759
696  40.000 336.000  10 -23 4761 5001
697 123.000 176.000  10 -27 4619 4859
698 208.000  86.000  10  -7 3771 4011
699 374.000 175.000  10 -27 1316 1556
700 310.000 363.000  10 -23 4177 4417
701  78.000 194.000  10 -21 3693 3933
702 309.000  18.000  10 -31 1526 1766
703  41.000 340.000  10 -14 3390 3630
704  68.000 215.000  10 -29 3826 4066
705 162.000  94.000  10 -13  330  570
706  75.000 238.000  10 -22 3962 4202
707 188.000  67.000  10 -23 4138 4378
708 339.000  69.000  10  -9 3803 4043
709 352.000 303.000  10 -22 4229 4469
710 237.000 259.000  10 -19 4635 4875
711 321.000  85.000  10  -1 1674 1914
712 262.000 390.000  10 -16 1845 2085
713 231.000  76.000  10  -9 3205 3445
714 338.000 315.000  10 -27 3749 3989
715 375.000 294.000  10 -15 2352 2592
716 359.000 157.000  10 -23 3179 3419
717 184.000 235.000  10 -19 4435 4675
718 230.000 234.000  10 -17 6184 6424
719  13.000 220.000  10 -13 4200 4440
720 240.000 201.000  10 -11 2956 3196
721  69.000  82.000  10 -38 3440 3680
722 391.000  42.000  10 -23 3796 4036
723 196.000  77.000  10 -14 3252 3492
724 150.000  49.000  10 -32 3330 3570
725 195.000 148.000  10 -22 5243 5483
726 184.000  69.000  10 -33 1953 2193
727 297.000 137.000  10 -26 1772 2012
728 351.000 199.000  10 -33 3108 3348
729 105.000 360.000  10  -3 3082 3322
730 369.000   6.000  10 -22 2130 2370
731 339.000   3.000  10 -17 3151 3391
732 244.000  50.000  10 -18 3756 3996
733 101.000  99.000  10 -31 5189 5429
734 143.000  20.000  10 -23 4810 5050
735  44.000 277.000  10 -10 2076 2316
736 282.000 252.000  10 -12 3411 3651
737  88.000 121.000  10 -27 2212 2452
738 338.000   5.000  10 -16 4006 4246
739 166.000  19.000  10 -11 4736 4976
740 168.000  87.000  10 -15 3606 3846
741 230.000 139.000  10 -14 5131 5371
742   5.000 266.000  10 -18 1411 1651
743  80.000 392.000  10  -5 2081 2321
744 187.000  23.000  10 -34 3952 4192
745  37.000 397.000  10 -16 3240 3480
746  40.000  31.000  10 -14 2242 2482
747 380.000 339.000  10 -10 2906 3146
748 118.000 122.000  10 -15 3742 3982
749 369.000 211.000  10 -17 1791 2031
750 350.000  18.000  10 -26 4483 4723
751  15.000   4.000  10 -29 2738 2978
752  84.000 293.000  10 -31 2164 2404
753  59.000 285.000  10 -18 4527 4767
754  76.000  72.000  10 -19 3978 4218
755 362.000 383.000  10  -9  963 1203
756 236.000  38.000  10  -3 1671 1911
757  37.000 106.000  10  -4 1373 1613
758 133.000 375.000  10 -18 2541 2781
759 231.000   6.000  10 -20 2744 2984
760  12.000  40.000  10 -23 2400 2640
761 367.000 300.000  10 -20 1737 1977
762 158.000 121.000  10 -16 4361 4601
763 251.000 381.000  10 -29 1011 1251
764 194.000 166.000  10 -29 2692 2932
765  97.000 105.000  10  -9 3714 3954
766  97.000 387.000  10 -25 2185 2425
767  13.000  59.000  10 -17 2177 2417
768  74.000 213.000  10 -28 1678 1918
769  29.000   9.000  10 -18 3242 3482
770 364.000 213.000  10 -13 2253 2493
771  37.000  21.000  10  -2 3575 3815
772 382.000 169.000  10  -9 2572 2812
773  98.000 375.000  10  -3  690  930
774 195.000 121.000  10 -24 3424 3664
775 108.000 395.000  10 -26 2230 2470
776  85.000 256.000  10 -22 3955 4195
777 123.000  30.000  10  -6 2731 2971
778  79.000  95.000  10 -13 4843 5083
779 175.000 192.000  10 -15 3636 3876
780   9.000  47.000  10 -11 3351 3591
781  52.000  94.000  10 -19 4507 4747
782 266.000 234.000  10 -24 3592 3832
783 356.000 223.000  10 -24 3812 4052
784  51.000  64.000  10 -18 3121 3361
785 165.000 126.000  10 -12 4909 5149
786 338.000  14.000  10 -15 4745 4985
787 266.000  13.000  10 -14 2656 2896
788 278.000 221.000  10 -22 3548 3788
789 194.000  43.000  10 -24 2838 3078
790 246.000 298.000  10 -15 3764 4004
791 174.000 329.000  10 -31 2740 2980
792  87.000 147.000  10 -15 3438 3678
793 267.000 295.000  10 -16 2865 3105
794  58.000  98.000  10  -1  992 1232
795 352.000 383.000  10  -9 3131 3371
796  47.000 190.000  10 -18 2464 2704
797 349.000 249.000  10 -12 3420 3660
798 208.000  20.000  10 -27 2344 2584
799 378.000 118.000  10 -20 2848 3088
800 178.000 353.000  10 -11 3771 4011
801 341.000  78.000  10 -29 3258 3498
802 233.000 100.000  10 -24 2686 2926
803 374.000 163.000  10 -24 1201 1441
804 350.000 214.000  10 -14 3219 3459
805 303.000 142.000  10 -20 4250 4490
806 379.000 126.000  10 -16 3406 3646
807 200.000 200.000   0   0    0 6751
