403 403 1000 1000 1000
  0 200.000 200.000   0   0    0 6751
  1 221.000 225.000  10  16   52  210
  2 279.000 247.000  10  12  174  561
  3  93.000 283.000  10  13 1284 1486
  4 163.000 207.000  10   6 4376 4743
  5 329.000 208.000  10  20 5089 5565
  6 356.000 299.000  10  31 3951 4574
  7  40.000 153.000  10  15  617  717
  8  13.000 167.000  10  42  605  997
  9 299.000 399.000  10  11 2921 3387
 10 343.000 359.000  10  26 1742 2027
 11 101.000   8.000  10   3 1348 1872
 12 302.000 274.000  10  15 1083 1374
 13 131.000 275.000  10  30 2085 2265
 14 332.000 124.000  10  22 1307 1484
 15 106.000 302.000  10   3  273  836
 16 180.000 359.000  10  26 3592 4060
 17 299.000 308.000  10  21 2150 2476
 18 343.000 335.000  10  18 3279 3665
 19 135.000 384.000  10  13  861 1211
 20 156.000   4.000  10  25  652 1152
 21 177.000 174.000  10  10   34  412
 22 220.000 337.000  10  23  985 1632
 23 137.000 132.000  10  20  572 1278
 24 342.000 154.000  10  25 1601 1718
 25 353.000  65.000  10  24 1093 1473
 26  70.000 231.000  10  16 4324 4572
 27 145.000 301.000  10   8  177  743
 28 254.000   0.000  10   4 2492 3009
 29 236.000  44.000  10  12 2714 3597
 30  94.000 268.000  10  25 1288 1752
 31 265.000 127.000  10  35  144  638
 32 259.000 285.000  10  14  180  647
 33 278.000 221.000  10  27 3486 3851
 34 231.000 229.000  10  12 4625 5116
 35  69.000  82.000  10  11 3223 3897
 36 192.000 291.000  10   3  254  698
 37  91.000 233.000  10  25 1747 2102
 38 241.000 275.000  10  18 2631 3057
 39 327.000  11.000  10  22 2330 2514
 40 299.000 351.000  10  14  552  893
 41 311.000 344.000  10  26  705  913
 42 344.000 154.000  10  30 4030 4076
 43  39.000  34.000  10  10  784 1274
 44  68.000 250.000  10  14 2062 2568
 45 268.000 223.000  10  20   80  495
 46 334.000 186.000  10   1  540  826
 47  84.000 206.000  10  22 2151 2589
 48  12.000  40.000  10  20 2312 2727
 49 381.000 144.000  10  18 1766 2270
 50 308.000 178.000  10   4 1424 1883
 51 257.000  98.000  10   8 1152 1675
 52 111.000   4.000  10  12 1977 2227
 53 330.000 310.000  10  11 2617 2928
 54 140.000 387.000  10   8  577 1090
 55 271.000 371.000  10  15 2884 3250
 56   4.000 280.000  10  18  932 1093
 57  74.000 213.000  10  33 1609 1988
 58 303.000 358.000  10  37 1138 1712
 59 379.000 126.000  10   8 3495 3557
 60 398.000 258.000  10  12 2073 2831
 61 166.000 185.000  10  17   37  366
 62  87.000 378.000  10  25 1264 1795
 63  98.000 107.000  10  17 3677 3918
 64  56.000  97.000   0  19 3749 3903
 65 280.000 224.000  10  20  766 1168
 66 208.000  86.000  10   2 3723 4059
 67 395.000 167.000  10  24 3848 4112
 68 215.000 260.000  10   9  100  395
 69  44.000 277.000  10   9 2043 2348
 70 174.000 329.000  10  30 2728 2991
 71 273.000 118.000  10  34  240  724
 72 180.000  15.000  10   7 3387 3731
 73 371.000 396.000  10   5 2207 2724
 74 226.000 378.000  10  30 1324 1668
 75 357.000 202.000  10   5 1701 2412
 76  68.000 143.000  10  16 4893 5269
 77 384.000 248.000  10  35  677 1217
 78 267.000 295.000  10  20 2875 3096
 79 350.000 131.000  10  12 3036 3499
 80 335.000 202.000  10  23 3111 3643
 81 158.000 121.000  10  17 4262 4701
 82 166.000  19.000  10  11 4792 4921
 83 326.000 374.000  10  17 2270 2472
 84  32.000  78.000  10  23 2622 2687
 85  52.000 251.000  10   8  565  829
 86 110.000 351.000  10  21  494  913
 87 321.000 287.000  10  12 2255 2591
 88 232.000 127.000  10  13   79  695
 89 390.000 376.000  10   2 1808 2016
 90  73.000 292.000  10   8  576  948
 91 195.000 121.000  10  23 3486 3601
 92 175.000 192.000  10  13 3724 3787
 93 344.000 321.000  10   2  852 1297
 94 397.000 283.000  10   9 1436 1978
 95 210.000 294.000  10  43  286  470
 96 231.000 182.000  10  18   35  346
 97  26.000 372.000  10  14  828 1130
 98 309.000 279.000  10  19  639  737
 99 231.000  36.000  10  34 4101 4265
100  48.000 358.000  10  32 3362 3762
101 160.000 222.000  10  18 5040 5432
102 184.000 282.000  10  19  163  506
103 289.000 234.000  10  33  290  472
104 138.000 143.000  10  17  227  549
105 194.000 166.000  10   7 2459 3165
106 162.000  94.000  10  11  300  600
107 165.000 335.000  10   3 2444 2856
108 159.000  11.000  10   7 4546 5081
109 297.000 240.000  10  37  942 1258
110 192.000 200.000  10  22    8  411
111 200.000 144.000  10  12  220  545
112 337.000  81.000  10  22 2808 3020
113 285.000 184.000  10   9 3857 4501
114 378.000 118.000  10  12 2741 3196
115 309.000  53.000  10  26 1231 1501
116 153.000 222.000  10  33   51  599
117  46.000 110.000  10  16 2093 2529
118 234.000   7.000  10  10 4284 4766
119 309.000 274.000  10  23 1152 1692
120  68.000 386.000  10  16 1159 1436
121  37.000 397.000  10  50 3238 3482
122 269.000 203.000  10  30 1337 1782
123  31.000 360.000  10  23  962 1377
124 262.000 390.000  10  21 1692 2239
125  36.000 288.000  10   1 3597 4176
126 276.000 298.000  10  10  368  625
127 179.000 175.000  10   2   32  324
128 165.000 264.000  10  20   72  547
129 243.000 287.000  10   8  413  799
130 151.000 188.000  10  18   50  449
131 151.000 231.000  10  10  325  430
132  11.000 274.000  10  18 2974 3548
133 340.000  79.000   0  30 2653 2823
134  90.000 311.000  10  12 2680 2788
135 391.000 136.000  10  33  827  996
136 202.000   6.000  10  20 2360 2844
137 328.000   8.000  10  36 1770 1914
138 316.000 383.000  10  14 3043 3605
139 384.000  53.000  10  13 3602 4114
140  29.000  86.000  10  28 2163 2520
141 358.000 309.000  10  11 3288 3680
142 147.000 210.000  10  23  124  307
143 393.000 256.000  10  13 1496 1734
144 340.000 290.000  10  39 1847 1880
145 319.000 113.000  10  26 4431 5027
146 246.000  47.000  10  18 4060 5026
147 371.000 111.000  10   3  841 1273
148 322.000 281.000  10   9  519  733
149  50.000 385.000  10  31 3164 3540
150  91.000 388.000  10   2  784 1056
151 327.000 115.000  10  15 1122 1425
152 337.000 248.000  10  26 1766 2171
153 379.000 254.000  10   3 1095 1340
154  67.000 318.000  10  15  857 1229
155 372.000 382.000  10   7 2478 2645
156 356.000 223.000  10  28 3715 4149
157 243.000 215.000  10   7   83  282
158 336.000 201.000  10  17 2994 3687
159  18.000 294.000  10  45 1936 2082
160  66.000 144.000  10  29  356  886
161 389.000 171.000  10   3 1723 2009
162   6.000  20.000  10  27 1029 1195
163 177.000  55.000  10  17 2970 3195
164  13.000 322.000  10  19 1436 1624
165 369.000 211.000  10  20 1824 1998
166 163.000 270.000  10  14 2046 2430
167 349.000 249.000  10   5 3329 3751
168 353.000   3.000  10  20  863 1302
169 236.000 260.000  10  31 4279 4791
170 142.000 262.000  10  41 2079 2137
171 314.000 257.000  10  13  189  830
172 170.000 114.000  10   9 2500 2713
173  85.000 256.000  10  15 4028 4122
174  41.000 183.000  10  25 4668 4870
175 146.000 301.000  10  34 1168 1777
176 184.000 233.000  10  19   36  755
177 277.000 163.000  10  29 2255 2594
178 125.000 182.000  10  24  164  453
179  55.000 115.000  10   8 2946 3436
180 238.000 124.000  10  26 2191 2544
181  54.000 108.000  10  17  992 1264
182 108.000  75.000  10  24  544  698
183 359.000  42.000  10  10 3192 3661
184 248.000 286.000  10  35  280  588
185 277.000 143.000  10  12 2451 2817
186 143.000 159.000  10  16  151  411
187 155.000 159.000  10  15  196  376
188 175.000 304.000  10  24  108  747
189 110.000 241.000  10   9  153  638
190 196.000  77.000  10   4 3227 3517
191  65.000 335.000  10   4 1309 1446
192 279.000 262.000  10  19  201  603
193 350.000 207.000  10  16 1254 1889
194 228.000  96.000  10  37  973 1725
195 296.000 388.000  10  41 1008 1205
196  38.000 366.000  10  18  885 1301
197  49.000 187.000  10  20  530 1120
198 291.000 304.000  10   9 4190 4235
199  81.000 156.000   0  25 1754 1849
200 267.000 321.000  10  26 2367 2819
201 378.000  30.000  10  35 4252 4664
202 336.000 386.000  10  21 2858 3078
203 348.000 102.000  10  26 1527 1726
204 162.000 251.000  10  21   63  570
205 231.000 320.000  10   4  475  927
206 374.000 163.000  10  29 1120 1522
207 367.000 300.000  10  16 1606 2109
208 330.000  76.000  10  10 3624 3919
209 253.000 316.000  10  21 1657 1827
210 169.000 235.000  10  35   46  393
211 186.000 179.000  10  29   25  270
212 324.000 184.000  10  25  198  886
213 262.000  30.000  10   8  536  912
214 361.000 287.000  10  13  858 1307
215  26.000  70.000  10   3 3486 4003
216 381.000 375.000  10  11 4179 4513
217 220.000  71.000  10  22 2682 2849
218  78.000 261.000  10  32  471  621
219  52.000 301.000  10   7 3504 4014
220  51.000  64.000  10  14 3206 3277
221 273.000 182.000  10  18 3152 3771
222 163.000 264.000  10  26  179  413
223 213.000 305.000  10  24 1762 2277
224 209.000 208.000  10   8   12  348
225 100.000  15.000  10  21 1212 1432
226   8.000  68.000  10  29 2610 2736
227 178.000 103.000  10  10 2458 2602
228 285.000 107.000  10  17 1791 2332
229 274.000   7.000  10  21 1210 1545
230 213.000 216.000  10   9   20  663
231 190.000  27.000  10  10 1361 2091
232  73.000 124.000  10   9 1973 2567
233 348.000 189.000  10  17  846 1422
234 117.000 395.000  10  13 1518 1813
235  11.000 328.000  10  12 2941 3317
236 196.000  51.000  10  19 1958 2401
237 299.000 227.000  10  25  286  618
238 395.000 340.000  10  24  777 1144
239 259.000   4.000  10  26 2372 2595
240 211.000 153.000  10  14  223  347
241 370.000  57.000  10  10 4430 4637
242 119.000 286.000  10  18 3241 3508
243 213.000 332.000  10  21 2784 3078
244 248.000 126.000  10  23 2558 2777
245 208.000  20.000  10  10 2289 2639
246 201.000 195.000  10  12    5  528
247 146.000 174.000  10  23   59  480
248 341.000  33.000  10  27 1091 1263
249  86.000 112.000  10  17 2754 3066
250 310.000 340.000  10  11  616  890
251 176.000 154.000  10  15   51  401
252 131.000  89.000  10  26  441  803
253  74.000 231.000  10  11 1769 2140
254   5.000 344.000  10   7 4781 5412
255 137.000  68.000  10  25  432  838
256 103.000  95.000  10  26 2207 2680
257 294.000 118.000  10  13  218  780
258  75.000  89.000  10  18 3207 3522
259  63.000 166.000  10   4 3914 4175
260  59.000  89.000  10  24 2905 3370
261 304.000 395.000  10  18 2094 2255
262 384.000  47.000  10  31 4149 4702
263 117.000 381.000  10  18 2279 2821
264  72.000 315.000  10  11 2493 3078
265 326.000 156.000  10  15 1184 1267
266  94.000 165.000  10   5 2285 3029
267 229.000 371.000  10   7 3874 4348
268 107.000  98.000  10  21  360  825
269 243.000 275.000  10  31 3621 3855
270 397.000  73.000  10  15  822 1054
271 234.000 214.000  10  20   36  709
272 244.000 135.000  10   8 2528 2965
273 325.000  45.000  10   8 2194 2639
274 343.000 134.000  10   8 3913 4277
275 203.000  40.000  10  11 2995 3459
276 290.000  82.000  10  24 3421 3886
277   2.000 200.000  10  35 1141 1711
278  36.000 203.000  10  11 1372 1791
279 125.000 122.000  10  15  370  638
280 368.000 278.000  10  20  837 1213
281 374.000 175.000  10  18 1195 1677
282 126.000 208.000   0  26 5243 5833
283 153.000 315.000  10  16  375  619
284  48.000 278.000  10  36  666  781
285 197.000 200.000  10  15    3  313
286 196.000 138.000   0  18  210  489
287 226.000  52.000  10  17 1959 2123
288 256.000 356.000  10  19  626  799
289 108.000 399.000  10  23  540 1213
290 240.000 201.000  10  13 2904 3247
291 236.000 171.000  10  27  121  249
292 338.000 315.000  10   9 3726 4011
293 380.000 126.000  10  31  847  891
294  74.000 283.000  10   5 4132 4675
295  46.000 197.000  10  21 1351 2156
296  60.000 319.000  10  29  945 1216
297 174.000 326.000  10   8 3788 3971
298 172.000 109.000  10  13  161  681
299 157.000 378.000  10  22 3454 3997
300 219.000  49.000  10  23 1697 2111
301 316.000 112.000  10   9 3719 4112
302 349.000 181.000  10   1 1072 1359
303 201.000 255.000  10  16   55  472
304  21.000 255.000  10  29 2904 3301
305 102.000 252.000  10  21  174  714
306 237.000 243.000  10   9   56  426
307 330.000 313.000  10  27  641  736
308  16.000 114.000  10  26 2883 3022
309 236.000  38.000  10  38 1739 1843
310 308.000 217.000  10  12 3981 4077
311 316.000 327.000  10  24 3070 3158
312  73.000 126.000  10  38 1589 1886
313 369.000 171.000  10  23  470  901
314 350.000 214.000  10  28 3146 3533
315 220.000  38.000  10  32 2199 2562
316 173.000  72.000  10  39  961 1354
317 107.000 159.000  10  33 4160 4213
318 319.000 160.000  10  26  570  893
319  37.000 106.000  10   5 1401 1586
320 173.000 384.000  10   3  483 1005
321 300.000 272.000  10  15 2580 3084
322 237.000 200.000  10  17   37  438
323 294.000 249.000  10   8 1746 2142
324 388.000 106.000  10   9  982 1247
325 148.000  71.000  10   8 3148 3496
326 100.000 218.000  10  31  383  558
327 177.000  77.000  10  13 2979 3531
328 148.000  94.000  10  23 3215 3612
329  16.000 311.000  10  10  987 1477
330 158.000  85.000  10  22 3779 3805
331 105.000 254.000  10  12 1542 1848
332 348.000  41.000  10  16 2610 2771
333  85.000  61.000  10  20  487  957
334 234.000  20.000  10  15 1648 1820
335  45.000 291.000  10  18  720 1108
336  58.000  98.000  10  15 1026 1198
337  79.000 344.000  10  16  723 1131
338  59.000  51.000  10  14  647 1121
339  43.000  67.000  10  15 1442 1941
340 209.000 167.000  10  17   34  283
341  57.000 381.000  10  22  920 1031
342 294.000  13.000  10  26 2109 2705
343   4.000  60.000  10  29  815 1226
344  26.000 247.000  10  31 1443 1779
345  44.000 296.000  10  18 1731 2258
346 124.000 179.000  10  36 2617 3250
347 140.000 131.000  10  34 3356 3797
348 102.000  84.000  10   3  467  977
349   7.000 143.000  10   4 1214 1571
350 105.000 360.000  10  10 2884 3520
351 218.000 134.000   0  24 4964 5355
352 199.000  22.000  10  20 1680 2065
353 377.000 282.000  10  20 1487 1738
354 377.000 144.000  10  23 1825 2034
355 321.000  85.000  10  16 1672 1917
356 194.000  65.000  10  16 1426 1784
357 213.000 280.000  10  29  176  472
358  41.000 399.000  10  13  996 1215
359 334.000  92.000  10  29 1553 2116
360 248.000 124.000  10  19 2563 2871
361   0.000 155.000  10   9  639 1002
362 102.000  42.000  10  17  674  900
363  96.000 209.000  10  28  305  799
364 362.000 115.000  10  11 4152 4459
365   8.000 119.000  10  11 3079 3750
366  53.000  51.000  10  18  767 1229
367 123.000  30.000  10  12 2641 3061
368 361.000 236.000  10  13  587  832
369  76.000  90.000  10   2 2604 3490
370 110.000 290.000  10   3  276  824
371 251.000  70.000  10  24 1655 2127
372  92.000 384.000  10  26 1512 1832
373  47.000 190.000  10  23 2451 2718
374 388.000 275.000  10  21 3495 4041
375 338.000 150.000  10  16 2786 3478
376  50.000 315.000  10   4 2492 2654
377 153.000 224.000  10  15 3110 3287
378   2.000  17.000  10  11 1007 1268
379 168.000 223.000  10  19   39  450
380 397.000 133.000  10  24 2808 3240
381  24.000  57.000  10  18  754 1061
382 381.000  12.000  10  15 2254 2591
383 117.000 148.000  10  14  202  582
384 325.000 130.000  10  19 4109 4317
385 131.000  82.000  10  15 3386 3900
386 348.000 343.000  10  12 1272 1566
387 114.000  88.000  10  24 2479 3036
388  37.000 119.000  10  15 1950 2380
389 291.000 398.000  10  16 1986 2383
390 162.000 121.000  10   1  131  571
391 297.000 137.000  10  18 1783 2002
392 100.000  10.000  10  27 1023 1379
393 142.000 379.000  10  11 2916 3446
394 326.000  79.000  10  29 2962 3609
395   5.000 266.000  10  32 1259 1804
396 267.000 221.000  10  24 2250 2564
397 244.000 176.000  10  24   50  442
398 309.000  18.000  10  26 1583 1709
399 353.000 357.000  10  20  796 1086
400  87.000 164.000  10  11 2433 2981
401 349.000 135.000  10  28 2236 2267
402  12.000 368.000  10  12 2923 3368
403 231.000   6.000  10  32 2830 2897
404 220.000 238.000  10 -16   42  363
405 380.000 339.000  10 -12 2769 3282
406  56.000 156.000  10 -13 2614 2970
407 168.000 268.000  10  -6 4045 4502
408 243.000 209.000  10 -20 5507 5646
409 343.000 184.000  10 -31 4464 4636
410  18.000 102.000  10 -15  925 1053
411  10.000 202.000  10 -42  981 1749
412 310.000 363.000  10 -11 4213 4380
413 348.000 371.000  10 -26 2541 2796
414  45.000  85.000  10  -3 3465 3976
415 315.000 237.000  10 -15 1920 2357
416 246.000 247.000  10 -30 2558 2992
417 399.000 179.000  10 -22 1647 2054
418  34.000 371.000  10  -3 1278 1881
419 152.000 361.000  10 -26 3942 4408
420 286.000 308.000  10 -21 2393 2746
421 299.000 270.000  10 -18 3253 3530
422 247.000 377.000  10 -13 4714 5130
423 136.000 226.000  10 -25 3826 4274
424 145.000 165.000  10 -10   65  480
425 230.000 234.000  10 -23 6128 6480
426 124.000 221.000  10 -20 3921 4223
427 357.000 147.000  10 -25 2149 2218
428 364.000  55.000  10 -24 1362 1480
429  84.000 221.000  10 -16 4209 4735
430 147.000 376.000  10  -8  609 1054
431 154.000  41.000  10  -4 5033 5373
432 285.000 136.000  10 -12 4267 4564
433  74.000  87.000  10 -25 5207 5751
434 280.000   5.000  10 -35 3959 4289
435 367.000 361.000  10 -14 1807 2210
436 262.000 212.000  10 -27 4382 4741
437 217.000 211.000  10 -12 4473 5090
438  26.000 275.000  10 -11 4297 4876
439 169.000 352.000  10  -3  942 1170
440 209.000 283.000  10 -25 2347 2710
441 262.000 233.000  10 -18 4346 4651
442 186.000  75.000  10 -22 2950 3407
443 292.000 392.000  10 -14 2420 2989
444 380.000 390.000  10 -26  920 1256
445 369.000 118.000  10 -30 4158 4378
446  73.000   4.000  10 -10 5416 5953
447 150.000  49.000  10 -14 3384 3517
448 320.000 211.000  10 -20  162  803
449 356.000 315.000  10  -1 1514 1971
450 168.000  87.000  10 -22 3455 3998
451  52.000  94.000  10 -20 4453 4800
452 395.000 113.000  10 -18 2150 2610
453 287.000 225.000  10  -4 2869 3215
454 266.000  13.000  10  -8 2629 2923
455   2.000  52.000  10 -12 2510 3023
456 308.000 314.000  10 -11 2465 2773
457 138.000 326.000  10  -8 2130 2476
458 205.000 372.000  10 -15 3528 3706
459  18.000 235.000  10 -18  702 1162
460 278.000 265.000  10 -33 2529 2780
461 308.000 327.000  10 -37 1369 1857
462 271.000 116.000  10  -8 3561 3829
463 362.000 207.000  10 -12 3086 3400
464  42.000 197.000  10 -17 1484 1586
465  95.000 391.000  10 -25 1935 1967
466  97.000 105.000  10 -17 3504 4164
467  56.000  97.000  10 -19 3749 3903
468 160.000  62.000  10 -20 2856 2935
469 195.000 148.000  10  -2 5139 5586
470 306.000  85.000  10 -24 4469 4807
471 284.000 311.000  10  -9 1338 1576
472  26.000 260.000  10  -9 2446 2707
473 228.000 341.000  10 -30 3926 4251
474 184.000  69.000  10 -34 2027 2118
475 210.000   1.000  10  -7 3753 4364
476 362.000 399.000  10  -5 3417 3827
477 325.000 311.000  10 -30 2294 2726
478 352.000 156.000  10  -5 3536 3765
479 185.000 180.000  10 -16 6227 6716
480 397.000 261.000  10 -35 2273 2525
481 274.000 247.000  10 -20 3699 3971
482 392.000  14.000  10 -12 3968 4358
483 243.000 140.000  10 -23 5096 5211
484 166.000 115.000  10 -17 4874 5236
485 194.000 121.000  10 -11 4885 5413
486 287.000 343.000  10 -17 2607 3275
487  15.000   4.000  10 -23 2625 3090
488  85.000 333.000  10  -8 2089 2643
489  54.000 341.000  10 -21 1148 1433
490 338.000 290.000  10 -12 2407 2914
491 234.000  73.000  10 -13  417  944
492 307.000 396.000  10  -2 2895 3402
493  81.000 290.000  10  -8 1393 1932
494 187.000  23.000  10 -23 3687 4458
495 184.000 235.000  10 -13 4273 4838
496 382.000 169.000  10  -2 2592 2792
497 393.000 246.000  10  -9 1828 2359
498 250.000 340.000  10 -43  675  964
499 247.000 212.000  10 -18  719  779
500  88.000 372.000  10 -14 1250 1705
501 311.000 356.000  10 -19  502 1029
502 164.000  80.000  10 -34 4532 5055
503  92.000 238.000  10 -32 4797 5037
504 157.000 220.000  10 -18 5465 5665
505 201.000 242.000  10 -19 2986 3297
506 348.000 319.000  10 -33 1266 1504
507  66.000 118.000  10 -17 2261 2375
508 123.000 176.000  10  -7 4364 5114
509  46.000 102.000  10 -11 2455 2493
510 244.000 285.000  10  -3 5013 5647
511 196.000 107.000  10  -7 5167 5587
512 154.000  68.000  10 -37 2866 3164
513  35.000 160.000  10 -22 3894 4366
514 206.000 106.000  10 -12  967 1458
515 382.000  49.000  10 -22 3276 3851
516 232.000 131.000  10  -9 4442 4764
517 339.000   3.000  10 -12 3159 3383
518 126.000  90.000  10 -26 3149 3896
519  92.000 255.000  10 -33 1548 1964
520  14.000  53.000  10 -16 3137 3420
521 188.000  67.000  10 -10 4067 4448
522 323.000 218.000  10 -23 3285 3393
523  68.000 378.000  10 -16 2704 2869
524   8.000 363.000  10 -50 3503 3652
525 212.000 197.000  10 -30 3102 3848
526  41.000 340.000  10 -23 3235 3785
527 320.000 373.000  10 -21 2051 2480
528  74.000 351.000  10  -1 3733 4064
529 300.000 319.000  10 -10  459  875
530 122.000 105.000  10  -2  685  856
531 134.000 320.000  10 -20  560  876
532 278.000 289.000  10  -8  297  650
533  32.000 163.000  10 -18  728 1145
534  52.000 343.000  10 -10 1480 2055
535  13.000 220.000  10 -18 4122 4519
536 340.000  79.000  10 -30 2653 2823
537  55.000 341.000  10 -12 2632 2891
538 255.000  80.000  10 -33 1925 2353
539  92.000  68.000  10 -20 2811 3072
540 159.000  79.000  10 -36 3069 3386
541 359.000 389.000  10 -14 4218 4338
542 376.000  19.000  10 -13 4830 5536
543   2.000  29.000  10 -28 5416 5611
544 325.000 294.000  10 -11 4373 4912
545  16.000 294.000  10 -23 1273 1871
546 364.000 213.000  10 -13 2193 2552
547 326.000 335.000  10 -39 3750 4218
548 344.000  72.000  10 -26 4131 4509
549 177.000 139.000  10 -18 5898 6676
550 313.000  64.000  10  -3 1523 1815
551 302.000 345.000  10  -9  802 1152
552 102.000 377.000  10 -31 3871 4124
553   5.000 345.000  10  -2 4657 5147
554 320.000 166.000  10 -15 2198 2610
555 375.000 294.000  10 -26 2291 2653
556 391.000 260.000  10  -3 2312 2639
557   8.000 285.000  10 -15 1165 1541
558 306.000 361.000  10  -7 2754 3009
559 312.000 247.000  10 -28 3248 3929
560 387.000 267.000  10  -7 3451 3804
561 303.000 258.000  10 -17 3748 4279
562  43.000 121.000  10 -45 3882 4117
563 282.000 252.000  10 -29 3460 3601
564 359.000 157.000  10  -3 2992 3607
565 102.000 118.000  10 -27 4568 4903
566 231.000  76.000  10 -17 3140 3510
567 102.000 324.000  10 -19 1772 2274
568 317.000  68.000  10 -20 4423 4979
569 304.000 319.000  10 -14 3323 3687
570 340.000 276.000  10  -5 3398 3663
571 391.000  42.000  10 -20 3700 4133
572 237.000 259.000  10 -31 4678 4832
573 343.000 322.000  10 -41 3170 3442
574 246.000 152.000  10 -13 2308 2623
575 161.000 124.000  10  -9 2501 2900
576  32.000 229.000  10 -15 3974 4581
577  85.000 128.000  10 -25 5076 5346
578 133.000 375.000  10 -34 2557 2765
579 206.000 286.000  10 -19 1862 2148
580 196.000 129.000  10 -29 2913 3336
581 125.000 175.000  10 -24  537  876
582  87.000 147.000  10  -8 3314 3801
583 294.000 184.000  10 -26 4112 4591
584   3.000  15.000  10 -17 4245 4687
585  35.000  79.000  10 -24 1599 1901
586 384.000  64.000  10 -10 4223 4424
587 397.000 362.000  10 -35 1036 1086
588 264.000  69.000  10 -12 2661 2782
589 120.000 170.000  10 -16 1644 2135
590 170.000 176.000  10 -15 3954 4292
591 192.000 332.000  10 -24 1546 2080
592  13.000  96.000  10  -9 2813 3318
593 118.000 122.000  10  -4 3796 3928
594  80.000 392.000  10  -4 1973 2430
595 400.000 373.000  10 -19  881 1332
596 341.000  78.000  10 -16 3306 3450
597 143.000  20.000  10 -37 4714 5145
598 140.000 344.000  10 -41 5084 5340
599   4.000 307.000  10 -18 4197 4542
600  30.000 349.000  10 -20 2595 2947
601 354.000 199.000  10  -9 4926 5436
602  81.000 156.000  10 -25 1754 1849
603 160.000 313.000  10 -26 3263 3728
604 350.000  18.000  10 -35 4427 4778
605 352.000 383.000  10 -21 3037 3465
606 380.000 145.000  10 -26 1833 2469
607 162.000 316.000  10 -21 2260 2631
608 256.000 385.000  10  -4 2226 2660
609 338.000 106.000  10 -29 3636 4096
610 384.000 294.000  10 -16 2280 2296
611 303.000 142.000  10 -10 4352 4388
612 142.000 385.000  10 -21 1843 2494
613 146.000 320.000  10 -35 1878 2216
614   2.000   3.000  10 -29 3027 3447
615 324.000 194.000  10 -25 4087 4560
616 217.000  98.000  10  -8  154  674
617 381.000 290.000  10 -13 1825 2048
618  91.000  61.000  10  -3 5618 6310
619 390.000 357.000  10 -11 4021 4430
620 344.000 236.000  10 -22 3578 3616
621  78.000 194.000  10 -32 3575 4051
622   8.000 384.000  10  -7 3849 4355
623  79.000  95.000  10 -14 4816 5110
624 214.000 119.000  10 -18 3838 4399
625 122.000 397.000  10 -26 2201 2530
626 108.000 395.000  10 -24 2191 2510
627 330.000 353.000  10  -8 4485 5126
628  92.000  73.000  10 -21 1172 1646
629  19.000  61.000  10 -29 4337 5003
630 191.000 167.000  10 -10 3696 4036
631 328.000  39.000  10 -17 2773 3398
632 369.000   6.000  10 -21 2231 2269
633 362.000 383.000  10  -9 1041 1124
634 320.000  24.000  10 -10 3851 4330
635 116.000 195.000  10  -9 4159 4493
636 361.000 194.000  10 -17 1538 1821
637  55.000 346.000  10 -13 1564 2097
638  36.000 286.000  10 -12 2892 3328
639 292.000  33.000  10 -19 3632 4037
640 317.000 183.000  10 -25  428  639
641 362.000 378.000  10 -24 1752 2147
642 193.000  29.000  10 -26 2793 3383
643 193.000  18.000  10 -14 1697 1910
644 359.000  31.000  10 -10 4847 5300
645 146.000 324.000  10 -18 5582 5830
646 161.000 346.000  10 -21 4153 4418
647 233.000 100.000  10 -23 2550 3061
648 129.000  53.000  10 -10 2935 3195
649 201.000   6.000  10 -12 2307 2495
650  57.000 124.000  10 -23  483  813
651 368.000  63.000  10 -27 1604 1834
652  68.000 215.000  10 -17 3722 4169
653 371.000 349.000  10 -11  922 1299
654 179.000 125.000  10 -15   77  792
655  30.000  39.000  10 -26 1392 1672
656 135.000 161.000  10 -11 5274 5649
657  77.000 319.000  10  -7 4799 5233
658 192.000 151.000  10 -25 1951 2837
659 168.000 100.000  10 -26 2568 2608
660 200.000  48.000  10 -13  687 1191
661  96.000 162.000  10 -18 3444 3973
662 171.000 168.000  10  -4 5320 5626
663  33.000 226.000  10 -24 4697 4963
664 349.000 324.000  10 -18 2027 2398
665 364.000  23.000  10 -31 4299 4341
666 264.000 341.000  10 -18 4207 4239
667  26.000 326.000  10 -11 2346 2837
668 376.000 205.000  10 -15 1707 2033
669  75.000 238.000  10  -5 3764 4400
670 239.000 252.000  10  -7 5060 5719
671 102.000 149.000  10 -21 1978 2199
672 246.000 298.000  10 -31 3731 4037
673 357.000  38.000  10 -15 4345 4610
674 384.000 307.000  10 -20 1259 1899
675 238.000 119.000  10  -8 2433 3071
676 384.000  72.000  10  -8 3739 4328
677 279.000  91.000  10  -8 5058 5529
678 194.000  43.000  10 -11 2777 3139
679 236.000 119.000  10 -24 5332 5590
680 192.000 268.000  10 -35 1816 2495
681 202.000 158.000  10 -11 4415 4971
682 113.000  80.000  10 -15  598  851
683 351.000 199.000  10 -20 2946 3510
684 332.000 216.000  10 -18 1718 1982
685 126.000 208.000  10 -26 5243 5833
686 186.000 355.000  10 -16  329  917
687  17.000  99.000  10 -36 3737 4434
688  23.000 317.000  10 -15 1847 1903
689 196.000 138.000  10 -18  210  489
690 186.000 145.000  10 -17 5938 6104
691 251.000 381.000  10 -19  805 1457
692   1.000 335.000  10 -23  846 1272
693 230.000 139.000  10 -13 5148 5354
694 305.000 255.000  10 -27 1097 1512
695 352.000 303.000  10  -9 4260 4437
696 377.000  72.000  10 -31 5193 5393
697  51.000 205.000  10  -5 4823 5025
698 285.000 287.000  10 -21 2912 3172
699  80.000 282.000  10 -29 1888 2402
700 166.000 357.000  10  -8 4659 5167
701  37.000  21.000  10 -13 3502 3887
702 193.000 390.000  10 -22 4073 4323
703 168.000  15.000  10 -23 2418 2677
704 339.000  69.000  10  -9 3852 3994
705 321.000 144.000  10  -1 4097 4538
706 260.000 352.000  10 -16 1580 1698
707  26.000 199.000  10 -29 3249 3332
708  52.000 194.000  10 -21 1992 2518
709 371.000 386.000  10  -9 1175 1545
710 366.000 340.000  10 -27 2800 3042
711 108.000  48.000  10 -26 3088 3686
712  93.000  31.000  10 -38 2481 2900
713 256.000 145.000  10 -12 4400 4870
714 302.000 300.000  10 -24 3165 3612
715 103.000 154.000  10 -38 4241 4727
716 396.000 106.000  10 -23 1009 1272
717 394.000 299.000  10 -28 2940 3531
718 225.000  53.000  10 -32 4249 4529
719 156.000  32.000  10 -39 3113 3330
720 193.000 216.000  10 -33 4869 5098
721 347.000  59.000  10 -26 1665 2225
722  70.000  81.000  10  -5 3348 3790
723 136.000 373.000  10  -3 2352 2683
724 266.000 234.000  10 -15 3562 3862
725 317.000 240.000  10 -17 1044 1511
726 244.000  56.000  10  -8 2696 2720
727 355.000  41.000  10  -9 3273 3560
728 159.000 164.000  10  -8 5360 5450
729  35.000 238.000  10 -31  701  945
730 183.000  71.000  10 -13 2831 3406
731 123.000 159.000  10 -23 5204 5434
732  56.000 292.000  10 -10 1818 2352
733 140.000  40.000  10 -22 3997 4243
734 207.000 185.000  10 -12 4771 5111
735 377.000  29.000  10 -16 2722 3371
736   3.000   2.000  10 -20 3684 4088
737 244.000  50.000  10 -15 3663 4089
738  48.000 304.000  10 -18  616 1342
739  66.000   5.000  10 -15 4387 4816
740  98.000 375.000  10 -16  751  869
741  82.000  78.000  10 -14 4545 5061
742  21.000  82.000  10 -15 3263 3592
743 165.000 126.000  10 -17 4956 5103
744  17.000 348.000  10 -22 1653 1970
745 266.000   8.000  10 -26 2331 2428
746  13.000  59.000  10 -29 2045 2549
747  38.000 291.000  10 -31 1959 2230
748  49.000 222.000  10 -18 4427 4713
749 115.000  51.000  10 -36 3345 3560
750 101.000  99.000  10 -34 5243 5374
751  88.000 121.000  10  -3 1991 2673
752 246.000 244.000  10  -4 2657 2892
753 178.000 353.000  10 -10 3615 4167
754 218.000 134.000  10 -24 4964 5355
755 223.000  41.000  10 -20 1991 2536
756 358.000 261.000  10 -20 2899 3219
757 310.000 163.000  10 -23 2659 2999
758 279.000 148.000  10 -16 5712 6025
759 234.000  37.000  10 -16 1993 2225
760 163.000 364.000  10 -29 3053 3363
761 103.000 361.000  10 -13 1724 2073
762 400.000 109.000  10 -29 3230 3669
763 345.000 195.000  10 -19 3614 3961
764 305.000 257.000  10  -9 2306 2766
765  59.000  49.000  10 -17 1488 1902
766  41.000 337.000  10 -28 2576 2895
767 334.000 100.000  10 -11 4316 4903
768 142.000 238.000  10 -11 4614 4925
769   6.000  62.000  10 -18 3493 3803
770 206.000   7.000  10 -12 2878 3592
771 368.000 215.000  10 -13 2785 3148
772  59.000 285.000  10  -2 4423 4870
773  97.000 387.000  10  -3 2029 2580
774 286.000  44.000  10 -24 2161 2486
775  80.000 365.000  10 -26 1641 2075
776  96.000  22.000  10 -23 3149 3501
777 365.000 303.000  10 -21 3604 3730
778 319.000 115.000  10 -16 2518 2922
779  40.000 314.000  10  -4 2731 3183
780 230.000 266.000  10 -15 3266 3640
781  29.000   9.000  10 -11 3273 3451
782 111.000 286.000  10 -19  314  870
783 338.000   5.000  10 -24 3898 4355
784  41.000  93.000  10 -18 3614 4455
785 229.000 105.000  10 -15 3225 3737
786  11.000 135.000  10 -14  757 1436
787 300.000  64.000  10 -19 4547 4830
788  76.000  72.000  10 -15 3974 4223
789 398.000 325.000  10 -12 3389 3729
790 116.000 102.000  10 -24 3107 3523
791   9.000  47.000  10 -15 3228 3714
792 279.000 337.000  10 -16 2127 2818
793  40.000  31.000  10  -1 2234 2491
794 366.000  97.000  10 -18 3076 3221
795  75.000  76.000  10 -27 1186 1564
796 138.000 306.000  10 -11 3420 3611
797 338.000  14.000  10 -29 4662 5069
798  84.000 293.000  10 -32 2223 2346
799 250.000 183.000  10 -24 3874 4422
800 296.000 156.000  10 -24  331  613
801 381.000  27.000  10 -26 1794 2030
802 287.000 279.000  10 -20 4649 5044
803  78.000  85.000  10 -11 2910 3136
804 303.000 112.000  10 -28 3352 3752
805  40.000 336.000  10 -12 4793 4969
806 199.000  45.000  10 -32 3093 3344
807 200.000 200.000   0   0    0 6751
