418 418 1000 200 1000
  0 200.000 200.000   0   0    0 1573
  1 245.000 106.000  10  20    0 1459
  2 395.000 340.000  10  24    0 1323
  3 229.000 371.000   0   7    0 1390
  4 384.000 248.000  10  35    0 1373
  5  89.000 152.000  10  20    0 1443
  6 340.000 276.000  10  43    0 1404
  7 113.000 179.000  10  10  196  226
  8 348.000 280.000  10  10  217  247
  9 361.000 287.000  10  13    0 1380
 10 325.000 294.000  10  22    0 1407
 11  41.000 382.000  10  20    0 1322
 12 384.000  47.000  10  31    0 1324
 13 346.000 155.000  10  20  237  267
 14 222.000 284.000  10  10    0 1477
 15 352.000 383.000  10  16    0 1326
 16 213.000 332.000  10  21  718  748
 17 133.000  68.000  10  20  175  205
 18 151.000 188.000   0  18    0 1513
 19  94.000  70.000  10  30    0 1396
 20 287.000 307.000  10  10  225  255
 21 220.000  71.000  10  22    0 1433
 22   5.000 345.000  10  14    0 1320
 23 145.000 301.000  10   8  115  145
 24 359.000  23.000  10  30  237  267
 25 348.000  41.000  10  16    0 1346
 26  59.000  51.000   0  14  206  236
 27 108.000 395.000  10  12    0 1348
 28  12.000 368.000   0  12    0 1311
 29 268.000 114.000  10  30    0 1454
 30   2.000  17.000  10  11  269  299
 31 338.000 315.000  10   9    0 1384
 32  68.000 378.000  10  10  682  712
 33  73.000 126.000  10  38    0 1417
 34  68.000 263.000  10  10  195  225
 35 234.000 203.000  10  10    0 1529
 36 127.000  94.000  10  10  216  246
 37 233.000 208.000  10  30   33   63
 38 210.000   1.000  10  11    0 1364
 39 152.000 237.000  10  10   71  101
 40  92.000 162.000  10  20    0 1449
 41 177.000  55.000  10  17    0 1417
 42 193.000  29.000  10  16    0 1392
 43 105.000 360.000  10  10    0 1377
 44  43.000 386.000  10  10  295  325
 45  32.000 251.000  10  20    0 1388
 46 246.000 298.000  10  19  956  986
 47 116.000 252.000  10  20    0 1465
 48 198.000 295.000  10  20    0 1468
 49  63.000 262.000  10  20  179  209
 50 174.000 375.000  10  30    0 1387
 51 199.000  45.000  10  26  790  820
 52 150.000 236.000  10  20   61   91
 53 363.000  24.000  10  20  257  287
 54  41.000 183.000  10  25    0 1404
 55 342.000 385.000  10  10  356  386
 56 302.000 203.000  10  30    0 1461
 57 384.000 294.000  10  20    0 1357
 58 110.000 254.000  10  20    0 1459
 59 196.000  51.000   0  19  530  560
 60 281.000 155.000  10  10  137  167
 61 209.000  85.000  10  10    0 1448
 62  15.000   4.000  10  18    0 1294
 63  18.000 208.000  10  20  259  289
 64 369.000 107.000  10  20    0 1371
 65 263.000 110.000  10  10  138  168
 66 240.000 246.000  10  20    0 1503
 67 380.000 339.000  10  10  741  771
 68 111.000 286.000  10  21  133  163
 69 251.000 381.000  10  17    0 1375
 70 322.000 242.000  10  10  233  263
 71 390.000  52.000   0  10    0 1323
 72  26.000  70.000  10   3    0 1346
 73 357.000 160.000  10  20  180  210
 74 204.000  87.000  10  30    0 1450
 75 197.000 293.000  10  30    0 1470
 76 397.000 261.000  10  16  585  615
 77 222.000 283.000  10  20    0 1478
 78 247.000 377.000  10  28 1215 1245
 79  60.000 319.000  10  29  255  285
 80 140.000  40.000  10  27 1015 1045
 81  84.000 293.000   0  11  556  586
 82  95.000  64.000  10  20    0 1392
 83 329.000 236.000  10  10    0 1430
 84 248.000 286.000  10  35    0 1465
 85 340.000 388.000  10  10    0 1329
 86 161.000 233.000  10  30  117  147
 87 125.000  95.000  10  10    0 1434
 88 372.000 104.000  10  20    0 1367
 89 220.000 238.000  10  12    0 1521
 90  48.000 326.000  10  20    0 1366
 91 264.000  69.000  10  15    0 1418
 92 362.000 383.000  10  21    0 1319
 93  41.000 340.000  10  26    0 1352
 94  13.000 220.000  10  15 1065 1095
 95  85.000  61.000  10  20  180  210
 96 396.000 106.000  10  18    0 1346
 97 201.000 195.000  10  12    0 1558
 98  92.000 255.000  10  30    0 1442
 99 385.000  56.000  10  10  254  284
100  51.000 326.000  10  10    0 1368
101 230.000 139.000   0  14    0 1496
102 286.000  44.000   0  18    0 1385
103 142.000 385.000  10  16    0 1370
104 370.000  57.000  10  10    0 1341
105  17.000 209.000  10  20  248  278
106 145.000 165.000  10  13    0 1498
107 237.000 259.000   0  11    0 1494
108  89.000 154.000  10  10  222  252
109 165.000 126.000  10   4    0 1482
110  45.000  85.000  10  10    0 1370
111 137.000  68.000  10  25    0 1417
112 310.000 143.000  10  20    0 1440
113  18.000 100.000  10  20    0 1356
114 201.000   6.000  10  25    0 1369
115  86.000 154.000  10  30    0 1441
116 374.000 175.000  10  18    0 1388
117 166.000 357.000  10  21    0 1403
118 243.000 244.000  10  30    0 1502
119 243.000 140.000  10  15    0 1490
120 393.000 312.000  10  30    0 1340
121  92.000 384.000  10  26    0 1350
122 195.000  91.000  10  20  208  238
123 353.000 164.000  10  20    0 1406
124 262.000 233.000  10  16 1110 1140
125 200.000  48.000  10  20    0 1411
126 214.000 119.000  10   5    0 1481
127 234.000  37.000  10  12    0 1397
128 234.000  73.000  10   8    0 1432
129 194.000  43.000  10  26    0 1406
130 355.000 156.000  10  20    0 1402
131 364.000 213.000  10  11    0 1399
132 352.000 303.000  10   8    0 1380
133 388.000 106.000  10   9  264  294
134  21.000 104.000   0  30    0 1360
135 192.000 332.000   0  31    0 1431
136 343.000 359.000  10  26    0 1350
137 320.000 211.000  10   6    0 1443
138  34.000 355.000  10  30    0 1336
139 338.000 106.000  10   8    0 1397
140 267.000 161.000  10  10    0 1486
141 310.000 340.000  10  11    0 1385
142 243.000 104.000  10  20  166  196
143 214.000 378.000  10  20    0 1385
144 154.000  68.000   0  20    0 1424
145 298.000 137.000  10  10    0 1447
146 371.000 111.000  10   3    0 1371
147 115.000 185.000  10  10   94  124
148 336.000 387.000  10  10    0 1332
149 357.000 202.000  10   5  499  529
150 291.000 398.000   0  16    0 1346
151 353.000   3.000  10  20    0 1314
152 253.000 316.000  10  21    0 1436
153 369.000 118.000   0  12 1052 1082
154  11.000 328.000  10  12    0 1335
155 165.000 264.000  10  20    0 1491
156 377.000 282.000  10  20  388  418
157 135.000 161.000  10  15    0 1488
158 360.000  23.000   0  20    0 1325
159  20.000  91.000  10  10    0 1353
160  72.000 253.000  10  20    0 1425
161  87.000 155.000  10  10  210  240
162 134.000  63.000  10  10    0 1411
163 349.000 275.000  10  10    0 1397
164 182.000 300.000   0  10    0 1462
165 372.000 256.000  10  20    0 1383
166  57.000 381.000  10  22    0 1333
167 183.000 301.000  10  20    0 1461
168  14.000 210.000  10  10    0 1377
169 290.000 311.000  10  30  187  217
170 200.000  83.000  10  10    0 1446
171 342.000 154.000   0  25    0 1414
172 247.000 212.000  10  15    0 1515
173 369.000 171.000   0  23    0 1392
174 266.000 116.000  10  10    0 1457
175  39.000  34.000  10  10    0 1332
176 180.000 387.000  10  10    0 1375
177 129.000  85.000  10  20    0 1428
178  45.000 291.000  10  18  213  243
179 294.000 311.000  10  10  163  193
180 338.000 391.000  10  40    0 1328
181 349.000 135.000  10  28  548  578
182 237.000 213.000  10  20    0 1524
183  82.000 360.000  10  10    0 1365
184 300.000 144.000  10  10  242  272
185 344.000 280.000  10  20    0 1399
186 149.000 234.000  10  10   61   91
187 109.000 252.000  10  30    0 1459
188 184.000 282.000  10  19   83  113
189  32.000  78.000  10  23  649  679
190 395.000 310.000  10  10  276  306
191  19.000 206.000  10  20  271  301
192 175.000 192.000  10  13    0 1537
193 299.000 227.000  10  25    0 1461
194 215.000 260.000  10   9    0 1502
195 163.000 364.000  10  21    0 1395
196 208.000  20.000  10  10    0 1383
197  97.000 387.000  10  37    0 1350
198 262.000  30.000  10   8    0 1383
199 334.000  92.000  10  29    0 1391
200 279.000 337.000  10   5  603  633
201   3.000  15.000  10  20 1102 1132
202 210.000 271.000  10  20    0 1492
203 256.000 145.000   0  12 1144 1174
204 387.000 267.000  10  11    0 1365
205   8.000 285.000  10  24    0 1354
206 279.000 262.000  10  19    0 1463
207 238.000 101.000  10  20  182  212
208 126.000  90.000  10  31    0 1431
209 246.000 244.000  10  33  679  709
210 115.000 257.000  10  10  121  151
211 243.000 106.000  10  10    0 1460
212 202.000 158.000  10  11    0 1521
213 389.000 307.000  10  10    0 1346
214 117.000 148.000  10  14    0 1466
215  17.000  96.000  10  10    0 1353
216 173.000 381.000  10  10    0 1380
217  70.000  81.000  10   9    0 1387
218  46.000 197.000  10  21    0 1409
219 348.000 343.000  10  12  340  370
220 265.000 127.000  10  35    0 1466
221 204.000 292.000  10  10    0 1471
222 321.000 287.000  10  12    0 1414
223  70.000 264.000  10  30  207  237
224 152.000 240.000  10  30    0 1501
225   0.000 155.000  10   9  205  235
226 317.000  68.000  10  13    0 1387
227 395.000 167.000  10  24    0 1366
228 289.000 306.000  10  10  213  243
229 183.000  71.000  10  14    0 1433
230 242.000 113.000  10  10   96  126
231 341.000  33.000  10  27    0 1345
232  55.000 341.000  10  14  675  705
233 229.000 209.000  10  20    0 1533
234  93.000  59.000  10  20    0 1386
235 143.000 159.000  10  16   70  100
236 267.000 112.000  10  30    0 1453
237 196.000 295.000  10  20    0 1468
238 334.000 100.000  10  21    0 1396
239  28.000 353.000  10  20    0 1333
240 392.000 307.000  10  20  251  281
241 221.000 281.000  10  20   83  113
242 178.000 103.000  10  10    0 1464
243 376.000 251.000  10  20    0 1380
244 293.000 310.000  10  30    0 1419
245 300.000 272.000  10  15    0 1440
246 243.000 209.000  10  11    0 1520
247 102.000  67.000  10  20  165  195
248  82.000 365.000  10  30    0 1361
249 366.000  97.000   0  23    0 1368
250 220.000 283.000  10  10    0 1478
251  79.000  95.000   0  22 1226 1256
252 369.000 100.000  10  30    0 1367
253 371.000 244.000  10  20    0 1387
254 202.000  85.000  10  10    0 1448
255 220.000 381.000  10  20  182  212
256 206.000 286.000  10  19    0 1477
257 369.000 211.000  10  20    0 1394
258 134.000  62.000  10  20    0 1411
259  96.000 209.000  10  28    0 1459
260 146.000 301.000  10  34    0 1449
261 280.000 224.000  10  20  227  257
262 241.000 275.000  10  18  696  726
263  82.000  65.000  10  30    0 1384
264 159.000  11.000  10   7    0 1370
265  22.000  96.000  10  10    0 1357
266  52.000 331.000  10  10    0 1366
267 310.000 196.000   0  20    0 1453
268 366.000 251.000  10  20    0 1390
269 349.000 324.000  10  33    0 1370
270 225.000 288.000  10  20    0 1472
271 124.000  69.000  10  10    0 1412
272 349.000 272.000  10  20  165  195
273  87.000 365.000  10  20  199  229
274 240.000 210.000  10  10  137  167
275  40.000 380.000  10  30  240  270
276 276.000 116.000  10  50    0 1450
277 301.000 139.000  10  30    0 1446
278  34.000 242.000  10  30    0 1392
279 348.000 371.000  10  23    0 1337
280 346.000 163.000  10  30    0 1413
281  53.000  51.000  10  18    0 1354
282 177.000 174.000  10  10   34   64
283 114.000 178.000  10  10  207  237
284  19.000  61.000  10  16    0 1335
285  84.000 359.000  10  20    0 1367
286 384.000  53.000  10  13  950  980
287 172.000 383.000  10  20  276  306
288 230.000 241.000   0  10    0 1513
289  32.000 352.000  10  30    0 1337
290 162.000  94.000  10  11  112  142
291 185.000 299.000  10  10    0 1463
292 259.000   4.000  10  26    0 1359
293 119.000 286.000  10  18  829  859
294  84.000 363.000  10  20    0 1363
295 184.000 233.000   0  19    0 1527
296 123.000 176.000  10   6    0 1483
297 315.000 237.000  10  33    0 1443
298  85.000  67.000  10  10    0 1388
299 197.000 300.000  10  10    0 1463
300 114.000  88.000  10  24    0 1422
301  87.000 153.000  10  20    0 1441
302  21.000 201.000  10  20    0 1384
303 137.000  64.000  10  30  149  179
304 361.000 194.000  10  12  405  435
305  24.000  96.000  10  10  310  340
306   2.000 200.000  10  35    0 1365
307 211.000 274.000  10  20   93  123
308 307.000 196.000  10  20    0 1456
309 302.000 274.000  10  15  292  322
310 111.000 179.000  10  10    0 1472
311 308.000 204.000  10  30    0 1455
312  85.000 358.000  10  10    0 1368
313 385.000  55.000  10  20    0 1328
314  65.000 335.000  10   4    0 1373
315  72.000 315.000  10  11    0 1391
316  31.000 357.000  10  20    0 1333
317 393.000 297.000  10  20    0 1347
318 102.000 118.000  10  22    0 1436
319 109.000 186.000  10  10    0 1471
320 143.000  20.000  10  15    0 1375
321 134.000  98.000  10  10  121  151
322  42.000 384.000  10  10    0 1321
323  52.000 194.000  10   9  549  579
324  50.000 385.000  10  31    0 1325
325  86.000 112.000  10  17  713  743
326  26.000 275.000  10  16    0 1374
327  52.000 301.000  10   7    0 1384
328  68.000 261.000  10  20    0 1418
329  36.000 288.000  10   1    0 1377
330 186.000 304.000  10  10    0 1459
331 321.000 217.000  10  20    0 1441
332 246.000  47.000  10  18    0 1404
333 350.000 207.000  10  16    0 1413
334 297.000 240.000  10  37    0 1459
335 362.000  28.000  10  10    0 1327
336 353.000  65.000   0  24    0 1359
337  24.000  57.000  10  18    0 1337
338  75.000 368.000  10  10  229  259
339 393.000 305.000   0  20    0 1344
340 239.000 254.000  10  10    0 1497
341 146.000 320.000  10  22    0 1432
342 369.000   6.000  10  16    0 1306
343 277.000 154.000  10  20    0 1474
344 304.000 141.000  10  10    0 1444
345 205.000 372.000  10   2    0 1391
346 339.000   3.000  10   8    0 1322
347 114.000 250.000  10  20    0 1464
348 318.000 219.000  10  20    0 1444
349 209.000 283.000   0  24    0 1480
350 339.000 384.000  10  20    0 1333
351 317.000 183.000  10  29  118  148
352 183.000 303.000  10  20  132  162
353 370.000  98.000  10  20  214  244
354 188.000  67.000  10  14    0 1430
355 325.000 311.000  10  15    0 1396
356 208.000  86.000  10   2    0 1449
357  75.000  76.000  10  23    0 1387
358 133.000  94.000  10  10    0 1438
359  87.000 147.000  10   7    0 1439
360 389.000  54.000  10  30    0 1325
361 234.000 212.000  10  10    0 1527
362  53.000 330.000  10  30    0 1367
363 346.000 385.000  10  10    0 1328
364 211.000 266.000   0  10    0 1497
365   8.000 363.000  10  39    0 1312
366 242.000 105.000  10  20  155  185
367 327.000 242.000   0  40    0 1430
368 114.000 252.000  10  10  100  130
369 102.000 377.000  10  16    0 1361
370 345.000 382.000  10  20  232  262
371 313.000 194.000  10  10  139  169
372 272.000 154.000  10  20   95  125
373 379.000 254.000  10   3    0 1377
374 117.000 187.000  10  30    0 1479
375 157.000 220.000  10  20    0 1516
376  21.000  96.000  10  20    0 1356
377 182.000 379.000  10  20    0 1384
378 298.000 138.000  10  20  115  145
379  28.000 356.000  10  30    0 1331
380 319.000 113.000  10  26    0 1416
381 347.000 385.000  10  20    0 1327
382 220.000 337.000  10  23    0 1425
383 344.000 283.000  10  20    0 1397
384 217.000  98.000  10  19    0 1460
385 270.000 151.000  10  20   85  115
386 344.000 321.000  10   2  254  284
387 266.000 234.000  10   7    0 1489
388  49.000 187.000  10  20  191  221
389  92.000 155.000  10  20  236  266
390 222.000 383.000  10  30    0 1379
391  21.000 255.000  10  29    0 1376
392 272.000 161.000  10  20  192  222
393 371.000 349.000  10   8    0 1337
394 184.000 235.000  10  24 1124 1154
395 273.000 182.000   0  18    0 1488
396 382.000  54.000  10  40    0 1330
397 379.000 126.000  10   8  866  896
398 271.000 154.000  10  10   84  114
399 107.000  98.000  10  21  138  168
400  66.000 254.000  10  20  150  180
401 374.000 253.000  10  20    0 1382
402 228.000 341.000  10  13 1007 1037
403  60.000 328.000   0  10    0 1374
404 348.000 319.000  10  29    0 1374
405 327.000 115.000  10  15    0 1411
406 147.000 210.000   0  23    0 1510
407 108.000 186.000  10  10    0 1470
408  26.000 199.000  10  26  808  838
409 335.000 202.000  10  23    0 1428
410 128.000  94.000   0  10    0 1435
411  82.000  78.000  10  20    0 1394
412 231.000 219.000  10  10    0 1527
413 324.000 194.000  10  18    0 1439
414 291.000 308.000   0  30    0 1422
415  43.000 121.000  10  12  985 1015
416 329.000 241.000   0  20  156  186
417 260.000 352.000  10  13    0 1400
418 384.000  64.000  10  19    0 1335
419 244.000 114.000  10 -20    0 1467
420 366.000 340.000  10 -24    0 1346
421 229.000 371.000  10  -7    0 1390
422 376.000 254.000  10 -35    0 1379
423  88.000 150.000  10 -20    0 1441
424 348.000 279.000  10 -43    0 1396
425 122.000 183.000  10 -10    0 1484
426 338.000 290.000  10 -10    0 1399
427 375.000 294.000  10 -13    0 1365
428 320.000 373.000  10 -22    0 1353
429  79.000 344.000  10 -20    0 1375
430 391.000  42.000  10 -31  964  994
431 338.000 150.000  10 -20  768  798
432 201.000 297.000  10 -10    0 1466
433 381.000 375.000  10 -16    0 1312
434 213.000 271.000  10 -21    0 1491
435 131.000  67.000  10 -20  187  217
436 151.000 188.000  10 -18    0 1513
437 127.000  90.000  10 -30    0 1431
438 295.000 307.000  10 -10    0 1420
439 226.000  52.000  10 -22    0 1413
440  13.000 322.000  10 -14  368  398
441 146.000 324.000  10  -8    0 1428
442 364.000  27.000  10 -30    0 1325
443 364.000  25.000  10 -16  293  323
444  59.000  51.000  10 -14  206  236
445 135.000 384.000  10 -12    0 1368
446  12.000 368.000  10 -12    0 1311
447 270.000 106.000  10 -30  120  150
448  74.000  87.000  10 -11    0 1394
449 306.000 361.000  10  -9    0 1371
450  68.000 386.000  10 -10    0 1335
451  97.000 105.000  10 -38  944  974
452  67.000 258.000  10 -10  234  264
453 308.000 196.000  10 -10    0 1455
454 218.000 134.000  10 -10    0 1495
455 234.000 214.000  10 -30  110  140
456 280.000   5.000  10 -11    0 1353
457 195.000 148.000  10 -10 1326 1356
458  14.000 201.000  10 -20  216  246
459 173.000  72.000  10 -17    0 1433
460 294.000  13.000  10 -16  587  617
461 140.000 387.000  10 -10    0 1367
462  74.000 351.000  10 -10    0 1367
463  27.000 251.000  10 -20  230  260
464 267.000 295.000  10 -19    0 1447
465 114.000 254.000  10 -20  108  138
466 195.000 294.000  10 -20    0 1469
467  41.000 337.000  10 -20    0 1354
468 177.000 379.000  10 -30    0 1383
469 180.000  15.000  10 -26    0 1377
470  67.000 318.000  10 -20  246  276
471 359.000  30.000  10 -20    0 1331
472  32.000 229.000  10 -25 1054 1084
473 347.000 395.000  10 -10    0 1319
474 312.000 200.000  10 -30  156  186
475 381.000 290.000  10 -20    0 1361
476 107.000 247.000  10 -20    0 1459
477 196.000  51.000  10 -19  530  560
478 325.000 130.000  10 -10 1038 1068
479 206.000  81.000  10 -10    0 1444
480   9.000  47.000  10 -18    0 1319
481  22.000 210.000  10 -20    0 1385
482 367.000 104.000  10 -20    0 1371
483 248.000 124.000  10 -10    0 1474
484 210.000 268.000  10 -20    0 1495
485 394.000 299.000  10 -10    0 1346
486  46.000 378.000  10 -21    0 1328
487 221.000 379.000  10 -17    0 1383
488 294.000 249.000  10 -10  471  501
489 390.000  52.000  10 -10    0 1323
490  76.000  90.000  10  -3    0 1398
491 345.000 158.000  10 -20    0 1413
492 200.000  89.000  10 -30    0 1452
493 199.000 290.000  10 -30    0 1473
494 393.000 246.000  10 -16    0 1365
495 218.000 284.000  10 -20    0 1478
496 223.000 372.000  10 -28    0 1390
497  53.000 326.000  10 -29    0 1370
498 102.000  84.000  10 -27    0 1412
499  84.000 293.000  10 -11  556  586
500  98.000 107.000  10 -20    0 1425
501 344.000 236.000  10 -10    0 1415
502 267.000 321.000  10 -35    0 1425
503 310.000 363.000  10 -10    0 1367
504 196.000 138.000  10 -30    0 1501
505  52.000  94.000  10 -10    0 1381
506 370.000 104.000  10 -20    0 1368
507 244.000 285.000  10 -12    0 1468
508  47.000 328.000  10 -20    0 1364
509 207.000 185.000  10 -15    0 1547
510 390.000 357.000  10 -21 1041 1071
511  26.000 326.000  10 -26    0 1349
512  26.000 260.000  10 -15    0 1379
513  96.000  69.000  10 -20    0 1396
514 400.000 109.000  10 -18    0 1344
515 285.000 136.000  10 -12    0 1457
516  72.000 257.000  10 -30    0 1423
517 396.000  59.000  10 -10    0 1322
518  55.000 324.000  10 -10    0 1373
519 230.000 139.000  10 -14    0 1496
520 286.000  44.000  10 -18    0 1385
521 142.000 379.000  10 -16    0 1375
522 364.000  55.000  10 -10    0 1345
523  20.000 204.000  10 -20    0 1383
524 159.000 164.000  10 -13    0 1509
525 237.000 259.000  10 -11    0 1494
526  68.000 143.000  10 -10    0 1420
527 126.000  91.000  10  -4    0 1432
528  17.000  99.000  10 -10 1006 1036
529 128.000  93.000  10 -25    0 1435
530 308.000 178.000  10 -20  398  428
531  18.000 102.000  10 -20    0 1357
532 231.000   6.000  10 -25    0 1367
533  93.000 149.000  10 -30    0 1445
534 334.000 186.000  10 -18    0 1429
535 169.000 352.000  10 -21    0 1408
536 231.000 243.000  10 -30    0 1510
537 273.000 118.000  10 -15    0 1454
538 393.000 307.000  10 -30    0 1343
539 174.000 329.000  10 -26    0 1432
540 196.000 107.000  10 -20 1329 1359
541 321.000 144.000  10 -20    0 1430
542 236.000 243.000  10 -16    0 1507
543 186.000  75.000  10 -20  780  810
544 225.000  53.000  10  -5    0 1414
545 244.000  56.000  10 -12    0 1413
546 358.000  23.000  10  -8    0 1326
547 156.000   4.000  10 -26    0 1363
548 297.000 137.000  10 -20    0 1448
549 368.000 215.000  10 -11    0 1395
550 384.000 307.000  10  -8    0 1351
551 377.000 144.000  10  -9    0 1378
552  21.000 104.000  10 -30    0 1360
553 192.000 332.000  10 -31    0 1431
554 326.000 374.000  10 -26    0 1349
555 321.000 209.000  10  -6    0 1442
556  29.000 355.000  10 -30    0 1333
557 386.000  60.000  10  -8    0 1331
558 244.000 176.000  10 -10    0 1513
559 342.000 384.000  10 -11    0 1331
560 232.000 127.000  10 -20    0 1484
561 185.000 386.000  10 -20    0 1377
562 154.000  68.000  10 -20    0 1424
563 300.000 132.000  10 -10    0 1443
564 381.000 144.000  10  -3    0 1374
565 111.000 184.000  10 -10    0 1473
566 299.000 351.000  10 -10    0 1383
567 351.000 199.000  10  -5  792  822
568 291.000 398.000  10 -16    0 1346
569 381.000  12.000  10 -20  591  621
570 286.000 308.000  10 -21    0 1425
571 369.000 118.000  10 -12 1052 1082
572  23.000 317.000  10 -12    0 1351
573 153.000 315.000  10 -20    0 1439
574 350.000 271.000  10 -20    0 1398
575 171.000 168.000  10 -15    0 1520
576 360.000  23.000  10 -20    0 1325
577  23.000  98.000  10 -10    0 1359
578  25.000 256.000  10 -20  215  245
579  88.000 121.000  10 -10    0 1426
580 128.000  68.000  10 -10  210  240
581 309.000 274.000  10 -10    0 1432
582 182.000 300.000  10 -10    0 1462
583 367.000 255.000  10 -20    0 1388
584  37.000 397.000  10 -22  825  855
585 177.000 300.000  10 -20    0 1461
586  26.000 250.000  10 -10    0 1382
587 291.000 301.000  10 -30    0 1428
588 194.000  65.000  10 -10    0 1428
589 342.000 154.000  10 -25    0 1414
590 268.000 223.000  10 -15    0 1492
591 369.000 171.000  10 -23    0 1392
592 264.000 112.000  10 -10    0 1455
593  14.000  53.000  10 -10    0 1326
594 180.000 375.000  10 -10    0 1387
595 127.000  87.000  10 -20    0 1429
596  40.000 336.000  10 -18    0 1354
597 308.000 314.000  10 -10    0 1406
598 299.000 399.000  10 -40  774  804
599 350.000 131.000  10 -28  802  832
600 235.000 212.000  10 -20    0 1526
601  75.000 367.000  10 -10    0 1355
602 319.000 160.000  10 -10    0 1438
603 279.000 247.000  10 -20    0 1472
604 126.000 208.000  10 -10 1370 1400
605 105.000 250.000  10 -30    0 1456
606 179.000 305.000  10 -19  189  219
607  24.000  93.000  10 -23    0 1358
608 397.000 313.000  10 -10  290  320
609  70.000 231.000  10 -20    0 1430
610 176.000 154.000  10 -13    0 1512
611 319.000 217.000  10 -25    0 1443
612 206.000 296.000  10  -9  190  220
613 174.000 326.000  10 -21    0 1435
614 254.000   0.000  10 -10    0 1356
615 117.000 381.000  10 -37    0 1364
616 377.000  29.000  10  -8    0 1317
617 339.000  69.000  10 -29    0 1372
618 256.000 385.000  10  -5    0 1370
619   2.000   3.000  10 -20    0 1284
620 208.000 274.000  10 -20    0 1489
621 256.000 145.000  10 -12 1144 1174
622 398.000 258.000  10 -11    0 1357
623 102.000 252.000  10 -24    0 1453
624 278.000 265.000  10 -19  649  679
625 209.000 167.000  10 -20    0 1529
626 128.000  95.000  10 -31    0 1436
627 246.000 247.000  10 -33  679  709
628  73.000 292.000  10 -10    0 1407
629 237.000 109.000  10 -10    0 1465
630 207.000  87.000  10 -11  121  151
631 393.000 306.000  10 -10  240  270
632 146.000 174.000  10 -14    0 1504
633  14.000 100.000  10 -10    0 1352
634 174.000 387.000  10 -10    0 1375
635   6.000  20.000  10  -9    0 1299
636  74.000 213.000  10 -21    0 1437
637 337.000 388.000  10 -12    0 1331
638 297.000 135.000  10 -35    0 1447
639 197.000 292.000  10 -10    0 1471
640 330.000 313.000  10 -12  172  202
641  68.000 254.000  10 -30    0 1421
642 158.000 239.000  10 -30    0 1506
643  26.000 247.000  10  -9    0 1383
644 363.000  30.000  10 -13    0 1328
645 399.000 179.000  10 -24    0 1363
646 293.000 306.000  10 -10    0 1422
647 177.000  77.000  10 -14  799  829
648 244.000 106.000  10 -10    0 1460
649 325.000  45.000  10 -27    0 1364
650  32.000 357.000  10 -14    0 1334
651 236.000 210.000  10 -20    0 1526
652  92.000  68.000  10 -20    0 1393
653 102.000 149.000  10 -16    0 1453
654 244.000 109.000  10 -30    0 1462
655 196.000 293.000  10 -20    0 1470
656 300.000  64.000  10 -21    0 1395
657   5.000 344.000  10 -20    0 1321
658 393.000 301.000  10 -20    0 1346
659 220.000 296.000  10 -20  144  174
660 206.000 106.000  10 -10    0 1469
661 328.000 243.000  10 -20    0 1428
662 299.000 308.000  10 -30  563  593
663 389.000 306.000  10 -15  331  361
664 237.000 247.000  10 -11    0 1504
665  56.000  97.000  10 -20    0 1386
666  80.000 365.000  10 -30    0 1359
667 366.000  97.000  10 -23    0 1368
668 217.000 286.000  10 -10  188  218
669  79.000  95.000  10 -22 1226 1256
670 374.000 104.000  10 -30  232  262
671 375.000 247.000  10 -20  181  211
672 203.000  88.000  10 -10    0 1451
673 182.000 378.000  10 -20    0 1385
674 201.000 255.000  10 -19    0 1508
675 324.000 217.000  10 -20    0 1438
676 130.000  70.000  10 -20  251  281
677  85.000 155.000  10 -28    0 1440
678 183.000 294.000  10 -34    0 1468
679 321.000 212.000  10 -20    0 1442
680 243.000 275.000  10 -18    0 1477
681  93.000  62.000  10 -30  201  231
682  99.000  67.000  10  -7    0 1396
683   8.000 119.000  10 -10    0 1355
684  90.000 311.000  10 -10  669  699
685 310.000 196.000  10 -20    0 1453
686 323.000 243.000  10 -20    0 1433
687 311.000 344.000  10 -33    0 1382
688 230.000 290.000  10 -20    0 1469
689 126.000  70.000  10 -10    0 1414
690 353.000 276.000  10 -20    0 1393
691  84.000 360.000  10 -20    0 1366
692 234.000 243.000  10 -10    0 1509
693  39.000 384.000  10 -30    0 1319
694 294.000 136.000  10 -50    0 1450
695 299.000 141.000  10 -30    0 1448
696  49.000 222.000  10 -30    0 1411
697 367.000 361.000  10 -23  487  517
698 351.000 153.000  10 -30  209  239
699  13.000  59.000  10 -18    0 1329
700 138.000 143.000  10 -10   84  114
701 116.000 181.000  10 -10  221  251
702  35.000  79.000  10 -16    0 1359
703  83.000 357.000  10 -20    0 1368
704 383.000  53.000  10 -13    0 1329
705 157.000 378.000  10 -20    0 1380
706 230.000 241.000  10 -10    0 1513
707  31.000 353.000  10 -30  227  257
708 129.000  67.000  10 -11  199  229
709 186.000 306.000  10 -10    0 1457
710 274.000   7.000  10 -26    0 1357
711 131.000 275.000  10 -18    0 1462
712  86.000 357.000  10 -20  319  349
713 184.000 233.000  10 -19    0 1527
714  70.000 256.000  10  -6    0 1422
715 305.000 255.000  10 -33  311  341
716  91.000  70.000  10 -10    0 1394
717 213.000 305.000  10 -10    0 1458
718  95.000  63.000  10 -24  189  219
719 119.000 179.000  10 -20    0 1480
720  22.000 205.000  10 -20    0 1385
721 158.000 121.000  10 -30    0 1474
722 324.000 216.000  10 -12    0 1438
723  23.000  97.000  10 -10    0 1359
724  28.000 246.000  10 -35    0 1385
725 220.000 288.000  10 -20    0 1473
726 305.000 198.000  10 -20    0 1458
727 331.000 251.000  10 -15    0 1423
728  87.000 164.000  10 -10    0 1445
729 310.000 200.000  10 -30    0 1453
730 162.000 251.000  10 -10    0 1500
731 391.000  54.000  10 -20    0 1323
732  61.000 333.000  10  -4    0 1371
733  52.000 334.000  10 -11    0 1364
734  31.000 360.000  10 -20    0 1331
735 397.000 283.000  10 -20    0 1350
736 125.000 122.000  10 -22    0 1455
737 113.000 184.000  10 -10    0 1475
738 115.000  51.000  10 -15    0 1392
739 166.000 115.000  10 -10    0 1472
740  46.000 380.000  10 -10    0 1327
741  79.000 154.000  10  -9    0 1434
742  41.000 378.000  10 -31    0 1325
743 118.000 122.000  10 -17    0 1450
744  62.000 258.000  10 -16    0 1414
745  18.000 294.000  10  -7    0 1359
746  68.000 250.000  10 -20  564  594
747 108.000 250.000  10  -1    0 1459
748 175.000 299.000  10 -10  217  247
749 320.000 216.000  10 -20    0 1442
750 255.000  80.000  10 -18  520  550
751 356.000 223.000  10 -16  968  998
752 327.000 241.000  10 -37    0 1430
753 355.000  41.000  10 -10    0 1341
754 353.000  65.000  10 -24    0 1359
755   6.000  62.000  10 -18    0 1325
756  34.000 385.000  10 -10    0 1315
757 393.000 305.000  10 -20    0 1344
758 237.000 243.000  10 -10    0 1507
759 160.000 313.000  10 -22    0 1444
760 285.000 107.000  10 -16    0 1438
761 268.000 160.000  10 -20  207  237
762 285.000 184.000  10 -10    0 1477
763 179.000 383.000  10  -2    0 1379
764 369.000  19.000  10  -8    0 1316
765  84.000 221.000  10 -20    0 1446
766 236.000 204.000  10 -20    0 1527
767 209.000 283.000  10 -24    0 1480
768 341.000 394.000  10 -20    0 1324
769 349.000 157.000  10 -29    0 1408
770 189.000 306.000  10 -20  159  189
771 368.000 102.000  10 -20    0 1369
772 184.000  69.000  10 -14    0 1432
773 303.000 358.000  10 -15    0 1375
774 156.000  32.000  10  -2    0 1390
775  66.000 118.000  10 -23    0 1406
776 228.000  96.000  10 -10    0 1456
777  91.000 150.000  10  -7    0 1444
778 397.000  73.000  10 -30    0 1329
779 233.000 214.000  10 -10    0 1528
780  77.000 319.000  10 -30    0 1392
781 264.000 341.000  10 -10 1041 1071
782 211.000 266.000  10 -10    0 1497
783  48.000 304.000  10 -39    0 1379
784 237.000 108.000  10 -20  199  229
785 327.000 242.000  10 -40    0 1430
786 124.000 221.000  10 -10    0 1485
787  91.000 388.000  10 -16  217  247
788 397.000 362.000  10 -20    0 1308
789 277.000 163.000  10 -10    0 1478
790 276.000 157.000  10 -20    0 1476
791 373.000 253.000  10  -3    0 1383
792 110.000 188.000  10 -30  110  140
793 186.000 145.000  10 -20    0 1507
794  15.000 100.000  10 -20    0 1353
795 186.000 355.000  10 -20    0 1408
796 302.000 136.000  10 -20  165  195
797  48.000 358.000  10 -30    0 1344
798 313.000  64.000  10 -26    0 1387
799 344.000 391.000  10 -20    0 1324
800 183.000 375.000  10 -23    0 1388
801 340.000 290.000  10 -20    0 1397
802 236.000  38.000  10 -19    0 1398
803 278.000 159.000  10 -20    0 1475
804 336.000 386.000  10  -2  727  757
805 328.000 239.000  10  -7    0 1430
806  51.000 205.000  10 -20 1216 1246
807 107.000 159.000  10 -20    0 1462
808 219.000 377.000  10 -30    0 1385
809  33.000 247.000  10 -29    0 1390
810 212.000 197.000  10 -20  854  884
811 287.000 279.000  10  -8    0 1446
812 193.000 216.000  10 -24    0 1546
813 273.000 182.000  10 -18    0 1488
814 294.000 118.000  10 -40    0 1439
815 389.000 171.000  10  -8    0 1372
816 273.000 160.000  10 -10    0 1480
817 131.000  95.000  10 -21    0 1438
818  29.000 250.000  10 -20    0 1385
819 371.000 253.000  10 -20    0 1384
820 217.000 289.000  10 -13    0 1473
821  60.000 328.000  10 -10    0 1374
822 343.000 322.000  10 -29    0 1376
823 369.000 106.000  10 -15  268  298
824 147.000 210.000  10 -23    0 1510
825 113.000 183.000  10 -10  170  200
826  21.000 204.000  10 -26    0 1384
827 349.000 181.000  10 -23  289  319
828 128.000  94.000  10 -10    0 1435
829  59.000  89.000  10 -20  769  799
830 238.000 250.000  10 -10    0 1501
831 352.000 162.000  10 -18    0 1407
832 291.000 308.000  10 -30    0 1422
833  85.000 128.000  10 -12    0 1428
834 329.000 241.000  10 -20  156  186
835 271.000 371.000  10 -13  752  782
836 386.000  57.000  10 -19    0 1329
837 200.000 200.000   0   0    0 1573
