415 415 1000 200 1000
  0 200.000 200.000   0   0    0 1573
  1 244.000  56.000  10  14  662  692
  2 233.000 214.000  10  10    0 1528
  3 395.000 340.000  10  24    0 1323
  4 277.000 163.000  10  10  166  196
  5 206.000 106.000  10  33    0 1469
  6 375.000 247.000  10  10  181  211
  7 348.000 280.000  10  10  217  247
  8 223.000 372.000  10  30  236  266
  9 361.000 287.000  10  13  256  286
 10  41.000 382.000  10  20  248  278
 11 325.000 130.000   0  19 1038 1068
 12 384.000  47.000  10  31 1091 1121
 13 116.000 181.000  10  20  221  251
 14 359.000  30.000  10  20    0 1331
 15 222.000 284.000  10  10   92  122
 16  91.000 150.000  10  10  119  149
 17 140.000 387.000  10   8  196  226
 18 176.000 154.000  10  15   51   81
 19 352.000 383.000  10  16  798  828
 20 213.000 332.000  10  21  718  748
 21 133.000  68.000  10  20  175  205
 22 105.000 250.000  10  30  180  210
 23  94.000  70.000   0  30  280  310
 24 220.000  71.000  10  22  676  706
 25 244.000 106.000  10  40    0 1460
 26 145.000 301.000  10   8  115  145
 27 234.000 214.000  10  10  110  140
 28 186.000 306.000  10  10  172  202
 29 348.000 279.000  10  10  206  236
 30 268.000 114.000  10  30  175  205
 31   2.000  17.000  10  11  269  299
 32 186.000 145.000   0  18 1477 1507
 33  68.000 378.000  10  10  682  712
 34 294.000 136.000  10  10  113  143
 35  73.000 126.000  10  38  419  449
 36 302.000 136.000  10  20  165  195
 37 233.000 208.000  10  30   33   63
 38 102.000 252.000  10  10  166  196
 39 152.000 237.000  10  10   71  101
 40   2.000   3.000  10  14  794  824
 41  92.000 162.000  10  20  253  283
 42 193.000  29.000  10  16  757  787
 43 182.000 378.000  10  10  187  217
 44  39.000 384.000  10  40  261  291
 45 291.000 301.000  10  20  135  165
 46  32.000 251.000  10  20    0 1388
 47  32.000 229.000  10   7 1054 1084
 48 116.000 252.000  10  20   98  128
 49 199.000  45.000  10  26  790  820
 50 150.000 236.000  10  20   61   91
 51 363.000  24.000  10  20  257  287
 52 393.000 307.000  10  10  262  292
 53 331.000 251.000  10  20  140  170
 54  18.000 102.000  10  18  232  262
 55  41.000 183.000  10  25 1177 1207
 56 381.000 290.000  10  36    0 1361
 57 110.000 254.000  10  20  137  167
 58 196.000  51.000  10  19  530  560
 59 278.000 265.000   0  23  649  679
 60  23.000  97.000  10  20  321  351
 61 281.000 155.000  10  10  137  167
 62 352.000 162.000  10  10    0 1407
 63 209.000  85.000  10  10  134  164
 64  15.000   4.000  10  18  699  729
 65  18.000 208.000  10  20  259  289
 66 369.000 107.000  10  20  279  309
 67  31.000 360.000  10  23  277  307
 68 263.000 110.000  10  10  138  168
 69 380.000 339.000  10  10  741  771
 70 111.000 286.000  10  21  133  163
 71 322.000 242.000   0  10  233  263
 72 300.000 132.000  10  10  151  181
 73  84.000 221.000  10  22    0 1446
 74 397.000 261.000  10  16  585  615
 75 222.000 283.000  10  20   85  115
 76  79.000 154.000  10  10  171  201
 77 256.000 385.000  10   5  596  626
 78 208.000 274.000  10  30   80  110
 79  95.000  64.000  10  20  178  208
 80 329.000 236.000  10  10  171  201
 81 248.000 286.000  10  35   98  128
 82 234.000 243.000   0  20    0 1509
 83 244.000 109.000  10  20  108  138
 84 340.000 388.000  10  10  343  373
 85 161.000 233.000  10  30  117  147
 86 372.000 104.000  10  20    0 1367
 87 381.000 144.000  10  18    0 1374
 88 363.000  30.000  10  10  330  360
 89 358.000  23.000  10  20    0 1326
 90 220.000 238.000  10  12   42   72
 91  48.000 326.000  10  20  214  244
 92 264.000  69.000  10  15  665  695
 93 341.000 394.000  10  20  290  320
 94  85.000  61.000  10  20  180  210
 95  79.000 344.000  10  16  217  247
 96 201.000 195.000  10  12    5   35
 97  90.000 311.000   0  12  669  699
 98 207.000 185.000  10   1    0 1547
 99  51.000 326.000  10  10  201  231
100 206.000 296.000  10  30  190  220
101 142.000 385.000  10  16    0 1370
102  35.000  79.000  10  22  423  453
103 145.000 165.000  10  13    0 1498
104  72.000 257.000  10  10    0 1423
105 367.000 361.000  10  22  487  517
106  45.000  85.000   0  10    0 1370
107  18.000 100.000  10  20  207  237
108 201.000   6.000  10  25    0 1369
109  86.000 154.000  10  30  199  229
110 166.000 357.000  10  21    0 1403
111 113.000 183.000  10  30  170  200
112 243.000 140.000  10  15    0 1490
113  14.000 100.000  10  30    0 1352
114 350.000 271.000  10  10  165  195
115  93.000  62.000  10  20  201  231
116 234.000  73.000   0   8    0 1432
117 194.000  43.000  10  26  725  755
118 268.000 223.000  10  20    0 1492
119 355.000 156.000  10  20  194  224
120 371.000 253.000  10  30  239  269
121  31.000 353.000  10  20  227  257
122  41.000 337.000  10   9  669  699
123 209.000 167.000  10  17   34   64
124  53.000 326.000  10  20    0 1370
125 388.000 106.000  10   9  264  294
126  21.000 104.000  10  30    0 1360
127 381.000  12.000   0  15  591  621
128 221.000 379.000  10  30    0 1383
129  46.000 380.000  10  10  323  353
130 192.000 332.000  10  31    0 1431
131 320.000 211.000  10   6  120  150
132  34.000 355.000  10  30    0 1336
133 338.000 106.000  10   8    0 1397
134 397.000 283.000  10   9    0 1350
135 124.000 221.000   0  27 1003 1033
136 310.000 340.000  10  11  178  208
137 270.000 106.000  10  30  120  150
138 287.000 279.000  10   4    0 1446
139 313.000  64.000  10  29    0 1387
140   9.000  47.000  10   5  853  883
141 321.000 212.000  10  30  121  151
142 115.000 185.000  10  10   94  124
143 357.000 202.000   0   5  499  529
144 271.000 371.000  10  15  752  782
145  73.000 292.000  10   8  175  205
146  85.000 155.000  10  20  187  217
147 360.000  23.000  10  20    0 1325
148  20.000  91.000  10  10    0 1353
149 182.000 300.000  10  10  109  139
150 328.000 239.000  10  10  185  215
151 138.000 143.000  10  17   84  114
152  57.000 381.000  10  22  230  260
153 389.000 171.000  10   3  451  481
154 179.000 305.000  10  10  189  219
155 290.000 311.000  10  30  187  217
156 345.000 158.000  10  20  250  280
157 200.000  83.000  10  10    0 1446
158  18.000 294.000  10  45    0 1359
159 369.000 171.000  10  23  171  201
160 356.000 223.000  10  28  968  998
161  39.000  34.000  10  10  242  272
162 203.000  88.000  10  30  112  142
163 173.000  72.000  10  39  274  304
164 129.000  85.000   0  20    0 1428
165 294.000 311.000  10  10  163  193
166 305.000 198.000  10  20  105  135
167  82.000 360.000  10  10  260  290
168 102.000  84.000  10   3  165  195
169 300.000 144.000  10  10  242  272
170 278.000 159.000  10  10  152  182
171 149.000 234.000  10  10   61   91
172 320.000 373.000  10  22  551  581
173 184.000 282.000  10  19   83  113
174 243.000 275.000  10  31    0 1477
175 215.000 260.000   0   9   61   91
176 163.000 364.000   0  21  787  817
177 208.000  20.000  10  10  601  631
178  97.000 387.000  10  37  561  591
179 294.000  13.000  10  26  587  617
180 108.000 250.000   0  10    0 1459
181 389.000 306.000  10  30  331  361
182 262.000  30.000  10   8  180  210
183 334.000  92.000  10  29    0 1391
184 210.000 271.000  10  20   71  101
185  83.000 357.000  10  10  295  325
186 279.000 262.000  10  19  100  130
187 126.000  90.000   0  31  866  896
188 129.000  67.000  10  30  199  229
189 238.000 250.000  10  20   92  122
190 115.000 257.000  10  10  121  151
191 237.000 109.000  10  10    0 1465
192 180.000 375.000  10  10    0 1387
193 276.000 157.000  10  20  110  140
194 173.000 381.000  10  10  288  318
195 206.000  81.000  10  20  149  179
196 348.000 343.000  10  12  340  370
197 324.000 216.000   0  20    0 1438
198 265.000 127.000  10  35    0 1466
199  26.000 260.000  10  16    0 1379
200  23.000 317.000  10  10  454  484
201 204.000 292.000  10  10  204  234
202  70.000 264.000  10  30  207  237
203 152.000 240.000  10  30   84  114
204 289.000 306.000  10  10  213  243
205  75.000 367.000  10  10    0 1355
206 353.000 276.000  10  10    0 1393
207 297.000 137.000  10  18    0 1448
208 200.000  89.000  10  30    0 1452
209 242.000 113.000  10  10   96  126
210 229.000 209.000  10  20   30   60
211 143.000 159.000  10  16   70  100
212 334.000 100.000  10  21    0 1396
213 122.000 183.000  10  20   79  109
214 158.000 239.000  10  20  100  130
215 392.000 307.000  10  20  251  281
216 127.000  90.000  10  20  179  209
217 221.000 281.000  10  20   83  113
218 293.000 310.000  10  30  174  204
219 300.000 272.000   0  15  693  723
220 102.000  67.000  10  20  165  195
221  82.000 365.000  10  30    0 1361
222 220.000 283.000  10  10    0 1478
223 371.000 244.000  10  20  176  206
224 231.000   6.000  10  32    0 1367
225 330.000 313.000  10  27  172  202
226 220.000 381.000   0  20  182  212
227 206.000 286.000  10  19    0 1477
228 369.000 211.000  10  20  463  493
229 134.000  62.000  10  20    0 1411
230  96.000 209.000  10  28  123  153
231 146.000 301.000  10  34  353  383
232 294.000 118.000  10  13  124  154
233 280.000 224.000  10  20  227  257
234 241.000 275.000  10  18  696  726
235 300.000  64.000  10  35 1157 1187
236 310.000 200.000  10  30  168  198
237 310.000 196.000  10  20    0 1453
238 349.000 272.000  10  20  165  195
239  87.000 365.000  10  20  199  229
240 240.000 210.000  10  10  137  167
241 276.000 116.000  10  50  113  143
242 280.000   5.000  10   9 1016 1046
243  20.000 204.000  10  20    0 1383
244 301.000 139.000  10  30    0 1446
245 195.000 294.000  10  10  121  151
246 377.000 144.000  10  23    0 1378
247  34.000 242.000  10  30    0 1392
248 348.000 371.000  10  23  652  682
249  70.000 256.000  10  10  247  277
250  48.000 304.000  10  15  230  260
251  41.000 378.000  10  20  238  268
252 114.000 254.000  10  10  108  138
253 264.000 112.000  10  20  150  180
254 244.000 176.000  10  24   50   80
255 346.000 163.000  10  30  150  180
256  53.000  51.000  10  18  235  265
257 177.000 174.000  10  10   34   64
258 273.000 118.000  10  34  109  139
259 384.000  53.000  10  13  950  980
260  84.000 360.000  10  40  272  302
261  28.000 246.000  10  20  178  208
262 107.000 159.000   0  33    0 1462
263 230.000 241.000  10  10  157  187
264 237.000 108.000  10  20  199  229
265 162.000  94.000  10  11  112  142
266 185.000 299.000  10  10  100  130
267 110.000 188.000  10  10  110  140
268 156.000  32.000  10  34  790  820
269 311.000 344.000  10  26  187  217
270 174.000 329.000  10  30    0 1432
271 119.000 286.000   0  18  829  859
272  26.000 250.000  10  30  199  229
273  84.000 363.000  10  20  200  230
274   6.000  20.000  10  27  264  294
275 373.000 253.000  10  10  227  257
276 184.000 233.000  10  19   36   66
277  88.000 121.000  10  15    0 1426
278  22.000 205.000  10  20    0 1385
279 306.000 361.000  10   4  705  735
280 123.000 176.000   0   6 1170 1200
281  85.000  67.000  10  10    0 1388
282 197.000 300.000  10  10    0 1463
283 308.000 196.000  10  10  114  144
284 114.000  88.000  10  24    0 1422
285  21.000 201.000  10  20  199  229
286 137.000  64.000  10  30  149  179
287   2.000 200.000  10  35    0 1365
288 211.000 274.000  10  20   93  123
289 102.000 149.000  10  12  507  537
290 307.000 196.000  10  20  107  137
291 127.000  87.000  10  20  166  196
292 376.000 254.000  10  20  204  234
293  15.000 100.000  10  10  216  246
294 111.000 179.000  10  10    0 1472
295 308.000 204.000  10  30  182  212
296 391.000  54.000  10  20    0 1323
297 385.000  55.000  10  20    0 1328
298  65.000 335.000  10   4  329  359
299  46.000 378.000  10  10  335  365
300 310.000 363.000  10  20 1059 1089
301 217.000 286.000  10  10  188  218
302  88.000 150.000  10  10  129  159
303  70.000 231.000  10  16    0 1430
304 131.000  67.000  10  30  187  217
305 117.000 381.000  10  18  622  652
306 299.000 351.000  10  14    0 1383
307 393.000 297.000  10  20    0 1347
308 102.000 118.000   0  22    0 1436
309 273.000 160.000  10  10  181  211
310 364.000  55.000  10  17  340  370
311  47.000 328.000   0  50  226  256
312 134.000  98.000  10  10  121  151
313  42.000 384.000  10  10  307  337
314  52.000 194.000  10   9  549  579
315 128.000  93.000  10  10    0 1435
316 386.000  57.000  10  10  265  295
317  26.000 275.000  10  16 1132 1162
318  52.000 301.000  10   7  925  955
319  68.000 261.000  10  20    0 1418
320 375.000 294.000  10   2  603  633
321 186.000 304.000  10  10    0 1459
322  96.000  69.000  10  10  293  323
323 177.000  77.000  10  13  799  829
324 279.000 247.000  10  12   91  121
325 153.000 315.000  10  16  124  154
326 399.000 179.000  10  26    0 1363
327 297.000 240.000  10  37  260  290
328 199.000 290.000  10  10   90  120
329  21.000 204.000  10  30  179  209
330 362.000  28.000  10  10  317  347
331  24.000  57.000  10  18  226  256
332 393.000 305.000  10  20  229  259
333 239.000 254.000  10  10   78  108
334 369.000   6.000  10  16  547  577
335 277.000 154.000  10  20  123  153
336 304.000 141.000  10  10    0 1444
337 254.000   0.000  10   4  673  703
338 321.000 209.000  10  30  121  151
339 318.000 219.000   0  20    0 1444
340 299.000 308.000  10  21  563  593
341 197.000 292.000  10  20   92  122
342 370.000  98.000  10  20  214  244
343 207.000  87.000  10  20  121  151
344 325.000 311.000  10  15    0 1396
345 208.000  86.000  10   2    0 1449
346  75.000  76.000  10  23  329  359
347  27.000 251.000  10  10  230  260
348 337.000 388.000  10  10    0 1331
349 133.000  94.000  10  10  133  163
350  91.000 388.000  10   2  217  247
351 389.000  54.000   0  30    0 1325
352 185.000 386.000  10  10  230  260
353  53.000 330.000  10  30    0 1367
354 237.000 247.000  10  30  105  135
355 346.000 385.000  10  10  235  265
356 211.000 266.000  10  10  122  152
357  59.000  89.000  10  24  769  799
358 344.000 391.000  10  10  259  289
359 242.000 105.000  10  20  155  185
360  55.000 324.000  10  10    0 1373
361  29.000 355.000  10  10  248  278
362 102.000 377.000   0  16    0 1361
363 345.000 382.000  10  20  232  262
364 313.000 194.000  10  10  139  169
365 285.000 136.000  10  11    0 1457
366 272.000 154.000  10  20   95  125
367  22.000 210.000  10  20  286  316
368 117.000 187.000  10  30   84  114
369  21.000  96.000  10  20  256  286
370 182.000 379.000  10  20  198  228
371 298.000 138.000  10  20  115  145
372 111.000 184.000  10  10  147  177
373 319.000 113.000   0  26 1167 1197
374  76.000  90.000  10   2    0 1398
375 270.000 151.000  10  20   85  115
376 344.000 321.000  10   2  254  284
377 266.000 234.000  10   7  913  943
378 226.000  52.000  10  17  495  525
379 183.000 294.000  10  20   95  125
380 237.000 243.000  10   9   56   86
381 184.000  69.000  10   1  503  533
382 222.000 383.000  10  30  193  223
383 272.000 161.000   0  20  192  222
384 371.000 349.000  10   8  263  293
385 220.000 296.000  10  20  144  174
386 370.000 104.000  10  10    0 1368
387 382.000  54.000  10  40    0 1330
388 327.000 241.000  10  20    0 1430
389 189.000 306.000  10  40  159  189
390 367.000 104.000  10  20    0 1371
391 271.000 154.000  10  10   84  114
392  67.000 258.000  10  20  234  264
393 107.000  98.000  10  21  138  168
394  66.000 254.000  10  20  150  180
395 374.000 253.000  10  20  216  246
396 201.000 255.000  10  16   55   85
397 236.000 210.000  10  30   43   73
398 349.000 157.000  10  10    0 1408
399 348.000 319.000  10  29  331  361
400 327.000 115.000  10  15    0 1411
401 147.000 210.000  10  23   53   83
402 108.000 186.000  10  10    0 1470
403 368.000 102.000  10  20    0 1369
404 146.000 174.000  10  23   59   89
405 319.000 217.000  10  10  181  211
406 128.000  94.000  10  10    0 1435
407  92.000  68.000  10  19  720  750
408 231.000 219.000  10  10   94  124
409 336.000 386.000  10  21  727  757
410  13.000 322.000  10  19  368  398
411 329.000 241.000  10  20  156  186
412 260.000 352.000  10  13    0 1400
413 328.000 243.000  10  20  144  174
414 384.000  64.000  10  19    0 1335
415  80.000 365.000  10  18    0 1359
416 188.000  67.000  10 -14 1049 1079
417 237.000 213.000  10 -10  123  153
418 397.000 362.000  10 -24  255  285
419 248.000 124.000  10 -10    0 1474
420 204.000  87.000  10 -33  113  143
421 376.000 251.000  10 -10  191  221
422 240.000 246.000  10 -10    0 1503
423 220.000 337.000  10 -30  312  342
424 384.000 307.000  10 -13    0 1351
425  34.000 385.000  10 -20    0 1315
426 325.000 130.000  10 -19 1038 1068
427 230.000 139.000  10 -31 1298 1328
428 126.000 208.000  10 -20 1370 1400
429 364.000  27.000  10 -20  305  335
430 225.000 288.000  10 -10  107  137
431  87.000 153.000  10 -10  153  183
432 205.000 372.000  10  -8  889  919
433 140.000  40.000  10 -15 1015 1045
434 381.000 375.000  10 -16    0 1312
435 228.000 341.000  10 -21 1007 1037
436 130.000  70.000  10 -20  251  281
437 175.000 192.000  10 -30  924  954
438  94.000  70.000  10 -30  280  310
439 200.000  48.000  10 -22    0 1411
440 243.000 104.000  10 -40  166  196
441 135.000 384.000  10  -8    0 1368
442 234.000 203.000  10 -10  167  197
443 267.000 295.000  10 -10  731  761
444 309.000 274.000  10 -10    0 1432
445 286.000  44.000  10 -30  566  596
446  26.000  70.000  10 -11  921  951
447 186.000 145.000  10 -18 1477 1507
448   5.000 345.000  10 -10 1211 1241
449 349.000 135.000  10 -10  548  578
450 171.000 168.000  10 -38 1353 1383
451 396.000 106.000  10 -20    0 1346
452 235.000 212.000  10 -30    0 1526
453  68.000 254.000  10 -10    0 1421
454  41.000 340.000  10 -10    0 1352
455   3.000  15.000  10 -14 1102 1132
456  87.000 164.000  10 -20  662  692
457 154.000  68.000  10 -16    0 1424
458 180.000 387.000  10 -10  245  275
459  43.000 386.000  10 -40  295  325
460 295.000 307.000  10 -20    0 1420
461  29.000 250.000  10 -20  242  272
462 151.000 188.000  10  -7    0 1513
463  68.000 263.000  10 -20  195  225
464 202.000 158.000  10 -26 1158 1188
465  63.000 262.000  10 -20  179  209
466 339.000   3.000  10 -20  803  833
467 389.000 307.000  10 -10  320  350
468 368.000 215.000  10 -20  727  757
469  23.000  98.000  10 -18  332  362
470  68.000 143.000  10 -25 1255 1285
471 338.000 290.000  10 -36  650  680
472 174.000 326.000  10 -20  955  985
473 134.000  63.000  10 -19    0 1411
474 278.000 265.000  10 -23  649  679
475  70.000  81.000  10 -20  877  907
476 344.000 236.000  10 -10  884  914
477 357.000 160.000  10 -10  180  210
478 178.000 103.000  10 -10    0 1464
479   6.000  62.000  10 -18    0 1325
480  19.000 206.000  10 -20  271  301
481 350.000 131.000  10 -20  802  832
482  48.000 358.000  10 -23  876  906
483 234.000  37.000  10 -10  512  542
484 352.000 303.000  10 -10 1072 1102
485  60.000 319.000  10 -21  255  285
486 322.000 242.000  10 -10  233  263
487 371.000 111.000  10 -10  249  279
488  26.000 247.000  10 -22    0 1383
489 387.000 267.000  10 -16  892  922
490 218.000 284.000  10 -20    0 1478
491 159.000 164.000  10 -10 1336 1366
492 251.000 381.000  10  -5    0 1375
493 196.000 293.000  10 -30    0 1470
494  82.000  78.000  10 -20 1186 1216
495 327.000 242.000  10 -10  208  238
496 279.000 337.000  10 -35  603  633
497 234.000 243.000  10 -20    0 1509
498 238.000 101.000  10 -20  182  212
499 342.000 384.000  10 -10  367  397
500 114.000 250.000  10 -30  222  252
501 400.000 109.000  10 -20  847  877
502 321.000 144.000  10 -18 1064 1094
503 317.000  68.000  10 -10    0 1387
504 359.000  23.000  10 -20  237  267
505 231.000 243.000  10 -12  145  175
506  60.000 328.000  10 -20  301  331
507 243.000 106.000  10 -15    0 1460
508 338.000 315.000  10 -20  952  982
509  59.000  51.000  10 -20  206  236
510  72.000 315.000  10 -16  681  711
511 243.000 209.000  10 -12 1379 1409
512  90.000 311.000  10 -12  669  699
513 245.000 106.000  10  -1  121  151
514  52.000 331.000  10 -10  254  284
515 213.000 305.000  10 -30  490  520
516 157.000 378.000  10 -16    0 1380
517  32.000  78.000  10 -22  649  679
518  56.000  97.000  10 -13  941  971
519  68.000 250.000  10 -10  564  594
520 394.000 299.000  10 -22  794  824
521  45.000  85.000  10 -10    0 1370
522  17.000  96.000  10 -20  242  272
523 143.000  20.000  10 -25 1217 1247
524  89.000 154.000  10 -30  222  252
525 177.000 379.000  10 -21  302  332
526 114.000 178.000  10 -30  207  237
527 285.000 107.000  10 -15  500  530
528  14.000  53.000  10 -30  805  835
529 393.000 306.000  10 -10  240  270
530 117.000 148.000  10 -20    0 1466
531 234.000  73.000  10  -8    0 1432
532 177.000  55.000  10 -26  756  786
533 299.000 227.000  10 -20    0 1461
534 338.000 150.000  10 -20  768  798
535 379.000 254.000  10 -30  289  319
536  28.000 353.000  10 -20    0 1333
537  61.000 333.000  10  -9    0 1371
538 214.000 119.000  10 -17    0 1481
539  31.000 357.000  10 -20  273  303
540 369.000 118.000  10  -9 1052 1082
541  52.000  94.000  10 -30    0 1381
542 381.000  12.000  10 -15  591  621
543 229.000 371.000  10 -30 1013 1043
544  12.000 368.000  10 -10    0 1311
545 179.000 383.000  10 -31  213  243
546 351.000 199.000  10  -6  792  822
547  26.000 326.000  10 -30  633  663
548 396.000  59.000  10  -8  321  351
549 377.000 282.000  10  -9  388  418
550 124.000 221.000  10 -27 1003 1033
551 347.000 395.000  10 -11  274  304
552 339.000  69.000  10 -30  966  996
553 362.000 383.000  10  -4    0 1319
554 244.000 114.000  10 -29    0 1467
555  17.000  99.000  10  -5 1006 1036
556 350.000 207.000  10 -30  378  408
557  87.000 147.000  10 -10  874  904
558 357.000 202.000  10  -5  499  529
559 244.000 285.000  10 -15 1318 1348
560  74.000 351.000  10  -8  960  990
561  87.000 155.000  10 -20  210  240
562 369.000  19.000  10 -20    0 1316
563  19.000  61.000  10 -10 1152 1182
564 183.000 301.000  10 -10  120  150
565 335.000 202.000  10 -10  829  859
566   8.000 119.000  10 -17    0 1355
567  68.000 386.000  10 -22    0 1335
568 395.000 167.000  10  -3    0 1366
569 186.000 355.000  10 -10    0 1408
570 291.000 308.000  10 -30  200  230
571 346.000 155.000  10 -20  237  267
572 196.000 107.000  10 -10 1329 1359
573  40.000 336.000  10 -45 1205 1235
574 374.000 175.000  10 -23    0 1388
575 324.000 217.000  10 -28    0 1438
576  97.000 105.000  10 -10  944  974
577 202.000  85.000  10 -30  178  208
578 124.000  69.000  10 -39    0 1412
579 129.000  85.000  10 -20    0 1428
580 308.000 314.000  10 -10  640  670
581 320.000 216.000  10 -20  170  200
582  92.000 384.000  10 -10  403  433
583  82.000  65.000  10  -3  237  267
584 285.000 184.000  10 -10 1030 1060
585 267.000 161.000  10 -10  218  248
586 114.000 252.000  10 -10  100  130
587 339.000 384.000  10 -22    0 1333
588 267.000 321.000  10 -19  633  663
589 302.000 274.000  10 -31  292  322
590 215.000 260.000  10  -9   61   91
591 163.000 364.000  10 -21  787  817
592 159.000  11.000  10 -10    0 1370
593 108.000 395.000  10 -37  573  603
594 348.000  41.000  10 -26  658  688
595 108.000 250.000  10 -10    0 1459
596 393.000 312.000  10 -30    0 1340
597 180.000  15.000  10  -8    0 1377
598 364.000  25.000  10 -29  293  323
599 201.000 297.000  10 -20    0 1466
600  85.000 358.000  10 -10  307  337
601 340.000 290.000  10 -19    0 1397
602 126.000  90.000  10 -31  866  896
603 165.000 126.000  10 -30 1242 1272
604 236.000 243.000  10 -20  120  150
605  45.000 291.000  10 -10  213  243
606 225.000  53.000  10 -10    0 1414
607 247.000 377.000  10 -10 1215 1245
608 268.000 160.000  10 -20  207  237
609 183.000 375.000  10 -10    0 1388
610 194.000  65.000  10 -20  386  416
611 366.000 340.000  10 -12    0 1346
612 324.000 216.000  10 -20    0 1438
613 267.000 112.000  10 -35    0 1453
614 157.000 220.000  10 -16    0 1516
615  55.000 341.000  10 -10  675  705
616 209.000 283.000  10 -10  617  647
617 131.000 275.000  10 -30  529  559
618 107.000 247.000  10 -30  193  223
619 286.000 308.000  10 -10  237  267
620  50.000 385.000  10 -10    0 1325
621 393.000 301.000  10 -10  217  247
622 297.000 135.000  10 -18  136  166
623 195.000  91.000  10 -30  208  238
624 255.000  80.000  10 -10  520  550
625 234.000 212.000  10 -20    0 1527
626  93.000 149.000  10 -16  118  148
627 341.000  33.000  10 -21  279  309
628 119.000 179.000  10 -20  235  265
629 109.000 252.000  10 -20    0 1459
630 397.000 313.000  10 -20  290  320
631 125.000  95.000  10 -20  204  234
632 230.000 290.000  10 -20  122  152
633 287.000 307.000  10 -30  225  255
634 300.000 272.000  10 -15  693  723
635  95.000  63.000  10 -20  189  219
636  86.000 357.000  10 -30  319  349
637 220.000 288.000  10 -10  162  192
638 384.000 248.000  10 -20  222  252
639 246.000  47.000  10 -32 1121 1151
640 349.000 324.000  10 -27  538  568
641 220.000 381.000  10 -20  182  212
642 214.000 378.000  10 -19  178  208
643 364.000 213.000  10 -20  578  608
644 166.000 115.000  10 -20 1249 1279
645 135.000 161.000  10 -28 1350 1380
646 160.000 313.000  10 -34  859  889
647 397.000  73.000  10 -13    0 1329
648 294.000 249.000  10 -20  471  501
649 237.000 259.000  10 -18    0 1494
650 218.000 134.000  10 -35 1275 1305
651 324.000 194.000  10 -30 1066 1096
652 334.000 186.000  10 -20    0 1429
653 340.000 276.000  10 -20  868  898
654  75.000 368.000  10 -20  229  259
655 236.000 204.000  10 -10    0 1527
656 266.000 116.000  10 -50  188  218
657 217.000  98.000  10  -9    0 1460
658  46.000 197.000  10 -20  423  453
659 299.000 141.000  10 -30  229  259
660 196.000 295.000  10 -10  133  163
661 379.000 126.000  10 -23  866  896
662  25.000 256.000  10 -30  215  245
663 344.000 283.000  10 -23    0 1397
664  72.000 253.000  10 -10    0 1425
665 146.000 320.000  10 -15  497  527
666  40.000 380.000  10 -20  240  270
667  52.000 334.000  10 -10  267  297
668 236.000  38.000  10 -20  433  463
669 317.000 183.000  10 -24  118  148
670 351.000 153.000  10 -30  209  239
671  74.000  87.000  10 -18    0 1394
672 125.000 122.000  10 -10  111  141
673 274.000   7.000  10 -34  329  359
674 370.000  57.000  10 -13 1118 1148
675  84.000 359.000  10 -40  283  313
676  21.000 255.000  10 -20  761  791
677 107.000 159.000  10 -33    0 1462
678 246.000 247.000  10 -10  679  709
679 228.000  96.000  10 -20  322  352
680 137.000  68.000  10 -11  146  176
681 183.000 303.000  10 -10  132  162
682 109.000 186.000  10 -10  134  164
683 156.000   4.000  10 -34    0 1363
684 303.000 358.000  10 -26  341  371
685 193.000 216.000  10 -30 1231 1261
686 119.000 286.000  10 -18  829  859
687  49.000 222.000  10 -30 1127 1157
688 105.000 360.000  10 -20  786  816
689  13.000  59.000  10 -27  559  589
690 398.000 258.000  10 -10    0 1357
691 162.000 251.000  10 -19   63   93
692  98.000 107.000  10 -15    0 1425
693  51.000 205.000  10 -20 1216 1246
694 299.000 399.000  10  -4  774  804
695 123.000 176.000  10  -6 1170 1200
696  93.000  59.000  10 -10    0 1386
697 174.000 375.000  10 -10    0 1387
698 312.000 200.000  10 -10  156  186
699  99.000  67.000  10 -24    0 1396
700  14.000 201.000  10 -20  216  246
701 126.000  70.000  10 -30  237  267
702  26.000 199.000  10 -35  808  838
703 175.000 299.000  10 -20  217  247
704  89.000 152.000  10 -12    0 1443
705 315.000 237.000  10 -20  520  550
706 127.000  94.000  10 -20  216  246
707 393.000 246.000  10 -20  508  538
708  24.000  96.000  10 -10  310  340
709 113.000 179.000  10 -10  196  226
710 342.000 154.000  10 -30    0 1414
711 390.000  52.000  10 -20  291  321
712 385.000  56.000  10 -20  254  284
713  77.000 319.000  10  -4 1239 1269
714   5.000 344.000  10 -10 1259 1289
715 253.000 316.000  10 -20    0 1436
716 213.000 271.000  10 -10    0 1491
717  92.000 155.000  10 -10  236  266
718  17.000 209.000  10 -16  248  278
719 128.000  68.000  10 -30  210  240
720 165.000 264.000  10 -18    0 1491
721 291.000 398.000  10 -14  531  561
722 384.000 294.000  10 -20  557  587
723 102.000 118.000  10 -22    0 1436
724 256.000 145.000  10 -10 1144 1174
725 325.000  45.000  10 -17  589  619
726  47.000 328.000  10 -50  226  256
727 126.000  91.000  10 -10  190  220
728  37.000 397.000  10 -10  825  855
729  13.000 220.000  10  -9 1065 1095
730 131.000  95.000  10 -10    0 1438
731 386.000  60.000  10 -10  341  371
732  62.000 258.000  10 -16    0 1414
733  36.000 288.000  10  -7  957  987
734  67.000 318.000  10 -20  246  276
735 372.000 256.000  10  -2    0 1383
736 184.000 235.000  10 -10 1124 1154
737  85.000 128.000  10 -10 1288 1318
738 196.000 138.000  10 -13    0 1501
739 321.000 287.000  10 -12    0 1414
740 142.000 379.000  10 -16  780  810
741 310.000 143.000  10 -26    0 1440
742 305.000 255.000  10 -37  311  341
743 197.000 293.000  10 -10   99  129
744  14.000 210.000  10 -30  235  265
745 377.000  29.000  10 -10  747  777
746  22.000  96.000  10 -18    0 1357
747 395.000 310.000  10 -20  276  306
748 293.000 306.000  10 -10  141  171
749 353.000   3.000  10 -16    0 1314
750 349.000 181.000  10 -20  289  319
751 319.000 160.000  10 -10    0 1438
752 259.000   4.000  10  -4    0 1359
753 321.000 217.000  10 -30  158  188
754 318.000 219.000  10 -20    0 1444
755 326.000 374.000  10 -21    0 1349
756 198.000 295.000  10 -20  145  175
757 369.000 106.000  10 -20  268  298
758 195.000 148.000  10 -20 1326 1356
759 210.000 268.000  10 -15    0 1495
760 186.000  75.000  10  -2  780  810
761  86.000 112.000  10 -23  713  743
762   8.000 285.000  10 -10    0 1354
763 342.000 385.000  10 -10  356  386
764 158.000 121.000  10 -10 1105 1135
765 146.000 324.000  10  -2 1398 1428
766 389.000  54.000  10 -30    0 1325
767 172.000 383.000  10 -10  276  306
768  32.000 352.000  10 -30  226  256
769 246.000 244.000  10 -30  679  709
770 338.000 391.000  10 -10  304  334
771 325.000 294.000  10 -10 1146 1176
772  43.000 121.000  10 -24  985 1015
773 336.000 387.000  10 -10  328  358
774 232.000 127.000  10 -20    0 1484
775  32.000 357.000  10 -10  284  314
776  28.000 356.000  10 -10  260  290
777 102.000 377.000  10 -16    0 1361
778 347.000 385.000  10 -20  242  272
779 302.000 203.000  10 -10    0 1461
780 383.000  53.000  10 -11  234  264
781 353.000 164.000  10 -20    0 1406
782  74.000 213.000  10 -20  435  465
783  66.000 118.000  10 -30  565  595
784  24.000  93.000  10 -20  297  327
785 174.000 387.000  10 -20    0 1375
786 308.000 178.000  10 -20  398  428
787 118.000 122.000  10 -10  950  980
788 319.000 113.000  10 -26 1167 1197
789  79.000  95.000  10  -2 1226 1256
790 298.000 137.000  10 -20  124  154
791 343.000 322.000  10  -2  811  841
792 262.000 233.000  10  -7 1110 1140
793 210.000   1.000  10 -17    0 1364
794 169.000 352.000  10 -20  249  279
795 243.000 244.000  10  -9   61   91
796 183.000  71.000  10  -1  765  795
797 219.000 377.000  10 -30  220  250
798 272.000 161.000  10 -20  192  222
799 343.000 359.000  10  -8  456  486
800 217.000 289.000  10 -20  175  205
801 366.000  97.000  10 -10  772  802
802 353.000  65.000  10 -40    0 1359
803 349.000 275.000  10 -20  192  222
804 177.000 300.000  10 -40  205  235
805 369.000 100.000  10 -20  202  232
806 361.000 194.000  10 -10  405  435
807  92.000 255.000  10 -20  424  454
808  91.000  70.000  10 -21  267  297
809  33.000 247.000  10 -20  270  300
810 366.000 251.000  10 -20  281  311
811  84.000 293.000  10 -16  556  586
812 212.000 197.000  10 -30  854  884
813 273.000 182.000  10 -10  850  880
814 246.000 298.000  10 -29  956  986
815 355.000  41.000  10 -15  839  869
816  49.000 187.000  10 -23  191  221
817   0.000 155.000  10 -10  205  235
818 374.000 104.000  10 -20  232  262
819 113.000 184.000  10 -23    0 1475
820 323.000 243.000  10 -10  222  252
821 128.000  95.000  10 -10  250  280
822 115.000  51.000  10 -19    0 1392
823 247.000 212.000  10 -10  172  202
824 390.000 357.000  10 -21 1041 1071
825  11.000 328.000  10 -19  767  797
826 367.000 255.000  10 -20  267  297
827 264.000 341.000  10 -13 1041 1071
828 344.000 280.000  10 -20    0 1399
829 391.000  42.000  10 -19  964  994
830   8.000 363.000  10 -18  879  909
831 200.000 200.000   0   0    0 1573
