420 420 1000 200 1000
  0 200.000 200.000   0   0    0 1573
  1 245.000 106.000  10  20  104  254
  2 233.000 214.000  10  10   35  185
  3 384.000 248.000  10  35  190  340
  4 277.000 163.000  10  10  106  256
  5 218.000 284.000  10  20  140  290
  6 113.000 179.000  10  10  136  286
  7 348.000 280.000  10  10  168  318
  8 223.000 372.000  10  30  176  326
  9  37.000 397.000  10  50  765  915
 10 364.000  27.000  10  20  245  395
 11  14.000 201.000  10  10  186  336
 12  41.000 382.000  10  20  241  391
 13 325.000 130.000   0  19  978 1128
 14 346.000 155.000  10  20  177  327
 15  91.000 150.000  10  10  119  269
 16 176.000 154.000  10  15   51  201
 17 133.000  68.000  10  20  148  298
 18 151.000 188.000  10  18   50  200
 19 287.000 307.000  10  10  165  315
 20 220.000  71.000  10  22  616  766
 21 244.000 106.000  10  40  103  253
 22 393.000 301.000  10  10  217  367
 23  59.000  51.000  10  14  205  355
 24 126.000  91.000  10  30  131  281
 25 108.000 395.000   0  12  513  663
 26 186.000 306.000  10  10  112  262
 27 125.000 122.000  10  15  108  258
 28 348.000 279.000  10  10  167  317
 29  26.000 247.000  10  10  180  330
 30 393.000 306.000  10  20  220  370
 31 268.000 114.000  10  30  115  265
 32   2.000  17.000  10  11  269  419
 33 338.000 315.000   0   9  892 1042
 34 294.000 136.000  10  10  113  263
 35  73.000 126.000  10  38  359  509
 36  68.000 263.000  10  10  146  296
 37 302.000 136.000  10  20  120  270
 38 234.000 203.000  10  10  107  257
 39 233.000 208.000  10  30   33  183
 40 210.000   1.000  10  11  940 1090
 41 102.000 252.000  10  10  110  260
 42 152.000 237.000  10  10   60  210
 43 105.000 360.000   0  10  726  876
 44 193.000 216.000   0   1 1171 1321
 45 338.000 150.000  10  16  708  858
 46 180.000  15.000  10   7  815  965
 47 182.000 378.000  10  10  178  328
 48  39.000 384.000  10  40  244  394
 49 291.000 301.000  10  20  135  285
 50 246.000 298.000  10  19  896 1046
 51 116.000 252.000  10  20   98  248
 52  63.000 262.000  10  20  150  300
 53 174.000 375.000  10  30  257  407
 54 199.000  45.000  10  26  730  880
 55 363.000  24.000  10  20  239  389
 56 393.000 307.000  10  10  220  370
 57 364.000  25.000  10  40  239  389
 58 302.000 203.000  10  30  138  288
 59 381.000 290.000   0  36  409  559
 60 264.000 341.000  10   9  981 1131
 61  23.000  97.000  10  20  261  411
 62 281.000 155.000  10  10   92  242
 63 352.000 162.000  10  10  156  306
 64 209.000  85.000  10  10  115  265
 65 177.000 379.000  10  10  242  392
 66  18.000 208.000  10  20  199  349
 67 369.000 107.000  10  20  219  369
 68  31.000 360.000  10  23  232  382
 69 240.000 246.000  10  20   60  210
 70 111.000 286.000  10  21  123  273
 71 213.000 271.000  10  10   72  222
 72 322.000 242.000  10  10  173  323
 73 300.000 132.000  10  10  120  270
 74 342.000 384.000  10  10  307  457
 75 197.000 293.000  10  30   93  243
 76 231.000 243.000  10  10   85  235
 77  60.000 319.000  10  29  195  345
 78  79.000 154.000  10  10  129  279
 79 256.000 385.000   0   5  536  686
 80   8.000 119.000  10  11  779  929
 81  74.000 351.000   0  32  900 1050
 82  95.000  64.000  10  20  171  321
 83 329.000 236.000  10  10  133  283
 84 244.000 109.000  10  20  101  251
 85 161.000 233.000  10  30   57  207
 86 394.000 299.000  10  14  734  884
 87 363.000  30.000  10  10  270  420
 88 220.000 238.000  10  12   42  192
 89 186.000 355.000  10  25  155  305
 90  48.000 326.000  10  20  197  347
 91 264.000  69.000  10  15  605  755
 92 341.000 394.000  10  20  239  389
 93 362.000 383.000  10  21  244  394
 94  85.000  61.000  10  20  180  330
 95 396.000 106.000  10  18  217  367
 96  79.000 344.000  10  16  188  338
 97 201.000 195.000  10  12    5  155
 98  92.000 255.000  10  30  364  514
 99 385.000  56.000  10  10  234  384
100 396.000  59.000  10  20  261  411
101 169.000 352.000  10   7  189  339
102 286.000 308.000  10  10  177  327
103 206.000 296.000  10  30  130  280
104  35.000  79.000   0  22  363  513
105 145.000 165.000  10  13   65  215
106  89.000 154.000   0  10  162  312
107 323.000 243.000  10  20  162  312
108 165.000 126.000  10   4 1182 1332
109 137.000  68.000   0  25  146  296
110 310.000 143.000  10  20  126  276
111  18.000 100.000  10  20  207  357
112 201.000   6.000  10  25  525  675
113 297.000 135.000  10  30  116  266
114 113.000 183.000  10  30  110  260
115  14.000 100.000   0  30  211  361
116  92.000 384.000  10  26  343  493
117 195.000  91.000  10  20  148  298
118 350.000 271.000  10  10  165  315
119 262.000 233.000   0  16 1050 1200
120 200.000  48.000  10  20  160  310
121 234.000  37.000  10  12  452  602
122 234.000  73.000  10   8  131  281
123 268.000 223.000  10  20   71  221
124 355.000 156.000  10  20  161  311
125 371.000 253.000  10  30  179  329
126  31.000 353.000  10  20  227  377
127  53.000 326.000  10  20  193  343
128 388.000 106.000  10   9  210  360
129 381.000  12.000  10  15  531  681
130  46.000 380.000  10  10  263  413
131 343.000 359.000   0  26  396  546
132 320.000 211.000  10   6  120  270
133 397.000 283.000  10   9  352  502
134 267.000 161.000  10  10  158  308
135 310.000 340.000  10  11  178  328
136 270.000 106.000  10  30  117  267
137 313.000  64.000  10  29  342  492
138  14.000  53.000  10  12  745  895
139 371.000 111.000  10   3  192  342
140 393.000 246.000  10  14  448  598
141 118.000 122.000   0  20  890 1040
142   9.000  47.000  10   5  793  943
143 321.000 212.000  10  30  121  271
144 336.000 387.000  10  10  268  418
145 357.000 202.000  10   5  439  589
146 374.000 104.000  10  10  198  348
147 271.000 371.000  10  15  692  842
148 353.000   3.000  10  20  249  399
149  74.000 213.000  10  33  375  525
150  11.000 328.000  10  12  707  857
151 126.000  70.000   0  10  177  327
152 165.000 264.000  10  20   72  222
153 377.000 282.000  10  20  328  478
154 135.000 161.000  10  15 1290 1440
155 134.000  63.000  10  10  152  302
156 182.000 300.000  10  10  101  251
157 328.000 239.000  10  10  133  283
158 138.000 143.000  10  17   84  234
159 162.000 251.000  10  21   63  213
160 389.000 171.000  10   3  391  541
161 179.000 305.000  10  10  129  279
162  14.000 210.000  10  10  186  336
163 290.000 311.000  10  30  142  292
164 345.000 158.000  10  20  190  340
165 342.000 154.000  10  25  340  490
166  18.000 294.000  10  45  427  577
167  93.000 149.000  10  20  118  268
168 203.000  88.000  10  30  112  262
169 173.000  72.000  10  39  214  364
170  45.000 291.000  10  18  179  329
171  82.000 360.000  10  10  200  350
172 102.000  84.000  10   3  151  301
173 300.000 144.000  10  10  182  332
174 344.000 280.000  10  20  185  335
175 149.000 234.000  10  10   61  211
176 320.000 373.000  10  22  491  641
177 109.000 252.000  10  30  104  254
178 218.000 134.000  10  24 1215 1365
179 184.000 282.000  10  19   83  233
180  32.000  78.000  10  23  589  739
181 395.000 310.000   0  10  223  373
182  19.000 206.000  10  20  211  361
183 243.000 275.000  10  31  860 1010
184 299.000 227.000  10  25  102  252
185 215.000 260.000  10   9   61  211
186 208.000  20.000  10  10  541  691
187  97.000 387.000  10  37  501  651
188 262.000  30.000  10   8  180  330
189 210.000 271.000  10  20   71  221
190 256.000 145.000   0  12 1084 1234
191 267.000 295.000  10  20  671  821
192 279.000 262.000  10  19  100  250
193 238.000 101.000  10  20  122  272
194 219.000 377.000  10  20  178  328
195 166.000 115.000  10  13 1189 1339
196 238.000 250.000  10  20   62  212
197 131.000  95.000  10  20  125  275
198 243.000 106.000  10  10  103  253
199 237.000 109.000  10  10  150  300
200 117.000 148.000  10  14   97  247
201 276.000 157.000  10  20   87  237
202 303.000 358.000  10  37  281  431
203  17.000  96.000  10  10  210  360
204 173.000 381.000  10  10  228  378
205  70.000  81.000  10   9  817  967
206 206.000  81.000   0  20  119  269
207 348.000 343.000  10  12  280  430
208  95.000  63.000  10  10  172  322
209 324.000 216.000  10  20  125  275
210 204.000 292.000  10  10  144  294
211  70.000 264.000  10  30  147  297
212 152.000 240.000  10  30   62  212
213   0.000 155.000  10   9  205  355
214 289.000 306.000  10  10  153  303
215  75.000 367.000  10  10  208  358
216 183.000  71.000  10  14  705  855
217 312.000 200.000  10  30  112  262
218 200.000  89.000  10  30  133  283
219 242.000 113.000  10  10   96  246
220 341.000  33.000  10  27  219  369
221  55.000 341.000  10  14  615  765
222  99.000  67.000  10  10  167  317
223 236.000 243.000  10  20   60  210
224 229.000 209.000  10  20   30  180
225  93.000  59.000  10  20  177  327
226 143.000 159.000  10  16   70  220
227 267.000 112.000  10  30  110  260
228 196.000 295.000  10  20   95  245
229 122.000 183.000  10  20   79  229
230  28.000 353.000   0  20  230  380
231 158.000 239.000  10  20   57  207
232 127.000  90.000  10  20  132  282
233 221.000 281.000  10  20   83  233
234 326.000 374.000   0  17  518  668
235 178.000 103.000  10  10  557  707
236 300.000 272.000  10  15  633  783
237 102.000  67.000  10  20  165  315
238 285.000 107.000   0  17  440  590
239  82.000 365.000  10  30  202  352
240 366.000  97.000  10  23  712  862
241 220.000 283.000  10  10  153  303
242 371.000 244.000  10  20  176  326
243 231.000   6.000  10  32  641  791
244 202.000  85.000  10  10  118  268
245 236.000 204.000   0  10   94  244
246 220.000 381.000  10  20  182  332
247 206.000 286.000  10  19  426  576
248 126.000 208.000   0  26 1310 1460
249  67.000 318.000  10  15  186  336
250 232.000 127.000  10  13   79  229
251  96.000 209.000  10  28  104  254
252 308.000 178.000  10   4  338  488
253 294.000 118.000  10  13  124  274
254 280.000 224.000  10  20  167  317
255  82.000  65.000  10  30  179  329
256  22.000  96.000  10  10  207  357
257 334.000 186.000  10   1  134  284
258 310.000 200.000  10  30  110  260
259  52.000 331.000  10  10  197  347
260 310.000 196.000   0  20  110  260
261 183.000 375.000  10  30  175  325
262 349.000 324.000   0  33  478  628
263 225.000 288.000  10  20   91  241
264 349.000 272.000  10  20  165  315
265  87.000 365.000   0  20  199  349
266 240.000 210.000  10  10   77  227
267 301.000 139.000  10  30  156  306
268 195.000 294.000  10  10   94  244
269  34.000 242.000  10  30  171  321
270 348.000 371.000  10  23  592  742
271  70.000 256.000  10  10  187  337
272  48.000 304.000  10  15  184  334
273 114.000 254.000  10  10  101  251
274 264.000 112.000  10  20  108  258
275 244.000 176.000  10  24   50  200
276 346.000 163.000  10  30  150  300
277  52.000 334.000  10  30  207  357
278 177.000 174.000  10  10   34  184
279 114.000 178.000  10  10  147  297
280 384.000  53.000   0  13  890 1040
281  29.000 250.000  10  30  182  332
282  84.000 360.000  10  40  212  362
283 319.000 160.000  10  26  125  275
284  32.000 352.000  10  30  226  376
285  32.000 357.000  10  20  229  379
286 237.000 108.000  10  20  139  289
287 162.000  94.000  10  11  112  262
288 185.000 299.000  10  10  100  250
289 156.000  32.000  10  34  730  880
290 201.000 297.000  10  10  115  265
291 311.000 344.000  10  26  181  331
292 174.000 329.000  10  30  640  790
293  26.000 250.000  10  30  181  331
294  84.000 363.000  10  20  200  350
295 184.000 233.000  10  19   36  186
296 177.000 300.000  10  30  145  295
297  22.000 205.000  10  20  178  328
298 131.000 275.000  10  30  469  619
299 315.000 237.000   0  33  460  610
300  85.000  67.000  10  10  191  341
301 197.000 300.000  10  10  100  250
302 308.000 196.000  10  10  108  258
303 114.000  88.000  10  24  614  764
304  87.000 153.000  10  20  122  272
305 137.000  64.000  10  30  149  299
306 361.000 194.000  10  12  345  495
307  24.000  96.000  10  10  250  400
308   2.000 200.000  10  35  281  431
309 211.000 274.000  10  20   74  224
310 102.000 149.000  10  12  447  597
311 127.000  87.000  10  20  134  284
312 383.000  53.000  10  10  234  384
313 376.000 254.000  10  20  184  334
314  15.000 100.000  10  10  210  360
315  85.000 358.000  10  10  247  397
316  65.000 335.000  10   4  269  419
317 217.000 286.000  10  10  128  278
318  33.000 247.000  10  10  210  360
319  88.000 150.000  10  10  122  272
320 397.000  73.000  10  15  234  384
321  70.000 231.000  10  16 1037 1187
322 131.000  67.000  10  30  149  299
323  31.000 357.000  10  20  230  380
324 299.000 351.000  10  14  180  330
325 393.000 297.000  10  20  216  366
326 273.000 160.000  10  10  121  271
327 364.000  55.000  10  17  280  430
328  47.000 328.000  10  50  199  349
329 109.000 186.000  10  10   92  242
330 143.000  20.000  10  15 1157 1307
331 134.000  98.000  10  10  121  271
332 386.000  57.000   0  10  234  384
333  86.000 112.000  10  17  653  803
334 135.000 384.000  10  13  195  345
335  68.000 261.000  10  20  160  310
336 220.000 288.000  10  20  102  252
337 369.000 106.000  10  10  208  358
338  96.000  69.000  10  10  233  383
339 321.000 217.000  10  20  122  272
340 177.000  77.000  10  13  739  889
341 350.000 207.000   0  16  318  468
342 279.000 247.000  10  12   91  241
343 153.000 315.000  10  16  124  274
344 297.000 240.000  10  37  200  350
345 199.000 290.000  10  10   90  240
346  21.000 204.000  10  30  179  329
347 393.000 305.000  10  20  219  369
348 239.000 254.000  10  10   66  216
349 339.000   3.000  10   8  743  893
350 318.000 219.000  10  20  133  283
351 339.000 384.000  10  20  320  470
352 351.000 153.000  10  30  158  308
353 317.000 183.000  10  29  118  268
354 183.000 303.000  10  20  104  254
355 299.000 308.000   0  21  503  653
356 197.000 292.000  10  20   92  242
357 295.000 307.000  10  20  143  293
358 208.000  86.000  10   2  898 1048
359  27.000 251.000  10  10  180  330
360 217.000 289.000   0  20  115  265
361 133.000  94.000  10  10  125  275
362  87.000 147.000  10   7  814  964
363 389.000  54.000  10  30  238  388
364 185.000 386.000  10  10  186  336
365 234.000 212.000  10  10   36  186
366  53.000 330.000  10  30  196  346
367 211.000 266.000  10  10   66  216
368   8.000 363.000  10  39  819  969
369 242.000 105.000  10  20  103  253
370 345.000 382.000  10  20  232  382
371 272.000 154.000   0  20   85  235
372  22.000 210.000   0  20  226  376
373 117.000 187.000  10  30   84  234
374 298.000 138.000  10  20  115  265
375 130.000  70.000  10  30  191  341
376 347.000 385.000  10  20  236  386
377 217.000  98.000   0  19  103  253
378  76.000  90.000  10   2  687  837
379 270.000 151.000  10  20   85  235
380 344.000 321.000  10   2  194  344
381  49.000 187.000  10  20  151  301
382  92.000 155.000  10  20  176  326
383 184.000  69.000  10   1  443  593
384 222.000 383.000  10  30  184  334
385 390.000 357.000  10  13  981 1131
386 272.000 161.000  10  20  132  282
387 371.000 349.000  10   8  226  376
388 220.000 296.000  10  20   98  248
389 370.000 104.000  10  10  196  346
390 382.000  54.000  10  40  233  383
391 379.000 126.000  10   8  806  956
392 327.000 241.000  10  20  137  287
393 367.000 104.000  10  20  192  342
394 271.000 154.000  10  10   84  234
395  66.000 254.000  10  20  144  294
396 374.000 253.000   0  20  181  331
397  60.000 328.000  10  10  241  391
398 268.000 160.000  10  20  147  297
399 201.000 255.000  10  16   55  205
400 147.000 210.000  10  23   53  203
401 108.000 186.000  10  10   93  243
402  26.000 199.000  10  26  748  898
403 305.000 255.000  10  11  251  401
404 368.000 102.000   0  20  194  344
405 146.000 174.000  10  23   59  209
406 319.000 217.000  10  10  121  271
407 128.000  94.000  10  10  179  329
408  92.000  68.000  10  19  660  810
409 231.000 219.000  10  10   36  186
410 309.000 274.000  10  23  281  431
411 336.000 386.000   0  21  667  817
412 174.000 387.000   0  20  201  351
413  24.000  93.000  10  10  237  387
414 107.000 247.000  10  20  133  283
415 291.000 308.000  10  30  141  291
416  13.000 322.000  10  19  308  458
417  68.000 254.000  10  20  142  292
418 142.000 379.000  10  11  720  870
419 329.000 241.000  10  20  135  285
420 328.000 243.000  10  20  135  285
421 265.000 127.000  10 -20   97  247
422 234.000 214.000  10 -10   50  200
423 398.000 258.000  10 -35  538  688
424 364.000 213.000  10 -10  518  668
425 260.000 352.000  10 -20  335  485
426 111.000 179.000  10 -10  124  274
427 375.000 294.000  10 -10  543  693
428 214.000 378.000  10 -30  178  328
429  50.000 385.000  10 -50  763  913
430 359.000  23.000  10 -20  237  387
431  13.000 220.000  10 -10 1005 1155
432  43.000 386.000  10 -20  243  393
433 325.000 130.000  10 -19  978 1128
434 399.000 179.000  10 -20  388  538
435  85.000 155.000  10 -10  127  277
436 206.000 106.000  10 -15  228  378
437 128.000  68.000  10 -20  150  300
438 115.000 185.000  10 -18   86  236
439 294.000 311.000  10 -10  145  295
440 202.000 158.000  10 -22 1098 1248
441 263.000 110.000  10 -40  109  259
442 389.000 307.000  10 -10  260  410
443  53.000  51.000  10 -14  209  359
444  97.000 105.000  10 -30  884 1034
445 108.000 395.000  10 -12  513  663
446 192.000 332.000  10 -10  378  528
447 128.000  95.000  10 -15  190  340
448 353.000 276.000  10 -10  170  320
449  25.000 256.000  10 -10  183  333
450 392.000 307.000  10 -20  219  369
451 276.000 116.000  10 -30  113  263
452  15.000   4.000  10 -11  639  789
453 338.000 315.000  10  -9  892 1042
454 325.000  45.000  10 -10  529  679
455  98.000 107.000  10 -38  874 1024
456  90.000 311.000  10 -10  609  759
457 327.000 115.000  10 -20  243  393
458 212.000 197.000  10 -10  794  944
459 235.000 212.000  10 -30   37  187
460 300.000  64.000  10 -11 1097 1247
461  67.000 258.000  10 -10  174  324
462  73.000 292.000  10 -10  156  306
463 105.000 360.000  10 -10  726  876
464 193.000 216.000  10  -1 1171 1321
465 350.000 131.000  10 -16  742  892
466 317.000  68.000  10  -7 1100 1250
467 179.000 383.000  10 -10  184  334
468 157.000 220.000  10 -40 1316 1466
469 325.000 311.000  10 -20  553  703
470 266.000 234.000  10 -19  853 1003
471 114.000 250.000  10 -20  162  312
472  49.000 222.000  10 -20 1067 1217
473 142.000 385.000  10 -30  467  617
474 225.000  53.000  10 -26 1022 1172
475 358.000  23.000  10 -20  237  387
476 393.000 312.000  10 -10  244  394
477 369.000  19.000  10 -40  247  397
478 308.000 204.000  10 -30  122  272
479 381.000 290.000  10 -36  409  559
480 310.000 363.000  10  -9  999 1149
481  13.000  59.000  10 -20  499  649
482 299.000 141.000  10 -10  169  319
483 381.000 144.000  10 -10  430  580
484 196.000  51.000  10 -10  470  620
485 157.000 378.000  10 -10  856 1006
486  46.000 197.000  10 -20  363  513
487 386.000  60.000  10 -20  281  431
488  41.000 378.000  10 -23  238  388
489 243.000 244.000  10 -20   61  211
490  86.000 357.000  10 -21  259  409
491 222.000 283.000  10 -10   85  235
492 348.000 319.000  10 -10  271  421
493 304.000 141.000  10 -10  142  292
494 340.000 388.000  10 -10  283  433
495 198.000 295.000  10 -30   95  245
496 237.000 247.000  10 -10   59  209
497  51.000 326.000  10 -29  195  345
498  87.000 155.000  10 -10  150  300
499 256.000 385.000  10  -5  536  686
500  17.000  99.000  10 -11  946 1096
501  74.000 351.000  10 -32  900 1050
502  93.000  62.000  10 -20  174  324
503 376.000 251.000  10 -10  183  333
504 226.000  52.000  10 -20  435  585
505 150.000 236.000  10 -30   61  211
506 352.000 303.000  10 -14 1012 1162
507 348.000  41.000  10 -10  598  748
508 208.000 274.000  10 -12   74  224
509 180.000 375.000  10 -25  176  326
510  23.000 317.000  10 -20  394  544
511 248.000 124.000  10 -15  604  754
512 352.000 383.000  10 -20  738  888
513 367.000 361.000  10 -21  427  577
514  24.000  57.000  10 -20  226  376
515 384.000  47.000  10 -18 1031 1181
516  34.000 355.000  10 -16  237  387
517 209.000 167.000  10 -12   34  184
518 124.000 221.000  10 -30  943 1093
519 391.000  42.000  10 -10  904 1054
520 370.000  57.000  10 -20 1058 1208
521 172.000 383.000  10  -7  216  366
522 293.000 310.000  10 -10  144  294
523 213.000 305.000  10 -30  430  580
524  35.000  79.000  10 -22  363  513
525 127.000  94.000  10 -13  156  306
526  89.000 154.000  10 -10  162  312
527 344.000 283.000  10 -20  172  322
528 186.000 145.000  10  -4 1357 1507
529 137.000  68.000  10 -25  146  296
530 286.000  44.000  10 -20  506  656
531  88.000 121.000  10 -20  508  658
532 254.000   0.000  10 -25  613  763
533 334.000  92.000  10 -30  384  534
534 116.000 181.000  10 -30  161  311
535  14.000 100.000  10 -30  211  361
536 163.000 364.000  10 -26  727  877
537 280.000   5.000  10 -20  956 1106
538 349.000 275.000  10 -10  166  316
539 262.000 233.000  10 -16 1050 1200
540 193.000  29.000  10 -20  697  847
541 294.000  13.000  10 -12  527  677
542 259.000   4.000  10  -8  546  696
543 246.000 244.000  10 -20  619  769
544 374.000 175.000  10 -20  284  434
545 373.000 253.000  10 -30  180  330
546  28.000 356.000  10 -20  232  382
547  61.000 333.000  10 -20  226  376
548 360.000  23.000  10  -9  238  388
549 369.000   6.000  10 -15  487  637
550  80.000 365.000  10 -10  389  539
551 343.000 359.000  10 -26  396  546
552 372.000 256.000  10  -6  192  342
553 384.000 294.000  10  -9  497  647
554 349.000 181.000  10 -10  229  379
555 299.000 399.000  10 -11  714  864
556 362.000  28.000  10 -30  257  407
557 207.000 185.000  10 -29 1160 1310
558   6.000  62.000  10 -12  837  987
559 391.000  54.000  10  -3  244  394
560 397.000 261.000  10 -14  525  675
561 118.000 122.000  10 -20  890 1040
562  19.000  61.000  10  -5 1092 1242
563 324.000 217.000  10 -30  125  275
564 337.000 388.000  10 -10  257  407
565 368.000 215.000  10  -5  667  817
566 372.000 104.000  10 -10  196  346
567 229.000 371.000  10 -15  953 1103
568 377.000  29.000  10 -20  687  837
569  51.000 205.000  10 -33 1156 1306
570   5.000 345.000  10 -12 1151 1301
571 126.000  70.000  10 -10  177  327
572  42.000 384.000  10 -20  247  397
573 384.000 307.000  10 -20  320  470
574 171.000 168.000  10 -15 1293 1443
575 134.000  62.000  10 -10  152  302
576 145.000 301.000  10 -10  115  265
577 366.000 251.000  10 -10  221  371
578 107.000  98.000  10 -17  138  288
579  84.000 359.000  10 -21  223  373
580 395.000 167.000  10  -3  920 1070
581 247.000 377.000  10 -10 1155 1305
582  52.000 194.000  10 -10  489  639
583 308.000 314.000  10 -30  580  730
584 369.000 171.000  10 -20  171  321
585 377.000 144.000  10 -25  407  557
586  52.000 301.000  10 -45  865 1015
587  89.000 152.000  10 -20  120  270
588 207.000  87.000  10 -30  113  263
589 154.000  68.000  10 -39  679  829
590  32.000 251.000  10 -18  196  346
591  57.000 381.000  10 -10  230  380
592  94.000  70.000  10  -3  220  370
593 369.000 118.000  10 -10  992 1142
594 330.000 313.000  10 -20  172  322
595  72.000 253.000  10 -10  138  288
596 380.000 339.000  10 -22  681  831
597 108.000 250.000  10 -30  146  296
598 243.000 140.000  10 -24 1213 1363
599 146.000 301.000  10 -19  293  443
600   3.000  15.000  10 -23 1042 1192
601 395.000 310.000  10 -10  223  373
602  17.000 209.000  10 -20  188  338
603 237.000 259.000  10 -31 1114 1264
604 294.000 249.000  10 -25  411  561
605 244.000 285.000  10  -9 1258 1408
606 194.000  43.000  10 -10  665  815
607 117.000 381.000  10 -37  562  712
608 236.000  38.000  10  -8  373  523
609 222.000 284.000  10 -20   86  236
610 256.000 145.000  10 -12 1084 1234
611 243.000 209.000  10 -20 1319 1469
612 338.000 290.000  10 -19  590  740
613 255.000  80.000  10 -20  460  610
614 221.000 379.000  10 -20  180  330
615 230.000 139.000  10 -13 1238 1388
616 237.000 243.000  10 -20   56  206
617 124.000  69.000  10 -20  164  314
618 243.000 104.000  10 -10  106  256
619 204.000  87.000  10 -10  113  263
620 196.000 107.000  10 -14 1269 1419
621 324.000 194.000  10 -20 1006 1156
622 338.000 391.000  10 -37  244  394
623  66.000 118.000  10 -10  505  655
624 146.000 324.000  10 -10 1278 1428
625  82.000  78.000  10  -9 1126 1276
626 206.000  81.000  10 -20  119  269
627 342.000 385.000  10 -12  296  446
628  45.000  85.000  10 -10  855 1005
629 320.000 216.000  10 -20  121  271
630 267.000 321.000  10 -10  573  723
631  62.000 258.000  10 -30  149  299
632 114.000 252.000  10 -30  100  250
633  18.000 102.000  10  -9  206  356
634 343.000 322.000  10 -10  751  901
635  68.000 386.000  10 -10  249  399
636 188.000  67.000  10 -14  989 1139
637 307.000 196.000  10 -30  107  257
638 200.000  83.000  10 -30  117  267
639 266.000 116.000  10 -10  128  278
640 353.000  65.000  10 -27  246  396
641  77.000 319.000  10 -14 1179 1329
642  39.000  34.000  10 -10  231  381
643 234.000 243.000  10 -20   72  222
644 237.000 213.000  10 -20   63  213
645  75.000  76.000  10 -20  269  419
646 125.000  95.000  10 -16  144  294
647 273.000 118.000  10 -30  109  259
648 186.000 304.000  10 -20  104  254
649 175.000 192.000  10 -20  864 1014
650  28.000 353.000  10 -20  230  380
651 110.000 254.000  10 -20  104  254
652 129.000  85.000  10 -20  135  285
653 248.000 286.000  10 -20   98  248
654 326.000 374.000  10 -17  518  668
655 214.000 119.000  10 -10  955 1105
656 340.000 276.000  10 -15  808  958
657  52.000  94.000  10 -20 1082 1232
658 285.000 107.000  10 -17  440  590
659  75.000 368.000  10 -30  209  359
660 338.000 106.000  10 -23  891 1041
661 220.000 337.000  10 -10  252  402
662 375.000 247.000  10 -20  181  331
663 246.000  47.000  10 -32 1061 1211
664 194.000  65.000  10 -10  326  476
665 236.000 204.000  10 -10   94  244
666 205.000 372.000  10 -20  829  979
667 213.000 332.000  10 -19  658  808
668 126.000 208.000  10 -26 1310 1460
669  55.000 324.000  10 -15  190  340
670 274.000   7.000  10 -13  269  419
671  68.000 143.000  10 -28 1195 1345
672 321.000 144.000  10  -4 1004 1154
673 319.000 113.000  10 -13 1107 1257
674 278.000 265.000  10 -20  589  739
675   6.000  20.000  10 -30  264  414
676  21.000  96.000  10 -10  207  357
677 349.000 157.000  10  -1  164  314
678 313.000 194.000  10 -30  113  263
679  41.000 340.000  10 -10  803  953
680 310.000 196.000  10 -20  110  260
681 182.000 379.000  10 -30  179  329
682 349.000 324.000  10 -33  478  628
683 241.000 275.000  10 -20  636  786
684 361.000 287.000  10 -20  196  346
685  87.000 365.000  10 -20  199  349
686 247.000 212.000  10 -10  112  262
687 297.000 137.000  10 -30  398  548
688 183.000 294.000  10 -10   95  245
689   8.000 285.000  10 -30  263  413
690 381.000 375.000  10 -23 1011 1161
691  72.000 257.000  10 -10  199  349
692  26.000 275.000  10 -15 1072 1222
693 115.000 257.000  10 -10  102  252
694 285.000 136.000  10 -20 1029 1179
695 244.000 114.000  10 -24   96  246
696 357.000 160.000  10 -30  162  312
697  12.000 368.000  10 -30  711  861
698 196.000 138.000  10 -10   62  212
699  92.000 162.000  10 -10  193  343
700 384.000  53.000  10 -13  890 1040
701  26.000 260.000  10 -30  569  719
702 160.000 313.000  10 -40  799  949
703 335.000 202.000  10 -26  769  919
704  29.000 355.000  10 -30  230  380
705  46.000 378.000  10 -20  275  425
706 228.000  96.000  10 -20  262  412
707  59.000  89.000  10 -11  709  859
708 175.000 299.000  10 -10  157  307
709 140.000  40.000  10 -34  955 1105
710 251.000 381.000  10 -10  208  358
711 346.000 385.000  10 -26  235  385
712 174.000 326.000  10 -30  895 1045
713  36.000 288.000  10 -30  897 1047
714  68.000 378.000  10 -20  622  772
715 140.000 387.000  10 -19  196  346
716 146.000 320.000  10 -30  437  587
717  20.000 204.000  10 -20  180  330
718 119.000 286.000  10 -30  769  919
719 315.000 237.000  10 -33  460  610
720   2.000   3.000  10 -10  734  884
721 189.000 306.000  10 -10  106  256
722 305.000 198.000  10 -10  105  255
723  79.000  95.000  10 -24 1166 1316
724  87.000 164.000  10 -20  602  752
725 156.000   4.000  10 -30  200  350
726 369.000 211.000  10 -12  403  553
727  26.000  70.000  10 -10  861 1011
728  21.000 201.000  10 -35  179  329
729 184.000 235.000  10 -20 1064 1214
730 159.000 164.000  10 -12 1276 1426
731 126.000  90.000  10 -20  806  956
732 385.000  55.000  10 -10  235  385
733 387.000 267.000  10 -20  832  982
734  23.000  98.000  10 -10  272  422
735  83.000 357.000  10 -10  235  385
736  34.000 385.000  10  -4  248  398
737 228.000 341.000  10 -10  947 1097
738  28.000 246.000  10 -10  178  328
739  86.000 154.000  10 -10  139  289
740 384.000  64.000  10 -15 1006 1156
741  41.000 183.000  10 -16 1117 1267
742 129.000  67.000  10 -30  150  300
743  40.000 380.000  10 -20  240  390
744 347.000 395.000  10 -14  244  394
745 397.000 313.000  10 -20  230  380
746 278.000 159.000  10 -10   92  242
747 359.000  30.000  10 -17  284  434
748  26.000 326.000  10 -50  573  723
749 113.000 184.000  10 -10   99  249
750 159.000  11.000  10 -15 1128 1278
751 158.000 121.000  10 -10 1045 1195
752 386.000  57.000  10 -10  234  384
753 102.000 118.000  10 -17 1109 1259
754  91.000 388.000  10 -13  217  367
755  84.000 293.000  10 -20  496  646
756 230.000 290.000  10 -20   94  244
757 369.000 100.000  10 -10  196  346
758  91.000  70.000  10 -10  207  357
759 273.000 182.000  10 -20  790  940
760 186.000  75.000  10 -13  720  870
761 350.000 207.000  10 -16  318  468
762 246.000 247.000  10 -12  619  769
763 102.000 377.000  10 -16  924 1074
764 344.000 236.000  10 -37  824  974
765 209.000 283.000  10 -10  557  707
766 123.000 176.000  10 -30 1110 1260
767 389.000 306.000  10 -20  271  421
768 340.000 290.000  10 -10  391  541
769 355.000  41.000  10  -8  779  929
770 285.000 184.000  10 -20  970 1120
771 366.000 340.000  10 -20  655  805
772 349.000 135.000  10 -30  488  638
773 321.000 209.000  10 -29  121  271
774 183.000 301.000  10 -20  102  252
775 299.000 308.000  10 -21  503  653
776 196.000 293.000  10 -20   93  243
777 302.000 274.000  10 -20  232  382
778 195.000 148.000  10  -2 1266 1416
779  21.000 255.000  10 -10  701  851
780 217.000 289.000  10 -20  115  265
781  43.000 121.000  10 -10  925 1075
782  85.000 128.000  10  -7 1228 1378
783 339.000  69.000  10 -30  906 1056
784 180.000 387.000  10 -10  188  338
785 236.000 210.000  10 -10   37  187
786  41.000 337.000  10 -30  609  759
787 210.000 268.000  10 -10   68  218
788  40.000 336.000  10 -39 1145 1295
789 244.000  56.000  10 -20  602  752
790 397.000 362.000  10 -20  255  405
791 272.000 154.000  10 -20   85  235
792  22.000 210.000  10 -20  226  376
793 110.000 188.000  10 -30   90  240
794 298.000 137.000  10 -20  116  266
795 115.000  51.000  10 -30  788  938
796 306.000 361.000  10 -20  645  795
797 217.000  98.000  10 -19  103  253
798  74.000  87.000  10  -2 1244 1394
799 277.000 154.000  10 -20   89  239
800 344.000 391.000  10  -2  239  389
801  21.000 104.000  10 -20  203  353
802 107.000 159.000  10 -20  972 1122
803 177.000  55.000  10  -1  696  846
804 291.000 398.000  10 -30  471  621
805 287.000 279.000  10 -13 1137 1287
806 351.000 199.000  10 -20  732  882
807 395.000 340.000  10  -8  240  390
808 279.000 337.000  10 -20  543  693
809 370.000  98.000  10 -10  198  348
810 390.000  52.000  10 -40  240  390
811 400.000 109.000  10  -8  787  937
812 327.000 242.000  10 -20  148  298
813 334.000 100.000  10 -20 1077 1227
814 356.000 223.000  10 -10  908 1058
815  68.000 250.000  10 -20  504  654
816 374.000 253.000  10 -20  181  331
817  48.000 358.000  10 -10  816  966
818 353.000 164.000  10 -20  157  307
819 253.000 316.000  10 -16  361  511
820  84.000 221.000  10 -23 1043 1193
821 111.000 184.000  10 -10   90  240
822  32.000 229.000  10 -26  994 1144
823 325.000 294.000  10 -11 1086 1236
824 368.000 102.000  10 -20  194  344
825 119.000 179.000  10 -23  175  325
826 367.000 255.000  10 -10  207  357
827 128.000  93.000  10 -10  168  318
828  56.000  97.000  10 -19  881 1031
829 230.000 241.000  10 -10   97  247
830 321.000 287.000  10 -23  531  681
831 336.000 386.000  10 -21  667  817
832 174.000 387.000  10 -20  201  351
833  20.000  91.000  10 -10  223  373
834 105.000 250.000  10 -20  120  270
835 293.000 306.000  10 -30  141  291
836   5.000 344.000  10 -19 1171 1321
837  72.000 315.000  10 -20  621  771
838 166.000 357.000  10 -11 1153 1303
839 379.000 254.000  10 -20  229  379
840 331.000 251.000  10 -20  140  290
841 200.000 200.000   0   0    0 1573
