422 422 1000 200 1000
  0 200.000 200.000   0   0    0 1573
  1 245.000 106.000  10  20  104  220
  2 233.000 214.000  10  10   35  207
  3 229.000 371.000   0   7  961 1095
  4 384.000 248.000  10  35  190  352
  5 218.000 284.000  10  20  166  264
  6 340.000 276.000  10  43  798  967
  7 206.000 106.000  10  33  236  371
  8 113.000 179.000  10  10  141  281
  9 348.000 280.000  10  10  174  290
 10 223.000 372.000  10  30  190  312
 11 361.000 287.000  10  13  189  353
 12 364.000  27.000  10  20  271  369
 13 325.000 130.000  10  19  998 1108
 14 359.000  30.000  10  20  296  422
 15  91.000 150.000  10  10  119  224
 16 176.000 154.000  10  15   51  182
 17 133.000  68.000  10  20  148  280
 18 151.000 188.000  10  18   50  185
 19 267.000 321.000  10  26  617  679
 20 220.000  71.000   0  22  649  734
 21 145.000 301.000  10   8  115  246
 22 348.000  41.000  10  16  606  739
 23  59.000  51.000  10  14  205  315
 24 126.000  91.000  10  30  139  271
 25 234.000 214.000  10  10   89  160
 26 125.000 122.000  10  15  108  186
 27  26.000 247.000  10  10  180  275
 28 268.000 114.000  10  30  125  256
 29  62.000 258.000  10  20  149  288
 30  66.000 118.000  10  27  497  663
 31  68.000 378.000  10  10  632  762
 32 294.000 136.000  10  10  113  236
 33  68.000 263.000  10  10  146  286
 34 127.000  94.000  10  10  173  290
 35 233.000 208.000  10  30   33  156
 36 102.000 252.000  10  10  115  248
 37 152.000 237.000  10  10   60  168
 38 182.000 378.000  10  10  178  369
 39 291.000 301.000  10  20  135  215
 40  32.000 251.000  10  20  188  353
 41 116.000 252.000  10  20   98  201
 42 198.000 295.000  10  20  108  211
 43  63.000 262.000  10  20  150  322
 44 199.000  45.000   0  26  750  860
 45 150.000 236.000  10  20   61  219
 46 393.000 307.000  10  10  220  335
 47 331.000 251.000  10  20  140  235
 48 293.000 306.000  10  20  141  239
 49  18.000 102.000  10  18  206  313
 50 299.000 141.000  10  10  190  297
 51 302.000 203.000  10  30  152  274
 52 381.000 290.000  10  36  446  523
 53 196.000  51.000  10  19  483  607
 54  23.000  97.000  10  20  279  393
 55 281.000 155.000  10  10   94  210
 56 352.000 162.000  10  10  156  236
 57 209.000  85.000  10  10  115  221
 58  15.000   4.000  10  18  631  797
 59 177.000 379.000  10  10  267  367
 60  18.000 208.000  10  20  221  327
 61 343.000 322.000  10  21  779  874
 62 380.000 339.000   0  10  704  808
 63 111.000 286.000  10  21  123  238
 64 322.000 242.000  10  10  192  305
 65 300.000 132.000  10  10  120  246
 66 342.000 384.000  10  10  303  462
 67 357.000 160.000  10  20  162  292
 68 204.000  87.000  10  30  113  205
 69 197.000 293.000   0  30   93  224
 70 400.000 109.000  10  20  834  890
 71 231.000 243.000  10  10   95  225
 72 222.000 283.000  10  20   85  241
 73  79.000 154.000  10  10  146  226
 74   8.000 119.000  10  11  797  910
 75 208.000 274.000  10  30   74  177
 76  95.000  64.000  10  20  171  262
 77 329.000 236.000   0  10  133  275
 78 248.000 286.000  10  35   98  172
 79 234.000 243.000   0  20   65  229
 80 244.000 109.000  10  20  101  248
 81 340.000 388.000  10  10  319  397
 82 161.000 233.000  10  30   83  181
 83 125.000  95.000  10  10  163  276
 84  61.000 333.000  10  10  238  363
 85 372.000 104.000   0  20  197  320
 86 363.000  30.000  10  10  289  400
 87 358.000  23.000  10  20  237  313
 88 220.000 238.000  10  12   42  158
 89 186.000 355.000  10  25  155  277
 90 391.000  42.000  10  44  909 1050
 91  74.000  87.000  10   9 1297 1394
 92 341.000 394.000  10  20  239  391
 93 128.000  95.000  10  10  204  325
 94  85.000  61.000  10  20  180  272
 95 396.000 106.000  10  18  217  355
 96  79.000 344.000  10  16  188  320
 97 201.000 195.000  10  12    5  148
 98  90.000 311.000  10  12  596  771
 99 385.000  56.000  10  10  234  307
100 396.000  59.000  10  20  277  394
101  51.000 326.000  10  10  195  289
102 169.000 352.000  10   7  205  322
103 230.000 139.000  10  14 1225 1401
104 286.000  44.000  10  18  508  653
105 286.000 308.000  10  10  196  307
106 142.000 385.000  10  16  467  617
107  35.000  79.000   0  22  387  488
108  89.000 154.000  10  10  165  310
109  72.000 257.000  10  10  225  324
110 323.000 243.000  10  20  158  316
111 165.000 126.000   0   4 1215 1299
112 137.000  68.000  10  25  146  317
113  18.000 100.000  10  20  207  302
114 201.000   6.000  10  25  551  650
115  86.000 154.000  10  30  139  288
116 347.000 395.000  10  10  244  391
117 243.000 244.000  10  30   61  181
118  14.000 100.000  10  30  211  328
119  92.000 384.000  10  26  320  516
120 195.000  91.000  10  20  189  257
121 350.000 271.000  10  10  165  264
122 353.000 164.000  10  20  157  293
123 200.000  48.000  10  20  173  297
124  93.000  62.000  10  20  185  248
125 234.000  73.000  10   8  131  249
126 157.000 378.000  10  22  885  977
127 268.000 223.000  10  20   71  205
128 248.000 124.000   0  19  627  731
129 364.000 213.000  10  11  535  651
130 371.000 253.000   0  30  195  313
131  41.000 337.000   0   9  599  768
132 209.000 167.000   0  17   34  163
133 388.000 106.000  10   9  229  329
134  21.000 104.000  10  30  203  333
135 221.000 379.000  10  30  180  335
136  46.000 380.000  10  10  258  418
137 192.000 332.000  10  31  390  516
138 343.000 359.000  10  26  414  529
139 320.000 211.000  10   6  120  218
140 310.000 340.000  10  11  178  255
141 214.000 378.000  10  20  178  252
142 313.000  64.000  10  29  345  489
143 154.000  68.000  10  20  683  825
144 298.000 137.000  10  10  116  217
145 371.000 111.000  10   3  192  340
146 118.000 122.000  10  20  939  992
147   9.000  47.000  10   5  823  912
148 115.000 185.000  10  10   86  154
149 357.000 202.000  10   5  471  557
150 271.000 371.000   0  15  705  828
151 353.000   3.000  10  20  249  447
152  74.000 213.000   0  33  397  503
153  17.000  99.000  10   1  947 1096
154 253.000 316.000  10  21  361  511
155  11.000 328.000   0  12  732  833
156 126.000  70.000  10  10  189  314
157 165.000 264.000  10  20   72  214
158  73.000 292.000  10   8  156  299
159 174.000 326.000   0   8  910 1029
160  85.000 155.000  10  20  136  269
161 360.000  23.000   0  20  238  378
162  20.000  91.000  10  10  252  344
163  72.000 253.000  10  20  138  265
164  87.000 155.000  10  10  165  286
165 134.000  63.000  10  10  152  271
166 349.000 275.000  10  10  166  255
167 182.000 300.000  10  10  101  256
168 138.000 143.000  10  17   84  214
169 372.000 256.000  10  20  192  343
170  57.000 381.000  10  22  230  351
171 162.000 251.000  10  21   63  151
172 389.000 171.000   0   3  378  555
173 290.000 311.000  10  30  149  256
174 200.000  83.000  10  10  117  251
175 342.000 154.000  10  25  367  462
176 247.000 212.000  10  15  118  256
177 369.000 171.000  10  23  171  285
178 266.000 116.000  10  10  142  264
179  39.000  34.000  10  10  231  321
180 180.000 387.000  10  10  199  322
181 173.000  72.000   0  39  229  349
182 305.000 198.000  10  20  105  239
183 102.000  84.000  10   3  151  241
184 300.000 144.000  10  10  190  324
185 236.000  38.000  10  38  370  525
186 278.000 159.000   0  10  126  207
187 344.000 280.000  10  20  203  317
188 149.000 234.000  10  10   61  179
189 320.000 373.000   0  22  537  595
190 109.000 252.000  10  30  104  228
191 184.000 282.000  10  19   83  197
192  32.000  78.000  10  23  608  720
193 395.000 310.000   0  10  223  383
194 243.000 275.000  10  31  855 1014
195 175.000 192.000   0  13  865 1012
196 299.000 227.000  10  25  102  186
197 215.000 260.000  10   9   61  155
198  97.000 387.000  10  37  536  616
199 108.000 250.000   0  10  140  303
200 389.000 306.000  10  30  265  427
201 262.000  30.000  10   8  180  231
202 334.000  92.000  10  29  391  527
203 210.000 271.000  10  20   71  211
204   8.000 285.000  10  24  284  392
205 279.000 262.000  10  19  100  253
206 126.000  90.000  10  31  808  953
207 129.000  67.000  10  30  150  288
208 238.000 250.000  10  20   66  149
209 131.000  95.000  10  20  125  275
210 115.000 257.000  10  10  102  244
211 243.000 106.000  10  10  117  200
212 389.000 307.000  10  10  253  417
213 117.000 148.000  10  14   97  250
214 180.000 375.000  10  10  176  258
215 276.000 157.000  10  20   87  212
216  17.000  96.000  10  10  210  323
217 173.000 381.000  10  10  244  361
218  46.000 197.000  10  21  369  507
219 348.000 343.000  10  12  279  431
220  95.000  63.000  10  10  172  247
221 324.000 216.000   0  20  125  177
222 265.000 127.000  10  35   97  216
223 204.000 292.000  10  10  157  282
224  70.000 264.000  10  30  156  287
225   0.000 155.000  10   9  205  315
226 289.000 306.000  10  10  168  289
227  75.000 367.000  10  10  208  330
228 353.000 276.000  10  10  170  279
229 183.000  71.000  10  14  715  844
230  49.000 222.000  10  11 1072 1212
231 242.000 113.000  10  10   96  194
232 341.000  33.000  10  27  236  353
233  99.000  67.000  10  10  167  319
234 236.000 243.000  10  20   56  213
235 229.000 209.000  10  20   30  183
236 143.000 159.000  10  16   70  201
237 122.000 183.000  10  20   79  188
238 225.000  53.000   0  23 1030 1165
239  28.000 353.000  10  20  230  343
240 158.000 239.000  10  20   57  187
241 392.000 307.000  10  20  219  334
242 221.000 281.000  10  20   83  203
243 376.000 251.000  10  20  183  292
244 102.000  67.000  10  20  165  244
245 285.000 107.000  10  17  465  566
246 220.000 283.000  10  10  186  270
247 369.000 100.000  10  30  196  287
248 371.000 244.000  10  20  176  254
249  85.000 128.000  10  18 1269 1336
250 330.000 313.000  10  27  172  261
251 202.000  85.000  10  10  140  247
252 236.000 204.000  10  10  111  228
253  67.000 318.000   0  15  198  324
254 232.000 127.000  10  13   79  179
255  96.000 209.000  10  28  104  224
256 294.000 118.000  10  13  124  210
257 280.000 224.000  10  20  202  282
258  82.000  65.000  10  30  179  337
259 300.000  64.000   0  35 1140 1205
260  22.000  96.000   0  10  259  305
261 334.000 186.000  10   1  134  278
262 310.000 200.000  10  30  110  264
263 210.000 268.000  10  30   68  159
264 310.000 196.000  10  20  110  215
265 183.000 375.000  10  30  175  276
266 349.000 324.000   0  33  478  628
267 225.000 288.000  10  20   91  246
268 124.000  69.000  10  10  174  305
269  87.000 365.000  10  20  199  286
270 240.000 210.000  10  10   69  236
271  40.000 380.000  10  30  240  354
272 280.000   5.000  10   9  943 1119
273  20.000 204.000  10  20  180  264
274 195.000 294.000  10  10   94  250
275 377.000 144.000  10  23  395  569
276  34.000 242.000  10  30  171  292
277 324.000 217.000  10  30  125  229
278 348.000 371.000  10  23  599  736
279  41.000 378.000  10  20  238  334
280 264.000 112.000  10  20  108  268
281 244.000 176.000  10  24   50  222
282 349.000 181.000  10   1  228  380
283 346.000 163.000  10  30  150  262
284  52.000 334.000  10  30  226  337
285 177.000 174.000  10  10   34  129
286 367.000 255.000  10  20  233  331
287 273.000 118.000  10  34  109  221
288 244.000 114.000  10  10   96  206
289 321.000 144.000  10  16 1020 1138
290  29.000 250.000  10  30  195  320
291 172.000 383.000  10  20  235  347
292  84.000 360.000  10  40  232  342
293  28.000 246.000   0  20  178  291
294 230.000 241.000  10  10  110  233
295  32.000 352.000  10  30  226  315
296 237.000 108.000  10  20  147  281
297 162.000  94.000  10  11  112  219
298 185.000 299.000  10  10  100  222
299 110.000 188.000  10  10   90  238
300  34.000 385.000  10  20  248  358
301 156.000  32.000  10  34  776  834
302 311.000 344.000  10  26  181  306
303  26.000 250.000  10  30  181  295
304  84.000 363.000   0  20  200  347
305   6.000  20.000  10  27  264  412
306 184.000 233.000  10  19   36  126
307  22.000 205.000  10  20  178  296
308  87.000 164.000  10  11  603  751
309 123.000 176.000   0   6 1116 1253
310 315.000 237.000  10  33  488  582
311 197.000 300.000  10  10  110  240
312 308.000 196.000  10  10  108  185
313  21.000 201.000  10  20  179  288
314 137.000  64.000  10  30  149  248
315  24.000  96.000  10  10  250  399
316 211.000 274.000  10  20   74  211
317 307.000 196.000  10  20  107  213
318 127.000  87.000  10  20  134  233
319 302.000 274.000  10  15  225  389
320 383.000  53.000  10  10  234  385
321 111.000 179.000  10  10  143  256
322 308.000 204.000  10  30  130  265
323 391.000  54.000  10  20  264  374
324  46.000 378.000  10  10  278  422
325  33.000 247.000  10  10  204  365
326  88.000 150.000  10  10  122  230
327 397.000  73.000  10  15  234  357
328  31.000 357.000   0  20  231  344
329 299.000 351.000  10  14  180  294
330 393.000 297.000  10  20  216  301
331 273.000 160.000  10  10  132  260
332  47.000 328.000  10  50  199  314
333 134.000  98.000  10  10  121  228
334  42.000 384.000  10  10  262  383
335 255.000  80.000  10  11  497  573
336  50.000 385.000   0  31  758  918
337 386.000  57.000  10  10  234  349
338  40.000 336.000  10   9 1168 1272
339  52.000 301.000   0   7  864 1016
340  68.000 261.000  10  20  174  297
341 220.000 288.000  10  20  109  244
342 186.000 304.000  10  10  104  224
343  96.000  69.000  10  10  253  363
344 320.000 216.000  10  20  146  224
345 279.000 247.000  10  12   91  193
346  68.000 386.000  10  16  270  379
347 297.000 240.000  10  37  210  340
348  21.000 204.000  10  30  179  348
349 393.000 305.000  10  20  219  334
350 369.000   6.000  10  16  485  640
351 304.000 141.000  10  10  172  262
352 339.000   3.000  10   8  731  904
353 254.000   0.000  10   4  602  774
354 321.000 209.000   0  30  121  240
355 351.000 153.000  10  30  183  265
356 183.000 303.000  10  20  104  241
357 370.000  98.000  10  20  198  325
358 207.000  87.000  10  20  113  254
359 368.000 215.000  10  15  720  763
360  75.000  76.000  10  23  260  428
361 133.000  94.000  10  10  125  247
362  91.000 388.000  10   2  217  360
363  87.000 147.000   0   7  824  955
364 389.000  54.000  10  30  238  358
365 234.000 212.000  10  10   36  154
366  53.000 330.000  10  30  196  338
367 346.000 385.000  10  10  235  327
368 211.000 266.000  10  10   87  187
369 344.000 391.000  10  10  239  367
370 242.000 105.000  10  20  103  239
371 327.000 242.000  10  40  146  299
372  55.000 324.000  10  10  190  294
373  29.000 355.000  10  10  230  381
374 345.000 382.000  10  20  232  352
375  22.000 210.000  10  20  226  377
376 117.000 187.000  10  30   84  206
377  28.000 356.000  10  30  232  335
378 347.000 385.000  10  20  236  349
379 220.000 337.000  10  23  255  399
380 344.000 283.000  10  20  218  275
381 217.000  98.000  10  19  103  194
382 175.000 299.000  10  20  177  287
383 270.000 151.000  10  20   85  239
384 398.000 258.000  10  12  558  667
385  49.000 187.000   0  20  151  306
386  92.000 155.000  10  20  207  295
387 183.000 294.000  10  20   95  257
388 237.000 243.000  10   9   56  210
389 222.000 383.000  10  30  184  297
390  21.000 255.000   0  29  699  852
391 390.000 357.000  10  13  989 1123
392 371.000 349.000  10   8  226  332
393 220.000 296.000  10  20   98  234
394 184.000 235.000   0  24 1102 1175
395 113.000 184.000  10  10  107  241
396 382.000  54.000  10  40  233  333
397 327.000 241.000  10  20  154  270
398 367.000 104.000  10  20  192  307
399 271.000 154.000  10  10   84  149
400  86.000 357.000  10  10  264  403
401 107.000  98.000  10  21  138  299
402  66.000 254.000  10  20  144  308
403 374.000 253.000  10  20  181  321
404  60.000 328.000  10  10  241  390
405 268.000 160.000  10  20  170  274
406 201.000 255.000  10  16   55  187
407 236.000 210.000  10  30   37  130
408 348.000 319.000  10  29  276  417
409 186.000  75.000  10  35  738  851
410 147.000 210.000  10  23   53  164
411 305.000 255.000  10  11  283  370
412 368.000 102.000  10  20  194  353
413 146.000 174.000  10  23   59  226
414 319.000 217.000  10  10  141  251
415 335.000 202.000  10  23  763  925
416 231.000 219.000  10  10   36  190
417 336.000 386.000  10  21  675  809
418 174.000 387.000  10  20  198  355
419 107.000 247.000  10  20  142  274
420  13.000 322.000  10  19  309  456
421 142.000 379.000   0  11  730  860
422 328.000 243.000  10  20  135  231
423 243.000 104.000  10 -20  128  235
424 202.000 158.000  10 -10 1133 1213
425 229.000 371.000  10  -7  961 1095
426 356.000 223.000  10 -35  919 1047
427 206.000 286.000  10 -20  453  549
428 266.000 234.000  10 -43  853 1003
429 214.000 119.000  10 -33  980 1080
430 116.000 181.000  10 -10  155  318
431 338.000 315.000  10 -10  928 1007
432 247.000 377.000  10 -30 1182 1278
433 397.000 362.000  10 -13  255  385
434 364.000  55.000  10 -20  274  436
435 317.000  68.000  10 -19 1114 1236
436 362.000  28.000  10 -20  294  370
437  14.000 201.000  10 -10  186  300
438 196.000 138.000  10 -15   73  102
439 234.000  37.000  10 -20  444  610
440 124.000 221.000  10 -18  962 1075
441 267.000 295.000  10 -26  688  805
442 220.000  71.000  10 -22  649  734
443 131.000 275.000  10  -8  476  612
444 338.000 106.000  10 -16  930 1003
445  24.000  57.000  10 -14  226  337
446 131.000  67.000  10 -30  157  247
447 196.000 107.000  10 -10 1269 1419
448  86.000 112.000  10 -15  672  784
449  27.000 251.000  10 -10  194  296
450 267.000 112.000  10 -30  124  233
451  72.000 315.000  10 -20  619  774
452  88.000 121.000  10 -27  524  642
453   5.000 344.000  10 -10 1240 1309
454 302.000 136.000  10 -10  120  264
455  67.000 258.000  10 -10  187  310
456 127.000  90.000  10 -10  132  272
457 195.000 148.000  10 -30 1277 1405
458  70.000 256.000  10 -10  189  335
459 114.000 254.000  10 -10  101  202
460 146.000 320.000  10 -10  448  576
461 293.000 310.000  10 -20  144  283
462  26.000 260.000  10 -20  559  730
463 114.000 252.000  10 -20  100  215
464 251.000 381.000  10 -20  225  340
465  48.000 304.000  10 -20  187  302
466 199.000  45.000  10 -26  750  860
467 114.000 250.000  10 -20  160  314
468 393.000 301.000  10 -10  217  366
469 349.000 272.000  10 -20  165  276
470 294.000 311.000  10 -20  145  245
471  43.000 121.000  10 -18  935 1064
472 319.000 113.000  10 -10 1107 1257
473 285.000 184.000  10 -30  968 1122
474 384.000 294.000  10 -36  524  621
475 193.000  29.000  10 -19  709  835
476  23.000  98.000  10 -20  282  413
477 272.000 161.000  10 -10  131  284
478 374.000 175.000  10 -10  253  465
479 203.000  88.000  10 -10  112  231
480   2.000   3.000  10 -18  746  873
481 163.000 364.000  10 -10  736  869
482  14.000 210.000  10 -20  195  304
483 325.000 294.000  10 -21 1094 1227
484 380.000 339.000  10 -10  704  808
485  84.000 359.000  10 -21  233  363
486 350.000 207.000  10 -10  320  466
487 301.000 139.000  10 -10  209  253
488 326.000 374.000  10 -10  537  648
489 369.000 211.000  10 -20  407  549
490 200.000  89.000  10 -30  149  266
491 197.000 293.000  10 -30   93  224
492 379.000 126.000  10 -20  818  944
493 352.000 303.000  10 -10 1020 1155
494 222.000 284.000  10 -20   86  197
495 171.000 168.000  10 -10 1344 1393
496  45.000  85.000  10 -11  868  992
497 197.000 292.000  10 -30   92  237
498 158.000 121.000  10 -20 1057 1184
499 329.000 236.000  10 -10  133  275
500 295.000 307.000  10 -35  143  311
501 234.000 243.000  10 -20   65  229
502 285.000 136.000  10 -20 1044 1164
503 306.000 361.000  10 -10  671  769
504 152.000 240.000  10 -30   62  184
505 128.000  94.000  10 -10  205  302
506  84.000 293.000  10 -10  508  634
507 372.000 104.000  10 -20  197  320
508 363.000  24.000  10 -10  239  355
509 359.000  23.000  10 -20  237  345
510 299.000 308.000  10 -12  522  635
511 135.000 384.000  10 -25  216  301
512 370.000  57.000  10 -44 1054 1213
513  79.000  95.000  10  -9 1160 1321
514 336.000 387.000  10 -20  306  380
515 128.000  93.000  10 -10  170  316
516  91.000  70.000  10 -20  216  348
517 294.000  13.000  10 -18  530  673
518  83.000 357.000  10 -16  268  352
519 297.000 135.000  10 -12  116  270
520 119.000 286.000  10 -12  785  902
521 384.000  53.000  10 -10  922 1007
522 384.000  47.000  10 -20 1044 1169
523  48.000 326.000  10 -10  197  322
524 166.000 357.000  10  -7 1147 1310
525 207.000 185.000  10 -14 1184 1287
526 210.000   1.000  10 -18  945 1085
527 287.000 307.000  10 -10  203  278
528 160.000 313.000  10 -16  819  928
529  35.000  79.000  10 -22  387  488
530  87.000 153.000  10 -10  122  253
531  68.000 250.000  10 -10  521  637
532 377.000 282.000  10 -20  374  433
533 165.000 126.000  10  -4 1215 1299
534 208.000  86.000  10 -25  908 1038
535  52.000  94.000  10 -20 1104 1210
536 231.000   6.000  10 -25  664  767
537 107.000 159.000  10 -30  978 1116
538 338.000 391.000  10 -10  286  352
539 240.000 246.000  10 -30   60  179
540  70.000  81.000  10 -30  821  963
541 105.000 360.000  10 -26  736  865
542 184.000  69.000  10 -20  488  548
543 397.000 261.000  10 -10  529  670
544 349.000 157.000  10 -20  176  301
545 194.000  65.000  10 -20  317  485
546  59.000  89.000  10 -20  706  862
547 208.000  20.000  10  -8  570  663
548 228.000 341.000  10 -22  957 1087
549 246.000 244.000  10 -20  630  758
550 248.000 124.000  10 -19  627  731
551 351.000 199.000  10 -11  749  865
552 371.000 253.000  10 -30  195  313
553  41.000 337.000  10  -9  599  768
554 209.000 167.000  10 -17   34  163
555 325.000  45.000  10  -9  543  665
556  21.000  96.000  10 -30  214  329
557 213.000 332.000  10 -30  685  781
558  39.000 384.000  10 -10  244  336
559 213.000 305.000  10 -31  460  550
560 367.000 361.000  10 -26  446  558
561 395.000 167.000  10  -6  937 1053
562 303.000 358.000  10 -11  305  407
563 174.000 329.000  10 -20  656  773
564 264.000  69.000  10 -29  610  750
565 114.000  88.000  10 -20  631  747
566 298.000 138.000  10 -10  115  228
567 374.000 104.000  10  -3  198  335
568  98.000 107.000  10 -20  883 1015
569  26.000  70.000  10  -5  882  990
570 113.000 183.000  10 -10  129  241
571 338.000 150.000  10  -5  722  845
572 271.000 371.000  10 -15  705  828
573 355.000  41.000  10 -20  776  932
574  74.000 213.000  10 -33  397  503
575  19.000  61.000  10  -1 1103 1231
576 279.000 337.000  10 -21  577  659
577  11.000 328.000  10 -12  732  833
578 128.000  68.000  10 -10  177  274
579 153.000 315.000  10 -20  124  210
580  55.000 341.000  10  -8  630  750
581 174.000 326.000  10  -8  910 1029
582  89.000 152.000  10 -20  120  228
583 360.000  23.000  10 -20  238  378
584   6.000  62.000  10 -10  863  961
585  45.000 291.000  10 -20  179  340
586 102.000 149.000  10 -10  462  582
587 134.000  62.000  10 -10  152  286
588 393.000 312.000  10 -10  293  344
589 183.000 301.000  10 -10  110  161
590 135.000 161.000  10 -17 1290 1441
591 376.000 254.000  10 -20  184  288
592  37.000 397.000  10 -22  800  881
593  80.000 365.000  10 -21  423  506
594 389.000 171.000  10  -3  378  555
595 299.000 399.000  10 -30  721  856
596 194.000  43.000  10 -10  696  784
597 381.000 144.000  10 -25  468  542
598 278.000 265.000  10 -15  589  739
599 399.000 179.000  10 -23  428  497
600 270.000 106.000  10 -10  117  232
601   3.000  15.000  10 -10 1095 1139
602 205.000 372.000  10 -10  846  962
603 173.000  72.000  10 -39  229  349
604 317.000 183.000  10 -20  118  212
605   2.000  17.000  10  -3  269  432
606 310.000 143.000  10 -10  176  225
607 226.000  52.000  10 -38  454  567
608 278.000 159.000  10 -10  126  207
609 338.000 290.000  10 -20  626  705
610 110.000 254.000  10 -10  113  191
611 320.000 373.000  10 -22  537  595
612 105.000 250.000  10 -30  151  239
613 193.000 216.000  10 -19 1183 1309
614  14.000  53.000  10 -23  765  875
615 395.000 310.000  10 -10  223  383
616 237.000 259.000  10 -31 1104 1274
617 175.000 192.000  10 -13  865 1012
618 243.000 209.000  10 -25 1337 1451
619 230.000 290.000  10  -9   94  215
620 102.000 377.000  10 -37  961 1037
621 108.000 250.000  10 -10  140  303
622 384.000 307.000  10 -30  301  489
623 274.000   7.000  10  -8  299  389
624 244.000  56.000  10 -29  602  751
625 199.000 290.000  10 -20   90  203
626  36.000 288.000  10 -24  904 1040
627 308.000 314.000  10 -19  616  694
628  82.000  78.000  10 -31 1126 1276
629 130.000  70.000  10 -30  195  337
630 241.000 275.000  10 -20  629  794
631 178.000 103.000  10 -20  544  720
632  53.000 326.000  10 -10  193  368
633 238.000 101.000  10 -10  165  230
634 395.000 340.000  10 -10  240  374
635  93.000 149.000  10 -14  118  224
636 140.000 387.000  10 -10  196  326
637 277.000 154.000  10 -20   89  218
638  56.000  97.000  10 -10  872 1041
639 185.000 386.000  10 -10  186  321
640  51.000 205.000  10 -21 1180 1281
641 366.000 340.000  10 -12  660  801
642  93.000  59.000  10 -10  177  313
643 324.000 216.000  10 -20  125  177
644 263.000 110.000  10 -35  109  208
645 209.000 283.000  10 -10  559  706
646 126.000 208.000  10 -30 1318 1452
647  24.000  93.000  10  -9  287  337
648 291.000 308.000  10 -10  156  274
649  75.000 368.000  10 -10  209  310
650 375.000 294.000  10 -10  553  683
651 177.000  77.000  10 -14  753  875
652  84.000 221.000  10 -11 1036 1200
653 276.000 116.000  10 -10  113  237
654 364.000  25.000  10 -27  263  354
655 115.000  51.000  10 -10  790  936
656 237.000 247.000  10 -20   59  214
657 235.000 212.000  10 -20   37  143
658  97.000 105.000  10 -16  912 1005
659 119.000 179.000  10 -20  189  311
660 225.000  53.000  10 -23 1030 1165
661  65.000 335.000  10 -20  259  429
662  85.000 358.000  10 -20  277  367
663 393.000 306.000  10 -20  220  356
664 217.000 289.000  10 -20  120  261
665 366.000 251.000  10 -20  247  345
666 140.000  40.000  10 -20  968 1093
667 350.000 131.000  10 -17  740  893
668 217.000 286.000  10 -10  124  282
669 370.000 104.000  10 -30  217  324
670 375.000 247.000  10 -20  181  297
671  68.000 143.000  10 -18 1210 1331
672 325.000 311.000  10 -27  563  692
673 188.000  67.000  10 -10  983 1145
674 234.000 203.000  10 -10  138  226
675  67.000 318.000  10 -15  198  324
676 237.000 109.000  10 -13  180  271
677  92.000 255.000  10 -28  378  500
678 327.000 115.000  10 -13  228  409
679 246.000 247.000  10 -20  628  759
680  53.000  51.000  10 -30  209  372
681 300.000  64.000  10 -35 1140 1205
682  22.000  96.000  10 -10  259  305
683 366.000  97.000  10  -1  722  853
684 312.000 200.000  10 -30  112  241
685 196.000 293.000  10 -30   93  206
686 319.000 160.000  10 -20  127  238
687 182.000 379.000  10 -30  179  295
688 349.000 324.000  10 -33  478  628
689 244.000 285.000  10 -20 1242 1423
690  85.000  67.000  10 -10  202  330
691  82.000 365.000  10 -20  202  299
692 186.000 145.000  10 -10 1406 1507
693  41.000 382.000  10 -30  241  319
694 256.000 145.000  10  -9 1090 1227
695  26.000 199.000  10 -20  761  885
696 196.000 295.000  10 -10   95  235
697 387.000 267.000  10 -23  843  970
698  18.000 294.000  10 -30  449  555
699 373.000 253.000  10 -30  180  320
700 352.000 383.000  10 -23  750  875
701  26.000 275.000  10 -20 1118 1175
702 243.000 140.000  10 -20 1204 1372
703 277.000 163.000  10 -24  113  250
704 346.000 155.000  10  -1  202  303
705 345.000 158.000  10 -30  187  344
706  41.000 340.000  10 -30  816  939
707 102.000 118.000  10 -10 1138 1230
708 379.000 254.000  10 -20  253  356
709 369.000 118.000  10 -34 1034 1100
710 244.000 106.000  10 -10  103  221
711 334.000 100.000  10 -16 1090 1214
712  13.000 220.000  10 -30 1017 1144
713 174.000 375.000  10 -20  282  382
714 117.000 381.000  10 -40  581  694
715  28.000 246.000  10 -20  178  291
716 206.000 296.000  10 -10  160  249
717  31.000 353.000  10 -30  227  352
718 177.000  55.000  10 -20  698  844
719  92.000  68.000  10 -11  714  757
720 179.000 305.000  10 -10  152  257
721 109.000 186.000  10 -10   92  223
722  12.000 368.000  10 -20  734  839
723 180.000  15.000  10 -34  816  963
724 344.000 321.000  10 -26  216  321
725  25.000 256.000  10 -30  192  268
726  84.000 363.000  10 -20  200  347
727  13.000  59.000  10 -27  538  611
728  82.000 360.000  10 -19  226  323
729  17.000 209.000  10 -20  210  315
730 159.000 164.000  10 -11 1274 1428
731 123.000 176.000  10  -6 1116 1253
732 294.000 249.000  10 -33  429  544
733 260.000 352.000  10 -10  360  459
734 313.000 194.000  10 -10  113  269
735   2.000 200.000  10 -20  319  394
736 156.000   4.000  10 -30  200  281
737  15.000 100.000  10 -10  210  344
738 201.000 297.000  10 -20  145  235
739 308.000 178.000  10 -20  354  473
740  94.000  70.000  10 -20  253  337
741 309.000 274.000  10 -15  295  416
742 369.000  19.000  10 -10  247  406
743 114.000 178.000  10 -10  165  279
744 321.000 212.000  10 -30  121  228
745 386.000  60.000  10 -20  285  426
746   5.000 345.000  10 -10 1186 1266
747  32.000 229.000  10 -10 1025 1113
748  41.000 183.000  10 -10 1117 1268
749 353.000  65.000  10 -15  290  351
750  31.000 357.000  10 -20  231  344
751 264.000 341.000  10 -14  993 1119
752 397.000 313.000  10 -20  252  358
753 267.000 161.000  10 -10  166  299
754  23.000 317.000  10 -50  397  541
755 129.000  85.000  10 -10  135  220
756  43.000 386.000  10 -10  243  391
757 246.000  47.000  10 -11 1075 1197
758  50.000 385.000  10 -31  758  918
759 384.000  64.000  10 -10 1029 1133
760  77.000 319.000  10  -9 1194 1313
761  52.000 301.000  10  -7  864 1016
762  68.000 254.000  10 -20  142  274
763 246.000 298.000  10 -20  923 1020
764 189.000 306.000  10 -10  117  232
765 159.000  11.000  10 -10 1144 1263
766 321.000 217.000  10 -20  122  283
767 321.000 287.000  10 -12  552  660
768   8.000 363.000  10 -16  815  973
769 262.000 233.000  10 -37 1070 1179
770  19.000 206.000  10 -30  221  352
771 397.000 283.000  10 -20  351  503
772 381.000  12.000  10 -16  545  667
773 273.000 182.000  10 -10  793  938
774 377.000  29.000  10  -8  695  829
775 339.000  69.000  10  -4  901 1061
776 321.000 209.000  10 -30  121  240
777 355.000 156.000  10 -30  161  262
778 186.000 306.000  10 -20  136  238
779 393.000 246.000  10 -20  479  568
780 206.000  81.000  10 -20  119  248
781 344.000 236.000  10 -15  822  976
782  76.000  90.000  10 -23  736  787
783 143.000  20.000  10 -10 1172 1292
784 108.000 395.000  10  -2  513  663
785  87.000 147.000  10  -7  824  955
786 390.000  52.000  10 -30  252  361
787 237.000 213.000  10 -10   63  213
788  48.000 358.000  10 -30  833  948
789 362.000 383.000  10 -10  244  339
790 213.000 271.000  10 -10   72  215
791 337.000 388.000  10 -10  268  397
792 228.000  96.000  10 -20  294  381
793 361.000 194.000  10 -40  340  499
794  52.000 331.000  10 -10  211  327
795  31.000 360.000  10 -10  251  334
796 342.000 385.000  10 -20  306  437
797  52.000 194.000  10 -20  475  653
798 108.000 186.000  10 -30   93  241
799  32.000 357.000  10 -30  232  366
800 287.000 279.000  10 -20 1158 1266
801 256.000 385.000  10 -23  576  645
802 340.000 290.000  10 -20  393  539
803 259.000   4.000  10 -19  548  694
804 146.000 301.000  10 -20  306  431
805 297.000 137.000  10 -20  417  530
806 394.000 299.000  10 -12  745  873
807  49.000 187.000  10 -20  151  306
808  92.000 162.000  10 -20  202  334
809 177.000 300.000  10 -20  200  239
810 239.000 254.000  10  -9   66  215
811 220.000 381.000  10 -30  182  294
812  21.000 255.000  10 -29  699  852
813 381.000 375.000  10 -13 1009 1163
814 339.000 384.000  10  -8  329  462
815 219.000 377.000  10 -20  195  276
816 184.000 235.000  10 -24 1102 1175
817 111.000 184.000  10 -10   90  266
818 385.000  55.000  10 -40  235  393
819 329.000 241.000  10 -20  135  282
820 369.000 107.000  10 -20  247  341
821 272.000 154.000  10 -10   85  228
822  74.000 351.000  10 -10  893 1057
823  73.000 126.000  10 -21  376  492
824  60.000 319.000  10 -20  220  321
825 349.000 135.000  10 -20  515  611
826  34.000 355.000  10 -10  271  352
827 212.000 197.000  10 -20  798  940
828 146.000 324.000  10 -16 1281 1428
829 218.000 134.000  10 -30 1209 1370
830 291.000 398.000  10 -29  510  583
831 166.000 115.000  10 -35 1216 1312
832  70.000 231.000  10 -23 1046 1178
833 300.000 272.000  10 -11  684  731
834 369.000 106.000  10 -20  196  369
835 145.000 165.000  10 -23   65  235
836 318.000 219.000  10 -10  132  284
837 324.000 194.000  10 -23 1003 1158
838 348.000 279.000  10 -10  167  323
839 310.000 363.000  10 -21 1043 1106
840 179.000 383.000  10 -20  184  314
841 157.000 220.000  10 -20 1343 1440
842  26.000 326.000  10 -19  624  671
843 142.000 379.000  10 -11  730  860
844 328.000 239.000  10 -20  133  270
845 200.000 200.000   0   0    0 1573
