403 403 1000 1000 1000
  0 200.000 200.000   0   0    0 6289
  1 245.000 106.000  10  20  333  758
  2 233.000 214.000  10  10   40  708
  3 395.000 340.000  10  24  778 1143
  4 277.000 163.000  10  10  432 1016
  5  89.000 152.000  10  20  415  833
  6 218.000 284.000  10  20  730  993
  7 206.000 106.000  10  33  982 1443
  8 375.000 247.000  10  10  690  843
  9 348.000 280.000  10  10  827 1028
 10 223.000 372.000  10  30  702 1310
 11   6.000  62.000  10  23 3405 3891
 12 364.000  27.000  10  20 1028 1533
 13  14.000 201.000  10  10  773 1073
 14  41.000 382.000  10  20  821 1284
 15 384.000  47.000  10  31 4188 4662
 16 116.000 181.000  10  20  743 1146
 17 346.000 155.000  10  20  771 1247
 18 359.000  30.000  10  20 1268 1600
 19 222.000 284.000  10  10  188  667
 20  91.000 150.000  10  10  375  672
 21 140.000 387.000  10   8  619 1048
 22 176.000 154.000  10  15   51  725
 23 352.000 383.000  10  16 3049 3454
 24 133.000  68.000  10  20  517 1000
 25 151.000 188.000  10  18   50  538
 26 105.000 250.000  10  30  419 1139
 27  94.000  70.000  10  30  799 1563
 28 287.000 307.000  10  10  638 1286
 29 244.000 106.000  10  40  388  791
 30 338.000 290.000  10  12 2436 2886
 31 145.000 301.000  10   8  230  691
 32  59.000  51.000  10  14  603 1164
 33 126.000  91.000  10  30  573 1067
 34 108.000 395.000   0  12 2156 2544
 35 125.000 122.000  10  15  143  866
 36 348.000 279.000  10  10  701 1067
 37  68.000 378.000  10  10 2657 2916
 38  73.000 126.000  10  38 1608 1868
 39 234.000 203.000  10  10  464  990
 40 233.000 208.000  10  30   33  566
 41 102.000 252.000  10  10  445 1003
 42 152.000 237.000  10  10   95  591
 43 177.000  55.000  10  17 2759 3405
 44 338.000 150.000  10  16 2794 3470
 45 182.000 378.000  10  10  438 1180
 46  43.000 386.000  10  10 1013 1468
 47 291.000 301.000  10  20  135 1067
 48 116.000 252.000  10  20  178  613
 49 199.000  45.000  10  26 2928 3509
 50 150.000 236.000  10  20   61  731
 51 331.000 251.000  10  20  334  790
 52 293.000 306.000  10  20  366  844
 53 196.000 293.000  10  20  275  724
 54 364.000  25.000  10  40  851 1614
 55 302.000 203.000  10  30  799  906
 56 381.000 290.000  10  36 1558 2315
 57 352.000 162.000  10  10  462  872
 58 209.000  85.000  10  10  347  847
 59  15.000   4.000  10  18 2605 3111
 60  18.000 208.000  10  20  829 1364
 61  31.000 360.000  10  23  921 1418
 62 263.000 110.000  10  10  445  780
 63 213.000 271.000  10  10  306  669
 64 322.000 242.000  10  10  797 1190
 65 342.000 384.000  10  10 1309 1749
 66 357.000 160.000  10  20  360 1197
 67 197.000 293.000  10  30  190  721
 68 231.000 243.000  10  10  362  915
 69  84.000 221.000   0  22 4171 4773
 70 230.000 290.000  10  20  361  738
 71 397.000 261.000  10  16 2221 2576
 72 222.000 283.000  10  20  151  617
 73  60.000 319.000  10  29  849 1312
 74 140.000  40.000  10  27 4053 4188
 75 208.000 274.000  10  30   94  669
 76  74.000 351.000  10  32 3598 4199
 77  95.000  64.000  10  20  171 1382
 78 248.000 286.000  10  35  220  649
 79 234.000 243.000  10  20  369  803
 80 244.000 109.000  10  20  319  667
 81 161.000 233.000  10  30  230  823
 82 125.000  95.000  10  10  533 1220
 83  61.000 333.000  10  10 1001 1404
 84 372.000 104.000  10  20  699 1369
 85 363.000  30.000  10  10 1141 1616
 86 358.000  23.000  10  20  722 1176
 87 220.000 238.000  10  12   42  503
 88 264.000  69.000  10  15 2498 2945
 89 341.000 394.000  10  20  940 1497
 90  41.000 340.000  10  26 3157 3863
 91  13.000 220.000  10  15 3993 4648
 92  85.000  61.000  10  20  577  867
 93 396.000 106.000  10  18  830 1452
 94  79.000 344.000  10  16  575 1279
 95 201.000 195.000  10  12    5  280
 96 396.000  59.000  10  20 1111 1576
 97  51.000 326.000  10  10  760  965
 98 169.000 352.000  10   7  718 1394
 99 230.000 139.000  10  14 4832 5670
100 286.000 308.000  10  10  879 1136
101 339.000  69.000  10  26 3514 4331
102 206.000 296.000  10  30  583 1056
103 370.000  57.000  10  10 4360 4708
104  35.000  79.000  10  22 1500 2000
105  17.000 209.000  10  20  750 1352
106 145.000 165.000  10  13   88  434
107 237.000 259.000  10  11 4568 4941
108  89.000 154.000  10  10  790 1109
109  72.000 257.000  10  10  870 1325
110 158.000 121.000  10  17 4307 4656
111 323.000 243.000  10  20  812 1084
112 367.000 361.000  10  22 1723 2293
113 137.000  68.000  10  25  456  814
114  18.000 100.000  10  20  666 1079
115 297.000 135.000  10  30  372  840
116 374.000 175.000  10  18 1178 1694
117  91.000  70.000  10  20  925 1334
118 113.000 183.000  10  30  460 1016
119 243.000 244.000  10  30   61  581
120  14.000 100.000  10  30  831 1106
121  92.000 384.000  10  26 1527 1817
122 195.000  91.000  10  20  665 1121
123 235.000 212.000  10  20   37  993
124 350.000 271.000  10  10  529  886
125 234.000  37.000  10  12 1871 2346
126  93.000  62.000  10  20  700 1032
127 234.000  73.000  10   8  524  836
128 157.000 378.000  10  22 3600 3851
129 355.000 156.000  10  20  584 1089
130 371.000 253.000  10  30  770 1261
131  31.000 353.000  10  20  755 1149
132  41.000 337.000  10   9 2472 3000
133 209.000 167.000  10  17   34  580
134  53.000 326.000  10  20  587 1041
135 388.000 106.000  10   9  923 1305
136 221.000 379.000  10  30  508 1269
137  46.000 380.000  10  10 1094 1611
138 320.000 211.000  10   6  120  875
139  34.000 355.000  10  30  913 1579
140 338.000 106.000  10   8 3716 4016
141 310.000 340.000  10  11  284 1221
142 270.000 106.000  10  30  365  715
143 214.000 378.000  10  20  582  847
144 287.000 279.000  10   4 4632 5061
145 154.000  68.000  10  20 2840 3191
146 298.000 137.000  10  10  399  714
147 371.000 111.000  10   3  825 1289
148 393.000 246.000  10  14 1909 2278
149 321.000 212.000  10  30  361  713
150 336.000 387.000  10  10 1135 1613
151 357.000 202.000  10   5 1797 2317
152 374.000 104.000  10  10  708 1264
153 271.000 371.000  10  15 2857 3277
154  17.000  99.000  10   1 3851 4321
155  11.000 328.000  10  12 3024 3235
156 126.000  70.000  10  10  621 1391
157 165.000 264.000  10  20   72  685
158  73.000 292.000  10   8  487 1037
159 134.000  63.000  10  10  521  875
160 349.000 275.000  10  10  740  914
161 182.000 300.000  10  10  164  829
162 138.000 143.000  10  17  137  638
163 372.000 256.000  10  20  839 1297
164 162.000 251.000  10  21   63  739
165 389.000 171.000  10   3 1617 2115
166 179.000 305.000  10  10  480 1154
167 345.000 158.000  10  20  809 1314
168 342.000 154.000  10  25 1343 1977
169 156.000   4.000  10  25  780 1023
170 247.000 212.000  10  15  419 1079
171  93.000 149.000  10  20  240  709
172 299.000 399.000  10  11 3017 3292
173 266.000 116.000  10  10  504 1123
174 294.000 311.000  10  10  309 1113
175 305.000 198.000  10  20  251  590
176 102.000  84.000  10   3  641  802
177 278.000 159.000  10  10  518  818
178 149.000 234.000  10  10   61  665
179 320.000 373.000  10  22 2017 2515
180 109.000 252.000  10  30  606  706
181 184.000 282.000  10  19   98  571
182  32.000  78.000  10  23 2418 2891
183 395.000 310.000  10  10  851 1477
184  19.000 206.000  10  20  888 1404
185 299.000 227.000  10  25  102  950
186 215.000 260.000  10   9  155  340
187 163.000 364.000  10  21 2881 3536
188  97.000 387.000  10  37 2069 2541
189 108.000 250.000  10  10  502 1269
190 262.000  30.000  10   8  641  806
191 334.000  92.000  10  29 1597 2072
192   3.000  15.000  10  20 4165 4767
193 210.000 271.000  10  20   71  645
194 387.000 267.000  10  11 3299 3956
195   8.000 285.000  10  24 1200 1506
196 279.000 262.000  10  19  175  628
197 238.000 101.000  10  20  389 1189
198 219.000 377.000  10  20  760 1120
199 129.000  67.000  10  30  601 1110
200 238.000 250.000  10  20   73  786
201 131.000  95.000  10  20  319  767
202 389.000 307.000  10  10 1136 1546
203 237.000 109.000  10  10  694 1108
204 117.000 148.000  10  14  112  671
205 276.000 157.000  10  20  405  592
206 173.000 381.000  10  10 1130 1293
207  70.000  81.000  10   9 3388 3751
208 206.000  81.000  10  20  296 1019
209 324.000 216.000  10  20  317  878
210 265.000 127.000  10  35   97  733
211 196.000 138.000  10  18   62  658
212 384.000 307.000   0   7 1251 1908
213  23.000 317.000  10  10 1674 2076
214 321.000 287.000  10  12 2299 2546
215  70.000 264.000  10  30  569 1206
216 152.000 240.000  10  30  183  607
217 317.000  68.000  10  13 4492 4910
218 289.000 306.000  10  10  659 1167
219 242.000 113.000  10  10  163  708
220 229.000 209.000  10  20   30  556
221  93.000  59.000  10  20  715 1120
222 143.000 159.000  10  16   70  571
223 267.000 112.000  10  30  397 1029
224 122.000 183.000  10  20   79  715
225 392.000 307.000  10  20  805 1327
226 127.000  90.000  10  20  531 1019
227 221.000 281.000  10  20   83  733
228 178.000 103.000  10  10 2238 2822
229 376.000 251.000  10  20  487 1158
230 293.000 310.000  10  30  481 1032
231 386.000  60.000  10  30 1133 1713
232 300.000 272.000   0  15 2628 3035
233 102.000  67.000  10  20  496  826
234 285.000 107.000  10  17 1826 2297
235  82.000 365.000  10  30  839  973
236 371.000 244.000  10  20  498  914
237 366.000 340.000  10  23 2681 3160
238 202.000  85.000  10  10  528 1019
239 236.000 204.000  10  10  519  837
240 220.000 381.000  10  20  612  951
241 274.000   7.000  10  21  984 1772
242 369.000 211.000  10  20 1836 1986
243 134.000  62.000  10  20  474  833
244  67.000 318.000  10  15  611 1475
245 232.000 127.000  10  13   79  610
246  96.000 209.000  10  28  367  736
247 146.000 301.000  10  34 1249 1696
248 280.000 224.000  10  20  657 1277
249 241.000 275.000  10  18 2625 3064
250  82.000  65.000  10  30  656 1359
251  22.000  96.000  10  10  887 1370
252 334.000 186.000  10   1  487  878
253 310.000 200.000  10  30  359 1102
254  52.000 331.000  10  10  751 1397
255 210.000 268.000  10  30   68  548
256 310.000 196.000  10  20  390  737
257 183.000 375.000  10  30  565  949
258 124.000  69.000  10  10  727 1188
259  87.000 365.000  10  20  497 1103
260 240.000 210.000  10  10  517  701
261  40.000 380.000  10  30  529 1479
262 276.000 116.000  10  50  237  669
263 301.000 139.000  10  30  621 1224
264 195.000 294.000  10  10  360  730
265 377.000 144.000  10  23 1631 2228
266  34.000 242.000  10  30  391  978
267 348.000 371.000   0  23 2483 2854
268  48.000 304.000  10  15  613 1345
269 264.000 112.000  10  20  415  907
270 244.000 176.000  10  24   50  413
271  53.000  51.000  10  18  837 1160
272 177.000 174.000  10  10   34  528
273 114.000 178.000  10  10  496 1284
274 273.000 118.000  10  34  267  697
275 244.000 114.000  10  10  326  447
276 384.000  53.000  10  13 3661 4056
277  29.000 250.000  10  30  940 1119
278  32.000 352.000  10  30  779 1033
279 237.000 108.000  10  20  718  995
280 162.000  94.000  10  11  223  677
281 185.000 299.000  10  10  153  734
282 201.000 297.000  10  10  402 1116
283 311.000 344.000  10  26  523 1095
284  26.000 250.000  10  30  604 1106
285  84.000 363.000  10  20  570 1138
286 184.000 233.000  10  19   36  697
287  88.000 121.000  10  15 2302 2362
288 306.000 361.000  10   4 2581 3182
289 131.000 275.000  10  30 1948 2403
290  85.000  67.000  10  10  774 1350
291 308.000 196.000  10  10  293  738
292  21.000 201.000  10  20  613 1096
293 137.000  64.000  10  30  508  692
294  24.000  96.000  10  10 1048 1552
295 211.000 274.000  10  20  194  673
296 307.000 196.000  10  20  158  785
297 127.000  87.000  10  20  453  992
298 111.000 179.000   0  10  541 1051
299 308.000 204.000  10  30  586  990
300  85.000 358.000  10  10  975 1605
301 391.000  54.000  10  20 1210 1339
302 385.000  55.000  10  20  831 1230
303  65.000 335.000  10   4 1093 1662
304 217.000 286.000  10  10  577 1048
305  33.000 247.000  10  10  933 1344
306  88.000 150.000  10  10  292  859
307 397.000  73.000  10  15  908  967
308  72.000 315.000  10  11 2478 3094
309 273.000 160.000  10  10  476 1092
310 350.000 131.000  10  12 3094 3441
311 364.000  55.000  10  17 1185 1657
312  47.000 328.000  10  50  718 1208
313 109.000 186.000  10  10  411  778
314 143.000  20.000  10  15 4676 5183
315 135.000 384.000  10  13  777 1294
316 375.000 294.000  10   2 2196 2747
317 220.000 288.000  10  20  446  970
318 186.000 304.000  10  10  421  865
319  96.000  69.000  10  10 1029 1431
320 320.000 216.000  10  20  535  942
321 246.000  47.000  10  18 4299 4787
322 279.000 247.000  10  12  190  546
323 153.000 315.000  10  16  229  764
324 297.000 240.000  10  37  823 1377
325 199.000 290.000  10  10  155  565
326  21.000 204.000  10  30  514 1002
327 353.000  65.000  10  24 1222 1344
328  75.000 368.000  10  10  772 1180
329 393.000 305.000  10  20  726 1227
330 239.000 254.000  10  10  258  487
331 304.000 141.000  10  10  595 1142
332 254.000   0.000  10   4 2654 2848
333 114.000 250.000  10  20  821 1078
334 318.000 219.000  10  20  674  993
335 339.000 384.000  10  20 1306 1855
336 351.000 153.000  10  30  639 1153
337 317.000 183.000  10  29  118 1043
338 197.000 292.000  10  20   92  744
339 370.000  98.000  10  20  726 1109
340 207.000  87.000  10  20  385  706
341 325.000 311.000  10  15 2334 2687
342 368.000 215.000  10  15 2669 3263
343 208.000  86.000  10   2 3599 4183
344  75.000  76.000  10  23 1135 1615
345 337.000 388.000  10  10 1045 1611
346 133.000  94.000  10  10  271  913
347  91.000 388.000  10   2  712 1129
348  87.000 147.000  10   7 3350 3766
349 389.000  54.000  10  30 1014 1340
350 185.000 386.000  10  10  660 1300
351 234.000 212.000  10  10   79  572
352  53.000 330.000  10  30  840 1217
353 346.000 385.000  10  10  790 1177
354 211.000 266.000  10  10  358  740
355 344.000 391.000  10  10  941 1248
356 242.000 105.000  10  20  610  750
357 327.000 242.000  10  40  532 1250
358 102.000 377.000  10  16 3726 4269
359 345.000 382.000  10  20  785 1076
360 272.000 154.000  10  20   85  842
361 379.000 254.000  10   3  828 1607
362  22.000 210.000  10  20 1068 1343
363 117.000 187.000  10  30  294  476
364 298.000 138.000  10  20  189  836
365 130.000  70.000  10  30  771 1353
366 111.000 184.000  10  10  456  837
367 347.000 385.000  10  20  713 1341
368 344.000 283.000  10  20  649 1326
369 175.000 299.000  10  20  625 1231
370 270.000 151.000  10  20   85  759
371 398.000 258.000  10  12 2231 2672
372 344.000 321.000  10   2  849 1299
373  49.000 187.000  10  20  811  839
374 226.000  52.000  10  17 1823 2258
375 183.000 294.000  10  20  157  607
376 237.000 243.000  10   9   56  620
377 222.000 383.000  10  30  391 1274
378 272.000 161.000  10  20  663  997
379 371.000 349.000  10   8  858 1364
380 113.000 184.000  10  10  499  889
381 327.000 241.000  10  20  732  963
382  26.000 326.000  10  21 2572 2610
383 367.000 104.000  10  20  461 1081
384 271.000 154.000  10  10  168  621
385 107.000  98.000  10  21  488  697
386  66.000 254.000  10  20  307 1011
387 268.000 160.000  10  20  607 1166
388 201.000 255.000  10  16   55  426
389 236.000 210.000  10  30   70  395
390 349.000 157.000  10  10  825 1084
391 186.000  75.000  10  35 3004 3353
392 147.000 210.000  10  23   53  772
393 108.000 186.000  10  10  240  861
394  26.000 199.000  10  26 3037 3543
395 368.000 102.000  10  20  648  990
396 146.000 174.000  10  23   59  607
397 319.000 217.000  10  10  656  914
398 128.000  94.000  10  10  784 1247
399 231.000 219.000  10  10  127  744
400 107.000 247.000  10  20  585 1080
401  13.000 322.000  10  19 1320 1741
402  68.000 254.000  10  20  376  846
403 328.000 243.000  10  20  385  888
404 196.000  51.000  10 -20 1739 2619
405 234.000 214.000  10 -10  343  656
406 347.000 395.000  10 -24  955 1353
407 231.000   6.000  10 -10 2756 2972
408  87.000 155.000  10 -20  645 1157
409 286.000  44.000  10 -20 2157 2490
410 194.000  65.000  10 -33 1327 1883
411 348.000 319.000  10 -10 1213 1557
412 389.000 306.000  10 -10 1102 1668
413 182.000 379.000  10 -30  491 1216
414  79.000  95.000  10 -23 4752 5173
415 159.000  11.000  10 -20 4640 4987
416  40.000 336.000  10 -10 4544 5219
417  90.000 311.000  10 -20 2475 2994
418 256.000 145.000  10 -31 4421 4850
419 213.000 332.000  10 -20 2493 3368
420 349.000 181.000  10 -20  934 1497
421  82.000  78.000  10 -20 4604 5002
422 197.000 300.000  10 -10  297 1101
423  82.000 360.000  10 -10  792 1407
424 177.000 379.000  10  -8 1024 1515
425  24.000  93.000  10 -15 1078 1417
426 166.000 357.000  10 -16 4611 5215
427  52.000 194.000  10 -20 1921 2589
428  45.000 291.000  10 -18  656 1172
429 206.000 286.000  10 -30 1749 2262
430  74.000 213.000  10 -30 1598 1999
431 294.000 249.000  10 -10 1551 2338
432 204.000  87.000  10 -40  286  701
433 273.000 182.000  10 -12 3276 3648
434 114.000 252.000  10  -8  172  715
435  17.000  96.000  10 -14  885 1172
436 128.000  95.000  10 -30  810 1309
437 108.000 395.000  10 -12 2156 2544
438  23.000  97.000  10 -15 1015 1677
439 344.000 280.000  10 -10  811 1269
440   5.000 345.000  10 -10 4634 5171
441   8.000 119.000  10 -38 3218 3611
442 324.000 217.000  10 -10  379  903
443 220.000 337.000  10 -30 1121 1496
444  68.000 261.000  10 -10  626 1257
445  85.000 155.000  10 -10  640  980
446 180.000  15.000  10 -17 3316 3802
447 366.000  97.000  10 -16 3001 3295
448 174.000 387.000  10 -10  724 1485
449  34.000 385.000  10 -10  926 1403
450 172.000 383.000  10 -20  965 1360
451 110.000 254.000  10 -20  299  915
452 156.000  32.000  10 -26 3164 3278
453 110.000 188.000  10 -20  371  628
454 384.000 248.000  10 -20  721 1174
455 290.000 311.000  10 -20  579 1039
456 196.000 295.000  10 -20  368  813
457 171.000 168.000  10 -40 5103 5842
458 251.000 381.000  10 -30 1033 1229
459 344.000 236.000  10 -36 3385 3808
460 361.000 194.000  10 -10 1422 1936
461 359.000  23.000  10 -10  694 1293
462 123.000 176.000  10 -18 4554 4923
463  45.000  85.000  10 -20 3408 4034
464 205.000 372.000  10 -23 3339 3896
465 200.000  83.000  10 -10  448  997
466 300.000 144.000  10 -10  834 1219
467 315.000 237.000  10 -10 1982 2295
468 381.000 375.000  10 -10 4018 4674
469 369.000 171.000  10 -20  425  947
470  51.000 205.000  10 -30 4817 5030
471 240.000 246.000  10 -10   60  876
472  84.000 221.000  10 -22 4171 4773
473 189.000 306.000  10 -20  459  936
474 352.000 303.000  10 -16 3973 4725
475 195.000 148.000  10 -20 5078 5647
476  84.000 360.000  10 -29  863 1432
477  85.000 128.000  10 -27 5063 5360
478 225.000 288.000  10 -30  249  726
479  36.000 288.000  10 -32 3562 4210
480  95.000  63.000  10 -20  589 1045
481 393.000 301.000  10 -35  745 1095
482 236.000 243.000  10 -20  167  909
483 217.000  98.000  10 -20  103  771
484 158.000 239.000  10 -30  155  764
485  92.000  68.000  10 -10 2688 3194
486  83.000 357.000  10 -10  947 1534
487 369.000 118.000  10 -20 4016 4519
488 327.000 115.000  10 -10 1088 1460
489 177.000  77.000  10 -20 3124 3386
490 217.000 289.000  10 -12  619  901
491 126.000  90.000  10 -15 3430 3614
492 247.000 377.000  10 -20 4783 5061
493  26.000 275.000  10 -26 4369 4804
494  49.000 222.000  10 -15 4310 4830
495  15.000 100.000  10 -20  821 1027
496 391.000  42.000  10 -18 3798 4034
497 142.000 385.000  10 -16 1925 2413
498 243.000 106.000  10 -12  474  793
499 377.000  29.000  10 -20 2801 3291
500  57.000 381.000  10 -10  601 1350
501 340.000 290.000  10  -7 1632 2096
502 207.000 185.000  10 -14 4651 5231
503 305.000 255.000  10 -10  985 1624
504 321.000 144.000  10 -26 3976 4659
505 230.000 241.000  10 -30  403  972
506 285.000 136.000  10 -10 4118 4712
507  19.000  61.000  10 -22 4495 4845
508  46.000 197.000  10 -20 1607 1899
509  32.000 357.000  10 -13  839 1552
510 193.000 216.000  10 -11 4879 5088
511  92.000 255.000  10 -10 1667 1845
512  63.000 262.000  10 -10  588  967
513 165.000 126.000  10 -17 4773 5285
514 267.000 321.000  10 -20 2377 2809
515 246.000 244.000  10 -22 2570 2980
516 118.000 122.000  10 -25 3714 4009
517  39.000  34.000  10 -20  789 1269
518 294.000 118.000  10 -30  155  842
519 308.000 178.000  10 -18 1630 1676
520  14.000 210.000  10 -20  663 1335
521 209.000 283.000  10 -30 2208 2850
522 237.000 247.000  10 -30  196  768
523   2.000  17.000  10 -30  850 1425
524   5.000 344.000  10 -26 4765 5428
525 210.000   1.000  10 -20 3936 4180
526 237.000 213.000  10 -20  421  682
527 393.000 297.000  10 -10  745  983
528 193.000  29.000  10 -12 2840 3335
529  21.000  96.000  10 -20  847 1322
530 341.000  33.000  10  -8  928 1426
531 246.000 298.000  10 -22 3413 4355
532 353.000 164.000  10 -20  508  923
533 384.000 294.000  10 -30 2108 2468
534 117.000 381.000  10 -20 2458 2641
535  37.000 397.000  10  -9 3118 3602
536 243.000 104.000  10 -17  427 1023
537  46.000 378.000  10 -20 1104 1696
538 382.000  54.000  10  -9  701 1165
539 260.000 352.000  10 -30 1482 1795
540  31.000 357.000  10 -10  874 1429
541 329.000 241.000  10  -6  305 1065
542 157.000 220.000  10 -30 5309 5820
543 285.000 184.000  10  -8 3995 4364
544 330.000 313.000  10 -11  375 1002
545 236.000  38.000  10 -30 1581 2001
546 179.000 383.000  10 -20  682 1145
547 184.000 235.000  10  -4 4304 4807
548 159.000 164.000  10 -20 4929 5881
549 310.000 143.000  10 -10  508 1099
550 339.000   3.000  10  -3 3060 3481
551 394.000 299.000  10 -14 3167 3303
552 299.000 308.000  10 -30 2141 2484
553 291.000 398.000  10 -10 1839 2530
554 349.000 135.000  10  -5 1992 2511
555 319.000 113.000  10 -10 4434 5024
556 146.000 324.000  10 -15 5576 5836
557  26.000  70.000  10  -1 3575 3914
558   8.000 363.000  10 -12 3316 3839
559 102.000 149.000  10 -10 1783 2393
560 111.000 286.000  10 -20  320  864
561  55.000 324.000  10  -8  521 1006
562 128.000  68.000  10 -10  810  991
563 349.000 272.000  10 -10  524  799
564  70.000 231.000  10 -10 4170 4727
565  99.000  67.000  10 -17  469  957
566 338.000 315.000  10 -20 3560 4178
567  75.000 367.000  10 -21  665 1376
568 379.000 126.000  10  -3 3299 3753
569  67.000 258.000  10 -10  615 1374
570 350.000 207.000  10 -20 1336 1806
571 399.000 179.000  10 -25 1549 2151
572 201.000   6.000  10 -25 2135 2666
573 312.000 200.000  10 -15  444  921
574   0.000 155.000  10 -20  580 1060
575 336.000 386.000  10 -11 2611 3325
576 228.000  96.000  10 -10 1169 1529
577 186.000 355.000  10 -10  380  866
578 383.000  53.000  10 -20  770 1188
579  21.000 104.000  10  -3  507 1117
580 381.000 144.000  10 -10 1734 2303
581 174.000 329.000  10 -10 2462 3257
582 256.000 385.000  10 -22 2373 2512
583  18.000 294.000  10 -30 1889 2129
584  41.000 183.000  10 -19 4496 5042
585  14.000  53.000  10 -23 3080 3478
586 362.000 383.000  10 -10  838 1327
587 107.000 159.000  10 -20 3842 4531
588 393.000 312.000  10 -25  917 1634
589 186.000 306.000  10  -9  638  860
590 142.000 379.000  10 -21 3039 3323
591  48.000 358.000  10 -37 3412 3712
592 119.000 286.000  10 -10 3085 3664
593 363.000  24.000  10  -8  887 1292
594 325.000  45.000  10 -29 2261 2572
595 102.000 118.000  10 -20 4499 4971
596 280.000   5.000  10 -20 3871 4378
597 325.000 294.000  10 -11 4420 4866
598  21.000 255.000  10 -24 2979 3225
599 303.000 358.000  10 -19 1023 1827
600 360.000  23.000  10 -20  908 1166
601 180.000 375.000  10 -20  422  987
602 186.000 145.000  10 -30 5737 6223
603 299.000 351.000  10 -20  318 1126
604 127.000  94.000  10 -20  723 1128
605 393.000 307.000  10 -10  999 1220
606 208.000  20.000  10 -10 2309 2620
607  60.000 328.000  10 -14  933 1592
608 395.000 167.000  10 -20 3598 4362
609 278.000 265.000  10 -10 2393 2916
610  98.000 107.000  10  -9 3496 4099
611 214.000 119.000  10 -20 3948 4289
612 309.000 274.000  10 -20 1311 1534
613 268.000 114.000  10 -35  687  836
614 134.000  98.000  10 -18  121 1033
615 384.000 307.000  10  -7 1251 1908
616  68.000 250.000  10 -10 2225 2405
617 246.000 247.000  10 -12 2540 3010
618  70.000 256.000  10 -30  798 1299
619 113.000 179.000  10 -30  626 1062
620 243.000 140.000  10 -13 4930 5378
621 279.000 337.000  10 -10 2043 2903
622 248.000 124.000  10 -10 2524 2910
623 369.000 107.000  10 -20  860 1491
624  23.000  98.000  10 -20 1069 1711
625  52.000 301.000  10 -16 3524 3993
626 188.000  67.000  10 -30 4185 4331
627  92.000 155.000  10 -20  694 1310
628 340.000 276.000  10 -20 3318 3744
629  59.000  89.000  10 -20 2779 3496
630 204.000 292.000  10 -20  581 1174
631 183.000  71.000  10 -10 2898 3340
632 361.000 287.000  10 -20  754 1410
633 192.000 332.000  10 -30 1489 2137
634 348.000  41.000  10 -30 2593 2788
635 300.000 272.000  10 -15 2628 3035
636  52.000  94.000  10 -20 4320 4934
637  74.000  87.000  10 -17 5168 5790
638  42.000 384.000  10 -30 1087 1491
639 374.000 253.000  10 -20  713 1134
640 310.000 363.000  10 -23 3955 4638
641 194.000  43.000  10 -10 2662 3254
642 321.000 217.000  10 -10  421  966
643 349.000 324.000  10 -20 1924 2502
644 362.000  28.000  10 -21  944 1714
645 364.000 213.000  10 -20 2205 2540
646   2.000 200.000  10 -20 1171 1681
647  39.000 384.000  10 -15 1018 1189
648 220.000  71.000  10 -13 2584 2947
649 160.000 313.000  10 -28 3317 3674
650 253.000 316.000  10 -34 1467 2018
651 366.000 251.000  10 -20  929 1442
652 243.000 209.000  10 -18 5309 5844
653  13.000  59.000  10 -30 2001 2594
654  18.000 102.000  10 -10  705 1272
655 346.000 163.000  10  -1  425  779
656 328.000 239.000  10 -30  443 1154
657  77.000 319.000  10 -10 4944 5087
658 220.000 296.000  10 -30  514  757
659 369.000 100.000  10 -20  695 1041
660 348.000 343.000  10 -30 1015 1823
661  56.000  97.000  10 -10 3644 4007
662  41.000 378.000  10 -20  597 1313
663 302.000 274.000  10 -10  866 1591
664  28.000 356.000  10 -30  882 1314
665 203.000  88.000  10 -50  112  877
666 400.000 109.000  10 -30 3310 3588
667  26.000 247.000  10 -10  492 1113
668 351.000 199.000  10 -23 2931 3526
669  29.000 355.000  10 -30  956 1150
670 348.000 371.000  10 -23 2483 2854
671 105.000 360.000  10 -15 2940 3464
672 173.000  72.000  10 -20  795 1520
673 281.000 155.000  10 -24  435  781
674   6.000  20.000  10 -18  928 1296
675  20.000  91.000  10 -10  828 1552
676 213.000 305.000  10 -10 1711 2329
677 200.000  48.000  10 -34  698 1180
678 255.000  80.000  10 -10 1837 2441
679 300.000  64.000  10 -13 4511 4866
680  25.000 256.000  10 -30  607 1231
681 229.000 371.000  10 -30 4002 4220
682 200.000  89.000  10 -20  718  945
683 131.000  67.000  10 -11  676  938
684 115.000 257.000  10 -10  407  681
685 177.000 300.000  10 -10  623 1135
686 393.000 306.000  10 -26  842 1198
687 126.000 208.000  10 -30 5257 5819
688  84.000 293.000  10 -20 2129 2439
689  48.000 326.000  10 -19  627 1201
690  66.000 118.000  10 -15 1882 2754
691 262.000 233.000  10  -4 4390 4606
692 175.000 192.000  10 -30 3654 3857
693  24.000  57.000  10 -10  605 1209
694 313.000 194.000  10 -10  594  641
695  20.000 204.000  10 -20  749  855
696 128.000  93.000  10 -30  510 1433
697  43.000 121.000  10 -10 3821 4178
698 220.000 283.000  10 -20  632 1188
699 370.000 104.000  10 -20  795 1370
700  86.000 112.000  10 -20 2659 3161
701 111.000 179.000  10 -10  541 1051
702 329.000 236.000  10 -30  571  919
703  80.000 365.000  10 -10 1744 1971
704 384.000  64.000  10 -20 4086 4561
705 334.000 100.000  10 -20 4435 4784
706  84.000 359.000  10  -4  892 1492
707 299.000 141.000  10 -10  769 1179
708  27.000 251.000  10 -10  723 1239
709  22.000 205.000  10 -10  496  929
710 369.000  19.000  10 -15  777 1544
711 244.000 285.000  10 -11 5095 5565
712 297.000 137.000  10 -10 1709 2076
713 325.000 130.000  10 -12 4003 4423
714 244.000  56.000  10 -17 2225 3190
715  12.000 368.000  10 -50 2815 3476
716 119.000 179.000  10 -10  708 1289
717  68.000 143.000  10 -15 4812 5349
718 343.000 359.000  10 -13 1534 2234
719 356.000 223.000  10  -2 3647 4217
720 183.000 303.000  10 -20  468  712
721 259.000   4.000  10 -10 2245 2722
722 114.000  88.000  10 -10 2426 3090
723 321.000 209.000  10 -20  235  735
724 196.000 107.000  10 -18 4976 5778
725 174.000 375.000  10 -12 1021 1637
726 114.000 254.000  10 -16  284  699
727 291.000 308.000  10 -37  646 1077
728  26.000 260.000  10 -10 2432 2721
729  32.000 251.000  10 -30  889 1276
730 135.000 161.000  10 -24 5272 5651
731  68.000 386.000  10 -10 1048 1548
732 342.000 385.000  10 -20 1262 1708
733 353.000 276.000  10 -10  551  990
734 319.000 160.000  10 -10  512  950
735 225.000  53.000  10  -4 4083 4695
736 124.000 221.000  10 -20 3784 4360
737 266.000 234.000  10 -20 3491 3932
738 390.000 357.000  10 -20 4115 4336
739 390.000  52.000  10 -30 1004 1448
740 385.000  56.000  10 -29  791 1357
741  62.000 258.000  10 -20  514  928
742 369.000   6.000  10 -20 1893 2607
743 353.000   3.000  10 -20  981 1184
744 243.000 275.000  10 -15 3425 4052
745 335.000 202.000  10 -15 3119 3634
746 218.000 134.000  10  -2 4938 5380
747   9.000  47.000  10 -23 3145 3797
748 340.000 388.000  10 -10 1239 1622
749 129.000  85.000  10 -10  512  830
750  28.000 353.000  10  -2  701 1307
751 166.000 115.000  10  -7 4793 5317
752 355.000  41.000  10 -30 3193 3639
753 212.000 197.000  10 -10 3216 3734
754 268.000 223.000  10 -10   71  561
755  86.000 357.000  10 -30 1080 1590
756 338.000 391.000  10 -10 1171 1381
757 267.000 161.000  10 -10  896  968
758 264.000 341.000  10 -10 3942 4504
759 184.000  69.000  10 -20 1777 2368
760 367.000 255.000  10 -40  821 1437
761 228.000 341.000  10 -16 3869 4309
762 326.000 374.000  10 -20 2302 2439
763 302.000 136.000  10 -20  434 1007
764 373.000 253.000  10  -3  745 1191
765  97.000 105.000  10 -20 3562 4107
766 115.000 185.000  10 -30  331  541
767 300.000 132.000  10 -20  261 1064
768  76.000  90.000  10 -30 2822 3271
769  92.000 162.000  10 -10  790 1351
770 380.000 339.000  10 -20 2763 3288
771 397.000 313.000  10 -20  870 1568
772 198.000 295.000  10 -20  445  833
773 294.000 136.000  10 -20  271  638
774 343.000 322.000  10 -12 3024 3588
775 377.000 282.000  10  -2 1432 1793
776  52.000 334.000  10 -20 1019 1234
777 202.000 158.000  10 -17 4401 4986
778 183.000 301.000  10 -20  242  841
779 397.000 362.000  10  -9  693 1430
780 180.000 387.000  10 -30  613 1467
781 313.000  64.000  10 -20 1387 1951
782 397.000 283.000  10  -8 1382 2031
783  86.000 154.000  10 -10  626 1085
784 267.000 295.000  10 -20 2782 3189
785  50.000 385.000  10 -21 3055 3649
786 381.000  12.000  10 -20 2183 2661
787 277.000 154.000  10 -10  299  803
788   2.000   3.000  10 -21 2893 3580
789  28.000 246.000  10 -20  452 1055
790 294.000  13.000  10 -20 2166 2648
791  72.000 253.000  10 -16  331  777
792 369.000 106.000  10 -30  839 1423
793 324.000 194.000  10 -10 4181 4467
794 115.000  51.000  10 -35 3286 3619
795  87.000 153.000  10 -23  370  975
796 146.000 320.000  10 -10 1838 2256
797  32.000 229.000  10 -26 4004 4551
798 386.000  57.000  10 -20  892 1348
799  79.000 154.000  10 -23  385 1106
800 308.000 314.000  10 -10 2429 2810
801  87.000 164.000  10 -10 2551 2864
802 295.000 307.000  10 -10  387  922
803 174.000 326.000  10 -20 3561 4198
804  55.000 341.000  10 -19 2518 3005
805  68.000 263.000  10 -20  552 1124
806 376.000 254.000  10 -20  634 1116
807 200.000 200.000   0   0    0 6289
