404 404 1000 1000 1000
  0 200.000 200.000   0   0    0 6289
  1 233.000 214.000  10  10  314  434
  2  89.000 152.000  10  20    0 6159
  3 218.000 284.000  10  20  801  921
  4 340.000 276.000  10  43    0 6120
  5 206.000 106.000  10  33    0 6185
  6 348.000 280.000  10  10  868  988
  7 361.000 287.000  10  13    0 6096
  8   6.000  62.000  10  23    0 6041
  9 364.000  27.000  10  20    0 6041
 10  14.000 201.000  10  10    0 6093
 11  41.000 382.000  10  20    0 6038
 12 384.000  47.000  10  31 4365 4485
 13  91.000 150.000  10  10  463  583
 14 176.000 154.000  10  15  148  268
 15 352.000 383.000  10  16    0 6042
 16 287.000 307.000  10  10    0 6142
 17 267.000 321.000  10  26    0 6141
 18 220.000  71.000  10  22    0 6149
 19 244.000 106.000  10  40    0 6176
 20 145.000 301.000   0   8    0 6164
 21 348.000  41.000  10  16    0 6062
 22 126.000  91.000  10  30    0 6148
 23 108.000 395.000  10  12    0 6064
 24 186.000 306.000  10  10    0 6173
 25  12.000 368.000  10  12    0 6027
 26  26.000 247.000  10  10    0 6099
 27 393.000 306.000   0  20    0 6059
 28   2.000  17.000  10  11    0 6010
 29  62.000 258.000  10  20    0 6130
 30  68.000 378.000  10  10    0 6058
 31 294.000 136.000  10  10    0 6166
 32 302.000 136.000  10  20    0 6159
 33 234.000 203.000  10  10    0 6245
 34 127.000  94.000  10  10    0 6151
 35 210.000   1.000  10  11    0 6080
 36   2.000   3.000  10  14    0 6000
 37  92.000 162.000  10  20 1010 1130
 38  68.000 143.000  10  16    0 6136
 39  39.000 384.000  10  40    0 6035
 40 291.000 301.000  10  20  484  604
 41 246.000 298.000  10  19    0 6171
 42 116.000 252.000  10  20  335  455
 43 174.000 375.000  10  30    0 6103
 44 199.000  45.000  10  26    0 6124
 45 150.000 236.000  10  20    0 6218
 46 299.000 141.000  10  10    0 6164
 47  41.000 183.000  10  25 4709 4829
 48 302.000 203.000  10  30  792  912
 49 384.000 294.000  10  20    0 6073
 50 110.000 254.000  10  20    0 6175
 51 196.000  51.000  10  19    0 6130
 52 264.000 341.000  10   9    0 6125
 53  23.000  97.000  10  20    0 6075
 54 281.000 155.000  10  10    0 6187
 55 352.000 162.000  10  10    0 6123
 56 209.000  85.000  10  10    0 6164
 57 177.000 379.000  10  10    0 6099
 58 343.000 322.000  10  21    0 6092
 59 369.000 107.000  10  20    0 6087
 60 240.000 246.000  10  20    0 6219
 61 380.000 339.000  10  10 2966 3086
 62 111.000 286.000  10  21  532  652
 63 322.000 242.000  10  10    0 6150
 64 390.000  52.000  10  10 1166 1286
 65 300.000 132.000  10  10  603  723
 66 204.000  87.000  10  30    0 6166
 67 231.000 243.000  10  10    0 6226
 68  84.000 221.000  10  22    0 6162
 69 230.000 290.000  10  20    0 6185
 70 397.000 261.000  10  16 2339 2459
 71 222.000 283.000  10  20  324  444
 72  79.000 154.000  10  10    0 6150
 73   8.000 119.000  10  11    0 6071
 74 208.000 274.000  10  30  321  441
 75  95.000  64.000  10  20    0 6108
 76 234.000 243.000  10  20    0 6225
 77 244.000 109.000  10  20  433  553
 78  61.000 333.000  10  10    0 6087
 79 146.000 324.000  10  24    0 6144
 80 358.000  23.000  10  20    0 6042
 81 186.000 355.000  10  25    0 6124
 82 341.000 394.000  10  20    0 6040
 83 128.000  95.000  10  10    0 6152
 84  13.000 220.000  10  15    0 6091
 85 340.000 290.000  10  39 1804 1924
 86  79.000 344.000  10  16    0 6091
 87  90.000 311.000  10  12 2674 2794
 88 207.000 185.000  10   1    0 6263
 89  51.000 326.000  10  10  802  922
 90 230.000 139.000  10  14    0 6212
 91 339.000  69.000  10  26    0 6088
 92 206.000 296.000  10  30    0 6183
 93 370.000  57.000  10  10    0 6057
 94  35.000  79.000  10  22    0 6075
 95  17.000 209.000  10  20  991 1111
 96  89.000 154.000  10  10  890 1010
 97 367.000 361.000  10  22    0 6048
 98 165.000 126.000   0   4 4969 5089
 99  45.000  85.000  10  10    0 6086
100 137.000  68.000  10  25    0 6133
101 310.000 143.000  10  20    0 6156
102 201.000   6.000  10  25    0 6085
103 374.000 175.000  10  18    0 6104
104  91.000  70.000  10  20 1069 1189
105 166.000 357.000  10  21    0 6119
106  92.000 384.000  10  26    0 6066
107 294.000 249.000   0   8 1884 2004
108 235.000 212.000  10  20  221  341
109 353.000 164.000  10  20    0 6122
110 234.000  37.000  10  12    0 6113
111  93.000  62.000  10  20  806  926
112 234.000  73.000  10   8    0 6148
113 157.000 378.000  10  22 3665 3785
114 194.000  43.000  10  26    0 6122
115 355.000 156.000  10  20    0 6118
116 364.000 213.000  10  11    0 6115
117  41.000 337.000  10   9 2676 2796
118  53.000 326.000  10  20    0 6086
119  21.000 104.000  10  30    0 6076
120 381.000  12.000  10  15 2362 2482
121 221.000 379.000  10  30  829  949
122  46.000 380.000  10  10 1292 1412
123 192.000 332.000  10  31 1753 1873
124 343.000 359.000  10  26    0 6066
125 320.000 211.000  10   6  422  542
126 267.000 161.000  10  10    0 6202
127 310.000 340.000  10  11    0 6101
128 270.000 106.000  10  30  480  600
129 243.000 104.000  10  20  665  785
130 287.000 279.000  10   4    0 6162
131 313.000  64.000  10  29    0 6103
132 298.000 137.000  10  10    0 6163
133 371.000 111.000  10   3    0 6087
134 118.000 122.000  10  20    0 6166
135 115.000 185.000  10  10    0 6193
136 336.000 387.000  10  10    0 6048
137  74.000 213.000  10  33 1738 1858
138 253.000 316.000  10  21    0 6152
139 369.000 118.000  10  12    0 6092
140 126.000  70.000  10  10  946 1066
141 377.000 282.000  10  20    0 6084
142  73.000 292.000  10   8  702  822
143 174.000 326.000  10   8    0 6151
144  20.000  91.000  10  10    0 6069
145  87.000 155.000  10  10    0 6158
146 134.000  63.000  10  10    0 6127
147 349.000 275.000  10  10    0 6113
148 325.000  45.000  10   8 2356 2476
149 328.000 239.000  10  10    0 6146
150 138.000 143.000  10  17    0 6195
151 372.000 256.000  10  20 1008 1128
152  57.000 381.000  10  22    0 6049
153 162.000 251.000  10  21    0 6216
154 183.000 301.000  10  20    0 6177
155 389.000 171.000  10   3    0 6088
156 200.000  83.000  10  10    0 6162
157 342.000 154.000  10  25    0 6130
158 156.000   4.000  10  25  842  962
159 247.000 212.000  10  15    0 6231
160  93.000 149.000  10  20    0 6161
161 246.000 247.000  10  21    0 6214
162  39.000  34.000  10  10    0 6048
163  51.000 205.000  10  26 4864 4984
164 180.000 387.000  10  10    0 6091
165 294.000 311.000  10  10    0 6134
166 305.000 198.000  10  20    0 6174
167 338.000 391.000  10  40    0 6044
168 237.000 213.000  10  20    0 6240
169 102.000  84.000  10   3  662  782
170 236.000  38.000  10  38    0 6114
171 278.000 159.000  10  10    0 6191
172 344.000 280.000  10  20    0 6115
173 149.000 234.000  10  10    0 6218
174 109.000 252.000  10  30  596  716
175 184.000 282.000  10  19  274  394
176  32.000  78.000  10  23    0 6072
177 395.000 310.000  10  10    0 6056
178 243.000 275.000  10  31    0 6193
179 299.000 227.000  10  25  392  512
180 159.000 164.000  10  13    0 6225
181 294.000  13.000  10  26 2347 2467
182 108.000 250.000  10  10    0 6175
183 389.000 306.000  10  30    0 6063
184 334.000  92.000  10  29    0 6107
185 279.000 337.000  10   5    0 6121
186   3.000  15.000  10  20    0 6009
187 210.000 271.000  10  20  267  387
188 256.000 145.000  10  12    0 6201
189  83.000 357.000  10  10    0 6084
190 267.000 295.000  10  20 2925 3045
191 219.000 377.000  10  20  880 1000
192 126.000  90.000  10  31    0 6147
193 238.000 250.000  10  20    0 6217
194 246.000 244.000  10  33    0 6216
195 115.000 257.000  10  10  484  604
196 202.000 158.000  10  11    0 6237
197 237.000 109.000  10  10  841  961
198 117.000 148.000  10  14    0 6182
199 276.000 157.000  10  20    0 6192
200 303.000 358.000  10  37    0 6091
201  17.000  96.000  10  10    0 6069
202  46.000 197.000  10  21    0 6125
203 265.000 127.000  10  35    0 6182
204 196.000 138.000  10  18  290  410
205  26.000 260.000  10  16    0 6095
206 384.000 307.000  10   7    0 6067
207  23.000 317.000  10  10 1815 1935
208  56.000  97.000  10  19    0 6102
209   0.000 155.000  10   9  760  880
210 395.000 167.000  10  24    0 6082
211 289.000 306.000  10  10    0 6141
212 312.000 200.000  10  30    0 6167
213 200.000  89.000  10  30    0 6168
214 242.000 113.000  10  10    0 6183
215 341.000  33.000  10  27    0 6061
216  55.000 341.000  10  14    0 6077
217  99.000  67.000  10  10    0 6112
218 236.000 243.000  10  20    0 6223
219 229.000 209.000  10  20   61  181
220 267.000 112.000  10  30    0 6169
221 122.000 183.000  10  20    0 6200
222 158.000 239.000  10  20  399  519
223 392.000 307.000  10  20    0 6060
224  13.000  59.000  10  13    0 6045
225 221.000 281.000  10  20    0 6196
226 326.000 374.000  10  17    0 6065
227 178.000 103.000  10  10    0 6180
228 293.000 310.000  10  30    0 6135
229 102.000  67.000  10  20    0 6114
230 366.000  97.000  10  23    0 6084
231 220.000 283.000  10  10    0 6194
232 369.000 100.000  10  30  808  928
233 371.000 244.000  10  20    0 6103
234  85.000 128.000  10  18    0 6144
235 231.000   6.000  10  32 2804 2924
236 330.000 313.000  10  27    0 6107
237 202.000  85.000  10  10    0 6164
238 236.000 204.000  10  10  618  738
239 274.000   7.000  10  21    0 6073
240 232.000 127.000  10  13    0 6200
241  96.000 209.000  10  28    0 6175
242 308.000 178.000  10   4    0 6169
243 294.000 118.000  10  13    0 6155
244 280.000 224.000  10  20    0 6196
245  82.000  65.000  10  30    0 6100
246 159.000  11.000  10   7    0 6086
247 334.000 186.000  10   1    0 6145
248 210.000 268.000  10  30    0 6211
249 310.000 196.000  10  20  503  623
250 183.000 375.000  10  30    0 6104
251 366.000 251.000  10  20    0 6106
252 124.000  69.000  10  10  897 1017
253  40.000 380.000  10  30  944 1064
254 276.000 116.000  10  50    0 6166
255 301.000 139.000  10  30  863  983
256 324.000 217.000  10  30  581  701
257  41.000 378.000  10  20  895 1015
258 114.000 254.000  10  10    0 6178
259 264.000 112.000  10  20    0 6171
260 244.000 176.000  10  24    0 6229
261 349.000 181.000  10   1 1156 1276
262  53.000  51.000  10  18  938 1058
263 177.000 174.000  10  10   79  199
264 114.000 178.000  10  10  830  950
265 367.000 255.000  10  20    0 6104
266 273.000 118.000  10  34    0 6170
267  84.000 359.000  10  20 1132 1252
268 244.000 114.000   0  10    0 6183
269  28.000 246.000  10  20    0 6101
270 107.000 159.000  10  33    0 6178
271 319.000 160.000  10  26    0 6154
272 230.000 241.000  10  10    0 6229
273  32.000 352.000  10  30  846  966
274  32.000 357.000  10  20    0 6050
275 185.000 299.000  10  10    0 6179
276 156.000  32.000  10  34    0 6106
277 201.000 297.000  10  10    0 6182
278 311.000 344.000  10  26  749  869
279 174.000 329.000  10  30    0 6148
280  84.000 363.000  10  20  794  914
281   6.000  20.000  10  27    0 6015
282  22.000 205.000  10  20    0 6101
283 131.000 275.000  10  30    0 6178
284 197.000 300.000  10  10    0 6179
285 308.000 196.000  10  10    0 6171
286 137.000  64.000  10  30    0 6130
287  24.000  96.000  10  10    0 6075
288   2.000 200.000  10  35    0 6081
289 211.000 274.000  10  20    0 6205
290 307.000 196.000  10  20  411  531
291 127.000  87.000  10  20    0 6145
292 302.000 274.000  10  15 1168 1288
293 383.000  53.000  10  10    0 6045
294 376.000 254.000  10  20    0 6095
295  85.000 358.000  10  10    0 6084
296 391.000  54.000  10  20    0 6039
297  65.000 335.000  10   4 1318 1438
298  33.000 247.000  10  10    0 6106
299  88.000 150.000  10  10    0 6157
300  70.000 231.000  10  16 4388 4508
301 131.000  67.000  10  30    0 6130
302  31.000 357.000  10  20    0 6049
303 393.000 297.000  10  20    0 6063
304 273.000 160.000  10  10    0 6196
305 364.000  55.000  10  17    0 6061
306  47.000 328.000  10  50    0 6080
307 109.000 186.000  10  10    0 6187
308 134.000  98.000  10  10  426  546
309  42.000 384.000  10  10    0 6037
310  52.000 194.000  10   9    0 6131
311 128.000  93.000  10  10  911 1031
312  86.000 112.000  10  17    0 6135
313  40.000 336.000  10   9    0 6070
314 375.000 294.000  10   2    0 6081
315 186.000 304.000  10  10    0 6175
316 369.000 106.000  10  10    0 6086
317 321.000 217.000  10  20  633  753
318 279.000 247.000  10  12    0 6188
319 297.000 240.000  10  37    0 6175
320 199.000 290.000  10  10    0 6189
321 353.000  65.000  10  24 1223 1343
322 239.000 254.000  10  10  313  433
323 369.000   6.000  10  16    0 6022
324 339.000   3.000  10   8    0 6038
325 321.000 209.000  10  30    0 6158
326 114.000 250.000  10  20    0 6180
327  48.000 358.000  10  32    0 6060
328 339.000 384.000  10  20    0 6049
329 351.000 153.000  10  30  836  956
330 183.000 303.000  10  20  530  650
331 299.000 308.000  10  21    0 6133
332 197.000 292.000  10  20    0 6187
333 207.000  87.000  10  20    0 6166
334 325.000 311.000  10  15    0 6112
335 217.000 289.000  10  20  700  820
336 133.000  94.000  10  10    0 6154
337  91.000 388.000  10   2    0 6062
338  87.000 147.000  10   7    0 6155
339 389.000  54.000  10  30    0 6041
340 234.000 212.000  10  10    0 6243
341 237.000 247.000  10  30    0 6220
342 346.000 385.000  10  10  923 1043
343 397.000 313.000  10  20 1159 1279
344 211.000 266.000  10  10    0 6213
345  59.000  89.000  10  24 3078 3198
346 344.000 391.000  10  10    0 6040
347 242.000 105.000  10  20    0 6176
348 114.000 252.000  10  10    0 6179
349  29.000 355.000  10  10    0 6049
350 285.000 136.000  10  11    0 6173
351 272.000 154.000  10  20  378  498
352 379.000 254.000  10   3    0 6093
353 117.000 187.000  10  30  325  445
354 157.000 220.000  10  20    0 6232
355 298.000 138.000  10  20    0 6164
356 111.000 184.000  10  10  586  706
357 319.000 113.000  10  26    0 6132
358 344.000 283.000  10  20    0 6113
359 217.000  98.000  10  19  354  474
360  76.000  90.000  10   2    0 6114
361 270.000 151.000  10  20    0 6194
362 398.000 258.000  10  12    0 6073
363 344.000 236.000  10  28    0 6131
364 226.000  52.000  10  17 1981 2101
365 183.000 294.000  10  20    0 6184
366 237.000 243.000  10   9    0 6223
367 184.000  69.000  10   1    0 6148
368  21.000 255.000  10  29 3042 3162
369 390.000 357.000  10  13    0 6033
370 371.000 349.000  10   8    0 6053
371 113.000 184.000  10  10  634  754
372 382.000  54.000  10  40  873  993
373 327.000 241.000  10  20    0 6146
374 189.000 306.000  10  40  637  757
375  26.000 326.000  10  21    0 6065
376 367.000 104.000  10  20    0 6087
377  86.000 357.000  10  10    0 6085
378 107.000  98.000  10  21    0 6141
379 374.000 253.000  10  20  864  984
380  60.000 328.000  10  10    0 6090
381 268.000 160.000  10  20    0 6201
382 201.000 255.000  10  16    0 6224
383 397.000 362.000  10  15    0 6024
384 236.000 210.000   0  30    0 6242
385 349.000 157.000  10  10  894 1014
386 348.000 319.000  10  29 1325 1445
387 186.000  75.000  10  35    0 6154
388  77.000 319.000  10  12    0 6108
389 195.000 148.000  10  19    0 6227
390  26.000 199.000  10  26    0 6105
391 146.000 174.000  10  23  180  300
392 319.000 217.000  10  10    0 6159
393 128.000  94.000  10  10    0 6151
394  82.000  78.000   0  20    0 6110
395 231.000 219.000  10  10  376  496
396 174.000 387.000  10  20    0 6091
397 107.000 247.000  10  20    0 6175
398  13.000 322.000  10  19    0 6056
399  68.000 254.000  10  20  551  671
400  43.000 121.000   0  12    0 6104
401 329.000 241.000  10  20    0 6144
402 260.000 352.000  10  13    0 6116
403 384.000  64.000  10  19    0 6051
404  80.000 365.000  10  18    0 6075
405 324.000 216.000  10 -10    0 6154
406  85.000 155.000  10 -20  750  870
407 217.000 286.000  10 -20  752  872
408 369.000 211.000  10 -43    0 6110
409 173.000  72.000  10 -33    0 6149
410 350.000 207.000  10 -10    0 6129
411 348.000 343.000  10 -13 1359 1479
412  34.000 242.000  10 -23    0 6108
413 353.000   3.000  10 -20    0 6030
414  14.000 100.000  10 -10    0 6068
415 198.000 295.000  10 -20    0 6184
416 370.000 104.000  10 -31    0 6084
417  17.000  99.000  10 -10 4026 4146
418  85.000  61.000  10 -15    0 6099
419 393.000 307.000  10 -16    0 6059
420 286.000 308.000  10 -10    0 6141
421 389.000 307.000  10 -26    0 6062
422 208.000  86.000  10 -22    0 6165
423 362.000  28.000  10 -40    0 6043
424 145.000 301.000  10  -8    0 6164
425 310.000 200.000  10 -16    0 6169
426 129.000  85.000  10 -30  611  731
427  52.000 334.000  10 -12    0 6080
428   8.000 363.000  10 -10    0 6028
429 119.000 286.000  10 -12    0 6161
430  21.000 201.000  10 -10    0 6100
431 393.000 306.000  10 -20    0 6059
432  67.000 258.000  10 -11    0 6134
433  66.000 254.000  10 -20    0 6135
434 197.000 293.000  10 -10    0 6186
435 370.000  98.000  10 -10    0 6081
436 321.000 144.000  10 -20    0 6146
437 277.000 163.000  10 -10    0 6194
438 134.000  62.000  10 -10    0 6127
439 196.000 107.000  10 -11    0 6186
440  24.000  57.000  10 -14    0 6053
441  70.000 264.000  10 -20    0 6135
442  88.000 121.000  10 -16    0 6142
443  75.000 368.000  10 -40    0 6070
444 146.000 320.000  10 -20 1987 2107
445 345.000 382.000  10 -19  871  991
446  26.000 250.000  10 -20    0 6098
447 169.000 352.000  10 -30    0 6124
448 140.000  40.000  10 -26 4060 4180
449  18.000 294.000  10 -20    0 6075
450 300.000 144.000  10 -10    0 6165
451  32.000 229.000  10 -25    0 6109
452 323.000 243.000  10 -30  888 1008
453 393.000 246.000  10 -20    0 6081
454  72.000 253.000  10 -20  494  614
455 180.000  15.000  10 -19    0 6093
456 182.000 378.000  10  -9    0 6101
457  97.000 105.000  10 -20 3774 3894
458 317.000  68.000  10 -10    0 6103
459 254.000   0.000  10 -10 2691 2811
460 177.000  77.000  10 -10 3195 3315
461 140.000 387.000  10 -10    0 6083
462 234.000 214.000  10 -21    0 6243
463 377.000 144.000  10 -20    0 6094
464 177.000 300.000  10 -20  819  939
465 366.000 340.000  10 -10    0 6062
466 204.000 292.000  10 -21    0 6187
467 237.000 259.000  10 -10    0 6210
468 397.000  73.000  10 -10    0 6045
469 308.000 204.000  10 -10  728  848
470 206.000  81.000  10 -30  597  717
471 244.000 285.000  10 -10    0 6184
472 135.000 161.000  10 -22    0 6204
473 393.000 305.000  10 -20  916 1036
474 393.000 301.000  10 -16    0 6062
475 222.000 383.000  10 -20    0 6095
476 166.000 115.000  10 -10 4995 5115
477  86.000 154.000  10 -11    0 6157
478 225.000 288.000  10 -30  428  548
479 111.000 179.000  10 -20    0 6188
480 243.000 244.000  10 -20    0 6218
481 363.000  24.000  10 -20    0 6040
482  84.000 293.000  10 -10    0 6131
483 195.000 294.000  10 -24    0 6185
484 369.000  19.000  10 -20    0 6032
485 229.000 371.000  10 -25 4051 4171
486 342.000 384.000  10 -20    0 6047
487 130.000  70.000  10 -10    0 6132
488  19.000 206.000  10 -15    0 6098
489 271.000 371.000  10 -39    0 6094
490  52.000 301.000  10 -16    0 6100
491 220.000 288.000  10 -12    0 6189
492 237.000 108.000  10  -1    0 6180
493  34.000 385.000  10 -10 1104 1224
494 243.000 106.000  10 -14    0 6176
495 264.000  69.000  10 -26    0 6134
496 209.000 283.000  10 -30    0 6196
497 360.000  23.000  10 -10    0 6041
498  63.000 262.000  10 -22    0 6129
499  18.000 208.000  10 -20 1037 1157
500  92.000 155.000  10 -10    0 6162
501 325.000 294.000  10 -22    0 6123
502 165.000 126.000  10  -4 4969 5089
503 124.000 221.000  10 -10    0 6201
504 125.000  95.000  10 -25  817  937
505 349.000 135.000  10 -20 2191 2311
506 154.000  68.000  10 -25 2955 3075
507 369.000 171.000  10 -18    0 6108
508  92.000  68.000  10 -20    0 6109
509 184.000 235.000  10 -21    0 6241
510  11.000 328.000  10 -26 3069 3189
511 294.000 249.000  10  -8 1884 2004
512 213.000 271.000  10 -20    0 6207
513 350.000 131.000  10 -20    0 6114
514 248.000 124.000  10 -12    0 6190
515  85.000  67.000  10 -20    0 6104
516 177.000  55.000  10  -8    0 6133
517 213.000 332.000  10 -22    0 6147
518 183.000  71.000  10 -26    0 6149
519 346.000 163.000  10 -20    0 6129
520 357.000 202.000  10 -11 1997 2117
521  67.000 318.000  10  -9    0 6102
522  46.000 378.000  10 -20 1340 1460
523  49.000 187.000  10 -30    0 6128
524 377.000  29.000  10 -15 2986 3106
525 142.000 385.000  10 -30    0 6086
526 206.000 286.000  10 -10 1945 2065
527 172.000 383.000  10 -31    0 6094
528 180.000 375.000  10 -26    0 6103
529 328.000 243.000  10  -6  576  696
530 297.000 137.000  10 -10    0 6164
531 299.000 399.000  10 -11    0 6057
532 327.000 242.000  10 -30    0 6146
533 243.000 209.000  10 -20    0 6236
534 214.000 378.000  10  -4    0 6101
535 300.000  64.000  10 -29 4628 4748
536 385.000  55.000  10 -10    0 6044
537 381.000 144.000  10  -3    0 6090
538 158.000 121.000  10 -20    0 6190
539  22.000  96.000  10 -10    0 6073
540 381.000 375.000  10 -10    0 6028
541 108.000 186.000  10 -33    0 6186
542 291.000 398.000  10 -21    0 6062
543 384.000  53.000  10 -12    0 6044
544 102.000 149.000  10 -10 2028 2148
545 384.000 248.000  10 -20    0 6089
546   8.000 285.000  10  -8    0 6070
547 184.000 233.000  10  -8    0 6243
548  32.000 251.000  10 -10    0 6104
549  14.000  53.000  10 -10    0 6042
550  75.000  76.000  10 -10 1315 1435
551 375.000 247.000  10 -10    0 6098
552 243.000 140.000  10  -8 5094 5214
553 331.000 251.000  10 -10    0 6139
554 131.000  95.000  10 -17    0 6154
555 351.000 199.000  10 -20 3168 3288
556 196.000 295.000  10 -22    0 6184
557 152.000 240.000  10 -21    0 6217
558 179.000 305.000  10 -20  757  877
559 255.000  80.000  10  -3    0 6147
560 209.000 167.000  10 -10    0 6245
561 396.000 106.000  10 -25    0 6062
562 208.000  20.000  10 -25 2404 2524
563 268.000 223.000  10 -15    0 6208
564   9.000  47.000  10 -20    0 6035
565 290.000 311.000  10 -21  749  869
566  68.000 250.000  10 -10    0 6138
567 147.000 210.000  10 -26    0 6226
568 182.000 379.000  10 -10    0 6100
569 205.000 372.000  10 -10    0 6107
570 309.000 274.000  10 -20    0 6148
571 362.000 383.000  10 -40    0 6035
572 220.000 296.000  10 -20    0 6181
573 127.000  90.000  10  -3    0 6147
574 262.000  30.000  10 -38    0 6099
575 338.000 150.000  10 -10    0 6133
576 348.000 279.000  10 -20    0 6112
577  70.000 256.000  10 -10    0 6138
578  45.000 291.000  10 -30  854  974
579 135.000 384.000  10 -19  976 1096
580 126.000 208.000  10 -23    0 6205
581 262.000 233.000  10 -10    0 6209
582 152.000 237.000  10 -31    0 6219
583 228.000 341.000  10 -25    0 6136
584 171.000 168.000  10 -13    0 6236
585 286.000  44.000  10 -26    0 6101
586 116.000 181.000  10 -10    0 6193
587 321.000 287.000  10 -30    0 6130
588 359.000  23.000  10 -29    0 6042
589 320.000 373.000  10  -5    0 6069
590  68.000 261.000  10 -20    0 6134
591 247.000 377.000  10 -20    0 6096
592 315.000 237.000  10 -12    0 6159
593  52.000 331.000  10 -10    0 6082
594 220.000 238.000  10 -20    0 6237
595 185.000 386.000  10 -20    0 6093
596 129.000  67.000  10 -31    0 6129
597 299.000 351.000  10 -20  662  782
598 248.000 286.000  10 -33  374  494
599  22.000 210.000  10 -10 1146 1266
600 195.000  91.000  10 -11    0 6170
601 268.000 114.000  10 -10    0 6170
602  15.000   4.000  10 -14 2798 2918
603 304.000 141.000  10 -20  808  928
604 342.000 385.000  10 -37    0 6046
605  18.000 100.000  10 -10    0 6072
606 125.000 122.000  10 -21    0 6171
607 266.000 116.000  10 -35    0 6173
608 194.000  65.000  10 -18 1545 1665
609  29.000 250.000  10 -16    0 6101
610 381.000 290.000  10  -7    0 6077
611  36.000 288.000  10 -10    0 6093
612  19.000  61.000  10 -19    0 6051
613  24.000  93.000  10  -9 1188 1308
614 245.000 106.000  10 -24    0 6175
615 220.000 337.000  10 -10    0 6141
616 320.000 216.000  10 -30    0 6158
617 218.000 134.000  10 -30    0 6211
618 324.000 194.000  10 -10 4264 4384
619 240.000 210.000  10 -27    0 6238
620  50.000 385.000  10 -14    0 6041
621  59.000  51.000  10 -10    0 6074
622 165.000 264.000  10 -20    0 6207
623 220.000 381.000  10 -20  721  841
624 285.000 107.000  10 -30    0 6154
625  20.000 204.000  10 -20    0 6099
626  55.000 324.000  10 -20    0 6089
627 338.000 315.000  10 -20 3809 3929
628  26.000  70.000  10 -13 3685 3805
629 348.000 371.000  10 -20    0 6053
630 256.000 385.000  10 -17    0 6086
631 201.000 195.000  10 -10    0 6274
632 291.000 308.000  10 -30    0 6138
633 175.000 192.000  10 -20 3696 3816
634 385.000  56.000  10 -23    0 6045
635 215.000 260.000  10 -10    0 6218
636 372.000 104.000  10 -30    0 6083
637 335.000 202.000  10 -20    0 6144
638 186.000 145.000  10 -18 5961 6081
639 244.000  56.000  10 -32    0 6129
640 352.000 303.000  10 -27    0 6096
641 162.000  94.000  10 -10    0 6167
642 277.000 154.000  10 -10    0 6190
643 280.000   5.000  10 -21 4064 4184
644 263.000 110.000  10 -13    0 6170
645 123.000 176.000  10 -28 4679 4799
646 329.000 236.000  10  -4    0 6146
647 297.000 135.000  10 -13  546  666
648 293.000 306.000  10 -20    0 6138
649  74.000  87.000  10 -30    0 6110
650 143.000  20.000  10  -7    0 6091
651 317.000 183.000  10  -1    0 6161
652 310.000 363.000  10 -30 4237 4357
653 350.000 271.000  10 -20    0 6114
654 193.000 216.000  10 -30 4924 5044
655 212.000 197.000  10 -20    0 6267
656  96.000  69.000  10 -10    0 6112
657  82.000 365.000  10 -30    0 6077
658 355.000  41.000  10 -50    0 6057
659 246.000  47.000  10 -30    0 6120
660 373.000 253.000  10 -30  908 1028
661  37.000 397.000  10 -20    0 6024
662 119.000 179.000  10 -10    0 6196
663 327.000 115.000  10 -20    0 6127
664 272.000 161.000  10 -24    0 6198
665 399.000 179.000  10  -1 1790 1910
666  93.000  59.000  10 -18    0 6102
667 128.000  68.000  10 -10    0 6129
668  73.000 126.000  10 -10    0 6133
669 368.000 215.000  10 -20    0 6111
670 364.000  25.000  10 -34    0 6040
671  74.000 351.000  10 -20    0 6083
672 244.000 114.000  10 -10    0 6183
673  14.000 210.000  10 -20    0 6093
674  52.000  94.000  10 -33    0 6097
675 233.000 208.000  10 -26    0 6246
676 347.000 395.000  10 -10    0 6035
677  31.000 353.000  10 -30  892 1012
678  31.000 360.000  10 -20    0 6047
679 146.000 301.000  10 -10 1412 1532
680 188.000  67.000  10 -34    0 6146
681  48.000 326.000  10 -10    0 6082
682 308.000 314.000  10 -26    0 6122
683 223.000 372.000  10 -30    0 6106
684  84.000 360.000  10 -20 1088 1208
685  49.000 222.000  10 -27    0 6127
686 143.000 159.000  10 -20    0 6209
687  43.000 386.000  10 -30 1181 1301
688  53.000 330.000  10 -10    0 6083
689 321.000 212.000  10 -10    0 6158
690 133.000  68.000  10 -30    0 6131
691  66.000 118.000  10 -10    0 6122
692  21.000  96.000  10 -35    0 6072
693 222.000 284.000  10 -20  368  488
694 361.000 194.000  10 -20    0 6118
695 114.000  88.000  10 -20    0 6138
696 300.000 272.000  10 -15    0 6156
697 400.000 109.000  10 -10    0 6060
698 273.000 182.000  10 -20 3402 3522
699  87.000 365.000  10 -10    0 6080
700 391.000  42.000  10 -20    0 6032
701  41.000 340.000  10  -4    0 6068
702  68.000 263.000  10 -10    0 6133
703  18.000 102.000  10 -10    0 6073
704 145.000 165.000  10 -16    0 6214
705  79.000  95.000  10 -30    0 6119
706  75.000 367.000  10 -20    0 6071
707 394.000 299.000  10 -20    0 6062
708 345.000 158.000  10 -10    0 6129
709 359.000  30.000  10 -17    0 6047
710   5.000 345.000  10 -50    0 6036
711 113.000 183.000  10 -10    0 6191
712  70.000  81.000  10 -10    0 6103
713  82.000 360.000  10 -10    0 6081
714  21.000 204.000  10  -9  698  818
715  87.000 164.000  10 -10 2647 2767
716 113.000 179.000  10 -17    0 6190
717  60.000 319.000  10  -9    0 6096
718 163.000 364.000  10  -2    0 6111
719 196.000 293.000  10 -10    0 6186
720 379.000 126.000  10 -10    0 6086
721 371.000 253.000  10 -20    0 6100
722 266.000 234.000  10 -12    0 6205
723 295.000 307.000  10 -37    0 6136
724 175.000 299.000  10 -10    0 6177
725 363.000  30.000  10 -24    0 6044
726 349.000 324.000  10 -10    0 6086
727 338.000 106.000  10 -16    0 6113
728 325.000 130.000  10  -8 4153 4273
729 313.000 194.000  10 -30    0 6166
730  72.000 257.000  10 -20    0 6139
731  34.000 355.000  10 -32    0 6052
732 338.000 290.000  10 -20    0 6115
733 346.000 155.000  10 -30    0 6127
734  97.000 387.000  10 -20    0 6066
735 179.000 383.000  10 -21    0 6095
736 160.000 313.000  10 -20 3435 3555
737 203.000  88.000  10 -20    0 6167
738 336.000 386.000  10 -15 2908 3028
739 153.000 315.000  10 -20    0 6155
740  95.000  63.000  10 -10    0 6107
741 117.000 381.000  10  -2    0 6080
742 102.000 118.000  10  -7    0 6152
743 386.000  60.000  10 -30    0 6047
744 142.000 379.000  10 -10    0 6091
745 241.000 275.000  10 -30    0 6194
746 251.000 381.000  10 -10    0 6091
747 387.000 267.000  10 -20    0 6081
748 337.000 388.000  10 -10 1268 1388
749  98.000 107.000  10 -24 3737 3857
750 393.000 312.000  10 -10    0 6056
751 238.000 101.000  10 -20    0 6173
752  27.000 251.000  10 -10    0 6099
753  28.000 356.000  10 -10    0 6047
754 374.000 104.000  10 -11    0 6081
755 271.000 154.000  10 -20    0 6195
756 305.000 255.000  10  -3    0 6161
757 110.000 188.000  10 -30  440  560
758 102.000 252.000  10 -20    0 6169
759 279.000 262.000  10 -20    0 6179
760  23.000  98.000  10 -10 1330 1450
761 334.000 100.000  10 -26    0 6112
762 349.000 272.000  10 -20    0 6114
763 228.000  96.000  10 -19    0 6172
764 151.000 188.000  10  -2    0 6229
765 357.000 160.000  10 -20  718  838
766 397.000 283.000  10 -12    0 6066
767 376.000 251.000  10 -28    0 6096
768 214.000 119.000  10 -17    0 6197
769 182.000 300.000  10 -20  436  556
770 161.000 233.000  10  -9    0 6228
771 225.000  53.000  10  -1    0 6130
772  48.000 304.000  10 -29    0 6095
773 344.000 321.000  10 -13 1014 1134
774 340.000 388.000  10  -8    0 6045
775  87.000 153.000  10 -10    0 6157
776 396.000  59.000  10 -40 1283 1403
777 278.000 265.000  10 -20 2594 2714
778 102.000 377.000  10 -40    0 6077
779  26.000 275.000  10 -21 4526 4646
780 386.000  57.000  10 -20    0 6045
781   5.000 344.000  10 -10    0 6037
782  94.000  70.000  10 -21    0 6112
783 356.000 223.000  10 -20    0 6122
784  28.000 353.000  10 -10  944 1064
785 368.000 102.000  10 -20  759  879
786 347.000 385.000  10 -16  967 1087
787 395.000 340.000  10 -15  900 1020
788 236.000 210.000  10 -30    0 6242
789 259.000   4.000  10 -10    0 6075
790 306.000 361.000  10 -29 2821 2941
791 193.000  29.000  10 -35    0 6108
792  68.000 386.000  10 -12    0 6051
793 200.000  48.000  10 -19    0 6127
794  92.000 255.000  10 -26 1696 1816
795  15.000 100.000  10 -23    0 6069
796 318.000 219.000  10 -10    0 6160
797 115.000  51.000  10 -10    0 6108
798  82.000  78.000  10 -20    0 6110
799 285.000 184.000  10 -10    0 6193
800 105.000 360.000  10 -20 3142 3262
801  25.000 256.000  10 -20    0 6096
802  72.000 315.000  10 -19    0 6107
803 105.000 250.000  10 -20  719  839
804  43.000 121.000  10 -12    0 6104
805 353.000 276.000  10 -20  711  831
806 173.000 381.000  10 -13 1151 1271
807 388.000 106.000  10 -19    0 6069
808 213.000 305.000  10 -18 1960 2080
809 200.000 200.000   0   0    0 6289
