405 405 1000 1000 1000
  0 200.000 200.000   0   0    0 6289
  1 245.000 106.000  10  20  473  619
  2 233.000 214.000  10  10  150  598
  3 395.000 340.000  10  24  872 1048
  4 277.000 163.000  10  10  708  740
  5  52.000  94.000  10  14 4457 4797
  6 218.000 284.000  10  20  777  946
  7 375.000 247.000  10  10  676  857
  8 348.000 280.000  10  10  814 1041
  9 361.000 287.000  10  13  861 1303
 10 364.000  27.000  10  20 1256 1304
 11  14.000 201.000  10  10  810 1036
 12 116.000 181.000  10  20  741 1147
 13 222.000 284.000  10  10  374  482
 14  91.000 150.000  10  10  264  782
 15 140.000 387.000  10   8  765  902
 16 176.000 154.000  10  15   51  429
 17 213.000 332.000  10  21 2838 3024
 18 151.000 188.000  10  18   55  349
 19 105.000 250.000  10  30  645  912
 20  94.000  70.000  10  30 1120 1242
 21   5.000 345.000   0  14 4692 5113
 22 145.000 301.000  10   8  397  524
 23 234.000 214.000  10  10  283  715
 24 186.000 306.000  10  10  685  814
 25 125.000 122.000  10  15  334  674
 26 393.000 306.000  10  20  780 1261
 27  62.000 258.000  10  20  581  862
 28 294.000 136.000  10  10  368  542
 29  68.000 263.000  10  10  587 1089
 30 302.000 136.000  10  20  569  872
 31 234.000 203.000  10  10  566  887
 32 127.000  94.000  10  10  868  983
 33 233.000 208.000  10  30   33  334
 34 210.000   1.000  10  11 3686 4430
 35 102.000 252.000  10  10  573  876
 36 152.000 237.000  10  10  296  390
 37   2.000   3.000  10  14 3100 3373
 38 180.000  15.000  10   7 3378 3740
 39 182.000 378.000  10  10  491 1128
 40 246.000 298.000   0  19 3713 4055
 41 198.000 295.000  10  20  575  702
 42  63.000 262.000  10  20  706  850
 43 174.000 375.000  10  30 1126 1532
 44 150.000 236.000  10  20   61  598
 45 363.000  24.000  10  20 1049 1130
 46 331.000 251.000  10  20  366  758
 47  18.000 102.000  10  18  926 1051
 48 299.000 141.000  10  10  715 1234
 49 342.000 385.000  10  10 1211 1759
 50 302.000 203.000  10  30  665 1039
 51 384.000 294.000  10  20 2118 2459
 52 196.000  51.000  10  19 2013 2345
 53  23.000  98.000  10  10 1347 1433
 54 281.000 155.000  10  10  467  749
 55 352.000 162.000  10  10  483  850
 56 209.000  85.000  10  10  505  689
 57 343.000 322.000  10  21 3156 3455
 58  31.000 360.000  10  23 1011 1327
 59 263.000 110.000  10  10  494  731
 60 240.000 246.000  10  20   80  521
 61 380.000 339.000  10  10 2853 3198
 62 111.000 286.000  10  21  445  739
 63 213.000 271.000  10  10  409  567
 64 390.000  52.000  10  10 1061 1391
 65 300.000 132.000  10  10  548  777
 66 357.000 160.000  10  20  656  901
 67 204.000  87.000   0  30  331  657
 68  98.000 107.000  10  17 3696 3898
 69 231.000 243.000  10  10  576  701
 70 230.000 290.000  10  20  438  661
 71 222.000 283.000  10  20  237  530
 72 208.000 274.000  10  30  281  482
 73  74.000 351.000  10  32 3657 4141
 74  95.000  64.000  10  20  620  925
 75 329.000 236.000  10  10  637  854
 76 248.000 286.000  10  35  232  637
 77 234.000 243.000  10  20  566  606
 78 244.000 109.000  10  20  296  691
 79 340.000 388.000  10  10 1408 1452
 80 161.000 233.000  10  30  395  658
 81  61.000 333.000  10  10 1150 1256
 82 372.000 104.000  10  20  762 1307
 83 381.000 144.000  10  18 1869 2167
 84 358.000  23.000  10  20  798 1101
 85 220.000 238.000  10  12   42  329
 86  97.000 105.000  10  33 3735 3933
 87 186.000 355.000  10  25  438  807
 88  48.000 326.000  10  20  842  987
 89  74.000  87.000  10   9 5393 5566
 90 362.000 383.000  10  21 1003 1162
 91  85.000  61.000  10  20  600  844
 92 396.000 106.000  10  18  971 1310
 93  79.000 344.000  10  16  744 1110
 94 201.000 195.000  10  12    5  488
 95  90.000 311.000  10  12 2635 2834
 96  92.000 255.000  10  30 1513 1999
 97 396.000  59.000  10  20 1288 1399
 98 286.000  44.000  10  18 2181 2465
 99 339.000  69.000  10  26 3899 3946
100 206.000 296.000  10  30  729  910
101  35.000  79.000  10  22 1588 1912
102 128.000  68.000   0  10  539 1262
103 145.000 165.000  10  13  138  383
104 137.000  68.000  10  25  601  668
105 201.000   6.000  10  25 2036 2766
106 297.000 135.000  10  30  396  816
107 374.000 175.000  10  18 1271 1600
108 166.000 357.000  10  21 4836 4990
109 113.000 183.000  10  30  580  897
110 347.000 395.000  10  10 1102 1207
111 243.000 244.000  10  30  125  367
112  14.000 100.000  10  30  886 1050
113  92.000 384.000  10  26 1527 1817
114 294.000 249.000  10   8 1857 2031
115 235.000 212.000  10  20  127  435
116 350.000 271.000  10  10  694  721
117 353.000 164.000  10  20  583  848
118 262.000 233.000  10  16 4374 4622
119 200.000  48.000  10  20  613 1265
120 214.000 119.000  10   5 4006 4231
121 234.000  73.000  10   8  596  765
122 268.000 223.000  10  20   87  488
123 364.000 213.000  10  11 2152 2593
124 371.000 253.000  10  30  666 1366
125  41.000 337.000  10   9 2478 2993
126 209.000 167.000  10  17   34  301
127  53.000 326.000  10  20  672  957
128  21.000 104.000  10  30  796  829
129 381.000  12.000  10  15 2191 2654
130  46.000 380.000  10  10 1283 1421
131 320.000 211.000  10   6  459  506
132  34.000 355.000  10  30 1192 1300
133 310.000 340.000  10  11  601  904
134 270.000 106.000  10  30  309  771
135 154.000  68.000  10  20 2937 3094
136  14.000  53.000  10  12 3249 3309
137 298.000 137.000  10  10  367  747
138   9.000  47.000  10   5 3267 3676
139 321.000 212.000  10  30  454  620
140 115.000 185.000  10  10  335  538
141 336.000 387.000  10  10 1257 1490
142 374.000 104.000  10  10  824 1149
143 271.000 371.000  10  15 3015 3118
144  17.000  99.000  10   1 3808 4363
145 253.000 316.000   0  21 1477 2007
146  11.000 328.000  10  12 2907 3352
147 126.000  70.000  10  10  912 1100
148 165.000 264.000  10  20  126  458
149  73.000 292.000  10   8  624  900
150  85.000 155.000  10  20  634  986
151  20.000  91.000  10  10 1116 1265
152  72.000 253.000  10  20  486  623
153  87.000 155.000  10  10  814  988
154 325.000  45.000  10   8 2244 2588
155 182.000 300.000  10  10  359  633
156 328.000 239.000  10  10  775  822
157 138.000 143.000  10  17  260  516
158 162.000 251.000  10  21   63  623
159 183.000 301.000  10  20  328  755
160 389.000 171.000  10   3 1862 1869
161 290.000 311.000  10  30  766  853
162 345.000 158.000  10  20  959 1164
163 156.000   4.000  10  25  881  923
164 369.000 171.000  10  23  576  795
165 356.000 223.000  10  28 3679 4184
166 266.000 116.000  10  10  797  830
167  39.000  34.000  10  10  831 1226
168 180.000 387.000  10  10  904 1177
169 203.000  88.000  10  30  330  567
170 294.000 311.000  10  10  501  921
171 338.000 391.000  10  40 1152 1399
172 237.000 213.000  10  20  294  810
173  82.000 360.000  10  10 1001 1198
174 236.000  38.000  10  38 1661 1920
175 278.000 159.000  10  10  601  734
176 149.000 234.000  10  10  174  317
177 320.000 373.000  10  22 2135 2396
178 184.000 282.000  10  19  247  422
179 395.000 310.000  10  10  831 1498
180 299.000 227.000  10  25  326  578
181 215.000 260.000  10   9   76  419
182 294.000  13.000  10  26 2368 2446
183 389.000 306.000  10  30 1298 1471
184 262.000  30.000  10   8  549  898
185 279.000 337.000  10   5 2262 2683
186 210.000 271.000  10  20  167  487
187  83.000 357.000  10  10 1077 1405
188 279.000 262.000  10  19  110  694
189 126.000  90.000  10  31 3404 3640
190 129.000  67.000  10  30  729  982
191 238.000 250.000  10  20  277  582
192 131.000  95.000  10  20  454  632
193 243.000 106.000  10  10  550  717
194 202.000 158.000   0  11 4625 4762
195 389.000 307.000  10  10 1235 1447
196 237.000 109.000  10  10  713 1089
197 117.000 148.000  10  14  272  512
198 276.000 157.000  10  20  399  597
199  17.000  96.000  10  10  863 1194
200  46.000 197.000  10  21 1599 1908
201 348.000 343.000  10  12 1334 1504
202  95.000  63.000  10  10  739  895
203 324.000 216.000  10  20  457  737
204 265.000 127.000  10  35  348  434
205 196.000 138.000  10  18  178  521
206  23.000 317.000  10  10 1727 2023
207  70.000 264.000  10  30  827  948
208 152.000 240.000  10  30  131  660
209   0.000 155.000  10   9  788  853
210 317.000  68.000  10  13 4592 4810
211 200.000  89.000  10  30  604 1059
212 242.000 113.000  10  10  251  619
213 341.000  33.000  10  27  905 1449
214  99.000  67.000  10  10  471  954
215 236.000 243.000  10  20  324  753
216 229.000 209.000  10  20   30  239
217 143.000 159.000  10  16  139  423
218 267.000 112.000  10  30  540  885
219 196.000 295.000  10  20  405  776
220 122.000 183.000  10  20  315  323
221 158.000 239.000  10  20  408  511
222  13.000  59.000  10  13 2227 2367
223 127.000  90.000  10  20  744  806
224 178.000 103.000  10  10 2315 2744
225 376.000 251.000  10  20  754  892
226 386.000  60.000  10  30 1214 1632
227 102.000  67.000  10  20  538  784
228  82.000 365.000  10  30  753 1058
229 220.000 283.000  10  10  833  987
230 369.000 100.000  10  30  743  993
231 330.000 313.000  10  27  656  721
232 236.000 204.000  10  10  604  752
233 220.000 381.000  10  20  576  987
234 369.000 211.000  10  20 1790 2032
235 134.000  62.000  10  20  565  743
236 232.000 127.000  10  13  232  405
237 294.000 118.000  10  13  478  520
238 280.000 224.000  10  20  952  982
239  82.000  65.000  10  30  992 1024
240  22.000  96.000  10  10 1030 1227
241 334.000 186.000  10   1  448  918
242  52.000 331.000  10  10  909 1239
243  25.000 256.000  10  20  885  954
244 210.000 268.000  10  30   68  821
245 310.000 196.000  10  20  422  705
246 285.000 184.000   0   9 4094 4264
247 160.000 313.000   0   8 3335 3656
248 349.000 324.000  10  33 2181 2244
249 124.000  69.000  10  10  927  988
250  87.000 365.000  10  20  622  977
251 240.000 210.000  10  10  498  719
252  40.000 380.000  10  30  925 1082
253  20.000 204.000  10  20  741  862
254 195.000 294.000  10  10  187  903
255 377.000 144.000  10  23 1816 2043
256  34.000 242.000  10  30  416  953
257 324.000 217.000  10  30  455  828
258  70.000 256.000  10  10  835 1263
259  48.000 304.000  10  15  688 1269
260  41.000 378.000  10  20  715 1194
261 114.000 254.000  10  10  411  572
262 244.000 176.000  10  24   50  505
263 346.000 163.000  10  30  386  818
264  52.000 334.000  10  30 1020 1232
265  53.000  51.000  10  18  805 1192
266 177.000 174.000  10  10   34  433
267 114.000 178.000  10  10  719 1060
268 367.000 255.000  10  20  941 1316
269  19.000  61.000  10  16 4389 4950
270 273.000 118.000  10  34  361  604
271 244.000 114.000  10  10  342  431
272  29.000 250.000  10  30  865 1194
273 172.000 383.000  10  20 1013 1311
274  84.000 360.000  10  40  860 1436
275  28.000 246.000  10  20  560  947
276 319.000 160.000  10  26  560  903
277 230.000 241.000  10  10  462  913
278  32.000 352.000  10  30  748 1065
279 162.000  94.000  10  11  259  641
280 201.000 297.000   0  10  628  890
281 311.000 344.000  10  26  644  975
282 174.000 329.000  10  30 2706 3013
283 179.000 383.000  10  20  897  930
284  26.000 250.000  10  30  670 1039
285  84.000 363.000  10  20  656 1052
286   6.000  20.000  10  27 1075 1148
287 373.000 253.000  10  10  783 1152
288 184.000 233.000  10  19  136  157
289 177.000 300.000  10  30  713 1044
290  22.000 205.000  10  20  334 1091
291  87.000 164.000  10  11 2464 2951
292 131.000 275.000  10  30 2127 2224
293  85.000  67.000  10  10  928 1197
294 308.000 196.000  10  10  417  614
295  87.000 153.000  10  20  653  693
296 115.000  51.000  10  18 3370 3534
297 211.000 274.000  10  20  380  486
298 127.000  87.000  10  20  720  726
299 302.000 274.000  10  15 1059 1397
300  85.000 358.000  10  10 1144 1436
301 391.000  54.000  10  20 1180 1369
302  65.000 335.000  10   4 1184 1572
303 217.000 286.000  10  10  654  970
304  33.000 247.000  10  10 1019 1259
305  88.000 150.000  10  10  509  642
306 397.000  73.000  10  15  808 1068
307 393.000 297.000  10  20  700 1029
308 273.000 160.000  10  10  634  935
309 364.000  55.000  10  17 1328 1515
310  47.000 328.000  10  50  929  998
311 109.000 186.000  10  10  464  725
312 134.000  98.000  10  10  342  629
313 128.000  93.000  10  10  704 1239
314 386.000  57.000  10  10  971 1269
315  86.000 112.000  10  17 2738 3083
316  26.000 275.000  10  16 4393 4779
317 135.000 384.000  10  13  962 1109
318  52.000 301.000  10   7 3725 3792
319 186.000 304.000  10  10  524  762
320  96.000  69.000  10  10 1158 1303
321 177.000  77.000  10  13 3104 3407
322 246.000  47.000   0  18 4403 4684
323 350.000 207.000  10  16 1239 1904
324 279.000 247.000  10  12  206  530
325 153.000 315.000  10  16  234  759
326 199.000 290.000  10  10  284  437
327  21.000 204.000  10  30  697  818
328 362.000  28.000  10  10 1217 1442
329 353.000  65.000  10  24 1153 1414
330  75.000 368.000  10  10  951 1001
331 239.000 254.000  10  10  314  432
332 146.000 320.000  10  22 1882 2211
333 277.000 154.000  10  20  291  812
334 205.000 372.000  10   2 3533 3701
335 339.000   3.000  10   8 2994 3548
336 254.000   0.000  10   4 2524 2978
337 114.000 250.000  10  20  671 1229
338 318.000 219.000  10  20  687  980
339  48.000 358.000  10  32 3346 3779
340 317.000 183.000  10  29  459  609
341 183.000 303.000  10  20  392  787
342 370.000  98.000  10  20  897  938
343 207.000  87.000  10  20  531  560
344 325.000 311.000  10  15 2379 2642
345  75.000  76.000  10  23 1274 1477
346  27.000 251.000  10  10  803 1159
347 217.000 289.000  10  20  618  903
348 337.000 388.000  10  10 1228 1428
349 389.000  54.000  10  30 1122 1231
350 185.000 386.000  10  10  797 1163
351 234.000 212.000  10  10  253  397
352  53.000 330.000  10  30 1014 1044
353 237.000 247.000  10  30  393  571
354 369.000  19.000  10  10 1030 1291
355 346.000 385.000  10  10  903 1063
356 211.000 266.000  10  10  447  651
357 344.000 391.000  10  10  912 1277
358 242.000 105.000  10  20  458  902
359  55.000 324.000  10  10  661  866
360 114.000 252.000  10  10  277  609
361  29.000 355.000  10  10 1030 1076
362 313.000 194.000  10  10  371  864
363 272.000 154.000  10  20  377  500
364 117.000 187.000  10  30  281  489
365 182.000 379.000  10  20  712  994
366 298.000 138.000  10  20  400  626
367  28.000 356.000  10  30 1007 1189
368 130.000  70.000  10  30  935 1190
369 319.000 113.000  10  26 4722 4737
370 347.000 385.000  10  20  920 1135
371 344.000 283.000  10  20  853 1122
372 217.000  98.000  10  19  378  450
373 175.000 299.000  10  20  724 1132
374 270.000 151.000  10  20  222  462
375 398.000 258.000  10  12 2334 2570
376 183.000 294.000  10  20  116  649
377 237.000 243.000  10   9  181  272
378  21.000 255.000  10  29 2961 3244
379 113.000 184.000  10  10  491  897
380 370.000 104.000  10  10 1020 1144
381 189.000 306.000  10  40  616  779
382  26.000 326.000  10  21 2417 2766
383 271.000 154.000  10  10  213  575
384  86.000 357.000  10  10 1159 1512
385  66.000 254.000  10  20  592  725
386 268.000 160.000  10  20  743 1030
387 201.000 255.000  10  16   55  443
388 236.000 210.000  10  30   37  439
389 349.000 157.000  10  10  921  988
390 147.000 210.000  10  23  144  287
391 108.000 186.000  10  10  417  684
392 305.000 255.000  10  11 1170 1438
393 368.000 102.000  10  20  531 1107
394 146.000 174.000  10  23   77  403
395 319.000 217.000  10  10  722  847
396 128.000  94.000  10  10  831 1199
397  92.000  68.000  10  19 2856 3027
398 231.000 219.000  10  10  410  461
399 174.000 387.000  10  20  852 1356
400 107.000 247.000  10  20  787  879
401 291.000 308.000  10  30  650 1074
402  68.000 254.000  10  20  510  712
403  43.000 121.000  10  12 3816 4184
404 260.000 352.000  10  13 1413 1865
405 328.000 243.000  10  20  374  899
406 274.000   7.000  10 -20 1196 1559
407 352.000 383.000  10 -10 2987 3516
408 338.000 290.000  10 -24 2456 2865
409 272.000 161.000  10 -10  745  915
410 171.000 168.000  10 -14 5367 5578
411 244.000 285.000  10 -20 5179 5481
412 325.000 294.000  10 -10 4494 4792
413 393.000 312.000  10 -10 1249 1302
414 300.000 272.000  10 -13 2741 2923
415 391.000  42.000  10 -20 3878 3955
416  17.000 209.000  10 -10  896 1207
417  92.000 162.000  10 -20  961 1179
418 179.000 305.000  10 -10  592 1043
419  49.000 187.000  10 -10  788  863
420 206.000 286.000  10  -8 1915 2095
421 133.000  94.000  10 -15  550  633
422 229.000 371.000  10 -21 4034 4188
423 111.000 179.000  10 -18  675  918
424  68.000 261.000  10 -30  735 1149
425  32.000 229.000  10 -30 4197 4359
426   5.000 345.000  10 -14 4692 5113
427 102.000 377.000  10  -8 3982 4012
428 353.000 276.000  10 -10  694  847
429 204.000 292.000  10 -10  778  977
430 107.000  98.000  10 -15  498  686
431 341.000 394.000  10 -20 1183 1254
432   8.000 363.000  10 -20 3428 3727
433 267.000 161.000  10 -10  684 1179
434  68.000 250.000  10 -10 2035 2595
435 300.000 144.000  10 -20  883 1171
436 268.000 114.000  10 -10  642  881
437 226.000  52.000  10 -10 1907 2174
438 310.000 143.000  10 -30  591 1015
439 166.000 115.000  10 -11 4970 5139
440  67.000 258.000  10 -10  899 1089
441   2.000 200.000  10 -10 1219 1633
442  85.000 128.000  10 -14 5092 5331
443 186.000 145.000  10  -7 5892 6151
444 256.000 385.000  10 -10 2330 2556
445 246.000 298.000  10 -19 3713 4055
446 197.000 300.000  10 -20  492  907
447 142.000 379.000  10 -20 2932 3431
448 220.000 337.000  10 -30 1142 1474
449 116.000 252.000  10 -20  387  404
450 300.000  64.000  10 -20 4562 4815
451 393.000 307.000  10 -20  943 1277
452  18.000 100.000  10 -18  666 1078
453 308.000 178.000  10 -10 1448 1858
454 291.000 398.000  10 -10 2085 2284
455 327.000 241.000  10 -30  828  867
456 321.000 287.000  10 -20 2294 2551
457 177.000  55.000  10 -19 2919 3246
458  87.000 147.000  10 -10 3427 3688
459 312.000 200.000  10 -10  452  913
460 384.000  64.000  10 -10 4163 4483
461 206.000  81.000  10 -10  608  706
462 310.000 363.000  10 -21 4272 4321
463  41.000 340.000  10 -23 3400 3620
464 325.000 130.000  10 -10 4152 4275
465 291.000 301.000  10 -20  523  565
466 264.000 341.000  10 -10 4033 4412
467  46.000 378.000  10 -21 1258 1543
468 221.000 281.000  10 -10  136  534
469 285.000 107.000  10 -10 1816 2308
470 381.000 290.000  10 -10 1823 2050
471 385.000  55.000  10 -20  970 1090
472 204.000  87.000  10 -30  331  657
473 118.000 122.000  10 -17 3737 3986
474 289.000 306.000  10 -10  880  946
475 220.000 296.000  10 -20  585  687
476 366.000 340.000  10 -20 2813 3028
477 185.000 299.000  10 -30  439  449
478 157.000 220.000  10 -32 5324 5806
479  93.000  62.000  10 -20  697 1034
480 371.000 244.000  10 -10  559  853
481 266.000 234.000  10 -35 3644 3779
482 287.000 307.000  10 -20  949  974
483 237.000 108.000  10 -20  790  924
484 339.000 384.000  10 -10 1525 1637
485  26.000 247.000  10 -30  798  808
486  60.000 328.000  10 -10 1052 1473
487 371.000 111.000  10 -20  833 1281
488 255.000  80.000  10 -18 1884 2394
489 359.000  23.000  10 -20  799 1187
490 303.000 358.000  10 -12 1283 1566
491 135.000 161.000  10 -33 5252 5671
492 157.000 378.000  10 -25 3650 3800
493  31.000 353.000  10 -20  856 1048
494 159.000 164.000  10  -9 5263 5547
495 397.000 313.000  10 -21 1136 1302
496   6.000  62.000  10 -20 3483 3812
497 361.000 194.000  10 -18 1517 1841
498  68.000 378.000  10 -16 2567 3005
499 206.000 106.000  10 -12 1054 1370
500   5.000 344.000  10 -12 4885 5309
501  13.000 220.000  10 -30 4155 4486
502 399.000 179.000  10 -20 1704 1997
503 256.000 145.000  10 -18 4531 4740
504 196.000 107.000  10 -26 5245 5509
505 223.000 372.000  10 -30  963 1049
506 107.000 159.000  10 -22 4065 4308
507 128.000  68.000  10 -10  539 1262
508  93.000 149.000  10 -13  427  522
509 129.000  85.000  10 -25  610  733
510 143.000  20.000  10 -25 4628 5231
511 327.000 242.000  10 -30  627 1156
512 297.000 137.000  10 -18 1749 2036
513 146.000 324.000  10 -21 5551 5861
514 113.000 179.000  10 -30  819  869
515 326.000 374.000  10 -10 2334 2408
516 345.000 382.000  10 -30  771 1091
517 123.000 176.000  10 -30 4579 4898
518  72.000 315.000  10 -26 2633 2938
519 212.000 197.000  10  -8 3353 3596
520 393.000 305.000  10 -20  866 1087
521 372.000 256.000  10 -10  926 1210
522 363.000  30.000  10 -20 1319 1437
523 243.000 209.000  10 -16 5503 5649
524 208.000  20.000  10 -20 2240 2689
525 218.000 134.000  10  -5 4847 5471
526 195.000  91.000  10  -8  830  956
527 307.000 196.000  10 -20  241  702
528 195.000 148.000  10 -11 5113 5612
529 377.000 282.000  10 -30 1521 1705
530  40.000 336.000  10  -9 4876 4887
531 128.000  95.000  10 -17  938 1181
532  80.000 365.000  10 -20 1855 1860
533  26.000  70.000  10 -30 3650 3839
534 355.000  41.000  10 -15 3252 3580
535  77.000 319.000  10 -10 4775 5256
536 349.000 272.000  10  -6  395  929
537 105.000 360.000  10 -30 3011 3394
538 324.000 194.000  10 -11 4171 4477
539 400.000 109.000  10 -30 3364 3534
540 207.000 185.000  10 -20 4756 5127
541  70.000  81.000  10 -12 3415 3724
542 366.000 251.000  10 -10  891 1480
543  45.000  85.000  10  -5 3574 3868
544 384.000 248.000  10 -30  721 1174
545 110.000 188.000  10 -10  401  599
546 352.000 303.000  10 -10 4141 4556
547 344.000 236.000  10 -10 3292 3902
548 390.000 357.000  10 -15 4118 4333
549  79.000  95.000  10  -1 4815 5111
550 253.000 316.000  10 -21 1477 2007
551 126.000 208.000  10 -12 5532 5545
552 183.000  71.000  10 -10 3042 3195
553  68.000 386.000  10 -20 1123 1473
554  75.000 367.000  10  -8  931 1109
555  24.000  93.000  10 -20 1102 1393
556  21.000  96.000  10 -10  964 1204
557 192.000 332.000  10 -20 1726 1899
558  89.000 154.000  10 -10  741 1158
559 379.000 126.000  10  -8 3394 3658
560 169.000 352.000  10 -10  995 1116
561 280.000   5.000  10 -10 3904 4345
562 102.000  84.000  10 -17  583  861
563  39.000 384.000  10 -21  955 1252
564 180.000 375.000  10 -20  649  760
565 366.000  97.000  10  -3 2993 3304
566 375.000 294.000  10 -30 2334 2610
567 346.000 155.000  10 -20  949 1068
568 259.000   4.000  10 -25 2260 2706
569 353.000   3.000  10 -23  917 1247
570 338.000 106.000  10 -28 3784 3947
571 304.000 141.000  10 -10  762  974
572  68.000 143.000  10 -10 5072 5089
573 340.000 276.000  10 -10 3434 3628
574 202.000  85.000  10 -30  622  926
575 371.000 349.000  10 -10  853 1369
576 336.000 386.000  10 -40 2944 2992
577 321.000 209.000  10 -20  459  511
578  88.000 121.000  10 -10 2006 2657
579 184.000  69.000  10 -38 1923 2223
580 248.000 124.000  10 -10 2593 2842
581 156.000  32.000  10 -10 3016 3426
582 381.000 375.000  10 -22 4288 4404
583  50.000 385.000  10 -19 3343 3362
584 397.000 261.000  10 -10 2123 2675
585 329.000 241.000  10 -25  631  739
586 387.000 267.000  10  -9 3505 3750
587 350.000 131.000  10 -26 3236 3298
588 278.000 265.000  10 -30 2503 2805
589 243.000 104.000  10  -8  704  747
590 241.000 275.000  10  -5 2624 3064
591 196.000 293.000  10 -20  281  717
592 199.000  45.000  10 -10 3170 3267
593 392.000 307.000  10 -19  799 1333
594 188.000  67.000  10 -31 4176 4340
595  74.000 213.000  10 -30 1540 2057
596 293.000 310.000  10 -20  378 1135
597 137.000  64.000  10 -20  431  769
598 334.000  92.000  10 -10 1751 1918
599 202.000 158.000  10 -11 4625 4762
600 384.000 307.000  10 -10 1505 1653
601 228.000  96.000  10 -10 1290 1408
602  15.000 100.000  10 -14  852  997
603 335.000 202.000  10 -20 3185 3568
604  23.000  97.000  10 -10 1079 1612
605 114.000  88.000  10 -21 2555 2961
606 299.000 308.000  10 -12 2203 2422
607  26.000 199.000  10 -10 3205 3375
608 374.000 253.000  10 -20  743 1105
609 276.000 116.000  10 -35  417  490
610 200.000  83.000  10 -18  436 1009
611  70.000 231.000  10 -10 4388 4508
612  51.000 326.000  10 -30  717 1008
613  28.000 353.000  10 -30  918 1089
614  18.000 208.000  10  -9  905 1288
615 230.000 139.000  10 -13 5169 5333
616 194.000  65.000  10 -30 1409 1801
617 126.000  91.000  10 -10  588 1052
618 384.000  47.000  10 -27 4095 4756
619  59.000  51.000  10 -10  811  956
620 299.000 351.000  10 -20  536  908
621 321.000 144.000  10 -20 4265 4370
622  86.000 154.000  10 -16  741  969
623 348.000  41.000  10 -30 2592 2790
624 219.000 377.000  10 -20  833 1047
625 111.000 184.000  10 -20  523  770
626 115.000 257.000  10 -20  471  617
627   8.000 119.000  10 -13 3254 3574
628 131.000  67.000  10 -20  787  828
629 220.000  71.000  10 -10 2656 2874
630 287.000 279.000  10 -20 4769 4924
631 342.000 154.000  10 -30 1540 1780
632  15.000   4.000  10 -20 2625 3090
633  34.000 385.000  10 -30 1127 1201
634 309.000 274.000  10 -10 1334 1511
635 360.000  23.000  10 -30  992 1082
636 295.000 307.000  10 -27  396  912
637 264.000 112.000  10 -10  585  737
638 221.000 379.000  10 -20  774 1004
639 351.000 199.000  10 -20 3090 3367
640 134.000  63.000  10 -20  424  971
641 244.000 106.000  10 -13  473  706
642 273.000 182.000  10 -13 3369 3554
643 340.000 290.000  10 -20 1759 1968
644  91.000  70.000  10 -30  904 1354
645  24.000  96.000  10 -10 1189 1411
646 395.000 167.000  10  -1 3758 4202
647 264.000  69.000  10 -10 2635 2809
648  12.000 368.000  10 -20 2906 3385
649 183.000 375.000  10 -30  466 1047
650 383.000  53.000  10 -20  799 1159
651 285.000 184.000  10  -9 4094 4264
652 160.000 313.000  10  -8 3335 3656
653 308.000 314.000  10 -33 2488 2750
654 125.000  95.000  10 -10  596 1158
655  43.000 386.000  10 -20 1131 1351
656 301.000 139.000  10 -10  681 1164
657 108.000 395.000  10 -30 2297 2404
658  32.000 251.000  10 -20  989 1176
659 214.000 378.000  10 -10  586  842
660 285.000 136.000  10 -23 4287 4543
661  22.000 210.000  10 -30  959 1452
662 344.000 321.000  10 -30  966 1183
663 124.000 221.000  10 -10 3746 4399
664  67.000 318.000  10 -15  816 1270
665  41.000 382.000  10 -20 1046 1060
666 110.000 254.000  10 -10  450  764
667 308.000 204.000  10 -24  530 1047
668 367.000 104.000  10 -30  658  884
669 158.000 121.000  10 -30 4375 4587
670   2.000  17.000  10 -18 1070 1205
671  24.000  57.000  10 -10  732 1082
672  66.000 118.000  10 -10 2266 2370
673 315.000 237.000  10 -20 1966 2310
674  82.000  78.000  10 -16 4647 4958
675 297.000 240.000  10 -34  989 1212
676 238.000 101.000  10 -10  597  980
677  72.000 257.000  10 -30 1013 1183
678 209.000 283.000  10 -20 2399 2659
679 244.000  56.000  10 -40 2591 2824
680 142.000 385.000  10 -20 2021 2316
681 225.000  53.000  10 -26 4229 4550
682 286.000 308.000  10 -10  959 1056
683  36.000 288.000  10 -30 3753 4020
684  93.000  59.000  10 -11  725 1110
685 201.000 297.000  10 -10  628  890
686 348.000 279.000  10 -26  670 1098
687 175.000 192.000  10 -30 3543 3969
688 338.000 315.000  10 -20 3712 4026
689  45.000 291.000  10 -30  740 1088
690  57.000 381.000  10 -20  967  984
691 102.000 118.000  10 -27 4621 4849
692 379.000 254.000  10 -10 1084 1350
693  91.000 388.000  10 -19  775 1066
694 348.000 371.000  10 -30 2417 2919
695 119.000 286.000  10 -20 3281 3468
696 194.000  43.000  10 -11 2927 2989
697  37.000 397.000  10 -30 3179 3541
698  51.000 205.000  10 -10 4825 5022
699 355.000 156.000  10 -10  729  944
700  79.000 154.000  10 -20  691  799
701 140.000  40.000  10 -18 4102 4139
702 225.000 288.000  10 -20  387  588
703  73.000 126.000  10 -20 1616 1860
704 348.000 319.000  10 -15 1298 1471
705 193.000  29.000  10 -10 2967 3208
706 369.000 118.000  10 -20 4147 4388
707  60.000 319.000  10  -4  776 1385
708 220.000 288.000  10 -10  660  755
709 146.000 301.000  10 -10 1463 1482
710  89.000 152.000  10 -10  573  676
711 359.000  30.000  10 -15 1241 1627
712 342.000 384.000  10 -20 1444 1613
713 323.000 243.000  10 -10  774 1121
714 349.000 135.000  10 -17 2155 2347
715  18.000 294.000  10 -50 1970 2048
716 102.000 149.000  10 -10 1921 2256
717 133.000  68.000  10 -10  642  875
718 313.000  64.000  10 -10 1590 1748
719 377.000  29.000  10 -10 2961 3131
720  76.000  90.000  10 -17 2962 3132
721 184.000 235.000  10 -16 4406 4704
722 213.000 305.000  10 -13 1998 2042
723  84.000 221.000  10  -7 4362 4582
724 222.000 383.000  10 -10  684  980
725  26.000 260.000  10 -10 2447 2706
726 186.000  75.000  10 -13 3036 3321
727 246.000  47.000  10 -18 4403 4684
728 368.000 215.000  10 -16 2826 3106
729 376.000 254.000  10 -12  660 1089
730  55.000 341.000  10 -16 2593 2931
731 197.000 292.000  10 -10  235  588
732  21.000 201.000  10 -30  790  920
733 384.000  53.000  10 -10 3680 4037
734 327.000 115.000  10 -24 1071 1477
735 117.000 381.000  10 -10 2473 2627
736 397.000 362.000  10 -10  903 1220
737 163.000 364.000  10 -22 3118 3298
738 321.000 217.000  10 -20  533  854
739 247.000 377.000  10  -2 4698 5146
740 370.000  57.000  10  -8 4397 4671
741 231.000   6.000  10  -4 2786 2942
742 109.000 252.000  10 -20  559  754
743 349.000 181.000  10 -20 1002 1429
744 193.000 216.000  10 -32 4790 5177
745 320.000 216.000  10 -29  660  818
746 173.000 381.000  10 -20  989 1434
747 382.000  54.000  10 -20  730 1136
748 165.000 126.000  10 -20 4965 5094
749 267.000 295.000  10 -15 2643 3328
750  84.000 293.000  10 -23 2229 2339
751  32.000 357.000  10 -10 1098 1292
752 344.000 280.000  10 -20  942 1137
753 299.000 399.000  10 -10 3053 3255
754 338.000 150.000  10 -30 3030 3235
755 177.000 379.000  10 -10 1233 1305
756 349.000 275.000  10 -10  693  962
757  84.000 359.000  10 -30 1074 1310
758 397.000 283.000  10 -30 1656 1758
759 364.000  25.000  10 -10 1115 1350
760 393.000 246.000  10 -10 1933 2254
761 267.000 321.000  10 -10 2318 2868
762 237.000 259.000  10 -10 4356 5154
763 234.000  37.000  10 -20 2078 2140
764  42.000 384.000  10 -10 1136 1443
765 108.000 250.000  10 -10  733 1039
766  13.000 322.000  10 -10 1288 1773
767 334.000 100.000  10 -10 4347 4873
768 351.000 153.000  10 -20  774 1019
769  92.000 155.000  10 -30  910 1094
770 394.000 299.000  10 -20 3142 3329
771 247.000 212.000  10 -20  710  789
772  31.000 357.000  10 -30  930 1372
773 208.000  86.000  10 -30 3718 4064
774 243.000 140.000  10 -26 4815 5492
775 246.000 247.000  10 -20 2625 2926
776 343.000 359.000  10 -20 1799 1970
777 159.000  11.000  10 -19 4661 4967
778 251.000 381.000  10 -20 1006 1255
779 310.000 200.000  10 -20  555  905
780 246.000 244.000  10 -12 2723 2827
781  97.000 387.000  10 -20 2184 2425
782 293.000 306.000  10  -9  540  670
783  41.000 183.000  10 -29 4672 4866
784  56.000  97.000  10 -10 3725 3926
785 369.000 106.000  10 -10 1004 1259
786 306.000 361.000  10 -40 2802 2961
787  49.000 222.000  10 -21 4442 4698
788 388.000 106.000  10 -10  944 1285
789  52.000 194.000  10 -10 2201 2310
790  14.000 210.000  10 -20  682 1315
791 322.000 242.000  10 -20  763 1223
792 197.000 293.000  10 -16  352  558
793 385.000  56.000  10 -30 1023 1125
794 369.000 107.000  10 -10 1146 1204
795  96.000 209.000  10 -23  512  592
796 119.000 179.000  10 -10  864 1133
797 367.000 361.000  10 -11 1938 2079
798 369.000   6.000  10 -20 2143 2356
799  32.000  78.000  10 -23 2603 2706
800 357.000 202.000  10 -10 2052 2061
801 173.000  72.000  10 -10 1131 1184
802  59.000  89.000  10 -19 2949 3326
803 305.000 198.000  10 -10  258  582
804 228.000 341.000  10 -20 3767 4410
805   8.000 285.000  10 -20 1215 1492
806 243.000 275.000  10 -30 3533 3944
807  19.000 206.000  10 -20 1038 1254
808   3.000  15.000  10 -12 4424 4508
809 174.000 326.000  10 -13 3838 3920
810 393.000 301.000  10 -20  759 1081
811 200.000 200.000   0   0    0 6289
