401 401 1000 1000 1000
  0 200.000 200.000   0   0    0 6289
  1 245.000 106.000  10  20  365  726
  2 233.000 214.000  10  10  328  420
  3 384.000 248.000  10  35  765 1129
  4  89.000 152.000  10  20  459  790
  5 218.000 284.000  10  20  675 1047
  6 206.000 106.000  10  33  958 1466
  7 375.000 247.000  10  10  592  940
  8 113.000 179.000  10  10  693  996
  9 223.000 372.000  10  30  813 1199
 10  37.000 397.000  10  50 3025 3695
 11 116.000 181.000  10  20  892  997
 12  91.000 150.000  10  10  369  678
 13 176.000 154.000  10  15   51  468
 14 133.000  68.000  10  20  555  961
 15 151.000 188.000  10  18   50  363
 16  94.000  70.000  10  30 1019 1344
 17 267.000 321.000  10  26 2431 2754
 18 244.000 106.000  10  40  535  645
 19 338.000 290.000  10  12 2554 2767
 20 145.000 301.000  10   8  115  840
 21 348.000  41.000  10  16 2410 2971
 22  59.000  51.000  10  14  693 1075
 23 234.000 214.000  10  10  355  644
 24 108.000 395.000  10  12 2339 2362
 25 186.000 306.000  10  10  539  959
 26 125.000 122.000  10  15  293  716
 27  12.000 368.000  10  12 2978 3313
 28 348.000 279.000  10  10  714 1054
 29  26.000 247.000  10  10  741  864
 30  68.000 378.000  10  10 2602 2971
 31 294.000 136.000  10  10  113  799
 32  73.000 126.000  10  38 1528 1948
 33 234.000 203.000  10  10  459  994
 34 127.000  94.000  10  10  662 1189
 35 233.000 208.000  10  30   50  306
 36 102.000 252.000  10  10  527  921
 37 152.000 237.000  10  10  202  484
 38   2.000   3.000  10  14 3098 3375
 39 177.000  55.000  10  17 2941 3224
 40 193.000  29.000  10  16 2926 3250
 41 338.000 150.000  10  16 3001 3263
 42 182.000 378.000  10  10  789  830
 43 291.000 301.000  10  20  259  828
 44 119.000 179.000  10  10  854 1143
 45 150.000 236.000  10  20  163  426
 46 363.000  24.000  10  20  951 1229
 47 393.000 307.000  10  10  908 1312
 48 293.000 306.000  10  20  488  722
 49  18.000 102.000  10  18  788 1189
 50 196.000 293.000  10  20  349  650
 51 299.000 141.000  10  10  704 1245
 52 364.000  25.000  10  40 1067 1398
 53 342.000 385.000  10  10 1400 1569
 54 384.000 294.000   0  20 1998 2579
 55 110.000 254.000  10  20  286  928
 56 264.000 341.000  10   9 4026 4420
 57  23.000  98.000  10  10 1102 1678
 58 281.000 155.000  10  10  375  840
 59 352.000 162.000  10  10  563  770
 60 209.000  85.000  10  10  445  750
 61 369.000 107.000  10  20 1026 1325
 62 240.000 246.000  10  20   60  559
 63 380.000 339.000  10  10 2898 3154
 64 213.000 271.000  10  10  221  755
 65 251.000 381.000  10  17  877 1385
 66 300.000 132.000  10  10  371  955
 67 342.000 384.000  10  10 1239 1818
 68 204.000  87.000  10  30  311  676
 69  98.000 107.000  10  17 3770 3824
 70 400.000 109.000  10  20 3406 3493
 71 231.000 243.000  10  10  338  939
 72 230.000 290.000  10  20  369  730
 73 397.000 261.000  10  16 2283 2514
 74 222.000 283.000  10  20  266  501
 75  60.000 319.000  10  29  949 1212
 76 140.000  40.000  10  27 3907 4333
 77   8.000 119.000  10  11 3401 3428
 78  74.000 351.000  10  32 3719 4079
 79  95.000  64.000  10  20  568  977
 80 329.000 236.000  10  10  522  968
 81 248.000 286.000  10  35  225  643
 82 234.000 243.000  10  20  313  859
 83 244.000 109.000  10  20  177  810
 84 340.000 388.000  10  10 1195 1665
 85 161.000 233.000  10  30  373  680
 86  61.000 333.000  10  10 1072 1334
 87 372.000 104.000  10  20  856 1212
 88 220.000 238.000  10  12   42  339
 89 186.000 355.000  10  25  424  822
 90  48.000 326.000  10  20  802 1026
 91  13.000 220.000  10  15 4178 4463
 92  85.000  61.000  10  20  613  831
 93 201.000 195.000  10  12    5  260
 94  90.000 311.000  10  12 2631 2838
 95  92.000 255.000  10  30 1582 1930
 96 385.000  56.000  10  10  702 1446
 97  51.000 326.000  10  10  791  934
 98 169.000 352.000  10   7  845 1267
 99 230.000 139.000  10  14 4954 5548
100 339.000  69.000  10  26 3803 4043
101 370.000  57.000  10  10 4404 4663
102  35.000  79.000  10  22 1560 1940
103 128.000  68.000  10  10  721 1081
104 145.000 165.000  10  13   65  647
105  72.000 257.000  10  10  935 1260
106 323.000 243.000  10  20  668 1227
107  45.000  85.000  10  10 3526 3915
108 137.000  68.000  10  25  503  767
109  18.000 100.000  10  20  745 1000
110 201.000   6.000  10  25 2230 2571
111 297.000 135.000  10  30  293  918
112 113.000 183.000  10  30  565  912
113 243.000 244.000  10  30   61  613
114 243.000 140.000  10  15 4935 5372
115 393.000 312.000  10  30  961 1590
116  92.000 384.000  10  26 1419 1924
117 235.000 212.000  10  20   37  732
118 200.000  48.000  10  20  851 1028
119 234.000  73.000  10   8  521  840
120 364.000 213.000  10  11 2263 2483
121 371.000 253.000  10  30  838 1194
122  31.000 353.000  10  20  778 1125
123 209.000 167.000  10  17   46  227
124 388.000 106.000  10   9  910 1319
125 381.000  12.000  10  15 2198 2646
126 343.000 359.000  10  26 1642 2127
127 320.000 211.000  10   6  156  808
128 270.000 106.000  10  30  308  771
129 243.000 104.000  10  20  392 1059
130 214.000 378.000  10  20  462  967
131 298.000 137.000  10  10  475  638
132 371.000 111.000  10   3  951 1164
133 321.000 212.000  10  30  176  899
134 115.000 185.000  10  10  370  502
135 357.000 202.000  10   5 1958 2156
136 271.000 371.000  10  15 2923 3210
137 253.000 316.000  10  21 1505 1980
138 165.000 264.000  10  20   72  513
139  85.000 155.000  10  20  597 1023
140  20.000  91.000  10  10  905 1475
141  72.000 253.000  10  20  395  714
142 134.000  63.000  10  10  386 1010
143 349.000 275.000  10  10  736  918
144 182.000 300.000  10  10  308  685
145 138.000 143.000  10  17  260  515
146  57.000 381.000  10  22  756 1195
147 162.000 251.000  10  21   63  499
148 183.000 301.000  10  20  410  673
149 381.000 375.000  10  11 4175 4517
150  14.000 210.000  10  10  739 1259
151 290.000 311.000  10  30  644  975
152 200.000  83.000  10  10  460  985
153  18.000 294.000  10  45 1743 2275
154 156.000   4.000  10  25  792 1012
155 247.000 212.000  10  15  592  907
156  93.000 149.000  10  20  355  593
157 369.000 171.000  10  23  545  827
158 266.000 116.000  10  10  661  966
159 180.000 387.000  10  10  974 1107
160 129.000  85.000  10  20  516  827
161  45.000 291.000  10  18  743 1084
162 294.000 311.000  10  10  531  890
163 305.000 198.000  10  20  343  497
164 338.000 391.000  10  40 1172 1379
165 349.000 135.000  10  28 1952 2550
166 237.000 213.000  10  20  278  826
167  82.000 360.000  10  10  964 1235
168 102.000  84.000  10   3  427 1016
169 236.000  38.000  10  38 1584 1997
170 344.000 280.000  10  20  886 1194
171 149.000 234.000  10  10  203  288
172 320.000 373.000  10  22 2157 2374
173 109.000 252.000  10  30  570  743
174  19.000 206.000  10  20  949 1343
175 299.000 227.000  10  25  165  739
176 108.000 250.000  10  10  701 1070
177 262.000  30.000  10   8  638  810
178   3.000  15.000  10  20 4162 4771
179 210.000 271.000  10  20  231  422
180 387.000 267.000  10  11 3352 3904
181  83.000 357.000  10  10  990 1492
182 279.000 262.000  10  19  247  557
183 238.000 101.000  10  20  480 1097
184 219.000 377.000  10  20  908  972
185 129.000  67.000  10  30  544 1166
186 166.000 115.000  10  13 4993 5117
187 238.000 250.000  10  20  346  512
188 115.000 257.000  10  10  443  644
189 389.000 307.000  10  10 1261 1420
190 237.000 109.000  10  10  712 1090
191 117.000 148.000  10  14  309  474
192 180.000 375.000  10  10  470  939
193 276.000 157.000  10  20  371  626
194  17.000  96.000  10  10 1001 1055
195  46.000 197.000  10  21 1575 1932
196 206.000  81.000  10  20  341  973
197 265.000 127.000  10  35   97  858
198 196.000 138.000  10  18  199  500
199 204.000 292.000  10  10  802  952
200  70.000 264.000  10  30  645 1130
201 152.000 240.000  10  30  177  614
202   0.000 155.000  10   9  638 1003
203 317.000  68.000  10  13 4562 4839
204 289.000 306.000  10  10  720 1106
205 353.000 276.000  10  10  597  945
206 183.000  71.000  10  14 2899 3338
207 312.000 200.000  10  30  321 1044
208  49.000 222.000  10  11 4316 4823
209 297.000 137.000  10  18 1696 2088
210 242.000 113.000  10  10  304  566
211 341.000  33.000  10  27 1086 1267
212  55.000 341.000  10  14 2686 2837
213  99.000  67.000  10  10  639  786
214 236.000 243.000  10  20  487  589
215 229.000 209.000  10  20   30  421
216  93.000  59.000  10  20  797 1039
217 143.000 159.000  10  16  161  401
218 196.000 295.000  10  20  412  769
219 122.000 183.000  10  20  110  528
220 158.000 239.000  10  20  178  740
221 392.000 307.000  10  20 1018 1114
222 221.000 281.000  10  20  127  543
223 376.000 251.000  10  20  577 1068
224 386.000  60.000  10  30 1327 1519
225 102.000  67.000  10  20  377  945
226 371.000 244.000  10  20  577  836
227 236.000 204.000  10  10  473  883
228 220.000 381.000  10  20  668  895
229 369.000 211.000  10  20 1738 2083
230  67.000 318.000  10  15  787 1299
231 232.000 127.000  10  13   79  567
232  96.000 209.000  10  28  344  760
233 294.000 118.000  10  13  363  634
234 280.000 224.000  10  20  696 1238
235 334.000 186.000  10   1  579  787
236 210.000 268.000  10  30   68  503
237 310.000 196.000  10  20  425  701
238 194.000  65.000  10  16 1451 1759
239 366.000 251.000  10  20  977 1393
240 124.000  69.000  10  10  767 1148
241 349.000 272.000  10  20  436  887
242  87.000 365.000  10  20  727  872
243 240.000 210.000  10  10  458  759
244  40.000 380.000  10  30  816 1191
245  20.000 204.000  10  20  770  833
246 301.000 139.000  10  30  785 1060
247 195.000 294.000  10  10  350  739
248 377.000 144.000  10  23 1637 2221
249  34.000 242.000  10  30  514  856
250 324.000 217.000  10  30  458  825
251 348.000 371.000  10  23 2622 2714
252 114.000 254.000  10  10  221  762
253 244.000 176.000  10  24   50  561
254 346.000 163.000  10  30  339  866
255  53.000  51.000  10  18  653 1343
256 177.000 174.000  10  10   37  240
257 114.000 178.000  10  10  563 1217
258 273.000 118.000  10  34  259  705
259 244.000 114.000  10  10  163  610
260  29.000 250.000  10  30  620 1439
261 230.000 241.000  10  10  491  883
262  32.000 352.000  10  30  558 1255
263  32.000 357.000  10  20  953 1437
264 162.000  94.000  10  11  333  568
265 185.000 299.000  10  10  312  576
266 110.000 188.000  10  10  337  662
267  34.000 385.000  10  20  963 1365
268 311.000 344.000  10  26  736  883
269 174.000 329.000  10  30 2815 2904
270 119.000 286.000  10  18 3095 3653
271 179.000 383.000  10  20  653 1174
272  26.000 250.000  10  30  679 1030
273  84.000 363.000  10  20  694 1015
274   6.000  20.000  10  27  991 1233
275 184.000 233.000  10  19   36  527
276 177.000 300.000  10  30  704 1054
277  88.000 121.000  10  15 2154 2509
278  87.000 164.000  10  11 2592 2823
279 315.000 237.000  10  33 1983 2293
280  85.000  67.000  10  10  926 1198
281 197.000 300.000  10  10  571  828
282 308.000 196.000  10  10  350  681
283  87.000 153.000  10  20  527  819
284  21.000 201.000  10  20  776  933
285 137.000  64.000  10  30  445  755
286 361.000 194.000  10  12 1433 1926
287 211.000 274.000  10  20   98  768
288 307.000 196.000  10  20  177  766
289 127.000  87.000  10  20  385 1060
290 302.000 274.000  10  15  866 1591
291 383.000  53.000  10  10  795 1162
292  15.000 100.000  10  10  919  930
293 111.000 179.000  10  10  627  965
294 308.000 204.000  10  30  615  962
295 385.000  55.000  10  20  716 1344
296  88.000 150.000  10  10  536  614
297 131.000  67.000  10  30  659  956
298 299.000 351.000  10  14  551  893
299 393.000 297.000  10  20  648 1080
300 350.000 131.000  10  12 2975 3560
301  47.000 328.000  10  50  862 1064
302 109.000 186.000  10  10  336  853
303 143.000  20.000  10  15 4747 5113
304 134.000  98.000  10  10  233  738
305  42.000 384.000  10  10 1049 1529
306  50.000 385.000  10  31 3207 3498
307  52.000 301.000  10   7 3592 3925
308 375.000 294.000  10   2 2276 2668
309 220.000 288.000  10  20  529  886
310 186.000 304.000  10  10  466  820
311 369.000 106.000  10  10  975 1288
312  96.000  69.000  10  10 1011 1450
313 177.000  77.000  10  13 3198 3312
314 279.000 247.000  10  12  219  516
315 399.000 179.000   0  26 1763 1938
316 297.000 240.000  10  37  644 1556
317 199.000 290.000  10  10  118  602
318  21.000 204.000  10  30  600  915
319 362.000  28.000  10  10 1319 1339
320  24.000  57.000  10  18  703 1112
321 393.000 305.000  10  20  815 1137
322 277.000 154.000  10  20  221  882
323 304.000 141.000  10  10  694 1042
324 321.000 209.000  10  30  305  665
325 114.000 250.000  10  20  737 1162
326 318.000 219.000  10  20  521 1147
327 209.000 283.000  10  24 2366 2692
328 339.000 384.000  10  20 1394 1768
329 377.000  29.000  10  22 2543 3550
330 317.000 183.000  10  29  281  786
331 183.000 303.000  10  20  361  819
332 197.000 292.000  10  20  243  579
333 207.000  87.000  10  20  514  578
334 295.000 307.000  10  20  633  676
335  27.000 251.000  10  10  696 1265
336 217.000 289.000  10  20  479 1041
337 133.000  94.000  10  10  343  841
338  91.000 388.000  10   2  859  982
339 389.000  54.000  10  30 1055 1298
340 185.000 386.000  10  10  710 1250
341 234.000 212.000  10  10   94  556
342 237.000 247.000  10  30  366  597
343 369.000  19.000  10  10  881 1440
344 346.000 385.000  10  10  855 1112
345 397.000 313.000  10  20  939 1498
346 211.000 266.000  10  10  323  775
347 242.000 105.000  10  20  542  817
348 114.000 252.000  10  10  212  675
349 345.000 382.000  10  20  743 1119
350 313.000 194.000  10  10  533  703
351 272.000 154.000  10  20  118  759
352 117.000 187.000  10  30  123  647
353 182.000 379.000  10  20  820  887
354 111.000 184.000  10  10  439  853
355 344.000 283.000  10  20  929 1046
356 217.000  98.000  10  19  273  554
357 270.000 151.000  10  20  212  471
358 344.000 321.000  10   2  907 1242
359 266.000 234.000  10   7 3625 3798
360  49.000 187.000  10  20  579 1072
361  92.000 155.000  10  20  788 1217
362 226.000  52.000  10  17 1837 2245
363 183.000 294.000  10  20  206  558
364 237.000 243.000  10   9   56  406
365 184.000  69.000  10   1 1934 2212
366  21.000 255.000  10  29 2948 3257
367 272.000 161.000  10  20  648 1012
368 371.000 349.000  10   8 1016 1206
369 220.000 296.000  10  20  632  639
370 184.000 235.000  10  24 4318 4792
371 113.000 184.000  10  10  579  810
372 382.000  54.000  10  40  753 1114
373 379.000 126.000  10   8 3317 3734
374 327.000 241.000  10  20  756  938
375  26.000 326.000  10  21 2327 2855
376 367.000 104.000  10  20  449 1092
377 271.000 154.000  10  10  178  610
378  67.000 258.000  10  20  687 1302
379  86.000 357.000  10  10 1135 1536
380 107.000  98.000  10  21  529  655
381 374.000 253.000  10  20  666 1182
382  60.000 328.000  10  10  957 1568
383 268.000 160.000  10  20  650 1123
384 201.000 255.000  10  16   55  854
385 397.000 362.000  10  15  787 1336
386 236.000 210.000  10  30   37  530
387 349.000 157.000  10  10  864 1045
388 147.000 210.000  10  23  167  265
389  26.000 199.000  10  26 3022 3558
390 368.000 102.000  10  20  654  985
391 146.000 174.000  10  23   59  476
392 231.000 219.000  10  10  275  596
393 309.000 274.000  10  23 1266 1578
394 107.000 247.000  10  20  740  925
395 291.000 308.000  10  30  712 1011
396  13.000 322.000  10  19 1359 1702
397  68.000 254.000  10  20  429  793
398 142.000 379.000  10  11 2938 3425
399 329.000 241.000  10  20  481  890
400 260.000 352.000  10  13 1387 1891
401 328.000 243.000  10  20  357  915
402 142.000 385.000  10 -20 1945 2393
403 319.000 160.000  10 -10  388 1075
404 395.000 340.000  10 -35  879 1041
405 115.000  51.000  10 -20 3277 3628
406 217.000 286.000  10 -20  567 1058
407 254.000   0.000  10 -33 2687 2814
408 393.000 301.000  10 -10  700 1140
409 159.000 164.000  10 -10 5114 5696
410 173.000 381.000  10 -30 1034 1388
411  48.000 358.000  10 -50 3475 3650
412  84.000 359.000  10 -20 1032 1351
413  22.000 205.000  10 -10  540  885
414 358.000  23.000  10 -15  773 1126
415 360.000  23.000  10 -20  786 1288
416 114.000  88.000  10 -18 2621 2895
417 208.000  20.000  10 -30 2389 2539
418 338.000 315.000  10 -26 3466 4271
419 195.000  91.000  10 -40  782 1005
420 243.000 209.000  10 -12 5356 5797
421  25.000 256.000  10  -8  780 1058
422 256.000 145.000  10 -16 4593 4678
423  21.000  96.000  10 -14  813 1355
424 268.000 223.000  10 -10  100  475
425  85.000 128.000  10 -12 4998 5424
426 183.000 375.000  10 -10  625  888
427 131.000  95.000  10 -15  379  707
428  77.000 319.000  10 -12 4965 5067
429 350.000 207.000  10 -10 1444 1698
430   2.000 200.000  10 -10 1180 1671
431  51.000 205.000  10 -10 4744 5104
432 276.000 116.000  10 -10  340  566
433  87.000 147.000  10 -38 3329 3787
434 361.000 287.000  10 -10  778 1386
435 274.000   7.000  10 -10 1119 1637
436 348.000 280.000  10 -30  565 1290
437   8.000 363.000  10 -10 3423 3732
438  63.000 262.000  10 -10  565  990
439 159.000  11.000  10 -14 4782 4845
440 214.000 119.000  10 -17 3962 4274
441 194.000  43.000  10 -16 2793 3124
442 366.000  97.000  10 -16 2936 3360
443 177.000 379.000  10 -10 1175 1363
444 326.000 374.000  10 -20 2079 2662
445  85.000 358.000  10 -10 1229 1351
446  66.000 254.000  10 -20  365  952
447 244.000  56.000  10 -20 2472 2943
448 336.000 387.000  10 -10 1271 1476
449 256.000 385.000  10 -20 2423 2463
450  82.000  78.000  10 -18 4624 4982
451  32.000 251.000  10 -20  949 1216
452 396.000 106.000  10 -10 1015 1267
453 364.000  27.000  10 -40  966 1594
454 278.000 265.000  10 -10 2387 2922
455 384.000 294.000  10 -20 1998 2579
456  75.000 367.000  10 -20  819 1222
457 228.000 341.000  10  -9 3849 4329
458 196.000 107.000  10 -10 5200 5554
459 320.000 216.000  10 -10  446 1031
460 313.000  64.000  10 -10 1637 1701
461 203.000  88.000  10 -10  261  636
462 384.000  47.000  10 -20 4304 4547
463 395.000 310.000  10 -20 1003 1325
464 237.000 259.000  10 -10 4568 4941
465  62.000 258.000  10 -10  488  955
466 247.000 377.000  10 -17 4869 4974
467 267.000 112.000  10 -10  639  787
468 321.000 287.000  10 -10 2090 2756
469 173.000  72.000  10 -30  999 1316
470 126.000 208.000  10 -17 5410 5667
471 369.000 118.000  10 -20 4057 4479
472 222.000 284.000  10 -10  193  662
473 131.000 275.000  10 -20 1965 2385
474 352.000 383.000  10 -16 2896 3607
475 175.000 299.000  10 -20  889  967
476  34.000 355.000  10 -29 1047 1445
477 188.000  67.000  10 -27 4082 4433
478  43.000 121.000  10 -11 3826 4174
479 102.000 118.000  10 -32 4482 4988
480  14.000 100.000  10 -20  755 1182
481 241.000 275.000  10 -10 2790 2898
482 397.000 283.000  10 -35 1440 1974
483 225.000 288.000  10 -20  388  588
484 243.000 106.000  10 -20  547  721
485 340.000 290.000  10 -10 1849 1878
486 157.000 378.000  10 -30 3453 3997
487  65.000 335.000  10 -10 1184 1572
488 370.000 104.000  10 -20  738 1427
489 239.000 254.000  10 -12  275  470
490 135.000 384.000  10 -25  762 1309
491  68.000 261.000  10 -20  739 1144
492 171.000 168.000  10 -15 5232 5713
493  14.000  53.000  10 -20 3147 3410
494 117.000 381.000  10 -12 2376 2724
495  26.000 275.000  10 -12 4191 4981
496 210.000   1.000  10 -30 3894 4223
497 396.000  59.000  10 -10 1212 1474
498  53.000 330.000  10 -10  811 1246
499 146.000 324.000  10  -7 5536 5876
500 207.000 185.000  10 -14 4743 5140
501 384.000  53.000  10 -26 3618 4099
502 300.000  64.000  10 -10 4556 4820
503   6.000  62.000  10 -22 3352 3943
504 126.000  91.000  10 -10  625 1015
505  92.000 162.000  10 -13  876 1265
506 158.000 121.000  10 -10 4461 4502
507 376.000 254.000  10 -20  777  972
508 123.000 176.000  10 -10 4637 4841
509 127.000  90.000  10 -25  562  988
510  23.000  97.000  10 -20 1166 1526
511 156.000  32.000  10 -25 2940 3502
512 263.000 110.000  10 -30  473  752
513 102.000 149.000  10 -30 1878 2299
514 285.000 184.000  10 -30 3948 4411
515 218.000 134.000  10 -15 4926 5392
516 299.000 399.000  10 -30 2914 3394
517  68.000 143.000  10 -26 4849 5312
518 335.000 202.000  10 -20 3052 3701
519 234.000  37.000  10 -20 1926 2292
520  82.000  65.000  10  -8  927 1088
521 368.000 215.000  10 -11 2724 3208
522 325.000  45.000  10 -30 2393 2439
523 325.000 294.000  10 -20 4582 4703
524  97.000 387.000  10 -17 2086 2523
525 327.000 115.000  10  -9 1201 1346
526 285.000 136.000  10 -15 4369 4462
527 340.000 276.000  10 -26 3401 3661
528 374.000 104.000  10  -6  738 1234
529 328.000 239.000  10 -30  510 1087
530 200.000  89.000  10 -20  660 1004
531 213.000 332.000  10 -20 2722 3139
532 246.000 298.000  10 -10 3821 3948
533 369.000 100.000  10  -3  595 1141
534 300.000 144.000  10 -30  893 1160
535  73.000 292.000  10 -10  601  923
536 338.000 106.000  10  -5 3733 3998
537 306.000 361.000  10 -15 2725 3037
538 163.000 364.000  10 -21 3092 3325
539 189.000 306.000  10 -20  435  960
540  86.000 154.000  10 -20  693 1017
541  39.000  34.000  10 -10  806 1251
542   5.000 345.000  10 -20 4707 5098
543 353.000   3.000  10 -10  829 1336
544 379.000 254.000  10 -10  911 1523
545 221.000 379.000  10 -10  781  997
546  32.000  78.000  10 -17 2529 2779
547  23.000 317.000  10 -22 1852 1898
548 184.000 282.000  10 -21  158  510
549 140.000 387.000  10 -20  581 1086
550 287.000 279.000  10 -11 4608 5085
551  84.000 293.000  10 -10 2035 2534
552 377.000 282.000  10 -30 1424 1802
553 231.000   6.000  10 -10 2701 3027
554  68.000 250.000  10 -45 2177 2453
555 126.000  70.000  10 -25  805 1207
556 350.000 271.000  10 -15  529  887
557  66.000 118.000  10 -20 2094 2543
558 357.000 160.000  10 -23  421 1136
559 246.000 247.000  10 -10 2755 2796
560 172.000 383.000  10 -10  991 1333
561 359.000  23.000  10 -20  765 1222
562  70.000 256.000  10 -18  878 1220
563 310.000 340.000  10 -10  616  889
564 393.000 246.000  10 -20 1804 2383
565 341.000 394.000  10 -40 1028 1410
566 355.000  41.000  10 -28 3394 3438
567 324.000 216.000  10 -20  451  744
568  80.000 365.000  10 -10 1690 2025
569  75.000  76.000  10  -3 1165 1586
570 248.000 124.000  10 -38 2599 2836
571 342.000 154.000  10 -20 1556 1763
572 116.000 252.000  10 -10  195  596
573 343.000 322.000  10 -22 3200 3412
574  79.000 344.000  10 -30  799 1054
575  14.000 201.000  10 -20  810 1036
576 321.000 217.000  10 -25  495  892
577 105.000 250.000  10 -10  600  957
578 228.000  96.000  10  -8 1127 1571
579  19.000  61.000  10 -20 4489 4851
580 153.000 315.000  10 -20  305  688
581 324.000 194.000  10 -11 4049 4598
582  74.000  87.000  10 -10 5280 5678
583 347.000 395.000  10 -19 1038 1271
584 135.000 161.000  10 -20 5391 5532
585 220.000 337.000  10 -20 1128 1488
586 128.000  93.000  10 -30  847 1096
587 186.000 145.000  10 -13 5966 6076
588  52.000 334.000  10 -20  947 1306
589  55.000 324.000  10 -10  748  779
590 381.000 290.000  10 -10 1809 2065
591  84.000 360.000  10 -10  880 1415
592  97.000 105.000  10 -14 3693 3975
593 192.000 332.000  10 -10 1646 1980
594 278.000 159.000  10 -20  485  851
595  24.000  96.000  10 -10 1021 1579
596 208.000  86.000  10 -21 3794 3987
597 259.000   4.000  10 -20 2424 2542
598 267.000 161.000  10 -35  785 1078
599  91.000  70.000  10 -18 1062 1197
600  28.000 356.000  10 -10  986 1210
601  26.000 260.000  10 -30 2453 2701
602 157.000 220.000  10 -30 5380 5750
603  87.000 155.000  10  -9  789 1013
604 334.000 100.000  10 -13 4375 4845
605 305.000 255.000  10 -10 1096 1512
606 286.000  44.000  10 -10 2001 2646
607 180.000  15.000  10 -14 3220 3899
608 334.000  92.000  10 -30 1581 2087
609  79.000  95.000  10 -11 4738 5188
610 255.000  80.000  10 -18 1820 2458
611 105.000 360.000  10 -10 3017 3388
612 359.000  30.000  10 -27 1187 1681
613  70.000 231.000  10 -14 4408 4488
614  95.000  63.000  10 -10  532 1102
615 291.000 398.000  10 -20 2012 2357
616 372.000 256.000  10 -20 1001 1135
617 128.000  95.000  10 -20  876 1243
618 118.000 122.000  10 -16 3491 4232
619  18.000 208.000  10 -20  868 1326
620 178.000 103.000  10 -20 2404 2656
621  75.000 368.000  10 -20  748 1204
622 389.000 306.000  10 -20  995 1775
623 220.000 283.000  10 -20  712 1109
624 393.000 306.000  10 -20  893 1148
625 364.000  55.000  10 -30 1181 1661
626  21.000 104.000  10 -20  760  864
627 299.000 308.000  10 -20 2220 2406
628 285.000 107.000  10 -10 1804 2320
629 213.000 305.000  10 -20 1790 2249
630 384.000  64.000  10 -20 4192 4455
631 206.000 286.000  10 -15 1795 2216
632 237.000 108.000  10 -13  672 1041
633  52.000 194.000  10 -28 2151 2359
634 294.000 249.000  10 -13 1815 2073
635 373.000 253.000  10 -20  712 1223
636 355.000 156.000  10  -1  393 1279
637 208.000 274.000  10 -30  140  622
638 310.000 200.000  10 -20  568  893
639 202.000 158.000  10 -16 4482 4904
640 339.000   3.000  10 -20 3083 3458
641 130.000  70.000  10 -10  858 1266
642 294.000  13.000  10 -20 2308 2507
643  28.000 353.000  10 -20  641 1366
644 308.000 178.000  10 -10 1420 1887
645  68.000 386.000  10 -30 1216 1380
646  79.000 154.000  10 -20  543  948
647 345.000 158.000  10 -30 1033 1089
648  17.000 209.000  10 -10  909 1193
649 381.000 144.000  10 -23 1612 2425
650   8.000 285.000  10 -30 1162 1545
651 346.000 155.000  10 -30  840 1177
652 336.000 386.000  10 -23 2798 3139
653  41.000 382.000  10 -10  809 1296
654 277.000 163.000  10 -24  611  837
655 353.000 164.000  10 -30  454  978
656  22.000  96.000  10 -18  970 1287
657  24.000  93.000  10 -10 1067 1428
658  84.000 221.000  10 -10 4336 4608
659 264.000 112.000  10 -34  371  951
660  72.000 315.000  10 -10 2700 2872
661  28.000 246.000  10 -30  567  941
662 293.000 310.000  10 -10  548  964
663  29.000 355.000  10 -30  898 1208
664 146.000 320.000  10 -20 1679 2415
665 134.000  62.000  10 -11  531  777
666  68.000 263.000  10 -10  507 1169
667  74.000 213.000  10 -10 1571 2026
668  39.000 384.000  10 -20 1042 1165
669 367.000 361.000  10 -26 1685 2331
670 174.000 326.000  10 -30 3711 4048
671  36.000 288.000  10 -18 3629 4144
672 174.000 375.000  10 -20 1063 1595
673  33.000 247.000  10 -30  936 1342
674  46.000 378.000  10 -20 1163 1637
675  13.000  59.000  10 -27 2261 2334
676  46.000 380.000  10 -19 1252 1452
677 146.000 301.000  10 -30 1357 1587
678  86.000 112.000  10 -15 2595 3226
679 126.000  90.000  10 -11 3326 3718
680 244.000 285.000  10 -33 5167 5493
681 199.000  45.000  10 -10 3054 3383
682 390.000 357.000  10 -10 3967 4483
683 389.000 171.000  10 -10 1442 2290
684  92.000  68.000  10 -20 2783 3100
685 175.000 192.000  10 -20 3554 3957
686 264.000  69.000  10 -30 2461 2982
687 351.000 199.000  10 -12 2912 3544
688 111.000 286.000  10 -20  452  732
689 397.000  73.000  10 -20  460 1415
690 125.000  95.000  10 -20  768  986
691 287.000 307.000  10 -15  649 1275
692 386.000  57.000  10 -10  926 1313
693   9.000  47.000  10 -10 3078 3865
694 102.000 377.000  10 -10 3927 4067
695 246.000 244.000  10 -30 2552 2997
696 390.000  52.000  10 -20 1110 1342
697 124.000 221.000  10 -10 3800 4345
698 212.000 197.000  10 -30 3375 3574
699 356.000 223.000  10 -14 3741 4122
700 344.000 391.000  10 -20  890 1299
701 391.000  42.000  10 -12 3768 4064
702 280.000   5.000  10 -50 4118 4130
703 225.000  53.000  10 -10 4243 4535
704 195.000 148.000  10 -15 5355 5370
705  52.000  94.000  10 -10 4540 4714
706  43.000 386.000  10 -10 1088 1393
707   5.000 344.000  10 -31 5008 5186
708  40.000 336.000  10  -7 4655 5108
709 349.000 324.000  10  -2 1863 2563
710 201.000 297.000  10 -20  601  917
711 174.000 387.000  10 -10 1018 1190
712 374.000 175.000  10 -10 1237 1634
713 196.000  51.000  10 -10 1908 2450
714 186.000  75.000  10 -13 2963 3394
715 267.000 295.000  10 -12 2861 3110
716 399.000 179.000  10 -26 1763 1938
717 322.000 242.000  10 -37  770 1217
718 107.000 159.000  10 -10 3981 4393
719  76.000  90.000  10 -30 2855 3238
720 273.000 182.000  10 -10 3155 3769
721   2.000  17.000  10 -18 1006 1269
722 362.000 383.000  10 -20  787 1379
723 273.000 160.000  10 -20  609  960
724 310.000 143.000  10 -10  617  989
725 302.000 136.000  10 -30  688  754
726  41.000 183.000  10 -20 4669 4868
727 319.000 217.000  10 -20  504 1066
728 366.000 340.000  10 -24 2605 3237
729 308.000 314.000  10 -20 2432 2806
730 325.000 130.000  10 -22 3961 4465
731 319.000 113.000  10 -29 4536 4922
732  22.000 210.000  10 -20  981 1430
733 197.000 293.000  10 -20  353  558
734 128.000  94.000  10 -20  840 1191
735 330.000 313.000  10 -20  490  887
736  26.000  70.000  10 -10 3595 3895
737 206.000 296.000  10 -20  596 1043
738  93.000  62.000  10 -10  661 1070
739  31.000 357.000  10  -2  934 1369
740 391.000  54.000  10 -30  978 1571
741 205.000 372.000  10 -10 3456 3778
742 349.000 181.000  10 -10 1028 1404
743 279.000 337.000  10 -30 2443 2502
744 363.000  30.000  10 -10 1182 1575
745 348.000 343.000  10 -10 1144 1694
746 303.000 358.000  10 -20 1201 1649
747 179.000 305.000  10 -10  495 1139
748  41.000 337.000  10 -20 2529 2943
749  82.000 365.000  10 -10  774 1037
750 348.000 319.000  10 -20 1135 1635
751 351.000 153.000  10 -10  602 1191
752 268.000 114.000  10 -20  532  992
753 108.000 186.000  10 -30  307  794
754 222.000 383.000  10 -20  510 1155
755  48.000 304.000  10 -10  779 1178
756 321.000 144.000  10 -20 4152 4482
757 202.000  85.000  10 -19  551  997
758 298.000 138.000  10 -20  397  629
759 344.000 236.000  10  -2 3371 3823
760 262.000 233.000  10  -7 4212 4784
761  59.000  89.000  10 -20 2919 3356
762  70.000  81.000  10 -20 3363 3776
763 220.000  71.000  10 -17 2739 2791
764 166.000 357.000  10 -20 4630 5196
765 198.000 295.000  10  -9  213 1064
766 154.000  68.000  10  -1 2737 3294
767  56.000  97.000  10 -29 3631 4020
768 286.000 308.000  10 -20  782 1234
769 394.000 299.000  10  -8 3132 3339
770 352.000 303.000  10 -20 4189 4508
771 193.000 216.000  10 -24 4778 5189
772 246.000  47.000  10 -10 4223 4864
773 353.000  65.000  10 -40 1102 1464
774 395.000 167.000  10  -8 3879 4081
775 331.000 251.000  10 -20  312  813
776  41.000 340.000  10 -21 3126 3894
777 310.000 363.000  10 -20 4150 4444
778 327.000 242.000  10 -10  646 1136
779 165.000 126.000  10 -20 4917 5141
780  32.000 229.000  10 -10 4119 4437
781  15.000   4.000  10 -21 2691 3024
782 369.000   6.000  10 -20 2017 2482
783  31.000 360.000  10 -10 1049 1290
784 302.000 203.000  10 -20  679 1025
785 215.000 260.000  10 -16   99  396
786 325.000 311.000  10 -15 2222 2799
787 367.000 255.000  10 -30 1041 1216
788 398.000 258.000  10 -10 2263 2640
789  52.000 331.000  10 -23  825 1323
790  17.000  99.000  10 -26 4008 4163
791 370.000  98.000  10 -20  648 1187
792  89.000 154.000  10 -23  691 1209
793 347.000 385.000  10 -10  872 1182
794 243.000 275.000  10 -23 3520 3957
795  53.000 326.000  10 -20  687  941
796 384.000 307.000  10 -30 1335 1823
797  11.000 328.000  10 -19 2910 3348
798  41.000 378.000  10 -20  765 1144
799 160.000 313.000  10 -11 3282 3708
800 337.000 388.000  10 -20 1004 1653
801 229.000 371.000  10 -13 3973 4249
802 300.000 272.000  10 -20 2799 2864
803 200.000 200.000   0   0    0 6289
