405 405 1000 1000 1000
  0 200.000 200.000   0   0    0 6289
  1 244.000  56.000  10  14 2648 2768
  2 245.000 106.000  10  20  486  606
  3 233.000 214.000  10  10  314  434
  4 395.000 340.000  10  24  900 1020
  5  89.000 152.000  10  20  564  684
  6 375.000 247.000  10  10  706  826
  7 113.000 179.000  10  10  784  904
  8 348.000 280.000  10  10  868  988
  9 223.000 372.000  10  30    0 6106
 10  37.000 397.000  10  50    0 6024
 11  41.000 382.000  10  20    0 6038
 12 325.000 130.000  10  19 4153 4273
 13 116.000 181.000  10  20  884 1004
 14 346.000 155.000  10  20  949 1069
 15 222.000 284.000  10  10  368  488
 16  91.000 150.000  10  10  463  583
 17 140.000 387.000  10   8    0 6083
 18 176.000 154.000  10  15  148  268
 19 352.000 383.000  10  16 3191 3311
 20 133.000  68.000  10  20  698  818
 21 105.000 250.000  10  30  719  839
 22  94.000  70.000  10  30 1121 1241
 23 287.000 307.000  10  10  902 1022
 24 267.000 321.000  10  26 2533 2653
 25 244.000 106.000  10  40    0 6176
 26 338.000 290.000  10  12    0 6115
 27 196.000 107.000  10  18 5317 5437
 28 125.000 122.000  10  15  444  564
 29 348.000 279.000  10  10  824  944
 30 393.000 306.000  10  20  960 1080
 31 268.000 114.000  10  30    0 6170
 32  62.000 258.000  10  20  661  781
 33  68.000 378.000  10  10 2726 2846
 34  68.000 263.000  10  10  778  898
 35 302.000 136.000  10  20    0 6159
 36 234.000 203.000  10  10  667  787
 37 233.000 208.000  10  30  118  238
 38 102.000 252.000  10  10  664  784
 39 152.000 237.000  10  10  283  403
 40  92.000 162.000  10  20 1010 1130
 41 193.000  29.000  10  16    0 6108
 42 338.000 150.000  10  16 3072 3192
 43  68.000 143.000  10  16 5021 5141
 44 180.000  15.000  10   7    0 6093
 45 182.000 378.000  10  10    0 6101
 46  43.000 386.000  10  10 1181 1301
 47 291.000 301.000  10  20  484  604
 48 116.000 252.000  10  20  335  455
 49 198.000 295.000  10  20  579  699
 50 119.000 179.000  10  10  939 1059
 51 150.000 236.000  10  20  234  354
 52 363.000  24.000  10  20 1030 1150
 53 293.000 306.000  10  20  545  665
 54 196.000 293.000  10  20    0 6186
 55 342.000 385.000  10  10 1425 1545
 56 384.000 294.000  10  20    0 6073
 57 381.000 290.000  10  36 1877 1997
 58 110.000 254.000  10  20  547  667
 59 278.000 265.000  10  23 2594 2714
 60  23.000  97.000  10  20    0 6075
 61 209.000  85.000  10  10  537  657
 62  15.000   4.000  10  18 2798 2918
 63 343.000 322.000  10  21    0 6092
 64 369.000 107.000  10  20 1115 1235
 65  31.000 360.000  10  23 1109 1229
 66 263.000 110.000  10  10  552  672
 67 111.000 286.000  10  21  532  652
 68 213.000 271.000  10  10  428  548
 69 390.000  52.000  10  10 1166 1286
 70 300.000 132.000  10  10  603  723
 71 197.000 293.000  10  30  395  515
 72 231.000 243.000  10  10    0 6226
 73 222.000 283.000   0  20  324  444
 74  60.000 319.000  10  29 1021 1141
 75  79.000 154.000  10  10  685  805
 76   8.000 119.000  10  11 3354 3474
 77 208.000 274.000  10  30  321  441
 78  74.000 351.000  10  32    0 6083
 79 248.000 286.000  10  35  374  494
 80 234.000 243.000  10  20  526  646
 81 244.000 109.000  10  20  433  553
 82 161.000 233.000  10  30    0 6228
 83 125.000  95.000  10  10  817  937
 84 381.000 144.000  10  18 1958 2078
 85 363.000  30.000  10  10    0 6044
 86 220.000 238.000  10  12  112  232
 87 391.000  42.000  10  44    0 6032
 88  48.000 326.000  10  20  854  974
 89  74.000  87.000  10   9 5419 5539
 90 264.000  69.000  10  15    0 6134
 91 128.000  95.000  10  10  999 1119
 92  13.000 220.000  10  15    0 6091
 93  85.000  61.000  10  20    0 6099
 94  79.000 344.000  10  16  867  987
 95 201.000 195.000  10  12    5  125
 96  90.000 311.000  10  12 2674 2794
 97 385.000  56.000  10  10 1014 1134
 98 396.000  59.000  10  20 1283 1403
 99 169.000 352.000  10   7    0 6124
100 206.000 296.000  10  30  759  879
101 142.000 385.000  10  16 2109 2229
102  17.000 209.000  10  20  991 1111
103 128.000  68.000  10  10  841  961
104  72.000 257.000  10  10    0 6139
105 323.000 243.000  10  20  888 1008
106 137.000  68.000  10  25    0 6133
107 310.000 143.000  10  20    0 6156
108  18.000 100.000  10  20  812  932
109 297.000 135.000  10  30  546  666
110 113.000 183.000  10  30  678  798
111 347.000 395.000  10  10 1094 1214
112 243.000 244.000  10  30  186  306
113  14.000 100.000  10  30  908 1028
114 393.000 312.000  10  30 1215 1335
115 195.000  91.000  10  20    0 6170
116 235.000 212.000  10  20  221  341
117 214.000 119.000  10   5    0 6197
118 157.000 378.000  10  22 3665 3785
119 268.000 223.000  10  20    0 6208
120 355.000 156.000  10  20  776  896
121 248.000 124.000  10  19 2657 2777
122 364.000 213.000  10  11 2313 2433
123  31.000 353.000  10  20  892 1012
124 209.000 167.000  10  17   77  197
125  53.000 326.000  10  20    0 6086
126 388.000 106.000  10   9 1054 1174
127 221.000 379.000  10  30  829  949
128 192.000 332.000  10  31 1753 1873
129 343.000 359.000  10  26    0 6066
130 320.000 211.000  10   6  422  542
131 338.000 106.000   0   8    0 6113
132 267.000 161.000  10  10  872  992
133 124.000 221.000  10  27    0 6201
134 310.000 340.000  10  11    0 6101
135 270.000 106.000  10  30  480  600
136 287.000 279.000   0   4 4786 4906
137 154.000  68.000  10  20 2955 3075
138  14.000  53.000  10  12 3219 3339
139 298.000 137.000  10  10  497  617
140 171.000 168.000  10  14    0 6236
141 321.000 212.000  10  30  477  597
142 374.000 104.000  10  10    0 6081
143 271.000 371.000  10  15 3007 3127
144  17.000  99.000  10   1 4026 4146
145 126.000  70.000  10  10  946 1066
146 165.000 264.000  10  20  232  352
147  73.000 292.000   0   8  702  822
148 174.000 326.000  10   8 3819 3939
149 360.000  23.000  10  20    0 6041
150  72.000 253.000  10  20  494  614
151  87.000 155.000  10  10  841  961
152 134.000  63.000  10  10  638  758
153 182.000 300.000  10  10  436  556
154 328.000 239.000  10  10  738  858
155 138.000 143.000  10  17  328  448
156  57.000 381.000  10  22    0 6049
157 162.000 251.000  10  21  194  314
158 183.000 301.000  10  20    0 6177
159 389.000 171.000  10   3 1806 1926
160  14.000 210.000  10  10    0 6093
161 200.000  83.000   0  10    0 6162
162 156.000   4.000  10  25  842  962
163 369.000 171.000  10  23    0 6108
164 246.000 247.000  10  21    0 6214
165 356.000 223.000  10  28 3872 3992
166  51.000 205.000  10  26 4864 4984
167 203.000  88.000  10  30  388  508
168 173.000  72.000  10  39 1097 1217
169 305.000 198.000  10  20  360  480
170 349.000 135.000  10  28 2191 2311
171 237.000 213.000  10  20  492  612
172  82.000 360.000  10  10 1040 1160
173 102.000  84.000  10   3  662  782
174 300.000 144.000  10  10  967 1087
175 236.000  38.000  10  38 1731 1851
176 344.000 280.000  10  20    0 6115
177 184.000 282.000  10  19  274  394
178 395.000 310.000  10  10 1104 1224
179 299.000 227.000  10  25  392  512
180 159.000 164.000  10  13    0 6225
181 215.000 260.000  10   9  187  307
182 208.000  20.000  10  10 2404 2524
183 294.000  13.000  10  26 2347 2467
184 334.000  92.000  10  29 1774 1894
185   3.000  15.000  10  20 4406 4526
186 210.000 271.000  10  20  267  387
187 387.000 267.000  10  11    0 6081
188  83.000 357.000  10  10    0 6084
189 267.000 295.000  10  20 2925 3045
190 279.000 262.000  10  19  342  462
191 126.000  90.000  10  31 3462 3582
192 129.000  67.000  10  30  795  915
193 238.000 250.000  10  20  369  489
194 131.000  95.000  10  20  483  603
195 115.000 257.000  10  10  484  604
196 243.000 106.000  10  10  574  694
197 389.000 307.000  10  10 1281 1401
198 180.000 375.000  10  10  645  765
199 206.000  81.000  10  20  597  717
200 348.000 343.000  10  12 1359 1479
201  95.000  63.000  10  10  757  877
202 324.000 216.000  10  20  537  657
203 265.000 127.000  10  35  331  451
204 196.000 138.000  10  18  290  410
205  26.000 260.000  10  16 2517 2637
206  23.000 317.000  10  10 1815 1935
207 204.000 292.000  10  10  817  937
208 321.000 287.000  10  12 2363 2483
209  56.000  97.000  10  19 3766 3886
210  70.000 264.000  10  30  827  947
211 152.000 240.000  10  30    0 6217
212   0.000 155.000  10   9  760  880
213  75.000 367.000  10  10  960 1080
214 353.000 276.000  10  10  711  831
215 312.000 200.000  10  30  622  742
216 297.000 137.000  10  18    0 6164
217 242.000 113.000  10  10  375  495
218  99.000  67.000  10  10  653  773
219 229.000 209.000  10  20   61  181
220  93.000  59.000  10  20  858  978
221 196.000 295.000  10  20    0 6184
222  28.000 353.000  10  20  944 1064
223 158.000 239.000  10  20  399  519
224  13.000  59.000  10  13 2237 2357
225 127.000  90.000  10  20  715  835
226 221.000 281.000  10  20    0 6196
227 376.000 251.000  10  20  763  883
228 293.000 310.000  10  30  696  816
229 386.000  60.000  10  30 1363 1483
230 366.000  97.000  10  23 3088 3208
231 220.000 283.000  10  10    0 6194
232  79.000  95.000   0  22 4903 5023
233 369.000 100.000  10  30  808  928
234 371.000 244.000  10  20  646  766
235 330.000 313.000  10  27  629  749
236 220.000 381.000  10  20  721  841
237 134.000  62.000  10  20  594  714
238  67.000 318.000  10  15    0 6102
239 232.000 127.000  10  13  259  379
240  96.000 209.000  10  28  492  612
241 308.000 178.000  10   4    0 6169
242 294.000 118.000  10  13    0 6155
243 280.000 224.000  10  20    0 6196
244 241.000 275.000   0  18 2784 2904
245  82.000  65.000  10  30    0 6100
246  22.000  96.000   0  10 1068 1188
247 334.000 186.000  10   1  623  743
248 310.000 200.000  10  30  670  790
249  52.000 331.000  10  10 1014 1134
250 210.000 268.000  10  30    0 6211
251 310.000 196.000  10  20  503  623
252 194.000  65.000  10  16 1545 1665
253 285.000 184.000  10   9    0 6193
254 225.000 288.000  10  20  428  548
255 124.000  69.000  10  10  897 1017
256 349.000 272.000  10  20    0 6114
257 240.000 210.000  10  10  549  669
258 276.000 116.000  10  50  393  513
259  20.000 204.000  10  20  742  862
260 195.000 294.000  10  10  485  605
261 324.000 217.000  10  30  581  701
262 348.000 371.000  10  23 2608 2728
263  41.000 378.000  10  20  895 1015
264 264.000 112.000  10  20  601  721
265 244.000 176.000  10  24    0 6229
266 349.000 181.000  10   1 1156 1276
267  53.000  51.000  10  18  938 1058
268 177.000 174.000  10  10   79  199
269 367.000 255.000  10  20 1069 1189
270 273.000 118.000  10  34  422  542
271  84.000 359.000  10  20 1132 1252
272 172.000 383.000  10  20 1102 1222
273 107.000 159.000  10  33    0 6178
274 230.000 241.000  10  10  627  747
275  32.000 352.000  10  30  846  966
276 110.000 188.000  10  10  440  560
277  34.000 385.000  10  20 1104 1224
278 201.000 297.000  10  10    0 6182
279  26.000 250.000  10  30  795  915
280  84.000 363.000  10  20  794  914
281  22.000 205.000  10  20    0 6101
282 306.000 361.000  10   4 2821 2941
283  87.000 164.000  10  11 2647 2767
284 123.000 176.000   0   6 4679 4799
285 315.000 237.000  10  33 2078 2198
286  85.000  67.000  10  10 1002 1122
287 197.000 300.000  10  10  639  759
288 308.000 196.000  10  10  455  575
289  87.000 153.000  10  20  613  733
290 137.000  64.000  10  30    0 6130
291 361.000 194.000  10  12 1619 1739
292  24.000  96.000  10  10    0 6075
293   2.000 200.000  10  35 1366 1486
294 211.000 274.000  10  20  373  493
295 307.000 196.000  10  20  411  531
296  15.000 100.000  10  10    0 6069
297 111.000 179.000  10  10  736  856
298  65.000 335.000  10   4 1318 1438
299  46.000 378.000  10  10 1340 1460
300 397.000  73.000  10  15  878  998
301  72.000 315.000  10  11 2726 2846
302 117.000 381.000  10  18 2490 2610
303  31.000 357.000  10  20    0 6049
304 393.000 297.000  10  20  804  924
305 273.000 160.000  10  10  724  844
306 364.000  55.000  10  17 1361 1481
307  47.000 328.000  10  50  903 1023
308 143.000  20.000  10  15 4870 4990
309 134.000  98.000  10  10  426  546
310 255.000  80.000  10  11 2079 2199
311  50.000 385.000  10  31 3292 3412
312 386.000  57.000  10  10 1060 1180
313  86.000 112.000  10  17 2850 2970
314  68.000 261.000  10  20  882 1002
315  36.000 288.000  10   1    0 6093
316 375.000 294.000  10   2 2412 2532
317 186.000 304.000  10  10  583  703
318 177.000  77.000  10  13 3195 3315
319 320.000 216.000  10  20    0 6158
320 153.000 315.000  10  16  437  557
321  68.000 386.000  10  16 1238 1358
322 399.000 179.000  10  26 1790 1910
323 199.000 290.000  10  10  300  420
324 362.000  28.000  10  10    0 6043
325  75.000 368.000  10  10  916 1036
326 393.000 305.000  10  20  916 1036
327 146.000 320.000  10  22 1987 2107
328 277.000 154.000  10  20  491  611
329 304.000 141.000  10  10  808  928
330 254.000   0.000  10   4 2691 2811
331 321.000 209.000  10  30    0 6158
332 114.000 250.000  10  20    0 6180
333 318.000 219.000  10  20    0 6160
334 339.000 384.000  10  20 1521 1641
335 351.000 153.000  10  30  836  956
336 317.000 183.000  10  29  474  594
337 183.000 303.000  10  20  530  650
338 197.000 292.000  10  20  351  471
339 370.000  98.000  10  20  857  977
340 207.000  87.000  10  20  486  606
341 295.000 307.000  10  20  594  714
342 228.000  96.000  10  37 1289 1409
343 368.000 215.000  10  15    0 6111
344  27.000 251.000  10  10  921 1041
345 337.000 388.000  10  10 1268 1388
346 133.000  94.000  10  10  532  652
347 185.000 386.000  10  10  920 1040
348  53.000 330.000  10  30  969 1089
349 237.000 247.000  10  30    0 6220
350 369.000  19.000  10  10 1101 1221
351 346.000 385.000  10  10  923 1043
352 211.000 266.000  10  10  489  609
353 344.000 391.000  10  10    0 6040
354  55.000 324.000  10  10  703  823
355 114.000 252.000  10  10  383  503
356 285.000 136.000  10  11    0 6173
357 272.000 154.000  10  20  378  498
358 379.000 254.000  10   3 1157 1277
359 117.000 187.000  10  30  325  445
360 157.000 220.000   0  20 5505 5625
361 182.000 379.000  10  20  793  913
362 111.000 184.000  10  10  586  706
363 319.000 113.000  10  26 4669 4789
364 347.000 385.000  10  20  967 1087
365 217.000  98.000  10  19  354  474
366 175.000 299.000  10  20  868  988
367 270.000 151.000  10  20    0 6194
368 266.000 234.000  10   7 3652 3772
369  49.000 187.000  10  20  765  885
370  92.000 155.000  10  20  942 1062
371 226.000  52.000  10  17 1981 2101
372 183.000 294.000  10  20    0 6184
373 237.000 243.000  10   9    0 6223
374 222.000 383.000  10  30    0 6095
375 220.000 296.000  10  20  576  696
376 113.000 184.000  10  10  634  754
377 370.000 104.000  10  10 1022 1142
378 379.000 126.000  10   8    0 6086
379 189.000 306.000  10  40  637  757
380 367.000 104.000  10  20    0 6087
381 271.000 154.000  10  10  334  454
382  67.000 258.000  10  20  934 1054
383  86.000 357.000  10  10 1275 1395
384 107.000  98.000  10  21  532  652
385 374.000 253.000  10  20  864  984
386 228.000 341.000  10  13 4029 4149
387 268.000 160.000  10  20  826  946
388 201.000 255.000  10  16    0 6224
389 236.000 210.000  10  30  172  292
390 349.000 157.000  10  10  894 1014
391 327.000 115.000  10  15 1214 1334
392 147.000 210.000  10  23  156  276
393 195.000 148.000  10  19    0 6227
394 108.000 186.000  10  10  491  611
395  26.000 199.000  10  26 3230 3350
396 368.000 102.000  10  20  759  879
397 146.000 174.000  10  23  180  300
398 319.000 217.000  10  10  725  845
399  82.000  78.000  10  20    0 6110
400  92.000  68.000  10  19 2881 3001
401 231.000 219.000  10  10  376  496
402 336.000 386.000  10  21 2908 3028
403 329.000 241.000  10  20  625  745
404 260.000 352.000  10  13 1579 1699
405 328.000 243.000  10  20  576  696
406 220.000  71.000  10 -14 2705 2825
407 267.000 112.000  10 -20  653  773
408 234.000 214.000  10 -10    0 6243
409 362.000 383.000  10 -24    0 6035
410  21.000 201.000  10 -20  795  915
411 393.000 307.000  10 -10    0 6059
412  89.000 154.000  10 -10  890 1010
413 366.000 251.000  10 -10 1125 1245
414 291.000 398.000  10 -30 2124 2244
415  40.000 336.000  10 -50 4821 4941
416  92.000 384.000  10 -20 1612 1732
417 384.000  64.000  10 -19 4263 4383
418 102.000 149.000  10 -20 2028 2148
419 297.000 240.000  10 -20    0 6175
420 174.000 387.000  10 -10    0 6091
421 115.000 185.000  10 -10    0 6193
422 184.000 233.000  10  -8    0 6243
423 131.000  67.000  10 -15    0 6130
424 340.000 276.000  10 -16 3471 3591
425 128.000  94.000  10 -20  955 1075
426  84.000 293.000  10 -30 2224 2344
427  32.000  78.000  10 -30 2594 2714
428 206.000 286.000  10 -10 1945 2065
429 246.000 298.000  10 -26 3824 3944
430 243.000 104.000  10 -40  665  785
431 310.000 363.000  10 -12 4237 4357
432 202.000 158.000  10 -18    0 6237
433  18.000 102.000  10 -15    0 6073
434 372.000 256.000  10 -10 1008 1128
435 324.000 194.000  10 -20 4264 4384
436 342.000 154.000  10 -30    0 6130
437  45.000 291.000  10 -20  854  974
438   8.000 363.000  10 -10 3517 3637
439  29.000 250.000  10 -10  970 1090
440 381.000  12.000  10 -20 2362 2482
441 289.000 306.000  10 -10  853  973
442 392.000 307.000  10 -30 1006 1126
443 264.000 341.000  10 -10 4163 4283
444  51.000 326.000  10 -10  802  922
445 158.000 121.000  10 -20 4421 4541
446 210.000   1.000  10 -16    0 6080
447 369.000 118.000  10 -16 4208 4328
448 145.000 165.000  10 -16    0 6214
449 188.000  67.000  10  -7    0 6146
450 105.000 360.000  10 -10 3142 3262
451   5.000 344.000  10 -10 5037 5157
452 311.000 344.000  10 -20  749  869
453  25.000 256.000  10 -20    0 6096
454 220.000 288.000  10 -20  648  768
455  73.000 126.000  10 -10    0 6133
456  52.000 334.000  10 -20    0 6080
457 339.000   3.000  10 -20 3211 3331
458 294.000 311.000  10 -20  651  771
459  32.000 251.000  10 -20 1022 1142
460 366.000 340.000  10 -10 2861 2981
461 394.000 299.000  10 -20    0 6062
462 299.000 308.000  10 -36    0 6133
463  68.000 250.000  10 -20 2255 2375
464 246.000 244.000  10 -23 2715 2835
465 117.000 148.000  10 -20    0 6182
466 231.000   6.000  10 -10 2804 2924
467   2.000   3.000  10 -18    0 6000
468 338.000 315.000  10 -21 3809 3929
469 350.000 131.000  10 -20    0 6114
470  46.000 380.000  10 -23 1292 1412
471 242.000 105.000  10 -10  620  740
472  77.000 319.000  10 -21    0 6108
473 177.000 300.000  10 -10  819  939
474 377.000  29.000  10 -10 2986 3106
475 391.000  54.000  10 -10    0 6039
476 185.000 299.000  10 -30  384  504
477 286.000 308.000  10 -10  948 1068
478 222.000 283.000  10 -20  324  444
479  18.000 294.000  10 -29    0 6075
480  21.000 204.000  10 -10  698  818
481   2.000  17.000  10 -11    0 6010
482 214.000 378.000  10 -30  654  774
483  13.000 322.000  10 -32    0 6056
484 279.000 337.000  10 -35    0 6121
485 393.000 246.000  10 -20 2034 2154
486 400.000 109.000  10 -20 3389 3509
487  63.000 262.000  10 -30    0 6129
488 127.000  87.000  10 -10    0 6145
489 377.000 144.000  10 -18 1869 1989
490 353.000   3.000  10 -10 1022 1142
491 239.000 254.000  10 -12  313  433
492 273.000 182.000  10 -44 3402 3522
493  28.000 246.000  10 -20    0 6101
494 118.000 122.000  10  -9    0 6166
495 299.000 141.000  10 -15    0 6164
496 140.000  40.000  10 -10 4060 4180
497  17.000  96.000  10 -15  968 1088
498  39.000  34.000  10 -20  969 1089
499  21.000 255.000  10 -16 3042 3162
500 244.000 114.000  10 -12  326  446
501 244.000 285.000  10 -12 5270 5390
502 348.000  41.000  10 -10    0 6062
503 389.000  54.000  10 -20    0 6041
504 163.000 364.000  10  -7 3148 3268
505  88.000 150.000  10 -30    0 6157
506 146.000 324.000  10 -16 5646 5766
507  18.000 208.000  10 -20 1037 1157
508 206.000 106.000  10 -10 1152 1272
509 119.000 286.000  10 -10 3314 3434
510 397.000 283.000  10 -20 1647 1767
511 127.000  94.000  10 -25    0 6151
512 346.000 163.000  10 -20    0 6129
513  21.000  96.000  10 -20 1024 1144
514 358.000  23.000  10 -30  889 1009
515 114.000 178.000  10 -30  830  950
516 367.000 361.000  10 -10 1948 2068
517 341.000 394.000  10 -30 1159 1279
518   6.000  62.000  10 -30 3588 3708
519 349.000 324.000  10 -30 2153 2273
520 200.000  48.000  10 -20    0 6127
521 253.000 316.000  10 -20 1682 1802
522 159.000  11.000  10  -5    0 6086
523 220.000 337.000  10 -22    0 6141
524 344.000 236.000  10 -20 3537 3657
525 334.000 100.000  10 -20    0 6112
526 317.000  68.000  10 -19 4641 4761
527 397.000 261.000  10 -11 2339 2459
528  29.000 355.000  10 -20  993 1113
529 285.000 107.000  10 -17 2002 2122
530  41.000 183.000  10 -20 4709 4829
531 369.000 211.000  10  -9 1851 1971
532 219.000 377.000  10 -30  880 1000
533 213.000 305.000  10 -31 1960 2080
534 381.000 375.000  10 -26 4286 4406
535 331.000 251.000  10  -6  502  622
536 338.000 106.000  10  -8    0 6113
537 369.000 106.000  10 -10 1071 1191
538  34.000 242.000  10 -27  625  745
539 303.000 358.000  10 -11    0 6091
540 237.000 109.000  10 -30  841  961
541 287.000 279.000  10  -4 4786 4906
542 202.000  85.000  10 -20    0 6164
543  43.000 121.000  10 -12 3940 4060
544 212.000 197.000  10 -10 3415 3535
545  91.000  70.000  10 -14 1069 1189
546 300.000 272.000  10 -30 2772 2892
547 274.000   7.000  10 -10    0 6073
548 237.000 259.000  10 -15 4695 4815
549   9.000  47.000  10  -1    0 6035
550 201.000   6.000  10 -10 2341 2461
551  39.000 384.000  10 -20 1044 1164
552  73.000 292.000  10  -8  702  822
553 213.000 332.000  10  -8    0 6147
554 369.000   6.000  10 -20 2190 2310
555  48.000 304.000  10 -20  919 1039
556  66.000 118.000  10 -10 2258 2378
557 128.000  93.000  10 -10  911 1031
558 179.000 383.000  10 -10    0 6095
559 371.000 253.000  10 -10    0 6100
560 102.000  67.000  10 -17  601  721
561  55.000 341.000  10 -22 2702 2822
562  40.000 380.000  10 -21  944 1064
563  87.000 365.000  10 -20    0 6080
564 339.000  69.000  10  -3 3863 3983
565  24.000  93.000  10 -10 1188 1308
566 200.000  83.000  10 -10    0 6162
567 156.000  32.000  10 -25    0 6106
568 374.000 175.000  10 -23 1376 1496
569 349.000 275.000  10 -21  767  887
570 207.000 185.000  10 -28 4881 5001
571 126.000 208.000  10 -26 5478 5598
572 130.000  70.000  10 -30 1002 1122
573 234.000  37.000  10 -39 2049 2169
574 350.000 207.000  10 -20 1511 1631
575 325.000  45.000  10 -28 2356 2476
576 236.000 204.000  10 -20  618  738
577  26.000 275.000  10 -10 4526 4646
578  95.000  64.000  10  -3  713  833
579 371.000 111.000  10 -10  997 1117
580 177.000  55.000  10 -38    0 6133
581 325.000 294.000  10 -20 4583 4703
582  33.000 247.000  10 -19 1079 1199
583 329.000 236.000  10 -10    0 6146
584 376.000 254.000  10 -25  815  935
585  93.000  62.000  10 -13  806  926
586 230.000 290.000  10  -9  489  609
587 194.000  43.000  10 -10 2898 3018
588 280.000   5.000  10 -26 4064 4184
589 384.000  47.000  10 -29 4365 4485
590  52.000  94.000  10 -20 4567 4687
591 102.000 377.000  10 -20 3937 4057
592 377.000 282.000  10 -11    0 6084
593  60.000 328.000  10 -10 1203 1323
594 184.000 235.000  10 -20 4495 4615
595 348.000 319.000  10 -19 1325 1445
596 165.000 126.000  10 -31 4969 5089
597 166.000 115.000  10 -30 4995 5115
598 251.000 381.000  10 -20 1071 1191
599 129.000  85.000  10 -20  611  731
600  68.000 254.000  10 -10  551  671
601 237.000 108.000  10 -10  797  917
602 340.000 290.000  10 -10 1804 1924
603 177.000 379.000  10 -10 1209 1329
604 262.000  30.000  10 -20  664  784
605 380.000 339.000  10 -12 2966 3086
606  70.000  81.000  10 -10    0 6103
607 327.000 241.000  10 -20  787  907
608 319.000 160.000  10 -35  671  791
609 234.000  73.000  10 -18  620  740
610  70.000 231.000  10 -16 4388 4508
611  26.000 326.000  10 -10 2531 2651
612 107.000 247.000  10 -10    0 6175
613 272.000 161.000  10 -12    0 6198
614 135.000 161.000  10 -19 5402 5522
615 160.000 313.000  10 -30 3435 3555
616 114.000 254.000  10 -30  431  551
617  20.000  91.000  10  -9    0 6069
618 174.000 329.000  10 -10 2800 2920
619 397.000 362.000  10 -10    0 6024
620 361.000 287.000  10 -30 1022 1142
621 301.000 139.000  10 -18  863  983
622 384.000  53.000  10 -10    0 6044
623  45.000  85.000  10 -10    0 6086
624 373.000 253.000  10 -20  908 1028
625  59.000  51.000  10 -20  824  944
626  91.000 388.000  10 -20  860  980
627  41.000 340.000  10 -20    0 6068
628   8.000 285.000  10 -20 1293 1413
629  85.000 128.000  10 -13 5151 5271
630 178.000 103.000  10 -20 2470 2590
631 243.000 275.000  10 -20 3678 3798
632 351.000 199.000  10 -20 3168 3288
633 256.000 385.000  10 -30 2383 2503
634 277.000 163.000  10 -30    0 6194
635 243.000 140.000  10 -23 5094 5214
636 218.000 284.000  10 -10  801  921
637  79.000  95.000  10 -22 4903 5023
638 383.000  53.000  10 -30  919 1039
639 335.000 202.000  10 -20 3317 3437
640 344.000 283.000  10 -27    0 6113
641 135.000 384.000  10 -20  976 1096
642 114.000  88.000  10 -20 2698 2818
643  52.000 301.000  10 -15 3699 3819
644 276.000 157.000  10 -13    0 6192
645  21.000 104.000  10 -28  752  872
646 256.000 145.000  10  -4 4575 4695
647 278.000 159.000  10 -13    0 6191
648 309.000 274.000  10 -20    0 6148
649 241.000 275.000  10 -18 2784 2904
650 143.000 159.000  10 -30    0 6209
651  22.000  96.000  10 -10 1068 1188
652 352.000 162.000  10  -1  607  727
653 308.000 204.000  10 -30  728  848
654  26.000 247.000  10 -10    0 6099
655 108.000 395.000  10 -30    0 6064
656 357.000 160.000  10 -20  718  838
657 196.000  51.000  10 -16    0 6130
658 313.000 194.000  10  -9    0 6166
659  52.000 194.000  10 -20 2195 2315
660 259.000   4.000  10 -10 2423 2543
661 350.000 271.000  10 -20  648  768
662 234.000 212.000  10 -10    0 6243
663 359.000  30.000  10 -50 1374 1494
664 151.000 188.000  10 -20    0 6229
665  66.000 254.000  10 -10    0 6135
666 321.000 217.000  10 -30  633  753
667 326.000 374.000  10 -23    0 6065
668  85.000 358.000  10 -20 1230 1350
669 238.000 101.000  10 -20  729  849
670 302.000 274.000  10 -24 1168 1288
671 305.000 255.000  10  -1 1244 1364
672  75.000  76.000  10 -18 1315 1435
673 102.000 118.000  10 -10    0 6152
674 291.000 308.000  10 -20    0 6138
675 298.000 138.000  10 -34  453  573
676  32.000 229.000  10 -20 4218 4338
677  97.000 387.000  10 -20 2245 2365
678  93.000 149.000  10 -33  414  534
679 209.000 283.000  10 -10 2469 2589
680  28.000 356.000  10 -30    0 6047
681 109.000 186.000  10 -10  535  655
682  42.000 384.000  10 -20 1229 1349
683 179.000 305.000  10 -10  757  877
684 145.000 301.000  10 -30    0 6164
685  82.000 365.000  10 -20  846  966
686  19.000 206.000  10 -20 1086 1206
687 352.000 303.000  10  -4 4289 4409
688  87.000 147.000  10 -11 3498 3618
689 123.000 176.000  10  -6 4679 4799
690 247.000 212.000  10 -33    0 6231
691  35.000  79.000  10 -10 1690 1810
692 186.000 306.000  10 -10  689  809
693 313.000  64.000  10 -10    0 6103
694  14.000 201.000  10 -20  863  983
695 126.000  91.000  10 -30  760  880
696 218.000 134.000  10 -12 5099 5219
697  23.000  98.000  10 -10 1330 1450
698 122.000 183.000  10 -35    0 6200
699 186.000 355.000  10 -20  563  683
700 353.000 164.000  10 -20  656  776
701  26.000  70.000  10 -10 3685 3805
702  98.000 107.000  10 -10 3737 3857
703  84.000 221.000  10  -4 4412 4532
704  41.000 337.000  10 -10 2676 2796
705 286.000  44.000  10 -15    0 6101
706 205.000 372.000  10 -11 3557 3677
707 166.000 357.000  10 -18    0 6119
708  32.000 357.000  10 -20 1135 1255
709 345.000 382.000  10 -20  871  991
710 345.000 158.000  10 -10 1001 1121
711 341.000  33.000  10 -17    0 6061
712  80.000 365.000  10 -50 1798 1918
713 162.000  94.000  10 -15    0 6167
714 115.000  51.000  10 -10 3392 3512
715 370.000  57.000  10 -11 4474 4594
716  12.000 368.000  10 -31    0 6027
717 246.000  47.000  10 -10 4483 4603
718  76.000  90.000  10 -17 2987 3107
719  92.000 255.000  10 -20 1696 1816
720  49.000 222.000  10  -1    0 6127
721 325.000 311.000  10  -2 2450 2570
722 142.000 379.000  10 -10    0 6091
723 208.000  86.000  10 -13 3831 3951
724 397.000 313.000  10 -20 1159 1279
725  34.000 355.000  10 -16    0 6052
726  48.000 358.000  10 -16    0 6060
727 225.000  53.000  10 -26 4329 4449
728 247.000 377.000  10 -10 4862 4982
729 359.000  23.000  10 -10  933 1053
730 173.000 381.000  10 -10 1151 1271
731 384.000 307.000  10 -20 1519 1639
732 131.000 275.000  10 -22 2115 2235
733 281.000 155.000  10 -20  548  668
734 279.000 247.000  10 -10    0 6188
735 200.000  89.000  10  -4    0 6168
736 357.000 202.000  10 -30 1997 2117
737 149.000 234.000  10 -20    0 6218
738 327.000 242.000  10 -20  831  951
739 320.000 373.000  10 -20    0 6069
740 396.000 106.000  10 -30 1081 1201
741 385.000  55.000  10 -29  970 1090
742 183.000 375.000  10 -20  697  817
743 109.000 252.000  10 -20  596  716
744 364.000  27.000  10 -20 1220 1340
745 204.000  87.000  10 -20    0 6166
746 299.000 351.000  10 -20  662  782
747 186.000  75.000  10 -37 3119 3239
748 308.000 314.000  10 -15 2559 2679
749  70.000 256.000  10 -10  989 1109
750 342.000 384.000  10 -10    0 6047
751  96.000  69.000  10 -10    0 6112
752 340.000 388.000  10 -10    0 6045
753  61.000 333.000  10 -30 1143 1263
754 290.000 311.000  10 -30  749  869
755 364.000  25.000  10 -10 1172 1292
756 371.000 349.000  10 -10 1051 1171
757 217.000 286.000  10 -10  752  872
758 338.000 391.000  10 -10 1216 1336
759  84.000 360.000  10 -10 1088 1208
760  11.000 328.000  10 -10 3069 3189
761 300.000  64.000  10 -11 4628 4748
762 294.000 136.000  10 -20    0 6166
763 398.000 258.000  10  -3 2392 2512
764  97.000 105.000  10 -30 3774 3894
765 157.000 220.000  10 -20 5505 5625
766 180.000 387.000  10 -20    0 6091
767  86.000 154.000  10 -10  795  915
768 230.000 139.000  10 -26 5191 5311
769 344.000 321.000  10 -20 1014 1134
770 183.000  71.000  10 -19 3059 3179
771 108.000 250.000  10 -20    0 6175
772 266.000 116.000  10 -20  753  873
773 243.000 209.000  10  -7 5516 5636
774  22.000 210.000  10 -20 1146 1266
775  59.000  89.000  10 -20 3078 3198
776 184.000  69.000  10 -17 2013 2133
777 174.000 375.000  10 -20    0 6103
778 240.000 246.000  10  -9  241  361
779 336.000 387.000  10 -30    0 6048
780 146.000 301.000  10 -20 1412 1532
781  85.000 155.000  10 -10  750  870
782 321.000 144.000  10 -10    0 6146
783 355.000  41.000  10  -8 3356 3476
784 217.000 289.000  10 -40  700  820
785 353.000  65.000  10 -20 1223 1343
786 294.000 249.000  10 -10 1884 2004
787  74.000 213.000  10 -20 1738 1858
788   5.000 345.000  10 -10 4842 4962
789  24.000  57.000  10 -21  847  967
790 389.000 306.000  10 -20 1325 1445
791 229.000 371.000  10 -13 4051 4171
792 395.000 167.000  10 -20 3920 4040
793 193.000 216.000  10 -16 4924 5044
794 393.000 301.000  10 -30  860  980
795 262.000 233.000  10 -10 4438 4558
796 372.000 104.000  10 -15    0 6083
797   6.000  20.000  10 -23    0 6015
798 199.000  45.000  10 -19    0 6124
799  88.000 121.000  10 -10 2272 2392
800  46.000 197.000  10 -26    0 6125
801 382.000  54.000  10 -20  873  993
802 175.000 192.000  10 -23 3696 3816
803 302.000 203.000  10 -10  792  912
804  19.000  61.000  10 -20    0 6051
805 186.000 145.000  10 -19 5961 6081
806 236.000 243.000  10 -10  478  598
807 390.000 357.000  10 -21 4165 4285
808 384.000 248.000  10 -20  887 1007
809 299.000 399.000  10 -13 3094 3214
810 322.000 242.000  10 -20    0 6150
811 200.000 200.000   0   0    0 6289
