53 53 1000 200 1000
  0  40.000  50.000   0   0    0 1236
  1  42.000  66.000  90  10   55  156
  2  42.000  65.000  90  10   15   60
  3  40.000  69.000  90  20  559  764
  4  40.000  66.000  90  20  172  223
  5  38.000  68.000  90  20  250  329
  6  38.000  70.000  90  10  489  650
  7  22.000  75.000  90  30   30   95
  8  20.000  85.000  90  40  478  525
  9  15.000  75.000  90  20  172  261
 10  15.000  80.000  90  10  274  349
 11  30.000  50.000  90  10   10   77
 12  28.000  52.000   0  20  806  889
 13  25.000  50.000  90  10   55  154
 14  25.000  55.000  90  10  612  711
 15  23.000  52.000  90  10  264  313
 16  20.000  55.000  90  10  452  501
 17  10.000  35.000  90  20  204  233
 18  10.000  40.000  90  30   31  189
 19   8.000  40.000  90  40   42  203
 20   5.000  45.000   0  10  648  733
 21   0.000  40.000  90  30  474  527
 22  35.000  30.000  90  10  240  345
 23  35.000  32.000  90  10  123  278
 24  33.000  32.000  90  20   19  225
 25  33.000  35.000  90  10   16  153
 26  32.000  30.000  90  10  338  433
 27  30.000  30.000  90  10  513  628
 28  26.000  32.000   0  10  779  916
 29  44.000   5.000  90  20  221  412
 30  42.000  10.000  90  40   96  347
 31  40.000  15.000  90  40   35  172
 32  38.000   5.000  90  30  403  602
 33  50.000  30.000  90  10  422  719
 34  50.000  40.000  90  50  142  247
 35  48.000  40.000  90  10   34  171
 36  47.000  35.000   0  10  794  907
 37  47.000  40.000  90  10   12  226
 38  95.000  30.000  90  30  266  577
 39  53.000  30.000  90  10  402  553
 40  90.000  35.000  90  10  153  310
 41  88.000  30.000  90  10  450  767
 42  88.000  35.000  90  20   50  237
 43  85.000  35.000   0  30   47  331
 44  75.000  55.000  90  20  311  478
 45  72.000  55.000  90  10  127  476
 46  68.000  60.000  90  30  476  691
 47  66.000  55.000  90  10   67  344
 48  60.000  55.000  90  10   20  293
 49  65.000  82.000  90  10  227  394
 50  62.000  80.000  90  30  163  272
 51  60.000  80.000  90  10   36  291
 52  58.000  75.000  90  20   30  227
 53  55.000  85.000   0  20  493  880
 54  45.000  65.000  90 -10  951 1114
 55  35.000  66.000  90 -10  361  406
 56  45.000  68.000  90 -20  890  989
 57  35.000  69.000  90 -20  450  503
 58  42.000  68.000  90 -20  703  806
 59  45.000  70.000  90 -10  816  879
 60  18.000  75.000  90 -30  105  142
 61  25.000  85.000  90 -40  647  726
 62  22.000  85.000  90 -20  571  616
 63  20.000  80.000  90 -10  392  421
 64  25.000  52.000  90 -10  172  221
 65  28.000  52.000  90 -20  806  889
 66  28.000  55.000  90 -10  739  770
 67  30.000  52.000  90 -10  918  961
 68  20.000  50.000  90 -10  365  398
 69  23.000  55.000  90 -10  553  586
 70   8.000  45.000  90 -20  715  852
 71   5.000  35.000  90 -30  251  376
 72   2.000  40.000  90 -40  365  452
 73   5.000  45.000  90 -10  648  733
 74   0.000  45.000  90 -30  541  650
 75  25.000  35.000  90 -10  857 1024
 76  30.000  35.000  90 -10  872 1127
 77  30.000  32.000  90 -20  415  542
 78  28.000  30.000  90 -10  599  726
 79  25.000  30.000  90 -10  695  816
 80  28.000  35.000  90 -10  917 1126
 81  26.000  32.000  90 -10  779  916
 82  40.000   5.000  90 -20  347  474
 83  38.000  15.000  90 -40  521  870
 84  42.000  15.000  90 -40   35  233
 85  35.000   5.000  90 -30  487  704
 86  45.000  35.000  90 -10  873 1012
 87  48.000  30.000  90 -50  567  758
 88  53.000  35.000  90 -10  294  471
 89  47.000  35.000  90 -10  794  907
 90  50.000  35.000  90 -10  217  362
 91  92.000  30.000  90 -30  345  684
 92  45.000  30.000  90 -10  716  795
 93  87.000  30.000  90 -10  567  832
 94  85.000  25.000  90 -10  713  876
 95  95.000  35.000  90 -20  181  472
 96  85.000  35.000  90 -30   47  331
 97  60.000  60.000  90 -20  769  956
 98  63.000  58.000  90 -10  630  909
 99  65.000  60.000  90 -30  546  807
100  70.000  58.000  90 -10  349  632
101  65.000  55.000  90 -10   25  256
102  65.000  85.000  90 -10  442  551
103  55.000  80.000  90 -30  595  968
104  67.000  85.000  90 -10  229  580
105  60.000  85.000  90 -20  469  714
106  55.000  85.000  90 -20  493  880
107  40.000  50.000   0   0    0 1236
