53 53 1000 200 1000
  0  40.000  50.000   0   0    0 1236
  1  45.000  70.000  90  30  756  939
  2  42.000  66.000  90  10   16  336
  3  42.000  65.000  90  10   15  226
  4  40.000  69.000  90  20  499  824
  5  40.000  66.000  90  20   87  308
  6  35.000  69.000  90  10  363  590
  7  22.000  75.000  90  30   30  280
  8  20.000  80.000  90  40  318  495
  9  15.000  75.000  90  20   68  365
 10  15.000  80.000  90  10  176  447
 11  30.000  50.000  90  10   10  265
 12  25.000  50.000  90  10   15  333
 13  25.000  52.000  90  40   88  305
 14  25.000  55.000  90  10  502  821
 15  23.000  52.000   0  10  179  398
 16  23.000  55.000  90  20  476  663
 17  10.000  35.000  90  20  144  293
 18  10.000  40.000  90  30   31  309
 19   8.000  40.000  90  40   33  313
 20   0.000  40.000  90  30  414  587
 21   0.000  45.000   0  20  481  710
 22  35.000  30.000  90  10  180  405
 23  35.000  32.000  90  10   63  338
 24  33.000  32.000  90  20   19  345
 25  33.000  35.000  90  10   16  273
 26  30.000  32.000  90  30  355  602
 27  28.000  35.000   0  10  867 1126
 28  25.000  30.000  90  10  635  876
 29  44.000   5.000  90  20  193  440
 30  42.000  10.000  90  40   78  365
 31  40.000  15.000  90  40   35  246
 32  35.000   5.000  90  20  463  728
 33  50.000  35.000  90  20  181  398
 34  50.000  40.000  90  50  100  289
 35  48.000  40.000  90  10   12  223
 36  47.000  40.000  90  10   12  275
 37  45.000  30.000   0  10  669  842
 38  92.000  30.000  90  10  370  659
 39  53.000  35.000  90  50  263  502
 40  90.000  35.000  90  10  119  344
 41  88.000  35.000  90  20   50  295
 42  87.000  30.000   0  10  573  826
 43  85.000  35.000  90  30   47  356
 44  75.000  55.000  90  20  293  496
 45  70.000  58.000  90  20  360  621
 46  66.000  55.000  90  10   76  335
 47  65.000  55.000  90  20   25  260
 48  60.000  55.000  90  10   20  276
 49  65.000  85.000  90  40  409  584
 50  62.000  80.000  90  30  130  305
 51  60.000  80.000  90  10   36  283
 52  60.000  85.000   0  30  470  713
 53  58.000  75.000  90  20   30  248
 54  45.000  65.000  90 -30  847 1130
 55  35.000  66.000  90 -10  279  488
 56  45.000  68.000  90 -10  830 1049
 57  42.000  68.000  90 -20  643  866
 58  38.000  68.000  90 -20  150  429
 59  38.000  70.000  90 -10  429  710
 60  18.000  75.000  90 -30   33  226
 61  25.000  85.000  90 -40  547  826
 62  22.000  85.000  90 -20  489  698
 63  20.000  85.000  90 -10  394  609
 64  28.000  52.000  90 -10  704  991
 65  20.000  50.000  90 -10  288  475
 66  20.000  55.000  90 -40  368  585
 67  28.000  55.000  90 -10  664  845
 68  23.000  52.000  90 -10  179  398
 69  30.000  52.000  90 -20  836 1043
 70   5.000  35.000  90 -20  191  436
 71   8.000  45.000  90 -30  655  912
 72   2.000  40.000  90 -40  305  512
 73   5.000  45.000  90 -30  588  793
 74   0.000  45.000  90 -20  481  710
 75  30.000  35.000  90 -10  837 1127
 76  30.000  30.000  90 -10  453  688
 77  32.000  30.000  90 -20  278  493
 78  25.000  35.000  90 -10  825 1056
 79  28.000  30.000  90 -30  539  786
 80  28.000  35.000  90 -10  867 1126
 81  26.000  32.000  90 -10  719  976
 82  40.000   5.000  90 -20  308  513
 83  38.000   5.000  90 -40  376  629
 84  42.000  15.000  90 -40   35  287
 85  38.000  15.000  90 -20  519  872
 86  47.000  35.000  90 -20  753  948
 87  45.000  35.000  90 -50  836 1049
 88  53.000  30.000  90 -10  367  588
 89  50.000  30.000  90 -10  412  729
 90  45.000  30.000  90 -10  669  842
 91  88.000  30.000  90 -10  469  748
 92  48.000  30.000  90 -50  539  786
 93  85.000  25.000  90 -10  694  895
 94  95.000  30.000  90 -20  284  559
 95  87.000  30.000  90 -10  573  826
 96  95.000  35.000  90 -30  194  459
 97  68.000  60.000  90 -20  470  697
 98  63.000  58.000  90 -20  640  899
 99  60.000  60.000  90 -10  756  969
100  72.000  55.000  90 -20  154  449
101  65.000  60.000  90 -10  551  802
102  55.000  80.000  90 -40  628  935
103  55.000  85.000  90 -30  530  843
104  67.000  85.000  90 -10  257  552
105  60.000  85.000  90 -30  470  713
106  65.000  82.000  90 -20  209  412
107  40.000  50.000   0   0    0 1236
