53 53 1000 200 1000
  0  40.000  50.000   0   0    0 1236
  1  45.000  68.000  90  10  850 1030
  2  42.000  66.000  90  10   16  196
  3  42.000  65.000  90  10   15  195
  4  40.000  69.000  90  20  572  752
  5  40.000  66.000  90  20  108  288
  6  38.000  68.000  90  20  200  380
  7  22.000  75.000  90  30   30  210
  8  20.000  85.000  90  40  412  592
  9  18.000  75.000  90  20   34  214
 10  15.000  80.000  90  10  222  402
 11  30.000  50.000  90  10   10  190
 12  28.000  55.000   0  10  665  845
 13  25.000  50.000  90  10   15  195
 14  25.000  55.000  90  10  572  752
 15  23.000  52.000  90  10  199  379
 16  23.000  55.000  90  20  480  660
 17  10.000  40.000  90  30   31  211
 18   8.000  40.000  90  40   33  213
 19   5.000  35.000  90  10  224  404
 20   0.000  40.000  90  30  411  591
 21   0.000  45.000   0  20  506  686
 22  35.000  32.000  90  10  111  291
 23  33.000  32.000  90  20   19  199
 24  33.000  35.000  90  10   16  196
 25  32.000  30.000  90  10  296  476
 26  30.000  30.000  90  10  481  661
 27  30.000  35.000   0  10  947 1127
 28  26.000  32.000  90  10  758  938
 29  42.000  10.000  90  40  132  312
 30  42.000  15.000  90  10   37  217
 31  40.000  15.000  90  40   35  215
 32  38.000   5.000  90  30  413  593
 33  50.000  30.000   0  10  481  661
 34  50.000  40.000  90  50  105  285
 35  48.000  40.000  90  10   13  193
 36  47.000  40.000  90  10   12  192
 37  95.000  30.000  90  30  332  512
 38  53.000  30.000  90  10  388  568
 39  53.000  35.000  90  50  293  473
 40  90.000  35.000  90  10  142  322
 41  88.000  30.000  90  10  519  699
 42  88.000  35.000  90  20   50  230
 43  85.000  35.000   0  30   47  227
 44  70.000  58.000  90  20  401  581
 45  68.000  60.000  90  30  494  674
 46  66.000  55.000  90  10  116  296
 47  65.000  55.000  90  20   25  205
 48  60.000  55.000  90  10   20  200
 49  65.000  82.000  90  10  221  401
 50  62.000  80.000  90  30  128  308
 51  60.000  80.000  90  10   36  216
 52  58.000  75.000  90  20   30  210
 53  55.000  85.000   0  20  597  777
 54  45.000  65.000  90 -10  943 1123
 55  35.000  66.000  90 -10  294  474
 56  38.000  70.000  90 -10  480  660
 57  42.000  68.000  90 -20  665  845
 58  35.000  69.000  90 -20  387  567
 59  45.000  70.000  90 -20  758  938
 60  22.000  85.000  90 -30  504  684
 61  25.000  85.000  90 -40  597  777
 62  15.000  75.000  90 -20  127  307
 63  20.000  80.000  90 -10  317  497
 64  20.000  55.000  90 -10  387  567
 65  28.000  55.000  90 -10  665  845
 66  25.000  52.000  90 -10  107  287
 67  28.000  52.000  90 -10  758  938
 68  20.000  50.000  90 -10  292  472
 69  30.000  52.000  90 -20  850 1030
 70  10.000  35.000  90 -30  129  309
 71   5.000  45.000  90 -40  601  781
 72   2.000  40.000  90 -10  319  499
 73   8.000  45.000  90 -30  694  874
 74   0.000  45.000  90 -20  506  686
 75  25.000  30.000  90 -10  666  846
 76  35.000  30.000  90 -20  203  383
 77  28.000  30.000  90 -10  573  753
 78  30.000  32.000  90 -10  389  569
 79  25.000  35.000  90 -10  851 1031
 80  30.000  35.000  90 -10  947 1127
 81  28.000  35.000  90 -10  944 1124
 82  40.000   5.000  90 -40  321  501
 83  44.000   5.000  90 -10  227  407
 84  35.000   5.000  90 -40  506  686
 85  38.000  15.000  90 -30  606  786
 86  50.000  30.000  90 -10  481  661
 87  47.000  35.000  90 -50  761  941
 88  50.000  35.000  90 -10  200  380
 89  45.000  35.000  90 -10  853 1033
 90  92.000  30.000  90 -30  425  605
 91  45.000  30.000  90 -10  666  846
 92  48.000  30.000  90 -50  573  753
 93  87.000  30.000  90 -10  610  790
 94  85.000  25.000  90 -10  705  885
 95  95.000  35.000  90 -20  237  417
 96  85.000  35.000  90 -30   47  227
 97  63.000  58.000  90 -20  680  860
 98  60.000  60.000  90 -30  773  953
 99  65.000  60.000  90 -10  587  767
100  75.000  55.000  90 -20  305  485
101  72.000  55.000  90 -10  212  392
102  67.000  85.000  90 -10  315  495
103  55.000  80.000  90 -30  692  872
104  60.000  85.000  90 -10  502  682
105  65.000  85.000  90 -20  407  587
106  55.000  85.000  90 -20  597  777
107  40.000  50.000   0   0    0 1236
