52 52 1000 200 1000
  0  40.000  50.000   0   0    0 1236
  1  45.000  68.000  90  10    0 1127
  2  42.000  66.000  90  10    0 1129
  3  42.000  68.000  90  10  727  782
  4  42.000  65.000  90  10    0 1130
  5  40.000  66.000  90  20    0 1130
  6  35.000  66.000  90  10  357  410
  7  22.000  75.000  90  30   30   92
  8  20.000  80.000  90  40  384  429
  9  18.000  75.000  90  20   99  148
 10  15.000  75.000  90  20    0 1110
 11  30.000  50.000  90  10    0 1136
 12  28.000  52.000  90  20  812  883
 13  25.000  52.000  90  40  169  224
 14  25.000  55.000   0  10    0 1130
 15  23.000  52.000  90  10  261  316
 16  20.000  50.000  90  10    0 1126
 17  10.000  35.000  90  20    0 1112
 18  10.000  40.000  90  30    0 1114
 19   5.000  35.000   0  10  283  344
 20   5.000  45.000  90  10  665  716
 21   2.000  40.000  90  20    0 1106
 22  35.000  30.000  90  10  264  321
 23  35.000  32.000  90  10  166  235
 24  33.000  32.000  90  20   68  149
 25  33.000  35.000  90  10    0 1129
 26  30.000  30.000  90  10  541  600
 27  30.000  32.000   0  30    0 1125
 28  25.000  35.000  90  10    0 1124
 29  42.000  10.000  90  40    0 1105
 30  42.000  15.000  90  10   95  158
 31  40.000  15.000  90  40    0 1111
 32  38.000   5.000  90  30  471  534
 33  50.000  30.000  90  10    0 1123
 34  50.000  35.000  90  20  262  317
 35  48.000  30.000  90  10  632  693
 36  47.000  40.000  90  10   12   77
 37  95.000  30.000  90  30  387  456
 38  95.000  35.000  90  20    0 1088
 39  53.000  30.000  90  10    0 1122
 40  90.000  35.000  90  10  203  260
 41  87.000  30.000  90  10  668  731
 42  85.000  35.000  90  30    0 1098
 43  72.000  55.000  90  10    0 1113
 44  68.000  60.000  90  30    0 1116
 45  66.000  55.000  90  10    0 1119
 46  65.000  55.000  90  20   85  144
 47  60.000  55.000  90  10    0 1125
 48  65.000  85.000   0  40  475  518
 49  65.000  82.000  90  10    0 1105
 50  60.000  80.000  90  10    0 1109
 51  60.000  85.000  90  30    0 1105
 52  58.000  75.000  90  20    0 1115
 53  45.000  65.000  90 -10    0 1130
 54  38.000  68.000  90 -10  255  324
 55  45.000  70.000  90 -10    0 1125
 56  35.000  69.000  90 -10  448  505
 57  38.000  70.000  90 -20  534  605
 58  40.000  69.000  90 -10  621  702
 59  25.000  85.000  90 -30    0 1107
 60  22.000  85.000  90 -40    0 1106
 61  15.000  80.000  90 -20    0 1106
 62  20.000  85.000  90 -20    0 1105
 63  25.000  50.000  90 -10    0 1131
 64  30.000  52.000  90 -20    0 1135
 65  28.000  55.000  90 -40  732  777
 66  25.000  55.000  90 -10    0 1130
 67  20.000  55.000  90 -10  449  504
 68  23.000  55.000  90 -10    0 1128
 69   0.000  40.000  90 -20  479  522
 70   8.000  40.000  90 -30   87  158
 71   5.000  35.000  90 -10  283  344
 72   8.000  45.000  90 -10    0 1113
 73   0.000  45.000  90 -20  567  624
 74  28.000  30.000  90 -10    0 1122
 75  32.000  30.000  90 -10  359  412
 76  28.000  35.000  90 -20 1001 1066
 77  25.000  30.000  90 -10    0 1121
 78  26.000  32.000  90 -10    0 1123
 79  30.000  32.000  90 -30    0 1125
 80  30.000  35.000  90 -10    0 1127
 81  40.000   5.000  90 -40  385  436
 82  38.000  15.000  90 -10    0 1110
 83  44.000   5.000  90 -40  286  347
 84  35.000   5.000  90 -30    0 1100
 85  47.000  35.000  90 -10  826  875
 86  53.000  35.000  90 -20  353  412
 87  45.000  35.000  90 -10  916  969
 88  48.000  40.000  90 -10   76  129
 89  85.000  25.000  90 -30  769  820
 90  92.000  30.000  90 -20    0 1090
 91  45.000  30.000  90 -10  734  777
 92  88.000  30.000  90 -10  574  643
 93  50.000  40.000  90 -10    0 1131
 94  88.000  35.000  90 -30  109  170
 95  75.000  55.000  90 -10    0 1110
 96  60.000  60.000  90 -30    0 1123
 97  63.000  58.000  90 -10    0 1121
 98  65.000  60.000  90 -20  645  708
 99  70.000  58.000  90 -10  458  523
100  65.000  85.000  90 -40  475  518
101  55.000  80.000  90 -10  743  820
102  62.000  80.000  90 -10    0 1108
103  55.000  85.000  90 -30  647  726
104  67.000  85.000  90 -20  368  441
105  40.000  50.000   0   0    0 1236
