53 53 1000 200 1000
  0  40.000  50.000   0   0    0 1236
  1  45.000  68.000  90  10  885  994
  2  42.000  65.000  90  10   15  120
  3  40.000  69.000  90  20  580  743
  4  40.000  66.000  90  20  142  253
  5  38.000  68.000  90  20  220  359
  6  35.000  66.000  90  10  331  436
  7  22.000  75.000  90  30   30  155
  8  20.000  85.000  90  40  448  555
  9  18.000  75.000  90  20   75  172
 10  15.000  80.000  90  10  244  379
 11  30.000  50.000  90  10   10  137
 12  28.000  55.000   0  10  709  800
 13  25.000  52.000  90  40  142  251
 14  25.000  55.000  90  10  582  741
 15  23.000  55.000  90  20  523  616
 16  20.000  50.000  90  10  335  428
 17  10.000  35.000  90  20  181  256
 18  10.000  40.000  90  30   31  170
 19   8.000  40.000  90  40   52  193
 20   8.000  45.000   0  20  719  848
 21   2.000  40.000  90  20  357  460
 22  35.000  32.000  90  10  132  269
 23  33.000  32.000  90  20   27  190
 24  33.000  35.000  90  10   16  144
 25  30.000  32.000  90  30  417  540
 26  28.000  35.000  90  10  969 1098
 27  25.000  30.000  90  10  695  816
 28  25.000  35.000   0  10  883  998
 29  42.000  10.000  90  40  150  293
 30  42.000  15.000  90  10   63  190
 31  40.000  15.000  90  40   35  140
 32  35.000   5.000  90  20  529  662
 33  50.000  30.000  90  10  491  650
 34  50.000  35.000  90  20  235  344
 35  50.000  40.000  90  50  147  242
 36  48.000  40.000   0  10   50  155
 37  47.000  40.000  90  10   12  143
 38  95.000  35.000  90  20  260  393
 39  53.000  35.000  90  50  323  442
 40  88.000  30.000  90  10  539  678
 41  88.000  35.000  90  20   78  201
 42  87.000  30.000   0  10  636  763
 43  85.000  35.000  90  30   47  201
 44  75.000  55.000  90  20  344  445
 45  72.000  55.000  90  10  228  375
 46  66.000  55.000  90  10  141  270
 47  65.000  55.000  90  20   56  173
 48  60.000  55.000  90  10   20  148
 49  65.000  85.000  90  40  453  540
 50  65.000  82.000  90  10  260  361
 51  60.000  80.000  90  10   64  187
 52  58.000  75.000  90  20   30  139
 53  55.000  80.000   0  10  705  858
 54  45.000  65.000  90 -10  962 1103
 55  42.000  66.000  90 -10   25  186
 56  45.000  70.000  90 -20  802  893
 57  38.000  70.000  90 -20  499  640
 58  42.000  68.000  90 -20  699  810
 59  35.000  69.000  90 -10  420  533
 60  15.000  75.000  90 -30  142  291
 61  22.000  85.000  90 -40  541  646
 62  25.000  85.000  90 -20  617  756
 63  20.000  80.000  90 -10  362  451
 64  25.000  50.000  90 -10   25  184
 65  28.000  55.000  90 -10  709  800
 66  23.000  52.000  90 -40  234  343
 67  30.000  52.000  90 -10  888  991
 68  28.000  52.000  90 -20  776  919
 69  20.000  55.000  90 -10  422  531
 70   5.000  35.000  90 -20  252  375
 71   5.000  45.000  90 -30  639  742
 72   0.000  40.000  90 -40  457  544
 73   8.000  45.000  90 -20  719  848
 74   0.000  45.000  90 -20  538  653
 75  35.000  30.000  90 -10  236  349
 76  28.000  30.000  90 -20  601  724
 77  32.000  30.000  90 -10  332  439
 78  30.000  30.000  90 -30  512  629
 79  30.000  35.000  90 -10  982 1127
 80  26.000  32.000  90 -10  783  912
 81  25.000  35.000  90 -10  883  998
 82  44.000   5.000  90 -40  255  378
 83  38.000   5.000  90 -10  439  566
 84  40.000   5.000  90 -40  359  462
 85  38.000  15.000  90 -20  607  784
 86  45.000  30.000  90 -10  712  799
 87  45.000  35.000  90 -20  889  996
 88  53.000  30.000  90 -50  422  533
 89  48.000  40.000  90 -10   50  155
 90  48.000  30.000  90 -10  601  724
 91  92.000  30.000  90 -20  442  587
 92  47.000  35.000  90 -50  802  899
 93  85.000  25.000  90 -10  744  845
 94  90.000  35.000  90 -20  175  288
 95  87.000  30.000  90 -10  636  763
 96  95.000  30.000  90 -30  353  490
 97  65.000  60.000  90 -20  614  739
 98  70.000  58.000  90 -10  425  556
 99  60.000  60.000  90 -10  809  916
100  63.000  58.000  90 -20  705  834
101  68.000  60.000  90 -10  527  640
102  60.000  85.000  90 -40  531  652
103  55.000  85.000  90 -10  608  765
104  67.000  85.000  90 -10  331  478
105  62.000  80.000  90 -20  174  261
106  55.000  80.000  90 -10  705  858
107  40.000  50.000   0   0    0 1236
