53 53 1000 200 1000
  0  40.000  50.000   0   0    0 1236
  1  45.000  70.000  90  30    0 1125
  2  42.000  66.000  90  10    0 1129
  3  42.000  65.000  90  10    0 1130
  4  40.000  66.000  90  20    0 1130
  5  35.000  69.000  90  10  448  505
  6  25.000  85.000  90  20    0 1107
  7  22.000  75.000  90  30   30   92
  8  22.000  85.000   0  10    0 1106
  9  18.000  75.000  90  20    0 1112
 10  15.000  80.000  90  10    0 1106
 11  30.000  50.000  90  10    0 1136
 12  25.000  50.000   0  10    0 1131
 13  25.000  55.000  90  10    0 1130
 14  23.000  52.000  90  10    0 1128
 15  23.000  55.000  90  20    0 1128
 16  20.000  55.000  90  10    0 1125
 17  10.000  35.000  90  20    0 1112
 18  10.000  40.000  90  30    0 1114
 19   8.000  40.000   0  40    0 1112
 20   5.000  35.000  90  10    0 1107
 21   5.000  45.000  90  10    0 1110
 22  35.000  30.000  90  10    0 1125
 23  33.000  32.000  90  20    0 1126
 24  33.000  35.000  90  10    0 1129
 25  32.000  30.000  90  10  359  412
 26  30.000  30.000  90  10    0 1123
 27  30.000  35.000   0  10    0 1127
 28  26.000  32.000  90  10    0 1123
 29  44.000   5.000  90  20  286  347
 30  42.000  15.000  90  10   95  158
 31  40.000  15.000  90  40    0 1111
 32  38.000   5.000  90  30  471  534
 33  50.000  30.000  90  10    0 1123
 34  50.000  35.000  90  20  262  317
 35  48.000  40.000  90  10    0 1133
 36  47.000  40.000  90  10   12   77
 37  53.000  30.000  90  10    0 1122
 38  45.000  65.000   0  20    0 1130
 39  90.000  35.000  90  10  203  260
 40  88.000  30.000  90  10  574  643
 41  88.000  35.000  90  20    0 1095
 42  85.000  25.000  90  10    0 1094
 43  85.000  35.000  90  30    0 1098
 44  75.000  55.000  90  20    0 1110
 45  72.000  55.000  90  10    0 1113
 46  68.000  60.000  90  30    0 1116
 47  66.000  55.000  90  10    0 1119
 48  60.000  55.000  90  10    0 1125
 49  67.000  85.000   0  20  368  441
 50  65.000  82.000  90  10    0 1105
 51  62.000  80.000  90  30    0 1108
 52  60.000  85.000  90  30    0 1105
 53  58.000  75.000  90  20    0 1115
 54  45.000  68.000  90 -30    0 1127
 55  38.000  68.000  90 -10  255  324
 56  38.000  70.000  90 -10  534  605
 57  42.000  68.000  90 -20  727  782
 58  40.000  69.000  90 -10    0 1127
 59  35.000  66.000  90 -20    0 1129
 60  20.000  85.000  90 -30    0 1105
 61  22.000  85.000  90 -10    0 1106
 62  15.000  75.000  90 -20    0 1110
 63  20.000  80.000  90 -10  384  429
 64  25.000  52.000  90 -10  169  224
 65  25.000  50.000  90 -10    0 1131
 66  28.000  52.000  90 -10    0 1133
 67  20.000  50.000  90 -10    0 1126
 68  28.000  55.000  90 -20  732  777
 69  30.000  52.000  90 -10    0 1135
 70   0.000  40.000  90 -20  479  522
 71   2.000  40.000  90 -30    0 1106
 72   8.000  40.000  90 -40    0 1112
 73   0.000  45.000  90 -10    0 1105
 74   8.000  45.000  90 -10    0 1113
 75  30.000  32.000  90 -10    0 1125
 76  25.000  35.000  90 -20    0 1124
 77  35.000  32.000  90 -10    0 1127
 78  28.000  30.000  90 -10    0 1122
 79  25.000  30.000  90 -10    0 1121
 80  30.000  35.000  90 -10    0 1127
 81  28.000  35.000  90 -10    0 1126
 82  38.000  15.000  90 -20    0 1110
 83  42.000  10.000  90 -10    0 1105
 84  40.000   5.000  90 -40    0 1101
 85  35.000   5.000  90 -30    0 1100
 86  47.000  35.000  90 -10    0 1129
 87  45.000  35.000  90 -20  916  969
 88  53.000  35.000  90 -10  353  412
 89  45.000  30.000  90 -10    0 1125
 90  48.000  30.000  90 -10    0 1124
 91  45.000  65.000  90 -20    0 1130
 92  92.000  30.000  90 -10    0 1090
 93  87.000  30.000  90 -10  668  731
 94  95.000  30.000  90 -20    0 1087
 95  50.000  40.000  90 -10    0 1131
 96  95.000  35.000  90 -30    0 1088
 97  70.000  58.000  90 -20  458  523
 98  65.000  60.000  90 -10    0 1119
 99  63.000  58.000  90 -30    0 1121
100  60.000  60.000  90 -10    0 1123
101  65.000  55.000  90 -10   85  144
102  67.000  85.000  90 -20  368  441
103  55.000  80.000  90 -10  743  820
104  65.000  85.000  90 -30    0 1102
105  55.000  85.000  90 -30  647  726
106  60.000  80.000  90 -20    0 1109
107  40.000  50.000   0   0    0 1236
