51 51 1000 700 1000
  0  40.000  50.000   0   0    0 3390
  1  52.000  75.000  90  10   71  711
  2  45.000  70.000  90  30   20  660
  3  62.000  69.000  90  10  927 1567
  4  60.000  66.000  90  10 1021 1661
  5  42.000  65.000  90  10   15  655
  6  16.000  42.000  90  20  257  897
  7  35.000  66.000  90  10 2551 3191
  8  35.000  69.000  90  10 2458 3098
  9  20.000  85.000  90  40 1694 2334
 10  18.000  75.000  90  20 2071 2711
 11  15.000  75.000  90  20 1502 2142
 12  15.000  80.000   0  10 1597 2237
 13  30.000  50.000  90  10   10  650
 14  28.000  52.000  90  20   12  652
 15  25.000  50.000  90  10   15  655
 16  20.000  50.000  90  10  158  798
 17  20.000  55.000  90  10   63  703
 18  10.000  35.000  90  20  541 1181
 19   5.000  35.000  90  10  636 1276
 20   5.000  45.000  90  10 1013 1653
 21   2.000  40.000  90  20  731 1371
 22   0.000  40.000  90  30  823 1463
 23  34.000  25.000  90  30 1769 2409
 24  48.000  20.000  90  10  727 1367
 25  26.000  32.000  90  10 2052 2692
 26  25.000  35.000  90  10 2145 2785
 27  44.000   5.000  90  20 1016 1656
 28  42.000  10.000  90  40  920 1560
 29  42.000  15.000  90  10  825 1465
 30  38.000  10.000  90  10 1390 2030
 31  35.000   5.000  90  20 1295 1935
 32  50.000  30.000  90  10  161  801
 33  50.000  35.000  90  20   18  658
 34  47.000  35.000  90  10  348  988
 35  47.000  40.000  90  10   12  652
 36  45.000  35.000  90  10  440 1080
 37  95.000  35.000  90  20 1986 2626
 38  53.000  30.000  90  10   68  708
 39  53.000  35.000  90  50   19  659
 40  45.000  65.000  90  20   15  655
 41  90.000  35.000  90  10 1891 2531
 42  87.000  30.000  90  10 2368 3008
 43  85.000  25.000  90  10 2273 2913
 44  85.000  35.000   0  30 2463 3103
 45  75.000  55.000  90  20 1685 2325
 46  70.000  58.000  90  20 1401 2041
 47  66.000  55.000  90  10 1496 2136
 48  65.000  60.000  90  30 1306 1946
 49  42.000  58.000  90  40    8  648
 50  65.000  82.000  90  10  548 1188
 51  60.000  85.000  90  30  357  997
 52  55.000  85.000  90 -10  262  902
 53  58.000  70.000  90 -30  833 1473
 54  56.000  64.000  90 -10 1115 1755
 55  72.000  45.000  90 -10 2627 3267
 56  55.000  80.000  90 -10  167  807
 57  20.000  80.000  90 -20 1976 2616
 58  34.000  60.000  90 -10 2647 3287
 59  30.000  56.000  90 -10 2648 3288
 60  28.000  70.000  90 -40 2361 3001
 61  22.000  85.000  90 -20 1786 2426
 62  22.000  66.000  90 -20 2264 2904
 63  15.000  80.000  90 -10 1597 2237
 64  23.000  52.000  90 -10   17  657
 65   0.000  45.000  90 -20  918 1558
 66   8.000  45.000  90 -10 1106 1746
 67   8.000  40.000  90 -10  445 1085
 68  10.000  40.000  90 -10  353  993
 69  14.000  66.000  90 -20 1403 2043
 70  25.000  85.000  90 -10 1879 2519
 71   8.000  62.000  90 -10 1305 1945
 72   4.000  55.000  90 -20 1207 1847
 73  22.000  75.000  90 -30 2165 2805
 74  30.000  30.000  90 -30 1865 2505
 75  32.000  20.000  90 -10 1673 2313
 76  33.000  35.000  90 -10 2333 2973
 77  35.000  32.000  90 -10 2518 3158
 78  30.000  35.000  90 -20 2240 2880
 79  38.000   5.000  90 -40 1202 1842
 80  38.000  15.000  90 -10 1485 2125
 81  25.000  30.000  90 -10 1960 2600
 82  33.000  32.000  90 -20 2426 3066
 83  36.000  40.000  90 -10 2616 3256
 84  36.000  18.000  90 -20 1579 2219
 85  40.000   5.000  90 -10 1110 1750
 86  50.000  40.000  90 -10   14  654
 87  42.000  30.000  90 -10  536 1176
 88  64.000  46.000  90 -20 2635 3275
 89  48.000  30.000  90 -10  253  893
 90  44.000  25.000  90 -50  631 1271
 91  62.000  80.000  90 -20  641 1281
 92  95.000  30.000  90 -10 2081 2721
 93  78.000  40.000  90 -10 2562 3202
 94  60.000  55.000  90 -10 2639 3279
 95  85.000  35.000  90 -30 2463 3103
 96  92.000  30.000  90 -20 2174 2814
 97  86.000  46.000  90 -20 1789 2429
 98  62.000  40.000  90 -10 2635 3275
 99  72.000  55.000  90 -30 1592 2232
100  67.000  85.000  90 -40  454 1094
101  60.000  60.000  90 -10 1211 1851
102  58.000  75.000  90 -30  738 1378
103  40.000  50.000   0   0    0 3390
