51 51 1000 700 1000
  0  40.000  50.000   0   0    0 3390
  1  52.000  75.000  90  10    0 3272
  2  45.000  70.000  90  30    0 3279
  3  60.000  66.000  90  10 1261 1421
  4  42.000  65.000  90  10    0 3284
  5  16.000  42.000  90  20  497  657
  6  25.000  85.000  90  20    0 3261
  7  22.000  75.000  90  30 2405 2565
  8  22.000  85.000  90  10 2026 2186
  9  20.000  85.000  90  40 1934 2094
 10  30.000  50.000  90  10   10  170
 11  25.000  50.000  90  10  116  276
 12  23.000  52.000  90  10  209  369
 13  20.000  50.000  90  10  398  558
 14  10.000  35.000   0  20    0 3266
 15  10.000  40.000  90  30  593  753
 16   8.000  40.000  90  40  685  845
 17   8.000  45.000  90  20    0 3267
 18   5.000  35.000  90  10  876 1036
 19   2.000  40.000  90  20    0 3260
 20   0.000  40.000  90  30 1063 1223
 21   0.000  45.000  90  20 1158 1318
 22  32.000  20.000  90  10 1913 2073
 23  30.000  30.000  90  10 2105 2265
 24  30.000  35.000  90  10 2480 2640
 25  48.000  20.000  90  10  967 1127
 26  25.000  30.000  90  10 2200 2360
 27  44.000   5.000  90  20 1256 1416
 28  40.000   5.000  90  30 1350 1510
 29  50.000  30.000  90  10  401  561
 30  50.000  35.000  90  20  120  280
 31  50.000  40.000  90  50   25  185
 32  48.000  30.000  90  10  493  653
 33  44.000  25.000  90  10  871 1031
 34  47.000  40.000  90  10   12  172
 35  42.000  30.000  90  10  776  936
 36  53.000  30.000  90  10    0 3276
 37  53.000  35.000  90  50  213  373
 38  45.000  65.000  90  20    0 3284
 39  72.000  45.000  90  10 2900 3060
 40  75.000  55.000  90  20    0 3264
 41  86.000  46.000  90  30    0 3253
 42  64.000  46.000  90  20 3097 3257
 43  65.000  60.000  90  30 1546 1706
 44  56.000  64.000  90  10 1355 1515
 45  60.000  60.000  90  10    0 3277
 46  42.000  58.000  90  40    8  168
 47  65.000  82.000  90  10    0 3259
 48  62.000  80.000  90  30    0 3262
 49  60.000  85.000  90  30  597  757
 50  58.000  75.000  90  20    0 3269
 51  55.000  85.000   0  20  502  662
 52  66.000  55.000  90 -10 1736 1896
 53  95.000  35.000  90 -30 2226 2386
 54  92.000  30.000  90 -10 2414 2574
 55  67.000  85.000  90 -10  694  854
 56  15.000  80.000  90 -20 1837 1997
 57  34.000  60.000  90 -20 2887 3047
 58  35.000  66.000  90 -30 2791 2951
 59  22.000  66.000  90 -10 2504 2664
 60  28.000  70.000  90 -40 2601 2761
 61  28.000  52.000  90 -10   22  182
 62  20.000  55.000  90 -10  303  463
 63  20.000  80.000  90 -10 2216 2376
 64   5.000  45.000  90 -10 1253 1413
 65  10.000  35.000  90 -20    0 3266
 66  14.000  66.000  90 -30 1643 1803
 67  35.000  69.000  90 -40 2698 2858
 68  30.000  56.000  90 -20    0 3288
 69   8.000  62.000  90 -10    0 3265
 70  15.000  75.000  90 -20 1742 1902
 71  18.000  75.000  90 -30 2311 2471
 72   4.000  55.000  90 -20 1447 1607
 73  33.000  35.000  90 -10 2573 2733
 74  25.000  35.000  90 -10    0 3278
 75  35.000  32.000  90 -10 2758 2918
 76  36.000  40.000  90 -10    0 3289
 77  26.000  32.000  90 -10    0 3277
 78  33.000  32.000  90 -20 2666 2826
 79  36.000  18.000  90 -30 1819 1979
 80  35.000   5.000  90 -10 1535 1695
 81  42.000  10.000  90 -20 1160 1320
 82  47.000  35.000  90 -50  588  748
 83  34.000  25.000  90 -10 2009 2169
 84  38.000  15.000  90 -10 1725 1885
 85  38.000  10.000  90 -10    0 3259
 86  42.000  15.000  90 -10 1065 1225
 87  38.000   5.000  90 -10 1442 1602
 88  45.000  35.000  90 -50  680  840
 89  62.000  69.000  90 -20    0 3270
 90  62.000  40.000  90 -10    0 3275
 91  85.000  25.000  90 -20 2513 2673
 92  95.000  30.000  90 -30 2321 2481
 93  60.000  55.000  90 -20 3119 3279
 94  87.000  30.000  90 -30 2608 2768
 95  70.000  58.000  90 -10 1641 1801
 96  85.000  35.000  90 -10 2703 2863
 97  55.000  80.000  90 -40  407  567
 98  78.000  40.000  90 -10 2802 2962
 99  58.000  70.000  90 -30    0 3273
100  72.000  55.000  90 -30    0 3267
101  90.000  35.000  90 -20 2131 2291
102  55.000  85.000  90 -20  502  662
103  40.000  50.000   0   0    0 3390
