52 52 1000 200 1000
  0  35.000  35.000   0   0    0  230
  1  35.000  17.000  10   7    0  202
  2  55.000  20.000  10  19  149  159
  3  25.000  30.000  10   3    0  208
  4  20.000  65.000  10  12   67   77
  5  50.000  35.000  10  19    0  205
  6  15.000  10.000  10  20    0  187
  7   5.000  30.000  10   2    0  189
  8  20.000  40.000  10  12    0  204
  9  45.000  65.000  10   9    0  188
 10  45.000  20.000  10  11    0  201
 11  45.000  10.000   0  18    0  193
 12  65.000  35.000  10   3    0  190
 13  35.000  40.000   0  16    0  215
 14  41.000  37.000  10  16    0  213
 15  53.000  52.000  10  11    0  195
 16  65.000  55.000  10  14    0  183
 17  60.000  12.000  10  31    0  186
 18  40.000  25.000   0   9    0  208
 19  24.000  12.000  10   5    0  194
 20  23.000   3.000  10   7    0  185
 21   2.000  48.000  10   1    0  184
 22  13.000  52.000  10  36    0  192
 23   6.000  68.000  10  30    0  176
 24  27.000  43.000  10   9    0  208
 25  37.000  31.000  10  14   95  105
 26  53.000  12.000  10   6    0  190
 27  32.000  12.000  10   7    0  196
 28  21.000  24.000  10  28    0  202
 29  17.000  34.000  10   3    0  201
 30  12.000  24.000  10  13    0  194
 31  15.000  77.000  10   9    0  173
 32  62.000  77.000  10  20    0  170
 33  49.000  73.000  10  25    0  179
 34  37.000  47.000  10   6   50   60
 35  37.000  56.000  10   5    0  198
 36  57.000  68.000  10  15    0  180
 37  49.000  11.000  10  18    0  192
 38  49.000  42.000  10  13   73   83
 39  61.000  52.000  10   3    0  188
 40  56.000  37.000  10   6    0  198
 41  15.000  47.000  10  16    0  196
 42  14.000  37.000  10  11    0  198
 43   4.000  18.000  10  35    0  184
 44  28.000  18.000  10  26   93  103
 45  26.000  52.000  10   9    0  200
 46  31.000  67.000  10   3    0  187
 47  22.000  22.000  10   2   18   28
 48  18.000  24.000   0  22    0  199
 49  26.000  27.000  10  27    0  207
 50  25.000  21.000  10  12    0  202
 51  19.000  21.000  10  10    0  198
 52  18.000  18.000  10  17  185  195
 53  46.000  13.000  10  -7  149  159
 54  65.000  20.000  10 -19  172  182
 55  22.000  27.000  10  -3    0  204
 56  31.000  52.000  10 -12    0  202
 57  57.000  48.000  10 -19   92  102
 58  11.000  14.000  10 -20   69   79
 59   6.000  38.000  10  -2    0  190
 60  10.000  43.000  10 -12   95  105
 61  63.000  65.000  10  -9    0  178
 62  57.000  29.000  10 -11    0  197
 63  45.000  10.000  10 -18    0  193
 64  64.000  42.000  10  -3    0  190
 65  35.000  40.000  10 -16    0  215
 66  41.000  49.000  10 -16    0  204
 67  53.000  43.000  10 -11  179  189
 68  55.000  54.000  10 -14    0  192
 69  63.000  23.000  10 -31  136  146
 70  40.000  25.000  10  -9    0  208
 71  47.000  16.000  10  -5    0  197
 72  30.000   5.000  10  -7   61   71
 73  15.000  60.000  10  -1    0  187
 74   2.000  60.000  10 -36    0  178
 75  20.000  50.000  10 -30    0  198
 76  24.000  58.000  10  -9   58   68
 77  45.000  30.000  10 -14    0  208
 78  55.000   5.000  10  -6   68   78
 79  44.000  17.000  10  -7    0  199
 80  20.000  26.000  10 -28   83   93
 81  26.000  35.000  10  -3    0  211
 82  15.000  19.000  10 -13    0  194
 83  27.000  69.000  10  -9    0  185
 84  47.000  47.000  10 -20    0  203
 85  55.000  60.000  10 -25   97  107
 86  30.000  25.000  10  -6  159  169
 87  40.000  60.000  10  -5    0  194
 88  49.000  58.000  10 -15    0  193
 89  67.000   5.000  10 -18   83   93
 90  25.000  24.000  10 -13    0  205
 91  55.000  45.000  10  -3    0  197
 92  56.000  39.000  10  -6    0  198
 93   8.000  56.000  10 -16    0  185
 94  15.000  30.000  10 -11    0  199
 95  10.000  20.000  10 -35    0  190
 96  42.000   7.000  10 -26    0  191
 97  35.000  69.000  10  -9    0  186
 98  30.000  60.000  10  -3    0  194
 99  16.000  22.000  10  -2    0  196
100  18.000  24.000  10 -22    0  199
101  11.000  31.000  10 -27  101  111
102  36.000  26.000  10 -12  200  210
103   5.000   5.000  10 -10   83   93
104  20.000  20.000  10 -17    0  198
105  35.000  35.000   0   0    0  230
