52 52 1000 200 1000
  0  35.000  35.000   0   0    0  230
  1  35.000  17.000  10   7    0  202
  2  20.000  50.000  10   5    0  198
  3  10.000  43.000  10   9   95  105
  4  55.000  60.000  10  16   97  107
  5  50.000  35.000  10  19    0  205
  6  10.000  20.000  10  19    0  190
  7  20.000  40.000  10  12    0  204
  8  15.000  60.000  10  17    0  187
  9  45.000  65.000  10   9    0  188
 10  45.000  10.000  10  18   97  107
 11  55.000   5.000  10  29   68   78
 12  45.000  30.000  10  17    0  208
 13  35.000  40.000  10  16   37   47
 14  40.000  60.000  10  21   71   81
 15  53.000  52.000  10  11   37   47
 16   2.000  60.000  10   5   41   51
 17   5.000   5.000  10  16   83   93
 18  60.000  12.000  10  31   44   54
 19  40.000  25.000  10   9   85   95
 20  42.000   7.000  10   5   97  107
 21  24.000  12.000  10   5   31   41
 22  23.000   3.000  10   7    0  185
 23  11.000  14.000  10  18   69   79
 24   6.000  38.000  10  16   32   42
 25  13.000  52.000  10  36    0  192
 26   6.000  68.000  10  30  108  118
 27  47.000  47.000  10  13    0  203
 28  27.000  43.000  10   9    0  208
 29  37.000  31.000   0  14   95  105
 30  57.000  29.000   0  18    0  197
 31  63.000  23.000  10   2  136  146
 32  53.000  12.000  10   6  130  140
 33  32.000  12.000  10   7    0  196
 34  17.000  34.000  10   3    0  201
 35  24.000  58.000  10  19   58   68
 36  27.000  69.000   0  10    0  185
 37  62.000  77.000  10  20   51   61
 38  57.000  68.000  10  15    0  180
 39  46.000  13.000  10   8  149  159
 40  61.000  52.000  10   3   96  106
 41  57.000  48.000  10  23   92  102
 42  55.000  54.000  10  26    0  192
 43  14.000  37.000  10  11    0  198
 44   4.000  18.000  10  35    0  184
 45  26.000  52.000   0   9   74   84
 46  31.000  67.000  10   3    0  187
 47  22.000  22.000  10   2   18   28
 48  18.000  24.000  10  22  188  198
 49  26.000  27.000  10  27    0  207
 50  22.000  27.000  10  11    0  204
 51  25.000  21.000  10  12    0  202
 52  19.000  21.000  10  10    0  198
 53  55.000  20.000  10  -7  149  159
 54   8.000  56.000  10  -5    0  185
 55   2.000  48.000  10  -9    0  184
 56  49.000  73.000  10 -16  127  137
 57  56.000  37.000  10 -19  182  192
 58  12.000  24.000  10 -19    0  194
 59  26.000  35.000  10 -12    0  211
 60  20.000  65.000  10 -17   67   77
 61  49.000  58.000  10  -9    0  193
 62  49.000  11.000  10 -18    0  192
 63  64.000  42.000  10 -29    0  190
 64  55.000  45.000  10 -17    0  197
 65  37.000  47.000  10 -16   50   60
 66  41.000  49.000  10 -21    0  204
 67  30.000  60.000  10 -11  124  134
 68  15.000  77.000  10  -5   73   83
 69  15.000  19.000  10 -16    0  194
 70  67.000   5.000  10 -31   83   93
 71  56.000  39.000  10  -9  142  152
 72  45.000  20.000  10  -5    0  201
 73  47.000  16.000  10  -5    0  197
 74  30.000   5.000  10  -7   61   71
 75  16.000  22.000  10 -18    0  196
 76  20.000  26.000  10 -16   83   93
 77  15.000  47.000  10 -36    0  196
 78  35.000  69.000  10 -30    0  186
 79  49.000  42.000  10 -13   73   83
 80   5.000  30.000  10  -9  157  167
 81  37.000  31.000  10 -14   95  105
 82  57.000  29.000  10 -18    0  197
 83  65.000  35.000  10  -2    0  190
 84  65.000  20.000  10  -6  172  182
 85  44.000  17.000  10  -7    0  199
 86  25.000  30.000  10  -3   99  109
 87  11.000  31.000  10 -19  101  111
 88  27.000  69.000  10 -10    0  185
 89  41.000  37.000  10 -20    0  213
 90  63.000  65.000  10 -15  143  153
 91  36.000  26.000  10  -8  200  210
 92  65.000  55.000  10  -3    0  183
 93  31.000  52.000  10 -23    0  202
 94  53.000  43.000  10 -26  179  189
 95  15.000  30.000  10 -11    0  199
 96  20.000  20.000  10 -35    0  198
 97  26.000  52.000  10  -9   74   84
 98  37.000  56.000  10  -3  182  192
 99  18.000  18.000  10  -2  185  195
100  21.000  24.000  10 -22    0  202
101  25.000  24.000  10 -27    0  205
102  28.000  18.000  10 -11   93  103
103  30.000  25.000  10 -12  159  169
104  15.000  10.000  10 -10    0  187
105  35.000  35.000   0   0    0  230
