52 52 1000 200 1000
  0  35.000  35.000   0   0    0  230
  1  55.000  45.000  10  13    0  197
  2  15.000  30.000  10  26    0  199
  3  25.000  30.000  10   3   89  119
  4  10.000  43.000  10   9   85  115
  5  55.000  60.000  10  16   87  117
  6  30.000   5.000  10   8   51   81
  7  15.000  60.000  10  17   66   96
  8  45.000  20.000  10  11    0  201
  9  65.000  20.000   0   6  156  186
 10  45.000  30.000  10  17    0  208
 11  35.000  40.000   0  16   27   57
 12  41.000  37.000  10  16   29   59
 13  64.000  42.000  10   9   53   83
 14  40.000  60.000  10  21   61   91
 15  20.000  20.000  10   8    0  198
 16   5.000   5.000  10  16   73  103
 17  60.000  12.000  10  31   34   64
 18  40.000  25.000  10   9   75  105
 19  42.000   7.000  10   5   87  117
 20  24.000  12.000  10   5   25   55
 21  11.000  14.000  10  18   59   89
 22   6.000  38.000  10  16   29   59
 23   2.000  48.000   0   1  107  137
 24   8.000  56.000  10  27   41   71
 25  13.000  52.000  10  36    0  192
 26   6.000  68.000  10  30   98  128
 27  47.000  47.000  10  13    0  203
 28  57.000  29.000  10  18  130  160
 29  53.000  12.000  10   6  120  150
 30  21.000  24.000  10  28    0  202
 31  12.000  24.000  10  13   66   96
 32  24.000  58.000  10  19   48   78
 33  27.000  69.000  10  10   34   64
 34  15.000  77.000  10   9   63   93
 35  62.000  77.000  10  20   49   79
 36  49.000  73.000  10  25  117  147
 37  56.000  39.000  10  36  132  162
 38  37.000  47.000  10   6   40   70
 39  57.000  68.000  10  15   67   97
 40  47.000  16.000  10  25    0  197
 41  46.000  13.000  10   8  139  169
 42  57.000  48.000  10  23   82  112
 43  55.000  54.000  10  26   84  114
 44  14.000  37.000  10  11    0  198
 45  16.000  22.000  10  41    0  196
 46  26.000  52.000  10   9   64   94
 47  31.000  67.000  10   3   85  115
 48  22.000  22.000  10   2   18   48
 49  26.000  27.000  10  27    0  207
 50  22.000  27.000  10  11    0  204
 51  25.000  21.000   0  12  123  153
 52  18.000  18.000  10  17  165  195
 53  53.000  43.000  10 -13  169  199
 54  17.000  34.000  10 -26  152  182
 55  26.000  35.000  10  -3  166  196
 56   5.000  30.000  10  -9  147  177
 57  63.000  65.000  10 -16  133  163
 58  28.000  18.000  10  -8   83  113
 59  15.000  47.000  10 -17    0  196
 60  67.000   5.000  10 -11   73  103
 61  65.000  20.000  10  -6  156  186
 62  45.000  10.000  10 -17   87  117
 63  35.000  40.000  10 -16   27   57
 64  44.000  17.000  10 -16   68   98
 65  61.000  52.000  10  -9   86  116
 66  41.000  49.000  10 -21    0  204
 67  23.000   3.000  10  -8  122  152
 68  18.000  24.000  10 -16  169  199
 69  63.000  23.000  10 -31  126  156
 70  37.000  31.000  10  -9   85  115
 71  49.000  11.000  10  -5    0  192
 72  30.000  25.000  10  -5  149  179
 73   4.000  18.000  10 -18   84  114
 74  20.000  40.000  10 -16   77  107
 75   2.000  48.000  10  -1  107  137
 76  27.000  43.000  10 -27    0  208
 77   2.000  60.000  10 -36   41   71
 78  20.000  50.000  10 -30    0  198
 79  53.000  52.000  10 -13   27   57
 80  55.000  20.000  10 -18  139  169
 81  36.000  26.000  10  -6  180  210
 82  15.000  10.000  10 -28   32   62
 83  20.000  26.000  10 -13   73  103
 84  45.000  65.000  10 -19  116  146
 85  20.000  65.000  10 -10   57   87
 86  30.000  60.000  10  -9  114  144
 87  65.000  55.000  10 -20    0  183
 88  37.000  56.000  10 -25  168  198
 89  56.000  37.000  10 -36  168  198
 90  49.000  42.000  10  -6   63   93
 91  49.000  58.000  10 -15   78  108
 92  55.000   5.000  10 -25   58   88
 93  35.000  17.000  10  -8    0  202
 94  50.000  35.000  10 -23    0  205
 95  65.000  35.000  10 -26  143  173
 96  11.000  31.000  10 -11   91  121
 97  10.000  20.000  10 -41   65   95
 98  35.000  69.000  10  -9  131  161
 99  31.000  52.000  10  -3    0  202
100  25.000  24.000  10  -2    0  205
101  32.000  12.000  10 -27   91  121
102  15.000  19.000  10 -11    0  194
103  25.000  21.000  10 -12  123  153
104  19.000  21.000  10 -17    0  198
105  35.000  35.000   0   0    0  230
