53 53 1000 200 1000
  0  35.000  35.000   0   0    0  230
  1  35.000  17.000  10   7   40   70
  2  55.000  45.000  10  13  106  136
  3  15.000  30.000  10  26   24   54
  4  55.000  60.000  10  16   87  117
  5  50.000  35.000  10  19   53   83
  6  15.000  10.000  10  20   32   62
  7  30.000   5.000  10   8   51   81
  8   5.000  30.000  10   2  147  177
  9  45.000  20.000  10  11   52   82
 10  45.000  10.000  10  18   87  117
 11  55.000   5.000  10  29   58   88
 12  35.000  40.000  10  16   27   57
 13  41.000  37.000  10  16   29   59
 14  40.000  60.000  10  21   61   91
 15  31.000  52.000  10  27   40   70
 16  35.000  69.000   0  23  131  161
 17  53.000  52.000  10  11   27   57
 18  65.000  55.000  10  14  107  137
 19   2.000  60.000  10   5   41   71
 20  60.000  12.000  10  31   34   64
 21  42.000   7.000  10   5   87  117
 22  24.000  12.000  10   5   25   55
 23  23.000   3.000  10   7  122  152
 24  11.000  14.000  10  18   59   89
 25   6.000  38.000   0  16   29   59
 26   2.000  48.000  10   1  107  137
 27   8.000  56.000  10  27   41   71
 28  47.000  47.000  10  13  114  144
 29  49.000  58.000  10  10   78  108
 30  27.000  43.000  10   9   42   72
 31  37.000  31.000  10  14   85  115
 32  21.000  24.000  10  28   17   47
 33  24.000  58.000  10  19   48   78
 34  27.000  69.000  10  10   34   64
 35  15.000  77.000  10   9   63   93
 36  62.000  77.000   0  20   49   79
 37  67.000   5.000  10  25   73  103
 38  56.000  39.000   0  36  132  162
 39  57.000  68.000  10  15   67   97
 40  47.000  16.000  10  25   25   55
 41  44.000  17.000  10   9   68   98
 42  49.000  42.000  10  13   63   93
 43  15.000  47.000  10  16   45   75
 44  14.000  37.000  10  11   34   64
 45  16.000  22.000  10  41   81  111
 46  26.000  35.000   0  15  166  196
 47  31.000  67.000  10   3   85  115
 48  15.000  19.000  10   1  150  180
 49  26.000  27.000  10  27   90  120
 50  25.000  24.000  10  20   29   59
 51  22.000  27.000   0  11  125  155
 52  25.000  21.000  10  12  123  153
 53  19.000  21.000  10  10   48   78
 54  32.000  12.000  10  -7   91  121
 55  56.000  37.000  10 -13  168  198
 56  10.000  20.000  10 -26   65   95
 57  49.000  73.000  10 -16  117  147
 58  64.000  42.000  10 -19   53   83
 59   4.000  18.000  10 -20   84  114
 60  28.000  18.000  10  -8   83  113
 61  17.000  34.000  10  -2  152  182
 62  49.000  11.000  10 -11   59   89
 63  36.000  26.000  10 -18  180  210
 64  55.000  20.000  10 -29  139  169
 65  37.000  47.000  10 -16   40   70
 66  57.000  48.000  10 -16   82  112
 67  63.000  65.000  10 -21  133  163
 68  55.000  54.000  10 -27   84  114
 69  35.000  69.000  10 -23  131  161
 70  41.000  49.000  10 -11  151  181
 71  53.000  43.000  10 -14  169  199
 72  15.000  60.000  10  -5   66   96
 73  63.000  23.000  10 -31  126  156
 74  46.000  13.000  10  -5  139  169
 75   5.000   5.000  10  -5   73  103
 76  18.000  18.000  10  -7  165  195
 77  20.000  20.000  10 -18  124  154
 78   6.000  38.000  10 -16   29   59
 79  13.000  52.000  10  -1  155  185
 80   6.000  68.000  10 -27   98  128
 81  65.000  35.000  10 -13  143  173
 82  61.000  52.000  10 -10   86  116
 83  20.000  50.000  10  -9   71  101
 84  45.000  30.000  10 -14  122  152
 85  12.000  24.000  10 -28   66   96
 86  26.000  52.000  10 -19   64   94
 87  37.000  56.000  10 -10  168  198
 88  20.000  65.000  10  -9   57   87
 89  62.000  77.000  10 -20   49   79
 90  57.000  29.000  10 -25  130  160
 91  56.000  39.000  10 -36  132  162
 92  45.000  65.000  10 -15  116  146
 93  65.000  20.000  10 -25  156  186
 94  53.000  12.000  10  -9  120  150
 95  40.000  25.000  10 -13   75  105
 96  10.000  43.000  10 -16   85  115
 97  20.000  40.000  10 -11   77  107
 98  11.000  31.000  10 -41   91  121
 99  26.000  35.000  10 -15  166  196
100  30.000  60.000  10  -3  114  144
101  18.000  24.000  10  -1  169  199
102  25.000  30.000  10 -27   89  119
103  22.000  22.000  10 -20   18   48
104  22.000  27.000  10 -11  125  155
105  30.000  25.000  10 -12  149  179
106  20.000  26.000  10 -10   73  103
107  35.000  35.000   0   0    0  230
