54 54 1000 200 1000
  0  35.000  35.000   0   0    0  230
  1  41.000  49.000  10  10   15  204
  2  35.000  17.000  10   7   18  202
  3  20.000  50.000  10   5   21  170
  4  10.000  43.000   0   9   87  112
  5  55.000  60.000  10  16   88  115
  6  20.000  65.000  10  12   57   86
  7  15.000  10.000  10  20   32  187
  8  30.000   5.000  10   8   50   81
  9   5.000  30.000  10   2  124  189
 10  20.000  40.000  10  12   47  136
 11  15.000  60.000  10  17   32  146
 12  45.000  20.000  10  11   18  195
 13  55.000   5.000  10  29   58   87
 14  65.000  20.000  10   6  153  186
 15  35.000  40.000   0  16    8   75
 16  41.000  37.000  10  16    6  136
 17  64.000  42.000  10   9   29  150
 18  40.000  60.000  10  21   49  102
 19  53.000  52.000  10  11   24   92
 20  63.000  65.000  10   8  116  178
 21  20.000  20.000  10   8   42  198
 22  60.000  12.000  10  31   33  110
 23  40.000  25.000  10   9   65  114
 24  23.000   3.000  10   7   82  185
 25  11.000  14.000  10  18   59   88
 26   2.000  48.000  10   1   63  180
 27  27.000  43.000  10   9   11  195
 28  57.000  29.000  10  18   90  197
 29  32.000  12.000   0   7   48  163
 30  21.000  24.000  10  28   17  202
 31  12.000  24.000  10  13   29  132
 32  24.000  58.000  10  19   46   79
 33  27.000  69.000  10  10   34  172
 34  15.000  77.000  10   9   48  107
 35  62.000  77.000  10  20   49  113
 36  37.000  47.000  10   6   39   70
 37  37.000  56.000   0   5  123  198
 38  44.000  17.000   0   9   30  135
 39  46.000  13.000  10   8  138  169
 40  49.000  11.000  10  18   27  192
 41  49.000  42.000  10  13   65   90
 42  53.000  43.000   0  14  168  199
 43  61.000  52.000  10   3   71  130
 44  15.000  47.000   0  16   23  196
 45  14.000  37.000  10  11   21  198
 46  11.000  31.000  10   7   93  118
 47   4.000  18.000  10  35   49  148
 48  26.000  52.000  10   9   50  107
 49  26.000  35.000   0  15   68  211
 50  22.000  22.000  10   2   18   53
 51  26.000  27.000  10  27   35  174
 52  25.000  24.000  10  20   14  205
 53  20.000  26.000  10   9   74  101
 54  18.000  18.000  10  17  159  195
 55  55.000  54.000  10 -10   57  140
 56  45.000  10.000  10  -7   76  127
 57   2.000  60.000  10  -5   41  112
 58  10.000  43.000  10  -9   87  112
 59  47.000  47.000  10 -16   41  203
 60  45.000  65.000  10 -12   79  182
 61  10.000  20.000  10 -20   29  139
 62  47.000  16.000  10  -8   22  197
 63  17.000  34.000  10  -2   70  201
 64   6.000  38.000  10 -12   29   99
 65   8.000  56.000  10 -17   34  176
 66  36.000  26.000  10 -11  178  210
 67  63.000  23.000  10 -29  126  155
 68  65.000  35.000  10  -6   58  190
 69  35.000  40.000  10 -16    8   75
 70  57.000  48.000  10 -16   84  109
 71  55.000  45.000  10  -9   54  187
 72  49.000  58.000  10 -21   36  149
 73  57.000  68.000  10 -11   39  148
 74  65.000  55.000  10  -8   36  183
 75  25.000  30.000  10  -8   76  131
 76  56.000  37.000  10 -31  135  198
 77  50.000  35.000  10  -9   15  192
 78  42.000   7.000  10  -7   72  131
 79   5.000   5.000  10 -18   74  101
 80  13.000  52.000  10  -1   27  192
 81  31.000  52.000  10  -9   17  198
 82  45.000  30.000  10 -18   58  208
 83  32.000  12.000  10  -7   48  163
 84  25.000  21.000  10 -28   92  183
 85  22.000  27.000  10 -13   51  204
 86  30.000  60.000  10 -19  107  150
 87  35.000  69.000  10 -10   67  186
 88   6.000  68.000  10  -9   93  132
 89  49.000  73.000  10 -20  104  159
 90  37.000  31.000  10  -6   87  112
 91  37.000  56.000  10  -5  123  198
 92  44.000  17.000  10  -9   30  135
 93  53.000  12.000  10  -8  106  163
 94  67.000   5.000  10 -18   73  102
 95  55.000  20.000  10 -13  138  169
 96  53.000  43.000  10 -14  168  199
 97  56.000  39.000  10  -3  117  176
 98  15.000  47.000  10 -16   23  196
 99  15.000  19.000  10 -11   25  194
100  16.000  22.000  10  -7   23  177
101  15.000  30.000  10 -35   20  199
102  31.000  67.000  10  -9   46  153
103  26.000  35.000  10 -15   68  211
104  19.000  21.000  10  -2   21  198
105  30.000  25.000  10 -27  147  180
106  24.000  12.000  10 -20   25   91
107  28.000  18.000  10  -9   88  107
108  18.000  24.000  10 -17  129  199
109  35.000  35.000   0   0    0  230
