51 51 1000 1000 1000
  0  35.000  35.000   0   0    0 1000
  1  41.000  49.000  10  10  636  919
  2  35.000  17.000  10   7   74  351
  3  55.000  45.000  10  13  498  613
  4  55.000  20.000  10  19  470  965
  5  25.000  30.000   0   3  266  663
  6  20.000  50.000  10   5  292  449
  7  20.000  65.000  10  12   33  510
  8  50.000  35.000  10  19  170  403
  9  30.000  25.000  10  23  426  978
 10  15.000  10.000  10  20   32  454
 11  10.000  20.000  10  19  222  423
 12   5.000  30.000  10   2  409  959
 13  45.000  20.000  10  11  156  389
 14  35.000  40.000  10  16    5  612
 15  41.000  37.000  10  16   44  325
 16  64.000  42.000  10   9  129  374
 17  40.000  60.000  10  21  115  498
 18  31.000  52.000  10  27   91  336
 19  35.000  69.000  10  23  602  835
 20  63.000  65.000  10   8  439  948
 21   5.000   5.000  10  16  147  560
 22  60.000  12.000  10  31   33  797
 23  23.000   3.000  10   7  578  747
 24  49.000  58.000  10  10  296  505
 25  27.000  43.000  10   9  111  362
 26  37.000  31.000  10  14  301  602
 27  36.000  26.000   0  18  458  980
 28  21.000  24.000  10  28   17  441
 29  12.000  24.000  10  13  246  421
 30  24.000  58.000  10  19   25  583
 31  15.000  77.000  10   9   46  523
 32  49.000  73.000  10  25  440  845
 33  67.000   5.000  10  25  132  563
 34  37.000  47.000  10   6   12  535
 35  57.000  68.000  10  15  218  417
 36  44.000  17.000  10   9  263  444
 37  49.000  11.000  10  18  182  399
 38  49.000  42.000  10  13  166  497
 39  61.000  52.000  10   3  212  671
 40  57.000  48.000  10  23  273  580
 41  56.000  37.000  10   6  452  968
 42  15.000  47.000  10  16   99  352
 43  14.000  37.000  10  11   21  328
 44  11.000  31.000  10   7  323  624
 45   4.000  18.000  10  35  350  503
 46  26.000  52.000  10   9  114  553
 47  31.000  67.000  10   3  345  534
 48  22.000  22.000  10   2   18  673
 49  26.000  27.000  10  27  403  536
 50  19.000  21.000  10  10  122  367
 51  18.000  18.000  10  17  297  965
 52  63.000  23.000  10 -10  442  917
 53  55.000   5.000  10  -7   36  513
 54  57.000  29.000  10 -13  595  780
 55  46.000  13.000  10 -19  479  965
 56  25.000  30.000  10  -3  266  663
 57  30.000  60.000  10  -5  496  713
 58  27.000  69.000  10 -12   34  348
 59  42.000   7.000  10 -19  225  682
 60  24.000  12.000  10 -23   25  616
 61  20.000  40.000  10 -20  349  462
 62  10.000  43.000  10 -19  288  597
 63   2.000  60.000  10  -2   41  710
 64  47.000  16.000  10 -11   22  377
 65   8.000  56.000  10 -16   34  362
 66  45.000  30.000  10 -16  548  707
 67  40.000  25.000  10  -9  243  554
 68  53.000  52.000  10 -21   24  646
 69  15.000  60.000  10 -27  215  432
 70  13.000  52.000  10 -23  694  962
 71  56.000  39.000  10  -8  464  925
 72   6.000  68.000  10 -16  444  597
 73  45.000  10.000  10 -31  280  623
 74  15.000  19.000  10  -7  675  930
 75  55.000  54.000  10 -10  388  479
 76  15.000  30.000  10  -9   20  370
 77  25.000  21.000  10 -14  582  703
 78  36.000  26.000  10 -18  458  980
 79  25.000  24.000  10 -28   22  301
 80  17.000  34.000  10 -13  651  932
 81  47.000  47.000  10 -19  499  690
 82  53.000  43.000  10  -9  430  970
 83  37.000  56.000  10 -25  249  968
 84  22.000  27.000  10 -25  565  732
 85  65.000  55.000  10  -6  487  656
 86  55.000  60.000  10 -15  254  643
 87  30.000   5.000  10  -9   30  529
 88  32.000  12.000  10 -18  366  585
 89  28.000  18.000  10 -13  380  487
 90  62.000  77.000  10  -3   49  608
 91  65.000  20.000  10 -23  400  956
 92  53.000  12.000  10  -6  426  851
 93  11.000  14.000  10 -16   72  501
 94  20.000  26.000  10 -11  185  580
 95  26.000  35.000  10  -7  649  981
 96   6.000  38.000  10 -35   29  669
 97  45.000  65.000  10  -9  538  709
 98  65.000  35.000  10  -3  633  918
 99   2.000  48.000  10  -2  458  685
100  20.000  20.000  10 -27  563  736
101  16.000  22.000  10 -10  333  504
102  18.000  24.000  10 -17  339  969
103  35.000  35.000   0   0    0 1000
