50 50 1000 1000 1000
  0  35.000  35.000   0   0    0 1000
  1  20.000  50.000  10   5    0  968
  2  10.000  43.000  10   9  404  481
  3  55.000  60.000  10  16  400  497
  4  20.000  65.000  10  12  206  325
  5  50.000  35.000  10  19    0  975
  6  30.000   5.000  10   8  175  300
  7  10.000  20.000  10  19    0  960
  8   5.000  30.000  10   2    0  959
  9  20.000  40.000  10  12    0  974
 10  15.000  60.000  10  17    0  957
 11  45.000  10.000  10  18    0  963
 12  35.000  40.000  10  16    0  985
 13  41.000  37.000  10  16    0  983
 14  64.000  42.000  10   9    0  960
 15  35.000  69.000  10  23    0  956
 16  65.000  55.000  10  14    0  953
 17   2.000  60.000  10   5    0  948
 18   5.000   5.000  10  16  302  405
 19  42.000   7.000  10   5    0  961
 20  24.000  12.000  10   5    0  964
 21  11.000  14.000  10  18  233  340
 22   6.000  38.000  10  16    0  960
 23  13.000  52.000  10  36    0  962
 24  49.000  58.000  10  10    0  963
 25  27.000  43.000  10   9    0  978
 26  37.000  31.000  10  14  414  489
 27  57.000  29.000  10  18    0  967
 28  32.000  12.000  10   7    0  966
 29  21.000  24.000  10  28    0  972
 30  24.000  58.000  10  19  163  302
 31  27.000  69.000  10  10    0  955
 32  62.000  77.000  10  20    0  940
 33  49.000  73.000  10  25    0  949
 34  56.000  39.000  10  36    0  968
 35  37.000  47.000  10   6  162  293
 36  37.000  56.000  10   5    0  968
 37  44.000  17.000  10   9    0  969
 38  49.000  11.000  10  18    0  962
 39  49.000  42.000  10  13  290  373
 40  61.000  52.000  10   3    0  958
 41  15.000  47.000  10  16    0  966
 42  14.000  37.000  10  11    0  968
 43  11.000  31.000  10   7  436  511
 44   4.000  18.000  10  35    0  954
 45  28.000  18.000  10  26  420  447
 46  15.000  19.000  10   1    0  964
 47  22.000  22.000  10   2   18  181
 48  26.000  27.000  10  27    0  977
 49  25.000  24.000  10  20    0  975
 50  19.000  21.000  10  10    0  968
 51  31.000  52.000  10  -5    0  972
 52  55.000  45.000  10  -9    0  967
 53  45.000  20.000  10 -16    0  971
 54  67.000   5.000  10 -12  294  401
 55  63.000  65.000  10 -19    0  948
 56  30.000  60.000  10  -8    0  964
 57  12.000  24.000  10 -19    0  964
 58   2.000  48.000  10  -2    0  954
 59  20.000  20.000  10 -12    0  968
 60  26.000  52.000  10 -17    0  970
 61   6.000  68.000  10 -18    0  946
 62  65.000  35.000  10 -16    0  960
 63  25.000  21.000  10 -16    0  972
 64  30.000  25.000  10  -9  690  827
 65  36.000  26.000  10 -23  849  980
 66  55.000  20.000  10 -14  678  801
 67  15.000  77.000  10  -5    0  943
 68  17.000  34.000  10 -16    0  971
 69  23.000   3.000  10  -5    0  955
 70  55.000   5.000  10  -5  206  325
 71  41.000  49.000  10 -18    0  974
 72  40.000  60.000  10 -16    0  964
 73  18.000  24.000  10 -36    0  969
 74  63.000  23.000  10 -10  620  739
 75  55.000  54.000  10  -9    0  962
 76  45.000  65.000  10 -14    0  958
 77  40.000  25.000  10 -18    0  978
 78  65.000  20.000  10  -7  817  956
 79  25.000  30.000  10 -28    0  978
 80  57.000  48.000  10 -19  388  465
 81  53.000  52.000  10 -10    0  965
 82  35.000  17.000  10 -20    0  972
 83  57.000  68.000  10 -25    0  950
 84  45.000  30.000  10 -36    0  978
 85  60.000  12.000  10  -6    0  956
 86  56.000  37.000  10  -5    0  968
 87  22.000  27.000  10  -9    0  974
 88  31.000  67.000  10 -18    0  957
 89  18.000  18.000  10 -13  798  965
 90  46.000  13.000  10  -3  681  802
 91  47.000  16.000  10 -16    0  967
 92  47.000  47.000  10 -11    0  973
 93   8.000  56.000  10  -7    0  955
 94  20.000  26.000  10 -35  333  432
 95  53.000  43.000  10 -26  817  952
 96  26.000  35.000  10  -1    0  981
 97  15.000  10.000  10  -2    0  957
 98  53.000  12.000  10 -27    0  960
 99  15.000  30.000  10 -20    0  969
100  16.000  22.000  10 -10    0  966
101  35.000  35.000   0   0    0 1000
