50 50 1000 1000 1000
  0  35.000  35.000   0   0    0 1000
  1  41.000  49.000  10  10    0  974
  2  55.000  45.000  10  13    0  967
  3  15.000  30.000  10  26    0  969
  4  25.000  30.000  10   3  345  585
  5  20.000  50.000  10   5    0  968
  6  10.000  43.000  10   9  323  563
  7  30.000  60.000  10  16  485  725
  8  20.000  65.000  10  12  146  386
  9  50.000  35.000  10  19    0  975
 10  15.000  10.000  10  20   32  272
 11  10.000  20.000  10  19  203  443
 12  15.000  60.000  10  17  204  444
 13  45.000  20.000  10  11    0  971
 14  45.000  10.000  10  18  332  572
 15  55.000   5.000  10  29  146  386
 16  45.000  30.000  10  17    0  978
 17  35.000  40.000  10  16   60  300
 18  41.000  37.000  10  16   65  305
 19  64.000  42.000  10   9  132  372
 20  31.000  52.000  10  27    0  972
 21  53.000  52.000  10  11   24  264
 22  65.000  55.000  10  14    0  953
 23   2.000  60.000  10   5   41  281
 24  60.000  12.000  10  31   33  273
 25  40.000  25.000  10   9  279  519
 26  42.000   7.000  10   5  334  574
 27  24.000  12.000  10   5   25  265
 28  23.000   3.000  10   7  543  783
 29  11.000  14.000  10  18  167  407
 30   8.000  56.000  10  27   48  288
 31  13.000  52.000  10  36    0  962
 32  47.000  47.000  10  13    0  973
 33  21.000  24.000  10  28    0  972
 34  17.000  34.000  10   3  672  912
 35  24.000  58.000  10  19  113  353
 36  27.000  69.000  10  10   34  274
 37  62.000  77.000  10  20   49  289
 38  37.000  47.000  10   6  108  348
 39  57.000  68.000  10  15  198  438
 40  47.000  16.000  10  25    0  967
 41  44.000  17.000  10   9  234  474
 42  49.000  11.000  10  18    0  962
 43  15.000  47.000  10  16    0  966
 44  11.000  31.000  10   7  354  594
 45   4.000  18.000  10  35  307  547
 46  28.000  18.000  10  26  314  554
 47  26.000  52.000  10   9  214  454
 48  31.000  67.000  10   3  320  560
 49  22.000  22.000  10   2   18  258
 50  25.000  21.000  10  12  523  763
 51  46.000  13.000  10 -10  622  862
 52  55.000  54.000  10 -13  314  554
 53   5.000   5.000  10 -26  234  474
 54  56.000  37.000  10  -3  728  968
 55  18.000  24.000  10  -5  729  969
 56  14.000  37.000  10  -9    0  968
 57  37.000  56.000  10 -16  728  968
 58  26.000  35.000  10 -12  718  958
 59  49.000  58.000  10 -19  281  521
 60  19.000  21.000  10 -20    0  968
 61  36.000  26.000  10 -19  740  980
 62  16.000  22.000  10 -17    0  966
 63  65.000  20.000  10 -11  716  956
 64  35.000  17.000  10 -18    0  972
 65  57.000  29.000  10 -29  568  808
 66  67.000   5.000  10 -17  228  468
 67  55.000  20.000  10 -16  620  860
 68  57.000  48.000  10 -16  307  547
 69  45.000  65.000  10  -9  504  744
 70  27.000  43.000  10 -27    0  978
 71  61.000  52.000  10 -11  322  562
 72  49.000  73.000  10 -14  523  763
 73  30.000   5.000  10  -5  118  358
 74  25.000  24.000  10 -31    0  975
 75  56.000  39.000  10  -9  575  815
 76  32.000  12.000  10  -5  356  596
 77  18.000  18.000  10  -5  725  965
 78  65.000  35.000  10  -7  656  896
 79   2.000  48.000  10 -18  452  692
 80  12.000  24.000  10 -27  214  454
 81  15.000  19.000  10 -36    0  964
 82  20.000  26.000  10 -13  263  503
 83   6.000  68.000  10 -28  401  641
 84   5.000  30.000  10  -3  682  922
 85  63.000  65.000  10 -19  630  870
 86  35.000  69.000  10 -10  599  839
 87  15.000  77.000  10 -20  154  394
 88  49.000  42.000  10  -6  212  452
 89  55.000  60.000  10 -15  329  569
 90  22.000  27.000  10 -25    0  974
 91  37.000  31.000  10  -9  332  572
 92  53.000  43.000  10 -18  730  970
 93   6.000  38.000  10 -16   29  269
 94  30.000  25.000  10  -7  639  879
 95  26.000  27.000  10 -35    0  977
 96  63.000  23.000  10 -26  560  800
 97  20.000  20.000  10  -9    0  968
 98  40.000  60.000  10  -3  187  427
 99  20.000  40.000  10  -2  286  526
100  53.000  12.000  10 -12  519  759
101  35.000  35.000   0   0    0 1000
