51 51 1000 1000 1000
  0  35.000  35.000   0   0    0 1000
  1  55.000  45.000  10  13  436  676
  2  15.000  30.000  10  26   20  260
  3  25.000  30.000  10   3  345  585
  4  20.000  50.000  10   5  251  491
  5  30.000  60.000  10  16  485  725
  6  20.000  65.000  10  12  146  386
  7  50.000  35.000  10  19  167  407
  8  15.000  10.000  10  20   32  272
  9  20.000  40.000  10  12  286  526
 10  45.000  65.000  10   9  504  744
 11  45.000  20.000  10  11  153  393
 12  55.000   5.000  10  29  146  386
 13  65.000  20.000  10   6  716  956
 14  35.000  40.000  10  16   60  300
 15  41.000  37.000  10  16   65  305
 16  64.000  42.000  10   9  132  372
 17  31.000  52.000  10  27   94  334
 18  35.000  69.000  10  23  599  839
 19  53.000  52.000  10  11   24  264
 20  63.000  65.000  10   8  630  870
 21   2.000  60.000  10   5   41  281
 22  60.000  12.000  10  31   33  273
 23  42.000   7.000  10   5  334  574
 24  11.000  14.000  10  18  167  407
 25   6.000  38.000  10  16   29  269
 26   8.000  56.000  10  27   48  288
 27  13.000  52.000  10  36  720  960
 28  57.000  29.000  10  18  568  808
 29  21.000  24.000  10  28   17  257
 30  17.000  34.000  10   3  672  912
 31  27.000  69.000  10  10   34  274
 32  15.000  77.000  10   9  154  394
 33  56.000  39.000   0  36  575  815
 34  37.000  47.000  10   6  108  348
 35  57.000  68.000  10  15  198  438
 36  47.000  16.000  10  25   22  262
 37  49.000  11.000  10  18  171  411
 38  53.000  43.000  10  14  730  970
 39  57.000  48.000  10  23  307  547
 40  55.000  54.000   0  26  314  554
 41  15.000  47.000  10  16  106  346
 42  14.000  37.000  10  11   53  293
 43  16.000  22.000  10  41  299  539
 44  28.000  18.000  10  26  314  554
 45  26.000  52.000  10   9  214  454
 46  15.000  19.000  10   1  683  923
 47  22.000  22.000  10   2   18  258
 48  18.000  24.000  10  22  729  969
 49  25.000  24.000  10  20   42  282
 50  22.000  27.000  10  11  529  769
 51  19.000  21.000  10  10  125  365
 52  47.000  47.000  10 -13  475  715
 53  37.000  31.000  10 -26  332  572
 54  45.000  10.000  10  -3  332  572
 55  20.000  26.000  10  -5  263  503
 56   5.000  30.000  10 -16  682  922
 57  65.000  35.000  10 -12  656  896
 58  49.000  73.000  10 -19  523  763
 59  10.000  20.000  10 -20  203  443
 60  46.000  13.000  10 -12  622  862
 61  55.000  60.000  10  -9  329  569
 62  12.000  24.000  10 -11  214  454
 63  10.000  43.000  10 -29  323  563
 64  63.000  23.000  10  -6  560  800
 65  62.000  77.000  10 -16   49  289
 66  49.000  42.000  10 -16  212  452
 67  49.000  58.000  10  -9  281  521
 68  44.000  17.000  10 -27  234  474
 69  20.000  20.000  10 -23  530  770
 70  40.000  60.000  10 -11  187  427
 71  65.000  55.000  10  -8  452  692
 72  41.000  49.000  10  -5  658  898
 73  67.000   5.000  10 -31  228  468
 74  23.000   3.000  10  -5  543  783
 75  11.000  31.000  10 -18  354  594
 76  32.000  12.000  10 -16  356  596
 77  24.000  58.000  10 -27  113  353
 78  26.000  35.000  10 -36  718  958
 79  56.000  37.000  10 -18  728  968
 80  30.000   5.000  10 -28  118  358
 81  25.000  21.000  10  -3  523  763
 82  15.000  60.000  10 -10  204  444
 83  53.000  12.000  10  -9  519  759
 84  56.000  39.000  10 -36  575  815
 85  27.000  43.000  10  -6  117  357
 86  61.000  52.000  10 -15  322  562
 87   4.000  18.000  10 -25  307  547
 88  35.000  17.000  10 -18   93  333
 89  37.000  56.000  10 -14  728  968
 90  45.000  30.000  10 -23  508  748
 91  55.000  54.000  10 -26  314  554
 92  55.000  20.000  10 -16  620  860
 93  40.000  25.000  10 -11  279  519
 94   5.000   5.000  10 -41  234  474
 95   6.000  68.000  10 -26  401  641
 96  26.000  27.000  10  -9  350  590
 97  36.000  26.000  10  -1  740  980
 98  24.000  12.000  10  -2   25  265
 99  30.000  25.000  10 -22  639  879
100   2.000  48.000  10 -20  452  692
101  18.000  18.000  10 -11  725  965
102  31.000  67.000  10 -10  320  560
103  35.000  35.000   0   0    0 1000
