50 50 1000 1000 1000
  0  35.000  35.000   0   0    0 1000
  1  35.000  17.000  10   7    0  972
  2  55.000  45.000  10  13    0  967
  3  10.000  43.000  10   9  404  481
  4  55.000  60.000  10  16  400  497
  5  20.000  65.000  10  12  206  325
  6  50.000  35.000  10  19    0  975
  7  30.000  25.000  10  23  690  827
  8  15.000  10.000  10  20   32  243
  9  10.000  20.000  10  19  272  373
 10  15.000  60.000  10  17  269  378
 11  45.000  20.000  10  11    0  971
 12  41.000  37.000  10  16  114  255
 13  64.000  42.000  10   9  190  313
 14  40.000  60.000  10  21  259  354
 15  31.000  52.000  10  27    0  972
 16  53.000  52.000  10  11   45  200
 17  65.000  55.000  10  14    0  953
 18   2.000  60.000  10   5   41  208
 19   5.000   5.000  10  16  302  405
 20  60.000  12.000  10  31   33  224
 21  40.000  25.000  10   9  360  437
 22  24.000  12.000  10   5   25  172
 23   6.000  38.000  10  16   29  189
 24   2.000  48.000  10   1  515  628
 25   8.000  56.000  10  27   85  250
 26  13.000  52.000  10  36    0  962
 27  47.000  47.000  10  13    0  973
 28  53.000  12.000  10   6  585  692
 29  32.000  12.000  10   7  421  530
 30  21.000  24.000  10  28    0  972
 31  12.000  24.000  10  13  290  377
 32  15.000  77.000  10   9  214  333
 33  49.000  73.000  10  25  592  693
 34  37.000  47.000  10   6  162  293
 35  57.000  68.000  10  15  268  367
 36  47.000  16.000  10  25    0  967
 37  49.000  11.000  10  18    0  962
 38  49.000  42.000  10  13  290  373
 39  61.000  52.000  10   3  384  499
 40  15.000  47.000  10  16    0  966
 41  14.000  37.000  10  11    0  968
 42  16.000  22.000  10  41    0  966
 43   4.000  18.000  10  35  388  465
 44  28.000  18.000  10  26  420  447
 45  26.000  52.000  10   9  279  388
 46  22.000  22.000  10   2   18  181
 47  26.000  27.000  10  27    0  977
 48  22.000  27.000  10  11    0  974
 49  25.000  21.000  10  12  612  673
 50  19.000  21.000  10  10    0  968
 51  23.000   3.000  10  -7  620  705
 52  18.000  18.000  10 -13  798  965
 53  63.000  23.000  10  -9  620  739
 54  31.000  67.000  10 -16  392  487
 55  49.000  58.000  10 -12  348  453
 56  45.000  30.000  10 -19    0  978
 57  17.000  34.000  10 -23  721  862
 58  11.000  14.000  10 -20  233  340
 59  15.000  30.000  10 -19    0  969
 60  55.000  54.000  10 -17  411  456
 61   5.000  30.000  10 -11  733  870
 62  20.000  20.000  10 -16    0  968
 63  35.000  40.000  10  -9  104  255
 64   6.000  68.000  10 -21  501  540
 65  27.000  43.000  10 -27    0  978
 66  67.000   5.000  10 -11  294  401
 67  37.000  31.000  10 -14  414  489
 68  45.000  65.000  10  -5  581  666
 69  20.000  40.000  10 -16  377  434
 70  20.000  26.000  10 -31  333  432
 71  46.000  13.000  10  -9  681  802
 72  57.000  29.000  10  -5  641  734
 73  35.000  69.000  10 -16  660  777
 74  63.000  65.000  10  -1  686  813
 75  27.000  69.000  10 -27   34  191
 76  56.000  39.000  10 -36  637  752
 77  62.000  77.000  10 -13   49  188
 78  65.000  20.000  10  -6  817  956
 79  42.000   7.000  10  -7  396  511
 80  15.000  19.000  10 -28    0  964
 81  56.000  37.000  10 -13  839  968
 82  20.000  50.000  10  -9    0  968
 83  41.000  49.000  10 -25    0  974
 84  45.000  10.000  10  -6  409  494
 85  30.000  60.000  10 -15  577  632
 86  18.000  24.000  10 -25  811  969
 87  36.000  26.000  10 -18  849  980
 88  44.000  17.000  10 -13  308  399
 89  57.000  48.000  10  -3  388  465
 90  53.000  43.000  10 -16  817  952
 91  24.000  58.000  10 -11  163  302
 92  30.000   5.000  10 -41  175  300
 93  25.000  30.000  10 -35  415  514
 94  26.000  35.000  10 -26  755  920
 95  37.000  56.000  10  -9  788  968
 96  65.000  35.000  10  -2  704  847
 97  25.000  24.000  10 -27    0  975
 98  55.000   5.000  10 -11  206  325
 99  55.000  20.000  10 -12  678  801
100  11.000  31.000  10 -10  436  511
101  35.000  35.000   0   0    0 1000
