53 53 1000 200 1000
  0  40.000  50.000   0   0    0  240
  1  25.000  85.000   0  20  145  175
  2  20.000  85.000  10  20   41   71
  3  15.000  75.000  10  20   79  109
  4  15.000  80.000  10  10   91  121
  5  10.000  35.000  10  20   91  121
  6  10.000  40.000  10  30  119  149
  7   8.000  40.000  10  40   59   89
  8   8.000  45.000  10  20   64   94
  9   5.000  45.000  10  10   35   65
 10  42.000  10.000  10  40   72  102
 11  40.000  15.000  10  40   92  122
 12  38.000   5.000  10  30   65   95
 13  35.000   5.000   0  20  154  184
 14  95.000  35.000  10  20   62   92
 15  92.000  30.000  10  10   62   92
 16  90.000  35.000  10  10   67   97
 17  88.000  30.000  10  10   74  104
 18  88.000  35.000  10  20   61   91
 19  85.000  25.000  10  10   51   81
 20  62.000  80.000  10  30   75  105
 21  60.000  80.000  10  10   37   67
 22  60.000  85.000  10  30   85  115
 23  58.000  75.000  10  20   92  122
 24  55.000  80.000  10  10   33   63
 25  20.000  82.000  10  10   37   67
 26  42.000  12.000  10  10  104  134
 27  72.000  35.000  10  30  116  146
 28  25.000  30.000  10   3   52   82
 29  20.000  50.000  10   5   91  121
 30  10.000  20.000  10  19   42   72
 31  15.000  60.000  10  17  155  185
 32  45.000  65.000  10   9   66   96
 33  65.000  35.000  10   3   52   82
 34  65.000  20.000  10   6   39   69
 35  45.000  30.000   0  17   53   83
 36  35.000  40.000  10  16   11   41
 37  64.000  42.000  10   9   70  100
 38  31.000  52.000  10  27   41   71
 39  63.000  65.000  10   8   30   60
 40   2.000  60.000   0   5   77  107
 41   5.000   5.000  10  16   74  104
 42  60.000  12.000   0  31   75  105
 43   6.000  68.000  10  30   89  119
 44  49.000  58.000  10  10   86  116
 45  27.000  43.000  10   9   42   72
 46  37.000  31.000  10  14   35   65
 47  57.000  29.000  10  18   96  126
 48  63.000  23.000   0   2   87  117
 49  12.000  24.000  10  13   90  120
 50  37.000  47.000  10   6   86  116
 51  53.000  43.000  10  14   14   44
 52  26.000  52.000  10   9   46   76
 53  26.000  35.000  10  15   77  107
 54  25.000  85.000  10 -20  145  175
 55  20.000  80.000  10 -20  141  171
 56  18.000  75.000  10 -20   95  125
 57  22.000  85.000  10 -10  109  139
 58   5.000  35.000  10 -20  142  172
 59   0.000  45.000  10 -30  149  179
 60   2.000  40.000  10 -40   58   88
 61  18.000  80.000  10 -20  113  143
 62   2.000  45.000  10 -10   45   75
 63  44.000   5.000  10 -40   87  117
 64  38.000  15.000  10 -40  148  178
 65  40.000   5.000  10 -30   67   97
 66  35.000   5.000  10 -20  154  184
 67  49.000  42.000  10 -20  167  197
 68  95.000  30.000  10 -10  115  145
 69  61.000  52.000  10 -10  178  208
 70  87.000  30.000  10 -10  131  161
 71  67.000   5.000  10 -20  144  174
 72  85.000  35.000  10 -10  111  141
 73  55.000  85.000  10 -30  128  158
 74  55.000  60.000  10 -10  139  169
 75  67.000  85.000  10 -30  139  169
 76  65.000  82.000  10 -20  124  154
 77  55.000  82.000  10 -10   64   94
 78  22.000  75.000  10 -10   50   80
 79  42.000  15.000  10 -10  122  152
 80  47.000  47.000  10 -30  192  222
 81  30.000  25.000  10  -3   96  126
 82  31.000  67.000  10  -5  180  210
 83   4.000  18.000  10 -19  120  150
 84  35.000  69.000  10 -17  180  210
 85  40.000  60.000  10  -9  144  174
 86  57.000  48.000  10  -3   95  125
 87  55.000  20.000  10  -6   83  113
 88  45.000  30.000  10 -17   53   83
 89  20.000  20.000  10 -16  141  171
 90  65.000  55.000  10  -9   65   95
 91   8.000  56.000  10 -27   90  120
 92  65.000  85.000  10  -8   43   73
 93   2.000  60.000  10  -5   77  107
 94  15.000  10.000  10 -16  152  182
 95  60.000  12.000  10 -31   75  105
 96  30.000  60.000  10 -30  140  170
 97  55.000  54.000  10 -10  132  162
 98   0.000  40.000  10  -9   72  102
 99  42.000   5.000  10 -14  151  181
100  41.000  37.000  10 -18  133  163
101  63.000  23.000  10  -2   87  117
102  23.000   3.000  10 -13  150  180
103  50.000  35.000  10  -6  130  160
104  56.000  37.000  10 -14   34   64
105  24.000  58.000  10  -9   67   97
106  21.000  24.000  10 -15   87  117
107  40.000  50.000   0   0    0  240
