54 54 1000 200 1000
  0  40.000  50.000   0   0    0  240
  1  20.000  85.000  10  20    0  189
  2  15.000  75.000  10  20    0  194
  3  15.000  80.000  10  10   91  121
  4  10.000  35.000  10  20   91  121
  5   8.000  45.000  10  20    0  197
  6   5.000  35.000   0  10  142  172
  7   5.000  45.000  10  10    0  194
  8   0.000  40.000  10  20    0  188
  9  42.000  10.000  10  40    0  189
 10  42.000  15.000  10  10    0  194
 11  40.000   5.000  10  10    0  185
 12  35.000   5.000  10  20  154  184
 13  95.000  30.000  10  30    0  171
 14  95.000  35.000  10  20    0  172
 15  88.000  30.000  10  10    0  178
 16  87.000  30.000   0  10    0  178
 17  85.000  25.000  10  10    0  178
 18  67.000  85.000  10  20    0  185
 19  60.000  85.000  10  30    0  189
 20  55.000  80.000  10  10    0  196
 21  55.000  85.000  10  20    0  191
 22  55.000  82.000  10  10   64   94
 23  20.000  82.000   0  10    0  192
 24  18.000  80.000  10  10    0  192
 25   2.000  45.000  10  10    0  191
 26  42.000  12.000  10  10    0  191
 27  30.000  60.000   0  16  140  170
 28  30.000  25.000  10  23    0  203
 29  15.000  10.000   0  20  152  182
 30  45.000  65.000  10   9    0  214
 31  65.000  35.000  10   3   52   82
 32  65.000  20.000  10   6    0  190
 33  41.000  37.000   0  16    0  216
 34  64.000  42.000  10   9   70  100
 35  31.000  52.000  10  27   41   71
 36  35.000  69.000  10  23    0  210
 37  63.000  65.000  10   8    0  202
 38   2.000  60.000  10   5    0  190
 39  20.000  20.000   0   8  141  171
 40  60.000  12.000  10  31   75  105
 41   8.000  56.000  10  27    0  197
 42  47.000  47.000  10  13    0  222
 43  57.000  29.000  10  18   96  126
 44  63.000  23.000  10   2    0  194
 45  12.000  24.000  10  13   90  120
 46  24.000  58.000  10  19    0  212
 47  37.000  47.000  10   6    0  225
 48  49.000  42.000  10  13    0  217
 49  53.000  43.000  10  14   14   44
 50  57.000  48.000   0  23    0  212
 51  56.000  37.000  10   6    0  209
 52   4.000  18.000  10  35    0  181
 53  26.000  52.000  10   9    0  215
 54  26.000  35.000  10  15   77  107
 55  31.000  67.000  10 -20  180  210
 56  22.000  75.000  10 -20    0  199
 57  40.000  60.000  10 -10    0  220
 58  21.000  24.000  10 -20    0  197
 59  27.000  43.000  10 -20    0  215
 60   5.000  35.000  10 -10  142  172
 61   2.000  40.000  10 -10   58   88
 62  10.000  40.000  10 -20    0  198
 63  42.000   5.000  10 -40    0  184
 64  40.000  15.000  10 -10    0  195
 65  44.000   5.000  10 -10    0  184
 66  38.000  15.000  10 -20    0  194
 67  88.000  35.000  10 -30    0  179
 68  90.000  35.000  10 -20    0  177
 69  85.000  35.000  10 -10    0  182
 70  87.000  30.000  10 -10    0  178
 71  92.000  30.000  10 -10    0  174
 72  58.000  75.000  10 -20    0  199
 73  60.000  80.000  10 -30    0  193
 74  65.000  82.000  10 -10    0  189
 75  65.000  85.000  10 -20    0  186
 76  62.000  80.000  10 -10   75  105
 77  20.000  82.000  10 -10    0  192
 78  20.000  80.000  10 -10  141  171
 79   8.000  40.000  10 -10   59   89
 80  38.000   5.000  10 -10   65   95
 81  30.000  60.000  10 -16  140  170
 82  25.000  30.000  10 -23    0  205
 83  15.000  10.000  10 -20  152  182
 84  22.000  85.000  10  -9    0  190
 85  65.000  55.000  10  -3    0  204
 86  45.000  30.000  10  -6    0  209
 87  41.000  37.000  10 -16    0  216
 88  49.000  58.000  10  -9    0  217
 89  20.000  50.000  10 -27   91  121
 90  25.000  85.000  10 -23    0  191
 91  55.000  60.000  10  -8    0  211
 92  18.000  75.000  10  -5    0  196
 93  20.000  20.000  10  -8  141  171
 94  37.000  31.000  10 -31    0  210
 95   6.000  68.000  10 -27   89  119
 96  50.000  35.000  10 -13    0  211
 97  55.000  20.000  10 -18    0  196
 98  67.000   5.000  10  -2    0  177
 99  10.000  20.000  10 -13    0  187
100  15.000  60.000  10 -19    0  203
101  35.000  40.000  10  -6    0  218
102  61.000  52.000  10 -13    0  208
103  72.000  35.000  10 -14    0  194
104  57.000  48.000  10 -23    0  212
105  55.000  54.000  10  -6    0  214
106  23.000   3.000  10 -35  150  180
107   0.000  45.000  10  -9    0  189
108   5.000   5.000  10 -15    0  172
109  40.000  50.000   0   0    0  240
