53 53 1000 200 1000
  0  40.000  50.000   0   0    0  240
  1  25.000  85.000  10  20    0  191
  2  22.000  75.000  10  30    0  199
  3  18.000  75.000  10  20   95  125
  4  15.000  75.000  10  20    0  194
  5  10.000  35.000  10  20   91  121
  6  10.000  40.000  10  30  119  149
  7   8.000  45.000  10  20    0  197
  8   5.000  45.000  10  10    0  194
  9  44.000   5.000  10  20    0  184
 10  42.000  15.000  10  10    0  194
 11  40.000   5.000  10  10    0  185
 12  40.000  15.000  10  40   92  122
 13  35.000   5.000  10  20  154  184
 14  95.000  35.000  10  20   62   92
 15  92.000  30.000   0  10    0  174
 16  90.000  35.000  10  10    0  177
 17  87.000  30.000  10  10    0  178
 18  85.000  25.000  10  10   51   81
 19  65.000  85.000  10  40   43   73
 20  60.000  80.000  10  10   37   67
 21  60.000  85.000  10  30   85  115
 22  58.000  75.000  10  20   92  122
 23  55.000  85.000  10  20    0  191
 24  55.000  82.000  10  10   64   94
 25  20.000  82.000  10  10   37   67
 26   2.000  45.000   0  10    0  191
 27  72.000  35.000  10  30    0  194
 28  55.000  20.000  10  19    0  196
 29  20.000  50.000  10   5   91  121
 30  55.000  60.000   0  16    0  211
 31  50.000  35.000  10  19  130  160
 32  30.000  25.000   0  23    0  203
 33  10.000  20.000  10  19    0  187
 34  45.000  65.000  10   9    0  214
 35  35.000  40.000  10  16   11   41
 36  40.000  60.000   0  21  144  174
 37  31.000  52.000  10  27   41   71
 38  65.000  55.000  10  14    0  204
 39   2.000  60.000  10   5    0  190
 40  20.000  20.000  10   8  141  171
 41   5.000   5.000  10  16    0  172
 42  60.000  12.000  10  31   75  105
 43   8.000  56.000  10  27   90  120
 44  49.000  58.000  10  10    0  217
 45  27.000  43.000  10   9    0  215
 46  37.000  31.000  10  14    0  210
 47  57.000  29.000   0  18   96  126
 48  37.000  47.000  10   6    0  225
 49  53.000  43.000  10  14   14   44
 50  56.000  37.000  10   6    0  209
 51   4.000  18.000  10  35    0  181
 52  26.000  52.000  10   9    0  215
 53  31.000  67.000  10   3  180  210
 54  22.000  85.000  10 -20    0  190
 55  20.000  85.000  10 -30    0  189
 56  30.000  60.000  10 -20  140  170
 57  18.000  80.000  10 -20    0  192
 58  12.000  24.000  10 -20   90  120
 59   5.000  35.000  10 -30  142  172
 60   0.000  45.000  10 -20  149  179
 61   8.000  40.000  10 -10   59   89
 62  38.000   5.000  10 -20   65   95
 63  42.000   5.000  10 -10    0  184
 64  42.000  12.000  10 -10  104  134
 65  42.000  10.000  10 -40    0  189
 66  38.000  15.000  10 -20    0  194
 67  88.000  30.000  10 -20   74  104
 68  92.000  30.000  10 -10    0  174
 69  85.000  35.000  10 -10    0  182
 70  95.000  30.000  10 -10    0  171
 71  88.000  35.000  10 -10    0  179
 72  65.000  82.000  10 -40    0  189
 73  67.000  85.000  10 -10  139  169
 74  61.000  52.000  10 -30  178  208
 75  63.000  65.000  10 -20    0  202
 76  47.000  47.000  10 -20  192  222
 77  62.000  80.000  10 -10   75  105
 78  15.000  80.000  10 -10   91  121
 79   2.000  45.000  10 -10    0  191
 80  64.000  42.000  10 -30   70  100
 81  65.000  20.000  10 -19    0  190
 82   0.000  40.000  10  -5    0  188
 83  55.000  60.000  10 -16    0  211
 84  41.000  37.000  10 -19  133  163
 85  30.000  25.000  10 -23    0  203
 86  21.000  24.000  10 -19    0  197
 87  55.000  80.000  10  -9   33   63
 88  45.000  30.000  10 -16   53   83
 89  40.000  60.000  10 -21  144  174
 90  24.000  58.000  10 -27   67   97
 91  57.000  48.000  10 -14    0  212
 92   6.000  68.000  10  -5   89  119
 93  25.000  30.000  10  -8    0  205
 94  23.000   3.000  10 -16  150  180
 95  63.000  23.000  10 -31    0  194
 96  20.000  80.000  10 -27  141  171
 97  55.000  54.000  10 -10    0  214
 98   2.000  40.000  10  -9   58   88
 99  67.000   5.000  10 -14    0  177
100  57.000  29.000  10 -18   96  126
101  26.000  35.000  10  -6   77  107
102  65.000  35.000  10 -14   52   82
103  49.000  42.000  10  -6    0  217
104  15.000  10.000  10 -35  152  182
105  15.000  60.000  10  -9    0  203
106  35.000  69.000  10  -3  180  210
107  40.000  50.000   0   0    0  240
