52 52 1000 200 1000
  0  40.000  50.000   0   0    0  240
  1  25.000  85.000   0  20   49  191
  2  22.000  85.000  10  10   95  152
  3  20.000  85.000  10  20   40  189
  4  18.000  75.000  10  20   60  159
  5  15.000  75.000   0  20   54  133
  6   8.000  45.000  10  20   32  148
  7   5.000  45.000  10  10   35  194
  8   2.000  40.000  10  20   39  163
  9   0.000  40.000  10  20   41  141
 10  42.000  15.000   0  10   94  179
 11  40.000  15.000  10  40   64  149
 12  38.000  15.000  10  10   51  194
 13  35.000   5.000  10  20   45  183
 14  95.000  30.000  10  30   90  169
 15  95.000  35.000  10  20   57  172
 16  90.000  35.000  10  10   52  174
 17  87.000  30.000  10  10   61  178
 18  85.000  25.000  10  10   51  178
 19  62.000  80.000  10  30   38  141
 20  60.000  85.000  10  30   61  138
 21  58.000  75.000  10  20   49  164
 22  55.000  80.000  10  10   33  180
 23  55.000  85.000  10  20  100  185
 24   2.000  45.000  10  10   38  191
 25  42.000   5.000  10  10   50  184
 26  72.000  35.000  10  30   83  178
 27  55.000  20.000  10  19   45  150
 28  25.000  30.000  10   3   25  150
 29  20.000  50.000  10   5   68  143
 30  55.000  60.000  10  16  107  200
 31  15.000  10.000  10  20   51  182
 32  45.000  65.000  10   9   37  124
 33  65.000  20.000  10   6   39  190
 34  45.000  30.000  10  17   20  139
 35  35.000  40.000  10  16   11  150
 36  64.000  42.000  10   9   31  138
 37  31.000  52.000  10  27    9  139
 38  35.000  69.000  10  23   30  210
 39  65.000  55.000  10  14   30  129
 40   2.000  60.000  10   5   46  137
 41  60.000  12.000  10  31   48  131
 42   6.000  68.000  10  30   65  142
 43  27.000  43.000  10   9   14  140
 44  37.000  31.000  10  14   19  172
 45  57.000  29.000  10  18   73  148
 46  24.000  58.000  10  19   27  136
 47  37.000  47.000  10   6   53  148
 48  53.000  43.000  10  14   14  177
 49  56.000  37.000   0   6   20  159
 50   4.000  18.000  10  35  104  165
 51  26.000  52.000  10   9   14  136
 52  26.000  35.000  10  15   42  141
 53  25.000  85.000  10 -20   49  191
 54  20.000  80.000  10 -10   69  193
 55  20.000  82.000  10 -20   37  192
 56  22.000  75.000  10 -20   30  168
 57  15.000  75.000  10 -20   54  133
 58   0.000  45.000  10 -20   51  189
 59  10.000  35.000  10 -10   57  154
 60  10.000  40.000  10 -20  106  161
 61   8.000  40.000  10 -20   33  152
 62  42.000  15.000  10 -10   94  179
 63  38.000   5.000  10 -40   45  164
 64  40.000   5.000  10 -10   45  161
 65  23.000   3.000  10 -20   49  180
 66  61.000  52.000  10 -30   50  208
 67  88.000  35.000  10 -20   50  172
 68  85.000  35.000  10 -10   83  168
 69  88.000  30.000  10 -10   52  147
 70  92.000  30.000  10 -10   55  174
 71  60.000  80.000  10 -30   36  193
 72  67.000  85.000  10 -30   57  185
 73  55.000  82.000  10 -20   35  142
 74  65.000  85.000  10 -10   43  186
 75  65.000  82.000  10 -20   95  182
 76   5.000  35.000  10 -10   53  191
 77  41.000  37.000  10 -10   97  198
 78  50.000  35.000  10 -30   91  198
 79  44.000   5.000  10 -19   73  130
 80  10.000  20.000  10  -3   42  187
 81  15.000  60.000  10  -5   62  203
 82  55.000  54.000  10 -16  105  188
 83  20.000  20.000  10 -20   71  193
 84  57.000  48.000  10  -9   76  143
 85  49.000  42.000  10  -6   89  217
 86  67.000   5.000  10 -17   52  177
 87  30.000  25.000  10 -16   56  165
 88  65.000  35.000  10  -9   29  168
 89  40.000  60.000  10 -27  101  216
 90  31.000  67.000  10 -23   43  210
 91  63.000  65.000  10 -14   27  202
 92  18.000  80.000  10  -5   71  184
 93  42.000  10.000  10 -31   40  148
 94  15.000  80.000  10 -30   67  144
 95  21.000  24.000  10  -9   63  140
 96  42.000  12.000  10 -14   99  138
 97  47.000  47.000  10 -18   93  222
 98  49.000  58.000  10 -19   78  123
 99  30.000  60.000  10  -6   95  214
100  63.000  23.000  10 -14   59  144
101  56.000  37.000  10  -6   20  159
102   5.000   5.000  10 -35   57  165
103   8.000  56.000  10  -9   47  162
104  12.000  24.000  10 -15   91  118
105  40.000  50.000   0   0    0  240
