51 51 1000 1000 1000
  0  40.000  50.000   0   0    0  960
  1  25.000  85.000   0  20  388  911
  2  22.000  75.000  10  30   30  546
  3  22.000  85.000  10  10  353  708
  4  18.000  75.000  10  20  228  667
  5  15.000  75.000  10  20  161  558
  6   8.000  40.000  10  40   33  511
  7   8.000  45.000  10  20   46  519
  8   5.000  45.000  10  10   35  697
  9   0.000  40.000  10  20   94  535
 10  44.000   5.000  10  20  218  571
 11  42.000  10.000  10  40   85  542
 12  40.000  15.000  10  40  229  640
 13  95.000  30.000  10  30  389  788
 14  90.000  35.000  10  10   52  536
 15  88.000  30.000  10  10   90  521
 16  88.000  35.000  10  20   50  534
 17  87.000  30.000  10  10  425  898
 18  85.000  35.000  10  30  342  751
 19  65.000  85.000  10  40   43  617
 20  60.000  80.000  10  10   36  658
 21  60.000  85.000  10  30  191  586
 22  55.000  80.000  10  10   33  568
 23   2.000  45.000  10  10   38  606
 24  42.000  12.000  10  10  341  658
 25  25.000  30.000  10   3   25  516
 26  20.000  50.000  10   5  239  630
 27  50.000  35.000  10  19  390  843
 28  30.000  25.000  10  23  227  686
 29  15.000  60.000  10  17  401  923
 30  45.000  65.000  10   9  110  525
 31  65.000  20.000  10   6   39  593
 32  45.000  30.000  10  17   20  498
 33  35.000  40.000  10  16   11  530
 34  64.000  42.000  10   9  100  555
 35  31.000  52.000  10  27    9  510
 36  65.000  55.000  10  14   81  520
 37  63.000  65.000  10   8   27  622
 38   2.000  60.000  10   5  135  556
 39   5.000   5.000  10  16   63  520
 40  60.000  12.000  10  31  125  530
 41   8.000  56.000  10  27  190  659
 42   6.000  68.000  10  30  215  608
 43  49.000  58.000  10  10  249  580
 44  27.000  43.000  10   9   14  506
 45  63.000  23.000  10   2  198  609
 46  12.000  24.000   0  13  272  565
 47  24.000  58.000  10  19   90  549
 48  37.000  47.000  10   6  204  633
 49  53.000  43.000  10  14   14  581
 50   4.000  18.000  10  35  426  787
 51  26.000  52.000  10   9   14  499
 52  25.000  85.000  10 -20  388  911
 53  55.000  85.000  10 -30  429  838
 54  67.000  85.000  10 -10  410  905
 55  62.000  80.000  10 -20  114  561
 56  65.000  82.000  10 -20  410  823
 57  40.000   5.000  10 -40   45  517
 58  10.000  20.000  10 -20   42  706
 59  18.000  80.000  10 -10  315  782
 60  35.000   5.000  10 -20  386  904
 61  15.000  10.000  10 -20  401  902
 62  21.000  24.000  10 -40  212  605
 63  41.000  37.000  10 -40  404  847
 64  95.000  35.000  10 -30   57  600
 65  57.000  29.000  10 -10  259  650
 66  65.000  35.000  10 -10   29  548
 67  42.000  15.000  10 -20  391  802
 68  92.000  30.000  10 -10   55  575
 69  55.000  20.000  10 -30  161  610
 70  55.000  54.000  10 -40  418  825
 71  58.000  75.000  10 -10  201  670
 72  55.000  60.000  10 -30  448  873
 73  61.000  52.000  10 -10  373  928
 74  42.000   5.000  10 -10  396  904
 75  20.000  20.000  10 -10  430  913
 76  20.000  80.000  10  -3  425  913
 77   0.000  45.000  10  -5  394  909
 78  47.000  47.000  10 -19  444  942
 79  30.000  60.000  10 -23  420  897
 80  40.000  60.000  10 -17  436  907
 81  55.000  82.000  10  -9   49  504
 82  67.000   5.000  10  -6  325  897
 83  38.000  15.000  10 -17  389  914
 84  37.000  31.000  10 -16   19  566
 85  20.000  82.000  10  -9   37  597
 86  38.000   5.000  10 -27   45  523
 87  15.000  80.000  10 -14  229  624
 88  57.000  48.000  10  -8  265  638
 89  35.000  69.000  10  -5  330  930
 90   5.000  35.000  10 -16  395  911
 91  49.000  42.000  10 -31  442  937
 92  31.000  67.000  10 -27  356  930
 93  23.000   3.000  10 -30  390  900
 94  20.000  85.000  10 -10   40  630
 95  10.000  40.000  10  -9  404  753
 96  72.000  35.000  10  -2  351  782
 97  12.000  24.000  10 -13  272  565
 98  26.000  35.000  10 -19  149  586
 99  85.000  25.000  10  -6   51  602
100  56.000  37.000  10 -14   20  539
101  10.000  35.000  10 -35  213  648
102   2.000  40.000  10  -9   39  528
103  40.000  50.000   0   0    0  960
