51 51 1000 1000 1000
  0  40.000  50.000   0   0    0  960
  1  22.000  75.000  10  30   30  510
  2  20.000  85.000  10  20   40  520
  3  18.000  75.000  10  20  393  502
  4  15.000  80.000  10  10  397  457
  5  10.000  35.000  10  20  401  461
  6   8.000  40.000  10  40  225  285
  7   2.000  40.000  10  20  204  264
  8  42.000  10.000  10  40  199  428
  9  42.000  15.000  10  10  494  699
 10  40.000   5.000  10  10   45  525
 11  95.000  30.000  10  30  349  829
 12  95.000  35.000  10  20  138  273
 13  92.000  30.000  10  10   78  339
 14  90.000  35.000  10  10  132  375
 15  88.000  30.000  10  10  252  359
 16  88.000  35.000  10  20   50  530
 17  87.000  30.000  10  10  562  799
 18  85.000  25.000  10  10   71  208
 19  65.000  85.000  10  40   43  186
 20  65.000  82.000  10  10  377  857
 21  58.000  75.000  10  20  377  494
 22  55.000  85.000  10  20  531  736
 23  55.000  82.000  10  10  247  307
 24  20.000  82.000  10  10   37  177
 25  42.000  12.000  10  10  460  539
 26  72.000  35.000  10  30  327  807
 27  20.000  50.000  10   5  405  465
 28  30.000  60.000  10  16  629  689
 29  10.000  20.000  10  19   42  522
 30  45.000  65.000  10   9  214  421
 31  65.000  35.000  10   3  197  257
 32  65.000  20.000  10   6   39  316
 33  45.000  30.000  10  17  191  310
 34  35.000  40.000  10  16   11  140
 35  64.000  42.000  10   9  298  358
 36  31.000  52.000  10  27  187  247
 37  63.000  65.000  10   8   27  507
 38   2.000  60.000  10   5  240  451
 39   5.000   5.000  10  16   57  537
 40   8.000  56.000  10  27  366  483
 41   6.000  68.000  10  30  382  442
 42  49.000  58.000  10  10  332  497
 43  37.000  31.000  10  14   19  499
 44  12.000  24.000  10  13  389  449
 45  24.000  58.000  10  19  262  377
 46  53.000  43.000  10  14   14   74
 47  57.000  48.000  10  23  212  692
 48   4.000  18.000   0  35  516  697
 49  26.000  52.000  10   9   14  494
 50  26.000  35.000  10  15  338  398
 51  31.000  67.000   0   3  870  930
 52  60.000  80.000  10 -30   46  201
 53  55.000  80.000  10 -20   33  166
 54  35.000  69.000  10 -20  780  930
 55  25.000  85.000  10 -10  431  911
 56  47.000  47.000  10 -20  817  942
 57   0.000  40.000  10 -40  204  425
 58   2.000  45.000  10 -20   38  322
 59  25.000  30.000  10 -40   25  505
 60  15.000  60.000  10 -10  623  884
 61  44.000   5.000  10 -10  306  483
 62  42.000   5.000  10 -30  424  904
 63   0.000  45.000  10 -20  698  827
 64  20.000  20.000  10 -10  675  735
 65  60.000  12.000  10 -10  298  358
 66  40.000  15.000  10 -10  383  486
 67  55.000  20.000  10 -20  273  498
 68  23.000   3.000  10 -10  794  854
 69  57.000  29.000  10 -10  425  485
 70  27.000  43.000  10 -40   14  494
 71  55.000  54.000  10 -10  382  862
 72  50.000  35.000  10 -20  560  673
 73  49.000  42.000  10 -20  457  937
 74  62.000  80.000  10 -10  308  368
 75  65.000  55.000  10 -10  191  410
 76   5.000  35.000  10 -10  683  743
 77  35.000   5.000  10 -30  821  881
 78  15.000  10.000  10  -5  842  902
 79  61.000  52.000  10 -16  789  928
 80  67.000  85.000  10 -19  655  778
 81  37.000  47.000  10  -9  311  526
 82  67.000   5.000  10  -3  611  897
 83  63.000  23.000  10  -6  164  644
 84  38.000   5.000  10 -17  231  291
 85  30.000  25.000  10 -16  342  571
 86  38.000  15.000  10  -9  609  872
 87   8.000  45.000  10 -27   43  523
 88  85.000  35.000  10  -8  307  787
 89  22.000  85.000  10  -5  291  771
 90  10.000  40.000  10 -16  535  622
 91  20.000  80.000  10 -27  674  734
 92  15.000  75.000  10 -30  120  600
 93  41.000  37.000  10 -10  570  681
 94  21.000  24.000  10 -14  310  507
 95  40.000  60.000  10 -13  613  730
 96  18.000  80.000  10 -19  432  665
 97  56.000  37.000  10 -14   20  500
 98  60.000  85.000  10 -23  339  438
 99   4.000  18.000  10 -35  516  697
100   5.000  45.000  10  -9   35  366
101  55.000  60.000  10 -15  554  767
102  31.000  67.000  10  -3  870  930
103  40.000  50.000   0   0    0  960
