51 51 1000 1000 1000
  0  40.000  50.000   0   0    0  960
  1  22.000  75.000  10  30  152  272
  2  22.000  85.000   0  10  471  591
  3  20.000  85.000  10  20   73  193
  4  15.000  80.000  10  10  367  487
  5   8.000  40.000  10  40  195  315
  6   8.000  45.000  10  20  223  343
  7   5.000  45.000  10  10   35  155
  8   2.000  40.000  10  20  174  294
  9   0.000  40.000  10  20  255  375
 10   0.000  45.000  10  20  703  823
 11  42.000  10.000  10  40  254  374
 12  42.000  15.000  10  10  537  657
 13  38.000   5.000  10  30  201  321
 14  95.000  35.000  10  20  146  266
 15  92.000  30.000  10  10  149  269
 16  90.000  35.000  10  10  194  314
 17  88.000  35.000  10  20  165  285
 18  85.000  25.000  10  10   80  200
 19  65.000  85.000  10  40   43  163
 20  65.000  82.000  10  10  557  677
 21  62.000  80.000  10  30  278  398
 22  60.000  80.000  10  10   64  184
 23  58.000  75.000  10  20  376  496
 24  55.000  80.000  10  10   33  153
 25  20.000  82.000  10  10   37  157
 26   2.000  45.000  10  10  105  225
 27  42.000   5.000  10  10  732  852
 28  42.000  12.000  10  10  440  560
 29  25.000  30.000  10   3  175  295
 30  30.000  25.000  10  23  397  517
 31  10.000  20.000  10  19   42  162
 32  45.000  65.000  10   9  258  378
 33  65.000  35.000  10   3  167  287
 34  45.000  30.000  10  17  191  311
 35  35.000  40.000  10  16   11  131
 36  41.000  37.000  10  16  566  686
 37  31.000  52.000  10  27  157  277
 38  35.000  69.000   0  23  810  930
 39   5.000   5.000  10  16  232  352
 40  23.000   3.000  10   7  764  884
 41  49.000  58.000  10  10  355  475
 42  27.000  43.000  10   9  152  272
 43  37.000  31.000  10  14  105  225
 44  63.000  23.000  10   2  344  464
 45  21.000  24.000  10  28  349  469
 46  12.000  24.000  10  13  359  479
 47  67.000   5.000  10  25  713  833
 48  53.000  43.000  10  14   14  134
 49  56.000  37.000  10   6  100  220
 50  55.000  54.000  10  26  562  682
 51   4.000  18.000  10  35  547  667
 52  26.000  52.000  10 -30  172  292
 53  22.000  85.000  10 -10  471  591
 54  24.000  58.000  10 -20  260  380
 55  18.000  80.000  10 -10  489  609
 56  40.000  60.000  10 -40  612  732
 57  18.000  75.000  10 -20  388  508
 58  25.000  85.000  10 -10  673  793
 59  30.000  60.000  10 -20  599  719
 60   2.000  60.000  10 -20  286  406
 61  31.000  67.000  10 -20  810  930
 62  55.000  20.000  10 -40  326  446
 63  55.000  60.000  10 -10  601  721
 64  40.000   5.000  10 -30  215  335
 65  26.000  35.000  10 -20  308  428
 66  64.000  42.000  10 -10  268  388
 67  88.000  30.000  10 -10  246  366
 68  37.000  47.000  10 -20  359  479
 69  65.000  55.000  10 -10  241  361
 70  63.000  65.000  10 -40   60  180
 71  47.000  47.000  10 -10  822  942
 72  87.000  30.000  10 -30  621  741
 73  85.000  35.000  10 -10  487  607
 74  95.000  30.000  10 -20  529  649
 75  55.000  82.000  10 -10  217  337
 76  60.000  85.000  10 -10  329  449
 77   8.000  56.000  10 -10  365  485
 78  35.000   5.000  10 -10  784  904
 79  50.000  35.000  10 -10  557  677
 80  67.000  85.000  10  -3  657  777
 81   5.000  35.000  10 -23  653  773
 82  20.000  80.000  10 -19  644  764
 83  57.000  48.000  10  -9  392  512
 84  10.000  40.000  10  -3  519  639
 85  55.000  85.000  10 -17  574  694
 86  15.000  75.000  10 -16  300  420
 87  61.000  52.000  10 -16  808  928
 88  60.000  12.000  10 -27  268  388
 89  35.000  69.000  10 -23  810  930
 90   6.000  68.000  10 -16  352  472
 91  15.000  10.000  10  -7  782  902
 92  72.000  35.000  10 -10  507  627
 93  44.000   5.000  10  -9  335  455
 94  57.000  29.000  10 -14  395  515
 95  40.000  15.000  10  -2  375  495
 96  20.000  20.000  10 -28  645  765
 97  10.000  35.000  10 -13  371  491
 98  38.000  15.000  10 -25  681  801
 99  20.000  50.000  10 -14  375  495
100  65.000  20.000  10  -6   39  159
101  49.000  42.000  10 -26  719  839
102  15.000  60.000  10 -35  694  814
103  40.000  50.000   0   0    0  960
