51 51 1000 1000 1000
  0  40.000  50.000   0   0    0  960
  1  25.000  85.000   0  20    0  911
  2  22.000  85.000  10  10    0  910
  3  15.000  75.000  10  20    0  914
  4   8.000  45.000  10  20    0  917
  5   0.000  40.000  10  20    0  908
  6   0.000  45.000  10  20    0  909
  7  44.000   5.000  10  20    0  904
  8  42.000  10.000  10  40    0  909
  9  40.000  15.000  10  40    0  915
 10  38.000   5.000  10  30  201  321
 11  95.000  30.000  10  30    0  891
 12  92.000  30.000  10  10    0  894
 13  90.000  35.000  10  10    0  897
 14  85.000  25.000  10  10    0  898
 15  67.000  85.000  10  20    0  905
 16  65.000  82.000  10  10    0  909
 17  62.000  80.000  10  30  278  398
 18  58.000  75.000  10  20    0  919
 19  55.000  85.000  10  20    0  911
 20  18.000  80.000  10  10    0  912
 21   2.000  45.000  10  10    0  911
 22  25.000  30.000  10   3    0  925
 23  20.000  50.000  10   5  375  495
 24  55.000  60.000  10  16    0  931
 25  50.000  35.000  10  19    0  931
 26  30.000  25.000  10  23    0  923
 27  15.000  60.000  10  17    0  923
 28  65.000  35.000  10   3  167  287
 29  45.000  30.000  10  17    0  929
 30  64.000  42.000  10   9  268  388
 31  31.000  52.000  10  27  157  277
 32  35.000  69.000  10  23    0  930
 33  63.000  65.000  10   8    0  922
 34   2.000  60.000  10   5    0  910
 35  20.000  20.000  10   8  645  765
 36   8.000  56.000  10  27    0  917
 37  47.000  47.000  10  13    0  942
 38  49.000  58.000  10  10    0  937
 39  27.000  43.000  10   9    0  935
 40  37.000  31.000   0  14    0  930
 41  57.000  29.000  10  18  395  515
 42  21.000  24.000  10  28    0  917
 43  12.000  24.000  10  13  359  479
 44  24.000  58.000  10  19    0  932
 45  67.000   5.000  10  25    0  897
 46  49.000  42.000  10  13    0  937
 47  53.000  43.000  10  14   14  134
 48  56.000  37.000  10   6    0  929
 49   4.000  18.000  10  35    0  901
 50  26.000  52.000  10   9    0  935
 51  26.000  35.000  10  15  308  428
 52  25.000  85.000  10 -20    0  911
 53  20.000  85.000  10 -10    0  909
 54  22.000  75.000  10 -20    0  919
 55   2.000  40.000  10 -20  174  294
 56  10.000  20.000  10 -20    0  907
 57  10.000  40.000  10 -20    0  918
 58  65.000  55.000  10 -20    0  924
 59  42.000   5.000  10 -40    0  904
 60  63.000  23.000  10 -40    0  914
 61  88.000  30.000  10 -30    0  898
 62  55.000  54.000  10 -30    0  934
 63  88.000  35.000  10 -10    0  899
 64  57.000  48.000  10 -10    0  932
 65  61.000  52.000  10 -10    0  928
 66  20.000  82.000  10 -20    0  912
 67  55.000  82.000  10 -10  217  337
 68  55.000  80.000  10 -30    0  916
 69  65.000  85.000  10 -20    0  906
 70  15.000  80.000  10 -20  367  487
 71  31.000  67.000  10 -10  810  930
 72  15.000  10.000  10 -10  782  902
 73  10.000  35.000  10  -3  371  491
 74  38.000  15.000  10  -5    0  914
 75  60.000  85.000  10 -16    0  909
 76  42.000  15.000  10 -19    0  914
 77  37.000  47.000  10 -23    0  945
 78  18.000  75.000  10 -17    0  916
 79  55.000  20.000  10  -3    0  916
 80  65.000  20.000  10 -17    0  910
 81  72.000  35.000  10  -9    0  914
 82   5.000  45.000  10 -27    0  914
 83  40.000  60.000  10 -23    0  940
 84  60.000  80.000  10  -8    0  913
 85  45.000  65.000  10  -5    0  934
 86  41.000  37.000  10  -8    0  936
 87  20.000  80.000  10 -27  644  764
 88  42.000  12.000  10 -13    0  911
 89   6.000  68.000  10 -10  352  472
 90   5.000  35.000  10  -9  653  773
 91  37.000  31.000  10 -14    0  930
 92  95.000  35.000  10 -18    0  892
 93  23.000   3.000  10 -28  764  884
 94  35.000   5.000  10 -13  784  904
 95  30.000  60.000  10 -19  599  719
 96  85.000  35.000  10 -25    0  902
 97  60.000  12.000  10 -13  268  388
 98  40.000   5.000  10 -14    0  905
 99  87.000  30.000  10  -6    0  898
100  35.000  40.000  10 -35    0  938
101   8.000  40.000  10  -9  195  315
102   5.000   5.000  10 -15    0  892
103  40.000  50.000   0   0    0  960
