125 125 1000 1 1000
  0   -3.171    0.196  0  0     0.00   700.00
  1   74.005   -0.566  0  1    31.67   110.00
  2   -2.812    0.078  0  1    21.67    98.33
  3   -1.511    2.022  0  1    20.00    88.33
  4  -38.717    3.076  0  1    38.33    96.67
  5  -77.883   11.901  0  1    28.33   106.67
  6   55.279   -5.173  0  1    26.67   106.67
  7  -12.597    1.287  0  1    28.33    86.67
  8   13.845   -6.288  0  1    13.33    86.67
  9   13.365   -4.077  0  1     0.00    73.33
 10   83.956   -6.242  0  1    46.67   118.33
 11   54.993   -7.672  0  1    18.33    80.00
 12  -56.617   13.438  0  1    25.00   100.00
 13  -41.126    7.312  0  1    20.00    93.33
 14   -1.108    0.664  0  1    35.00    96.67
 15   55.279   -5.169  0  1    25.00    91.67
 16 -146.066   50.026  0  1    26.67   166.33
 17   55.026  -10.436  0  1    41.67   115.00
 18   36.341  -12.912  0  1    36.67   105.00
 19   13.038   -5.842  0  1    16.67    83.33
 20   -1.038    0.091  0  1    31.67   100.00
 21  -12.597    1.286  0  1    38.33   115.00
 22   -0.164    0.240  0  1    48.33   113.33
 23  -14.665    1.201  0  1    31.67    96.67
 24   12.682   -4.697  0  1    30.00    95.00
 25   -1.780    0.618  0  1    38.33   108.33
 26  -15.008   -0.490  0  1    30.00   103.33
 27  -67.260   17.913  0  1    48.33   125.00
 28   55.028   -7.769  0  1    36.67   113.33
 29   42.705   -2.046  0  1    38.33   116.67
 30    1.980   -1.748  0  1    33.33    93.33
 31   54.586  -14.565  0  1    10.00    83.33
 32   -1.698    0.219  0  1    78.33   140.00
 33  -67.795   17.401  0  1    46.67   128.33
 34 -118.131   30.521  0  1     0.00   130.56
 35   13.365   -4.080  0  1    18.33    83.33
 36    1.980   -1.748  0  1    36.67   118.33
 37   54.586  -14.565  0  1    41.67   113.33
 38   -1.092    0.451  0  1    58.33   128.33
 39 -119.406   31.536  0  1     6.67   133.72
 40   -1.698    0.219  0  1    81.67   146.67
 41   36.659  -12.046  0  1    55.00   115.00
 42   83.924   -6.985  0  1    58.33   126.67
 43  -95.485   24.273  0  1    30.00   107.07
 44   77.808  -13.716  0  1    61.67   128.33
 45   36.341  -12.913  0  1    53.33   121.67
 46   -1.038    0.091  0  1    45.00   125.00
 47 -130.598   40.764  0  1    33.33   148.73
 48 -119.359   26.832  0  1    21.67   132.53
 49 -105.007   17.798  0  1    33.33   113.35
 50    1.980   -1.748  0  1    45.00   116.67
 51   41.613  -12.829  0  1    40.00   100.00
 52   12.683   -4.691  0  1    43.33   120.00
 53 -119.232   24.881  0  1    20.00   126.99
 54   -1.205    3.163  0  1    31.67    95.00
 55 -132.627   37.492  0  1    31.67   149.72
 56   54.926   -8.474  0  1    38.33   108.33
 57   -1.434    1.725  0  1    55.00   133.33
 58   -1.698    0.219  0  1    88.33   150.00
 59   47.562    4.958  0  1    58.33   123.33
 60   -1.038    0.091  0  1    51.67   130.00
 61   13.174   -5.174  0  1    58.33   130.00
 62   -1.038    0.091  0  1    30.00    96.67
 63   -1.305    1.225  0  1    60.00   125.00
 64 -135.879   25.252  0  1    36.67   148.38
 65   -1.092    0.451  0  1    73.33   135.00
 66   61.727  -17.645  0  1    68.33   126.67
 67    1.981   -1.748  0  1    55.00   123.33
 68 -118.259   29.012  0  1    46.67   133.64
 69    1.497   -2.142  0  1    61.67   136.67
 70    1.980   -1.748  0  1    53.33   113.33
 71   -0.725    1.401  0  1    58.33   138.33
 72   55.108   -9.370  0  1    50.00   115.00
 73   -1.305    1.225  0  1    63.33   138.33
 74   36.339  -12.923  0  1    63.33   131.67
 75   -0.492    0.198  0  1    50.00   110.00
 76   -1.997    0.552  0  1    36.67    98.33
 77   42.126  -26.991  0  1    40.00   103.33
 78   41.610  -12.846  0  1    56.67   135.00
 79  -12.597    1.286  0  1    48.33   126.67
 80   -1.612    2.108  0  1    68.33   148.33
 81   38.876   -9.816  0  1    50.00   108.33
 82   55.107   -9.375  0  1    56.67   123.33
 83   55.244   -7.894  0  1    71.67   130.00
 84   26.277   -8.200  0  1    41.67   118.33
 85   55.279   -5.171  0  1    56.67   121.67
 86  -65.280   13.984  0  1    45.00   120.00
 87  -17.291  -15.427  0  1    55.00   113.33
 88  -15.008   -0.491  0  1    63.33   130.00
 89   83.635   -5.798  0  1    73.33   140.00
 90   41.605  -12.871  0  1    70.00   140.00
 91   45.066  -13.235  0  1    75.00   136.67
 92 -135.033   27.382  0  1    60.00   146.31
 93  -14.902   -0.087  0  1    56.67   133.33
 94   35.777  -12.928  0  1    45.00   116.67
 95 -133.714   33.226  0  1    60.00   146.33
 96   36.340  -12.918  0  1    78.33   145.00
 97   55.028   -8.063  0  1    73.33   151.67
 98 -134.038   31.945  0  1    60.00   144.66
 99    1.980   -1.748  0  1    65.00   140.00
100   -0.240    0.328  0  1    81.67   161.67
101   84.649   -5.400  0  1    85.00   146.67
102 -117.896   30.228  0  1    40.00   128.59
103   -1.321    1.636  0  1    66.67   125.00
104   -1.766    1.120  0  1    70.00   141.67
105   13.038   -5.845  0  1    48.33   121.67
106   36.661  -12.035  0  1    83.33   156.67
107   -1.766    1.120  0  1    71.67   130.00
108   -0.240    0.328  0  1    93.33   156.67
109   24.069   -7.997  0  1    45.00   123.33
110  -97.413   21.646  0  1    86.67   163.33
111   -1.698    0.219  0  1   115.00   191.67
112   -1.905    0.402  0  1    80.00   138.33
113   51.967   -2.969  0  1    86.67   153.33
114   -1.780    0.618  0  1    80.00   155.00
115   60.875  -14.949  0  1    75.00   150.00
116   -1.780    0.618  0  1    80.00   148.33
117   56.394   -9.226  0  1    75.00   156.67
118   35.779  -12.917  0  1    81.67   140.00
119   55.280   -5.165  0  1    76.67   145.00
120  -66.558   16.848  0  1    68.33   138.33
121   -0.725    1.401  0  1    61.67   123.33
122   26.280   -8.185  0  1    65.00   145.00
123   -0.240    0.328  0  1   101.67   173.33
124   36.783  -12.320  0  1    75.00   135.00
125   36.379  -11.001  0  1   100.00   178.33
126   73.426  -15.478  0 -1    33.25   173.77
127   -3.076    3.919  0 -1    10.52    73.85
128  -18.930   16.144  0 -1    30.75   105.75
129  -25.941   -0.642  0 -1    38.31   113.97
130  -91.773    8.910  0 -1    29.21   151.50
131   64.211   -4.939  0 -1    25.60   129.30
132   -0.842    3.091  0 -1    31.89    98.56
133   19.481   -2.733  0 -1    11.66   104.87
134   -3.073    3.903  0 -1     8.27   115.35
135   61.120  -19.095  0 -1    61.20   183.56
136   57.463   -7.808  0 -1    12.47   126.16
137  -47.788    4.196  0 -1    24.45   149.51
138  -43.813   -3.587  0 -1    19.56   123.18
139  -21.330   -5.686  0 -1    42.87   101.20
140   41.173  -10.362  0 -1    25.03   142.06
141 -150.703   18.797  0 -1    44.90   254.57
142   45.388    0.385  0 -1    46.16   140.32
143   42.050   -2.461  0 -1    38.58   131.87
144   10.632    6.189  0 -1    13.94    96.24
145  -13.273   -8.092  0 -1    31.39   109.72
146  -20.773  -18.746  0 -1    51.64   114.97
147  -14.620  -20.746  0 -1    65.48   127.15
148    8.555   -9.701  0 -1    48.98   130.65
149   25.672  -14.532  0 -1    37.96    97.96
150    8.169   -9.027  0 -1    42.19   105.53
151   -0.603  -11.517  0 -1    39.81   106.47
152  -70.750   14.225  0 -1    43.41   134.90
153   54.893  -10.329  0 -1    24.23   134.63
154   68.475   -6.774  0 -1    54.53   143.80
155   -0.603  -11.517  0 -1    33.44   105.11
156   54.215   -9.460  0 -1     5.12   141.40
157   -7.794    4.840  0 -1    74.32   134.32
158  -51.422    4.875  0 -1    55.62   155.83
159 -120.936   27.069  0 -1   -10.55   195.01
160   22.236   -0.937  0 -1    19.41   101.49
161  -14.919   -7.125  0 -1    39.40   111.06
162   70.211  -28.756  0 -1    54.44   152.39
163   -4.889  -10.706  0 -1    61.79   125.12
164 -149.650   23.015  0 -1    26.42   220.14
165    6.591   -0.454  0 -1    78.32   153.32
166   35.165  -14.894  0 -1    48.22   126.55
167   54.255   -9.807  0 -1    73.13   180.52
168  -81.033   42.190  0 -1    39.69   185.09
169   92.463   -8.225  0 -1    65.65   161.15
170   54.792   -3.531  0 -1    64.03   145.70
171   -8.560   19.596  0 -1    52.58   130.91
172 -133.546   26.085  0 -1    34.97   222.03
173 -102.008   35.848  0 -1    27.88   220.42
174  -88.645   40.714  0 -1    48.16   201.51
175  -13.416   -3.173  0 -1    47.13   128.79
176   32.993   -6.805  0 -1    38.85   120.49
177   24.037    0.593  0 -1    42.52   120.85
178 -110.239   29.689  0 -1    20.20   202.19
179    8.913   -1.707  0 -1    34.56    92.90
180 -135.818   38.635  0 -1    25.06   216.44
181   71.327  -18.391  0 -1    45.84   157.91
182   -1.401    3.370  0 -1    41.65   106.65
183  -19.908  -14.247  0 -1   103.26   168.26
184   13.187  -10.799  0 -1    87.81   147.10
185   13.187  -10.799  0 -1    54.58   127.91
186   -5.791   -3.429  0 -1    67.37   130.71
187  -13.526    1.160  0 -1    34.20   107.53
188  -22.228  -23.931  0 -1    82.72   154.39
189 -140.800   57.836  0 -1    57.95   231.33
190    6.743  -10.797  0 -1    77.04   137.04
191   50.708  -44.452  0 -1    83.98   156.29
192   12.816    5.382  0 -1    54.64   129.64
193  -90.222   23.957  0 -1    65.16   223.80
194   -9.734  -13.688  0 -1    69.44   142.78
195  -16.472  -25.743  0 -1    73.60   131.94
196  -13.874  -21.384  0 -1    74.64   132.98
197   41.284   -0.520  0 -1    54.74   147.14
198  -27.922  -15.661  0 -1    84.85   149.85
199    6.200  -14.861  0 -1    81.87   148.53
200  -12.712    8.885  0 -1    51.66   119.99
201  -18.184  -14.175  0 -1    50.21   121.88
202   30.867   -3.613  0 -1    54.28   160.45
203   10.037    0.153  0 -1    82.47   157.47
204    5.137    2.896  0 -1    52.81   126.14
205  -11.024  -12.724  0 -1    70.90   134.24
206   42.371    3.102  0 -1    55.05   118.27
207   61.957  -11.012  0 -1    48.71   144.43
208   60.264    1.917  0 -1    71.02   151.02
209   -5.093    0.648  0 -1    60.92   144.88
210   63.120   -5.433  0 -1    52.84   133.21
211  -61.564   15.417  0 -1    35.65   137.60
212  -32.212   24.719  0 -1    84.50   151.16
213    0.891    2.732  0 -1    71.22   129.55
214   84.144   13.691  0 -1    84.50   173.18
215   15.360    0.014  0 -1    90.91   155.91
216   34.355  -10.738  0 -1    72.67   141.00
217 -120.512   31.617  0 -1    63.46   231.44
218    0.393   -7.433  0 -1    63.64   133.64
219   16.820   -0.134  0 -1    54.54   143.97
220 -132.714   36.214  0 -1    48.15   206.14
221    4.975   -9.354  0 -1    96.57   166.57
222   38.354  -18.641  0 -1    79.75   156.42
223 -125.400   27.634  0 -1    57.98   205.98
224  -10.186  -15.126  0 -1    69.75   129.75
225   -0.958   -4.801  0 -1    75.18   143.51
226   75.562  -21.916  0 -1    92.18   185.18
227 -114.480   21.640  0 -1    39.24   206.16
228   29.474   -7.449  0 -1    83.78   157.11
229    0.413    3.195  0 -1    64.68   144.68
230  -12.766   -0.234  0 -1    63.08   143.08
231   45.956  -18.440  0 -1    82.96   147.96
232  -13.525    1.163  0 -1    75.09   140.09
233   -9.775  -22.811  0 -1   103.36   178.36
234   51.198   -1.170  0 -1    64.64   139.64
235 -121.500   28.827  0 -1    96.81   180.12
236    0.887    0.787  0 -1   102.65   175.98
237   24.595   -4.628  0 -1    95.30   158.64
238   64.897   -3.690  0 -1    91.28   171.28
239  -22.228  -23.930  0 -1   103.62   175.28
240   73.832   -3.708  0 -1    77.15   147.96
241  -20.763    2.732  0 -1    84.10   155.77
242   54.551  -13.533  0 -1    64.68   138.32
243    1.782   10.101  0 -1   111.06   177.73
244   51.088   -5.063  0 -1    67.52   137.52
245  -98.582   20.529  0 -1    92.24   179.45
246    6.349    3.367  0 -1    57.34   132.34
247   18.870    2.756  0 -1    68.21   141.54
248    4.591  -15.268  0 -1   108.00   174.66
249    5.930    7.030  0 -1    98.09   178.09
250   39.921  -12.139  0 -1    95.39   153.72
251   -3.171    0.196  0  0     0.00   700.00
