150 150 1000 1 1000
  0   -0.258   -0.180  0  0     0.00   700.00
  1   74.006   -0.583  0  1    35.00   100.00
  2  -14.384   -0.828  0  1    31.67    95.00
  3   26.278   -8.195  0  1    31.67   108.33
  4   22.099   -7.251  0  1     0.00    78.33
  5   38.879   -9.796  0  1    38.33   110.00
  6   55.279   -5.166  0  1    33.33   101.67
  7  -38.716    3.081  0  1    73.33   153.33
  8    1.981   -1.748  0  1    43.33   108.33
  9 -119.500   26.910  0  1    65.00   143.33
 10   -1.766    1.120  0  1    33.33   113.33
 11   55.533   -9.399  0  1    41.67   106.67
 12   47.562    4.958  0  1    43.33   103.33
 13   61.768  -17.510  0  1    30.00   108.33
 14   -1.612    2.108  0  1    43.33   103.33
 15   -1.038    0.091  0  1    35.00   110.00
 16  -46.025   11.257  0  1    43.33   118.33
 17    1.981   -1.748  0  1    36.67   115.00
 18   24.064   -8.022  0  1    35.00   111.67
 19    1.980   -1.748  0  1    25.00    90.00
 20   -1.766    1.120  0  1    36.67    96.67
 21   54.993   -7.674  0  1    41.67   116.67
 22   77.836  -13.538  0  1    66.67   138.33
 23   35.776  -12.934  0  1    41.67   100.00
 24   36.658  -12.055  0  1    55.00   131.67
 25   -1.038    0.091  0  1    38.33   111.67
 26   54.993   -7.673  0  1    56.67   138.33
 27   -2.812    0.078  0  1    46.67   113.33
 28  -41.109    7.389  0  1    48.33   108.33
 29   55.030   -8.051  0  1    31.67   108.33
 30  -14.902   -0.087  0  1    30.00    95.00
 31   -1.698    0.219  0  1    90.00   168.33
 32  -13.660    0.650  0  1    36.67   110.00
 33   -1.511    2.022  0  1    45.00   121.67
 34    1.980   -1.748  0  1    41.67   120.00
 35   55.131  -12.748  0  1    48.33   116.67
 36   74.005   -0.566  0  1    56.67   126.67
 37   -2.812    0.078  0  1    46.67   125.00
 38   -1.511    2.022  0  1    45.00   103.33
 39  -38.717    3.076  0  1    63.33   133.33
 40  -77.883   11.901  0  1    53.33   130.00
 41   55.279   -5.173  0  1    51.67   120.00
 42  -12.597    1.287  0  1    53.33   128.33
 43   13.845   -6.288  0  1    38.33   101.67
 44   13.365   -4.077  0  1    25.00   106.67
 45   83.956   -6.242  0  1    71.67   131.67
 46   54.993   -7.672  0  1    43.33   108.33
 47  -56.617   13.438  0  1    50.00   113.33
 48  -41.126    7.312  0  1    45.00   113.33
 49   -1.108    0.664  0  1    60.00   126.67
 50   55.279   -5.169  0  1    50.00   111.67
 51 -146.066   50.026  0  1    51.67   164.21
 52   55.026  -10.436  0  1    66.67   140.00
 53   36.341  -12.912  0  1    61.67   130.00
 54   13.038   -5.842  0  1    41.67   113.33
 55   -1.038    0.091  0  1    56.67   118.33
 56  -12.597    1.286  0  1    63.33   138.33
 57   -0.164    0.240  0  1    73.33   153.33
 58  -14.665    1.201  0  1    56.67   130.00
 59   12.682   -4.697  0  1    55.00   133.33
 60   -1.780    0.618  0  1    63.33   136.67
 61  -15.008   -0.490  0  1    55.00   131.67
 62  -67.260   17.913  0  1    73.33   131.67
 63   55.028   -7.769  0  1    61.67   120.00
 64   42.705   -2.046  0  1    63.33   138.33
 65    1.980   -1.748  0  1    58.33   140.00
 66   54.586  -14.565  0  1    35.00   103.33
 67   -1.698    0.219  0  1   103.33   180.00
 68  -67.795   17.401  0  1    71.67   133.33
 69 -118.131   30.521  0  1    25.00   133.48
 70   13.365   -4.080  0  1    43.33   118.33
 71    1.980   -1.748  0  1    61.67   143.33
 72   54.586  -14.565  0  1    66.67   128.33
 73   -1.092    0.451  0  1    83.33   160.00
 74 -119.406   31.536  0  1    31.67   133.30
 75   -1.698    0.219  0  1   106.67   183.33
 76   36.659  -12.046  0  1    80.00   141.67
 77   83.924   -6.985  0  1    83.33   151.67
 78  -95.485   24.273  0  1    55.00   116.67
 79   77.808  -13.716  0  1    86.67   156.67
 80   36.341  -12.913  0  1    78.33   146.67
 81   -1.038    0.091  0  1    70.00   146.67
 82 -130.598   40.764  0  1    58.33   144.95
 83 -119.359   26.832  0  1    46.67   132.13
 84 -105.007   17.798  0  1    58.33   126.67
 85    1.980   -1.748  0  1    70.00   143.33
 86   41.613  -12.829  0  1    65.00   145.00
 87   12.683   -4.691  0  1    68.33   150.00
 88 -119.232   24.881  0  1    45.00   134.91
 89   -1.205    3.163  0  1    56.67   115.00
 90 -132.627   37.492  0  1    56.67   145.96
 91   54.926   -8.474  0  1    63.33   133.33
 92   -1.434    1.725  0  1    80.00   146.67
 93   -1.698    0.219  0  1   113.33   175.00
 94   47.562    4.958  0  1    83.33   141.67
 95   -1.038    0.091  0  1    76.67   135.00
 96   13.174   -5.174  0  1    83.33   165.00
 97   -1.038    0.091  0  1    55.00   126.67
 98   -1.305    1.225  0  1    85.00   143.33
 99 -135.879   25.252  0  1    61.67   149.65
100   -1.092    0.451  0  1    98.33   160.00
101   61.727  -17.645  0  1    93.33   156.67
102    1.981   -1.748  0  1    80.00   150.00
103 -118.259   29.012  0  1    71.67   140.00
104    1.497   -2.142  0  1    86.67   161.67
105    1.980   -1.748  0  1    78.33   140.00
106   -0.725    1.401  0  1    83.33   141.67
107   55.108   -9.370  0  1    75.00   155.00
108   -1.305    1.225  0  1    88.33   146.67
109   36.339  -12.923  0  1    88.33   166.67
110   -0.492    0.198  0  1    75.00   151.67
111   -1.997    0.552  0  1    61.67   138.33
112   42.126  -26.991  0  1    65.00   126.67
113   41.610  -12.846  0  1    81.67   160.00
114  -12.597    1.286  0  1    73.33   133.33
115   -1.612    2.108  0  1    93.33   160.00
116   38.876   -9.816  0  1    75.00   141.67
117   55.107   -9.375  0  1    81.67   163.33
118   55.244   -7.894  0  1    96.67   163.33
119   26.277   -8.200  0  1    66.67   133.33
120   55.279   -5.171  0  1    81.67   156.67
121  -65.280   13.984  0  1    70.00   128.33
122  -17.291  -15.427  0  1    80.00   155.00
123  -15.008   -0.491  0  1    88.33   150.00
124   83.635   -5.798  0  1    98.33   158.33
125   41.605  -12.871  0  1    95.00   160.00
126   45.066  -13.235  0  1   100.00   168.33
127 -135.033   27.382  0  1    85.00   151.67
128  -14.902   -0.087  0  1    81.67   150.00
129   35.777  -12.928  0  1    70.00   150.00
130 -133.714   33.226  0  1    85.00   147.57
131   36.340  -12.918  0  1   103.33   181.67
132   55.028   -8.063  0  1    98.33   166.67
133 -134.038   31.945  0  1    85.00   156.67
134    1.980   -1.748  0  1    90.00   158.33
135   -0.240    0.328  0  1   106.67   173.33
136   84.649   -5.400  0  1   110.00   186.67
137 -117.896   30.228  0  1    65.00   133.18
138   -1.321    1.636  0  1    91.67   166.67
139   -1.766    1.120  0  1    95.00   166.67
140   13.038   -5.845  0  1    73.33   140.00
141   36.661  -12.035  0  1   108.33   171.67
142   -1.766    1.120  0  1    96.67   165.00
143   -0.240    0.328  0  1   118.33   181.67
144   24.069   -7.997  0  1    70.00   150.00
145  -97.413   21.646  0  1   111.67   176.67
146   -1.698    0.219  0  1   140.00   210.00
147   -1.905    0.402  0  1   105.00   176.67
148   51.967   -2.969  0  1   111.67   188.33
149   -1.780    0.618  0  1   105.00   185.00
150   60.875  -14.949  0  1   100.00   181.67
151   98.446  -13.664  0 -1    52.72   181.99
152   -5.247   13.210  0 -1    33.42   115.08
153   12.515   -7.468  0 -1    33.78   111.50
154   12.405   -4.057  0 -1    -3.12   105.33
155   58.939    4.295  0 -1    49.51   129.81
156   62.111   -5.861  0 -1    30.20   130.96
157  -25.263   18.625  0 -1    85.56   157.23
158  -12.899  -19.216  0 -1    57.95   124.62
159 -124.977   33.801  0 -1    63.80   211.08
160    4.095   14.130  0 -1    39.27   104.27
161   60.884   -1.152  0 -1    38.16   129.71
162   60.483  -17.022  0 -1    53.83   133.60
163   67.837   -6.742  0 -1    27.36   150.09
164   28.242  -11.512  0 -1    66.14   132.81
165  -16.287   -7.002  0 -1    40.15    98.49
166  -18.970   16.063  0 -1    59.15   149.65
167   -2.932    9.596  0 -1    34.03   105.69
168    3.846   14.108  0 -1    54.98   118.86
169    3.830  -10.635  0 -1    24.08    92.41
170   -7.794    4.840  0 -1    33.75   108.75
171   56.071  -10.067  0 -1    30.95   116.71
172   87.309  -22.061  0 -1    69.41   173.64
173    0.874    4.547  0 -1    65.70   150.58
174   62.050   -5.447  0 -1    72.91   142.91
175  -17.929  -24.686  0 -1    53.32   126.66
176   41.146    1.184  0 -1    61.44   132.20
177  -13.525    1.164  0 -1    44.10   109.10
178  -61.429    8.180  0 -1    57.01   126.89
179   68.508  -19.251  0 -1    39.19   135.04
180   -9.888  -13.150  0 -1    35.66   108.99
181   -8.653   24.167  0 -1   101.61   168.27
182    8.867    2.126  0 -1    45.91   105.91
183   -4.458   -9.088  0 -1    44.82   123.16
184  -12.832   -3.732  0 -1    41.61   118.27
185   19.136  -13.090  0 -1    72.67   167.80
186   73.426  -15.478  0 -1    58.25   164.18
187   -3.076    3.919  0 -1    38.85   120.52
188  -18.930   16.144  0 -1    54.09   117.42
189  -25.941   -0.642  0 -1    64.98   134.98
190  -91.773    8.910  0 -1    57.54   151.10
191   64.211   -4.939  0 -1    48.93   143.02
192   -0.842    3.091  0 -1    53.56   123.56
193   19.481   -2.733  0 -1    34.99    96.66
194   -3.073    3.903  0 -1    31.60    94.11
195   61.120  -19.095  0 -1    84.53   173.96
196   57.463   -7.808  0 -1    30.80   139.90
197  -47.788    4.196  0 -1    47.78   129.09
198  -43.813   -3.587  0 -1    41.23   127.78
199  -21.330   -5.686  0 -1    71.20   132.87
200   41.173  -10.362  0 -1    51.70   129.12
201 -150.703   18.797  0 -1    68.24   245.78
202   45.388    0.385  0 -1    71.16   136.16
203   42.050   -2.461  0 -1    65.24   128.58
204   10.632    6.189  0 -1    38.94   115.60
205  -13.273   -8.092  0 -1    63.05   121.39
206  -20.773  -18.746  0 -1    76.64   149.97
207  -14.620  -20.746  0 -1    85.48   167.15
208    8.555   -9.701  0 -1    73.98   155.65
209   25.672  -14.532  0 -1    57.96   134.62
210    8.169   -9.027  0 -1    65.53   130.53
211   -0.603  -11.517  0 -1    58.14   139.81
212  -70.750   14.225  0 -1    68.41   137.81
213   54.893  -10.329  0 -1    54.23   131.69
214   68.475   -6.774  0 -1    77.87   146.20
215   -0.603  -11.517  0 -1    58.44   131.78
216   54.215   -9.460  0 -1    31.79   136.82
217   -7.794    4.840  0 -1    97.65   179.32
218  -51.422    4.875  0 -1    78.95   152.08
219 -120.936   27.069  0 -1    16.12   199.59
220   22.236   -0.937  0 -1    44.41   106.08
221  -14.919   -7.125  0 -1    69.40   142.73
222   70.211  -28.756  0 -1    79.44   144.44
223   -4.889  -10.706  0 -1    83.46   148.46
224 -149.650   23.015  0 -1    54.75   213.05
225    6.591   -0.454  0 -1    99.99   158.32
226   35.165  -14.894  0 -1    68.22   133.22
227   54.255   -9.807  0 -1    98.13   174.26
228  -81.033   42.190  0 -1    66.35   193.01
229   92.463   -8.225  0 -1    90.65   163.21
230   54.792   -3.531  0 -1    89.03   165.70
231   -8.560   19.596  0 -1    79.24   160.91
232 -133.546   26.085  0 -1    61.64   214.92
233 -102.008   35.848  0 -1    54.55   211.68
234  -88.645   40.714  0 -1    74.83   212.77
235  -13.416   -3.173  0 -1    77.13   155.46
236   32.993   -6.805  0 -1    67.19   147.19
237   24.037    0.593  0 -1    70.85   149.19
238 -110.239   29.689  0 -1    46.87   206.78
239    8.913   -1.707  0 -1    57.90   137.90
240 -135.818   38.635  0 -1    46.72   211.02
241   71.327  -18.391  0 -1    72.50   133.30
242   -1.401    3.370  0 -1    71.65   131.65
243  -19.908  -14.247  0 -1   126.59   206.59
244   13.187  -10.799  0 -1   109.48   189.48
245   13.187  -10.799  0 -1    82.91   154.58
246   -5.791   -3.429  0 -1    87.37   154.04
247  -13.526    1.160  0 -1    55.86   137.53
248  -22.228  -23.931  0 -1   102.72   174.39
249 -140.800   57.836  0 -1    84.62   239.26
250    6.743  -10.797  0 -1   100.38   168.71
251   50.708  -44.452  0 -1   107.31   182.31
252   12.816    5.382  0 -1    79.64   142.97
253  -90.222   23.957  0 -1    86.82   220.05
254   -9.734  -13.688  0 -1    92.78   161.11
255  -16.472  -25.743  0 -1    98.60   180.27
256  -13.874  -21.384  0 -1   101.31   177.98
257   41.284   -0.520  0 -1    78.08   141.41
258  -27.922  -15.661  0 -1   109.85   174.85
259    6.200  -14.861  0 -1   103.53   175.20
260  -12.712    8.885  0 -1    74.99   136.66
261  -18.184  -14.175  0 -1    70.21   135.21
262   30.867   -3.613  0 -1    80.95   152.62
263   10.037    0.153  0 -1   102.47   165.81
264    5.137    2.896  0 -1    77.81   149.48
265  -11.024  -12.724  0 -1    97.57   172.57
266   42.371    3.102  0 -1    76.71   155.05
267   61.957  -11.012  0 -1    73.71   143.71
268   60.264    1.917  0 -1    92.69   156.02
269   -5.093    0.648  0 -1    87.59   152.59
270   63.120   -5.433  0 -1    76.17   154.51
271  -61.564   15.417  0 -1    65.65   128.86
272  -32.212   24.719  0 -1   107.83   179.50
273    0.891    2.732  0 -1    92.89   171.22
274   84.144   13.691  0 -1   106.17   184.50
275   15.360    0.014  0 -1   112.57   192.57
276   34.355  -10.738  0 -1    96.00   177.67
277 -120.512   31.617  0 -1    86.80   212.69
278    0.393   -7.433  0 -1    90.30   163.64
279   16.820   -0.134  0 -1    81.20   161.20
280 -132.714   36.214  0 -1    74.82   220.72
281    4.975   -9.354  0 -1   124.90   198.24
282   38.354  -18.641  0 -1   104.75   184.75
283 -125.400   27.634  0 -1    79.65   220.56
284  -10.186  -15.126  0 -1    93.08   166.41
285   -0.958   -4.801  0 -1    96.85   173.51
286   75.562  -21.916  0 -1   113.85   182.18
287 -114.480   21.640  0 -1    60.91   202.42
288   29.474   -7.449  0 -1   115.44   187.11
289    0.413    3.195  0 -1    84.68   144.68
290  -12.766   -0.234  0 -1    89.74   154.74
291   45.956  -18.440  0 -1   109.62   187.96
292  -13.525    1.163  0 -1   100.09   173.43
293   -9.775  -22.811  0 -1   128.36   198.36
294   51.198   -1.170  0 -1    86.30   151.30
295 -121.500   28.827  0 -1   123.47   191.39
296    0.887    0.787  0 -1   129.32   202.65
297   24.595   -4.628  0 -1   123.64   198.64
298   64.897   -3.690  0 -1   112.95   187.95
299  -22.228  -23.930  0 -1   128.62   210.28
300   73.832   -3.708  0 -1   102.15   170.48
301   -0.258   -0.180  0  0     0.00   700.00
