200 200 1000 1 1000
  0   -0.512    0.122  0  0     0.00   700.00
  1   -1.092    0.451  0  1    35.00    95.00
  2  -67.727   17.857  0  1    31.67   105.00
  3  -69.165   17.153  0  1    23.33    88.33
  4   55.030   -8.048  0  1    26.67    98.33
  5 -132.775   36.627  0  1    26.67   150.54
  6   -1.997    0.552  0  1    25.00   100.00
  7   89.324  -12.481  0  1    48.33   121.67
  8   55.041   -7.827  0  1    38.33   106.67
  9   42.720  -25.766  0  1    21.67    85.00
 10  -14.902   -0.086  0  1    20.00    81.67
 11  -73.674   15.273  0  1    25.00    98.33
 12  -14.384   -0.826  0  1    40.00   101.67
 13   -5.981   10.744  0  1    13.33    80.00
 14   74.006   -0.583  0  1    35.00    96.67
 15  -14.384   -0.828  0  1    31.67    90.00
 16   26.278   -8.195  0  1    31.67    95.00
 17   22.099   -7.251  0  1     0.00    68.33
 18   38.879   -9.796  0  1    38.33   115.00
 19   55.279   -5.166  0  1    33.33   105.00
 20  -38.716    3.081  0  1    73.33   143.33
 21    1.981   -1.748  0  1    43.33   121.67
 22 -119.500   26.910  0  1    65.00   138.33
 23   -1.766    1.120  0  1    33.33    91.67
 24   55.533   -9.399  0  1    41.67   111.67
 25   47.562    4.958  0  1    43.33   111.67
 26   61.768  -17.510  0  1    30.00   108.33
 27   -1.612    2.108  0  1    43.33   103.33
 28   -1.038    0.091  0  1    35.00    98.33
 29  -46.025   11.257  0  1    43.33   118.33
 30    1.981   -1.748  0  1    36.67   111.67
 31   24.064   -8.022  0  1    35.00   100.00
 32    1.980   -1.748  0  1    25.00    95.00
 33   -1.766    1.120  0  1    36.67   110.00
 34   54.993   -7.674  0  1    41.67   120.00
 35   77.836  -13.538  0  1    66.67   145.00
 36   35.776  -12.934  0  1    41.67   110.00
 37   36.658  -12.055  0  1    55.00   135.00
 38   -1.038    0.091  0  1    38.33   113.33
 39   54.993   -7.673  0  1    56.67   115.00
 40   -2.812    0.078  0  1    46.67   105.00
 41  -41.109    7.389  0  1    48.33   108.33
 42   55.030   -8.051  0  1    31.67   100.00
 43  -14.902   -0.087  0  1    30.00   101.67
 44   -1.698    0.219  0  1    90.00   168.33
 45  -13.660    0.650  0  1    36.67   101.67
 46   -1.511    2.022  0  1    45.00   105.00
 47    1.980   -1.748  0  1    41.67   105.00
 48   55.131  -12.748  0  1    48.33   115.00
 49   74.005   -0.566  0  1    56.67   136.67
 50   -2.812    0.078  0  1    46.67   128.33
 51   -1.511    2.022  0  1    45.00   106.67
 52  -38.717    3.076  0  1    63.33   128.33
 53  -77.883   11.901  0  1    53.33   126.67
 54   55.279   -5.173  0  1    51.67   116.67
 55  -12.597    1.287  0  1    53.33   118.33
 56   13.845   -6.288  0  1    38.33   100.00
 57   13.365   -4.077  0  1    25.00   105.00
 58   83.956   -6.242  0  1    71.67   146.67
 59   54.993   -7.672  0  1    43.33   120.00
 60  -56.617   13.438  0  1    50.00   126.67
 61  -41.126    7.312  0  1    45.00   111.67
 62   -1.108    0.664  0  1    60.00   125.00
 63   55.279   -5.169  0  1    50.00   120.00
 64 -146.066   50.026  0  1    51.67   163.87
 65   55.026  -10.436  0  1    66.67   138.33
 66   36.341  -12.912  0  1    61.67   143.33
 67   13.038   -5.842  0  1    41.67   110.00
 68   -1.038    0.091  0  1    56.67   116.67
 69  -12.597    1.286  0  1    63.33   133.33
 70   -0.164    0.240  0  1    73.33   155.00
 71  -14.665    1.201  0  1    56.67   128.33
 72   12.682   -4.697  0  1    55.00   135.00
 73   -1.780    0.618  0  1    63.33   128.33
 74  -15.008   -0.490  0  1    55.00   120.00
 75  -67.260   17.913  0  1    73.33   145.00
 76   55.028   -7.769  0  1    61.67   141.67
 77   42.705   -2.046  0  1    63.33   140.00
 78    1.980   -1.748  0  1    58.33   123.33
 79   54.586  -14.565  0  1    35.00   111.67
 80   -1.698    0.219  0  1   103.33   161.67
 81  -67.795   17.401  0  1    71.67   143.33
 82 -118.131   30.521  0  1    25.00   133.15
 83   13.365   -4.080  0  1    43.33   115.00
 84    1.980   -1.748  0  1    61.67   130.00
 85   54.586  -14.565  0  1    66.67   140.00
 86   -1.092    0.451  0  1    83.33   165.00
 87 -119.406   31.536  0  1    31.67   131.30
 88   -1.698    0.219  0  1   106.67   178.33
 89   36.659  -12.046  0  1    80.00   141.67
 90   83.924   -6.985  0  1    83.33   145.00
 91  -95.485   24.273  0  1    55.00   125.00
 92   77.808  -13.716  0  1    86.67   145.00
 93   36.341  -12.913  0  1    78.33   138.33
 94   -1.038    0.091  0  1    70.00   143.33
 95 -130.598   40.764  0  1    58.33   146.29
 96 -119.359   26.832  0  1    46.67   136.81
 97 -105.007   17.798  0  1    58.33   133.33
 98    1.980   -1.748  0  1    70.00   136.67
 99   41.613  -12.829  0  1    65.00   143.33
100   12.683   -4.691  0  1    68.33   135.00
101 -119.232   24.881  0  1    45.00   132.94
102   -1.205    3.163  0  1    56.67   135.00
103 -132.627   37.492  0  1    56.67   145.63
104   54.926   -8.474  0  1    63.33   145.00
105   -1.434    1.725  0  1    80.00   146.67
106   -1.698    0.219  0  1   113.33   181.67
107   47.562    4.958  0  1    83.33   148.33
108   -1.038    0.091  0  1    76.67   143.33
109   13.174   -5.174  0  1    83.33   153.33
110   -1.038    0.091  0  1    55.00   133.33
111   -1.305    1.225  0  1    85.00   143.33
112 -135.879   25.252  0  1    61.67   146.01
113   -1.092    0.451  0  1    98.33   160.00
114   61.727  -17.645  0  1    93.33   166.67
115    1.981   -1.748  0  1    80.00   146.67
116 -118.259   29.012  0  1    71.67   151.67
117    1.497   -2.142  0  1    86.67   156.67
118    1.980   -1.748  0  1    78.33   136.67
119   -0.725    1.401  0  1    83.33   163.33
120   55.108   -9.370  0  1    75.00   156.67
121   -1.305    1.225  0  1    88.33   151.67
122   36.339  -12.923  0  1    88.33   160.00
123   -0.492    0.198  0  1    75.00   156.67
124   -1.997    0.552  0  1    61.67   131.67
125   42.126  -26.991  0  1    65.00   125.00
126   41.610  -12.846  0  1    81.67   151.67
127  -12.597    1.286  0  1    73.33   148.33
128   -1.612    2.108  0  1    93.33   158.33
129   38.876   -9.816  0  1    75.00   148.33
130   55.107   -9.375  0  1    81.67   161.67
131   55.244   -7.894  0  1    96.67   171.67
132   26.277   -8.200  0  1    66.67   145.00
133   55.279   -5.171  0  1    81.67   150.00
134  -65.280   13.984  0  1    70.00   140.00
135  -17.291  -15.427  0  1    80.00   153.33
136  -15.008   -0.491  0  1    88.33   165.00
137   83.635   -5.798  0  1    98.33   175.00
138   41.605  -12.871  0  1    95.00   155.00
139   45.066  -13.235  0  1   100.00   165.00
140 -135.033   27.382  0  1    85.00   145.59
141  -14.902   -0.087  0  1    81.67   145.00
142   35.777  -12.928  0  1    70.00   133.33
143 -133.714   33.226  0  1    85.00   161.67
144   36.340  -12.918  0  1   103.33   185.00
145   55.028   -8.063  0  1    98.33   173.33
146 -134.038   31.945  0  1    85.00   158.33
147    1.980   -1.748  0  1    90.00   151.67
148   -0.240    0.328  0  1   106.67   165.00
149   84.649   -5.400  0  1   110.00   186.67
150 -117.896   30.228  0  1    65.00   131.18
151   -1.321    1.636  0  1    91.67   151.67
152   -1.766    1.120  0  1    95.00   176.67
153   13.038   -5.845  0  1    73.33   141.67
154   36.661  -12.035  0  1   108.33   188.33
155   -1.766    1.120  0  1    96.67   178.33
156   -0.240    0.328  0  1   118.33   191.67
157   24.069   -7.997  0  1    70.00   150.00
158  -97.413   21.646  0  1   111.67   185.00
159   -1.698    0.219  0  1   140.00   211.67
160   -1.905    0.402  0  1   105.00   180.00
161   51.967   -2.969  0  1   111.67   190.00
162   -1.780    0.618  0  1   105.00   176.67
163   60.875  -14.949  0  1   100.00   166.67
164   -1.780    0.618  0  1   105.00   166.67
165   56.394   -9.226  0  1   100.00   176.67
166   35.779  -12.917  0  1   106.67   188.33
167   55.280   -5.165  0  1   101.67   161.67
168  -66.558   16.848  0  1    93.33   155.00
169   -0.725    1.401  0  1    86.67   151.67
170   26.280   -8.185  0  1    90.00   168.33
171   -0.240    0.328  0  1   126.67   188.33
172   36.783  -12.320  0  1   100.00   163.33
173   36.379  -11.001  0  1   125.00   186.67
174 -146.339   24.748  0  1   100.00   161.22
175  -12.598    1.284  0  1    91.67   151.67
176   26.282   -8.173  0  1   111.67   193.33
177    1.980   -1.748  0  1   103.33   171.67
178   35.776  -12.932  0  1   108.33   190.00
179   55.005   -9.101  0  1   123.33   205.00
180 -132.598   31.032  0  1    88.33   160.00
181   55.028   -7.770  0  1   116.67   186.67
182   36.296  -11.341  0  1   126.67   205.00
183   -0.895    3.020  0  1   100.00   171.67
184   84.243   -5.758  0  1   120.00   188.33
185   26.411   -8.156  0  1    86.67   168.33
186    1.981   -1.748  0  1   101.67   166.67
187   13.040   -5.835  0  1   100.00   168.33
188    1.980   -1.748  0  1    98.33   165.00
189    1.497   -2.142  0  1   116.67   186.67
190   -1.766    1.120  0  1   111.67   181.67
191 -130.779   27.901  0  1    98.33   176.67
192   -1.780    0.618  0  1   118.33   183.33
193   89.331  -12.423  0  1   136.67   208.33
194 -135.247   28.602  0  1   111.67   173.33
195   60.873  -14.958  0  1    93.33   171.67
196   36.341  -12.914  0  1   106.67   186.67
197   55.700   -8.232  0  1   125.00   196.67
198   -1.698    0.219  0  1   133.33   201.67
199   26.272   -8.228  0  1   125.00   205.00
200 -118.896   25.853  0  1   120.00   188.33
201  -12.094   -0.277  0 -1    31.03   107.70
202  -62.159   11.113  0 -1    25.42   154.94
203  -47.335    6.811  0 -1    37.49   164.89
204   60.515   -8.252  0 -1    17.16   126.63
205 -152.077   15.991  0 -1    44.93   240.47
206   15.868   -6.564  0 -1    35.90   102.56
207   84.982   16.295  0 -1    67.43   199.82
208   72.353  -33.174  0 -1    54.02   168.48
209   54.217  -37.031  0 -1    24.43   143.16
210    7.856   -7.817  0 -1    32.37   110.10
211  -91.672   26.505  0 -1    32.89   175.94
212  -20.729   19.199  0 -1    47.68   126.01
213  -10.487  -12.869  0 -1    24.04   102.66
214   98.446  -13.664  0 -1    52.72   173.91
215   -5.247   13.210  0 -1    38.42   105.08
216   12.515   -7.468  0 -1    30.45   115.16
217   12.405   -4.057  0 -1     0.21    93.99
218   58.939    4.295  0 -1    54.51   136.80
219   62.111   -5.861  0 -1    30.20   132.91
220  -25.263   18.625  0 -1    80.56   147.23
221  -12.899  -19.216  0 -1    57.95   126.28
222 -124.977   33.801  0 -1    63.80   204.10
223    4.095   14.130  0 -1    34.27   107.60
224   60.884   -1.152  0 -1    39.83   143.35
225   60.483  -17.022  0 -1    55.50   155.49
226   67.837   -6.742  0 -1    30.69   143.76
227   28.242  -11.512  0 -1    67.81   139.48
228  -16.287   -7.002  0 -1    43.49   113.49
229  -18.970   16.063  0 -1    60.81   149.34
230   -2.932    9.596  0 -1    34.03    99.03
231    3.846   14.108  0 -1    56.65   131.65
232    3.830  -10.635  0 -1    25.75   100.75
233   -7.794    4.840  0 -1    28.75   102.08
234   56.071  -10.067  0 -1    29.29   123.67
235   87.309  -22.061  0 -1    71.07   160.60
236    0.874    4.547  0 -1    67.36   157.59
237   62.050   -5.447  0 -1    69.57   149.57
238  -17.929  -24.686  0 -1    54.99   126.66
239   41.146    1.184  0 -1    58.11   147.49
240  -13.525    1.164  0 -1    44.10   115.77
241  -61.429    8.180  0 -1    57.01   123.25
242   68.508  -19.251  0 -1    37.52   143.66
243   -9.888  -13.150  0 -1    28.99    95.66
244   -8.653   24.167  0 -1   106.61   176.61
245    8.867    2.126  0 -1    44.25   110.91
246   -4.458   -9.088  0 -1    46.49   118.16
247  -12.832   -3.732  0 -1    46.61   114.94
248   19.136  -13.090  0 -1    71.00   158.11
249   73.426  -15.478  0 -1    58.25   147.77
250   -3.076    3.919  0 -1    40.52   120.52
251  -18.930   16.144  0 -1    54.09   122.42
252  -25.941   -0.642  0 -1    63.31   121.64
253  -91.773    8.910  0 -1    54.21   150.80
254   64.211   -4.939  0 -1    48.93   143.30
255   -0.842    3.091  0 -1    50.22   130.22
256   19.481   -2.733  0 -1    31.66    98.33
257   -3.073    3.903  0 -1    31.60   111.10
258   61.120  -19.095  0 -1    84.53   174.24
259   57.463   -7.808  0 -1    30.80   120.19
260  -47.788    4.196  0 -1    47.78   133.77
261  -43.813   -3.587  0 -1    44.56   112.48
262  -21.330   -5.686  0 -1    71.20   149.53
263   41.173  -10.362  0 -1    51.70   144.40
264 -150.703   18.797  0 -1    68.24   253.77
265   45.388    0.385  0 -1    69.49   142.69
266   42.050   -2.461  0 -1    65.24   140.24
267   10.632    6.189  0 -1    43.94   118.94
268  -13.273   -8.092  0 -1    58.05   119.72
269  -20.773  -18.746  0 -1    76.64   151.64
270  -14.620  -20.746  0 -1    88.81   150.48
271    8.555   -9.701  0 -1    73.98   140.65
272   25.672  -14.532  0 -1    56.29   136.29
273    8.169   -9.027  0 -1    63.86   123.86
274   -0.603  -11.517  0 -1    64.81   133.14
275  -70.750   14.225  0 -1    70.08   150.83
276   54.893  -10.329  0 -1    55.89   136.99
277   68.475   -6.774  0 -1    81.20   157.87
278   -0.603  -11.517  0 -1    53.44   130.11
279   54.215   -9.460  0 -1    26.79   122.14
280   -7.794    4.840  0 -1   102.65   175.98
281  -51.422    4.875  0 -1    78.95   151.76
282 -120.936   27.069  0 -1    17.78   189.26
283   22.236   -0.937  0 -1    39.41   106.08
284  -14.919   -7.125  0 -1    71.06   137.73
285   70.211  -28.756  0 -1    72.78   143.13
286   -4.889  -10.706  0 -1    83.46   163.46
287 -149.650   23.015  0 -1    54.75   224.39
288    6.591   -0.454  0 -1   106.65   168.32
289   35.165  -14.894  0 -1    68.22   133.22
290   54.255   -9.807  0 -1   101.47   196.20
291  -81.033   42.190  0 -1    63.02   202.69
292   92.463   -8.225  0 -1    92.32   168.51
293   54.792   -3.531  0 -1    85.70   155.70
294   -8.560   19.596  0 -1    79.24   140.91
295 -133.546   26.085  0 -1    63.30   226.26
296 -102.008   35.848  0 -1    54.55   219.69
297  -88.645   40.714  0 -1    73.16   200.81
298  -13.416   -3.173  0 -1    73.79   138.79
299   32.993   -6.805  0 -1    60.52   135.52
300   24.037    0.593  0 -1    72.52   152.52
301 -110.239   29.689  0 -1    46.87   201.47
302    8.913   -1.707  0 -1    54.56   121.23
303 -135.818   38.635  0 -1    48.39   215.69
304   71.327  -18.391  0 -1    70.84   145.27
305   -1.401    3.370  0 -1    68.32   146.65
306  -19.908  -14.247  0 -1   126.59   194.93
307   13.187  -10.799  0 -1   112.81   172.81
308   13.187  -10.799  0 -1    86.24   164.58
309   -5.791   -3.429  0 -1    87.37   150.71
310  -13.526    1.160  0 -1    55.86   137.53
311  -22.228  -23.931  0 -1   104.39   181.05
312 -140.800   57.836  0 -1    81.28   233.96
313    6.743  -10.797  0 -1   103.71   175.38
314   50.708  -44.452  0 -1   113.98   172.31
315   12.816    5.382  0 -1    82.97   149.64
316  -90.222   23.957  0 -1    91.82   209.73
317   -9.734  -13.688  0 -1    89.44   157.78
318  -16.472  -25.743  0 -1    96.94   155.27
319  -13.874  -21.384  0 -1    96.31   159.64
320   41.284   -0.520  0 -1    79.74   143.08
321  -27.922  -15.661  0 -1   104.85   166.52
322    6.200  -14.861  0 -1   103.53   170.20
323  -12.712    8.885  0 -1    79.99   139.99
324  -18.184  -14.175  0 -1    73.55   145.21
325   30.867   -3.613  0 -1    82.62   159.28
326   10.037    0.153  0 -1   104.14   162.47
327    5.137    2.896  0 -1    76.14   152.81
328  -11.024  -12.724  0 -1   102.57   179.24
329   42.371    3.102  0 -1    78.38   150.05
330   61.957  -11.012  0 -1    77.04   158.71
331   60.264    1.917  0 -1    97.69   176.02
332   -5.093    0.648  0 -1    90.92   149.26
333   63.120   -5.433  0 -1    79.51   157.84
334  -61.564   15.417  0 -1    63.98   135.22
335  -32.212   24.719  0 -1   109.50   177.83
336    0.891    2.732  0 -1    96.22   159.55
337   84.144   13.691  0 -1   102.83   163.86
338   15.360    0.014  0 -1   110.91   189.24
339   34.355  -10.738  0 -1   102.67   182.67
340 -120.512   31.617  0 -1    91.80   234.06
341    0.393   -7.433  0 -1    88.64   160.30
342   16.820   -0.134  0 -1    77.87   149.54
343 -132.714   36.214  0 -1    76.48   200.40
344    4.975   -9.354  0 -1   121.57   184.90
345   38.354  -18.641  0 -1   103.08   163.08
346 -125.400   27.634  0 -1    86.32   221.92
347  -10.186  -15.126  0 -1    96.41   171.41
348   -0.958   -4.801  0 -1   101.85   183.51
349   75.562  -21.916  0 -1   117.18   187.18
350 -114.480   21.640  0 -1    64.24   208.75
351   29.474   -7.449  0 -1   108.78   173.78
352    0.413    3.195  0 -1    88.01   168.01
353  -12.766   -0.234  0 -1    86.41   149.74
354   45.956  -18.440  0 -1   109.62   169.62
355  -13.525    1.163  0 -1    98.43   160.09
356   -9.775  -22.811  0 -1   128.36   201.70
357   51.198   -1.170  0 -1    82.97   144.64
358 -121.500   28.827  0 -1   125.14   195.14
359    0.887    0.787  0 -1   132.65   200.98
360   24.595   -4.628  0 -1   121.97   191.97
361   64.897   -3.690  0 -1   114.62   174.62
362  -22.228  -23.930  0 -1   123.62   181.95
363   73.832   -3.708  0 -1   102.15   162.15
364  -20.763    2.732  0 -1   110.77   184.10
365   54.551  -13.533  0 -1    94.68   176.35
366    1.782   10.101  0 -1   132.73   207.73
367   51.088   -5.063  0 -1    94.19   157.52
368  -98.582   20.529  0 -1   115.57   177.24
369    6.349    3.367  0 -1    80.67   159.01
370   18.870    2.756  0 -1    88.21   168.21
371    4.591  -15.268  0 -1   131.33   193.00
372    5.930    7.030  0 -1   121.42   199.75
373   39.921  -12.139  0 -1   115.39   183.72
374 -118.064   26.943  0 -1   115.03   236.25
375   -3.335   -3.250  0 -1    88.64   168.64
376   11.904   -0.466  0 -1   117.98   176.31
377   -7.898  -12.658  0 -1   106.39   173.05
378   45.565   -3.601  0 -1   113.52   180.19
379   35.218    0.959  0 -1   133.87   195.53
380 -148.928   46.216  0 -1    95.63   227.95
381   39.211   -7.886  0 -1   119.15   187.49
382   51.571   -8.592  0 -1   127.19   207.19
383   -4.267    1.723  0 -1    93.61   151.94
384   96.353  -30.255  0 -1   132.33   195.66
385    5.158   -9.356  0 -1    99.62   161.29
386    1.199   -0.509  0 -1    94.79   176.46
387   -4.951    0.610  0 -1   104.11   184.11
388   -8.338   -3.342  0 -1    95.44   163.77
389   36.797   -7.609  0 -1   139.05   212.39
390   22.986   -6.261  0 -1   124.16   195.83
391 -117.165   28.085  0 -1   100.28   210.14
392  -13.498    4.949  0 -1   117.49   179.16
393   86.212   -9.739  0 -1   132.45   199.12
394 -151.101   40.667  0 -1   119.92   219.30
395   76.644    8.346  0 -1   109.81   181.47
396   61.585  -12.526  0 -1   121.92   201.92
397   79.458   11.062  0 -1   143.94   218.94
398    7.930    7.101  0 -1   133.50   191.83
399    1.054    4.210  0 -1   139.79   221.45
400 -135.024   32.373  0 -1   125.73   215.22
401   -0.512    0.122  0  0     0.00   700.00
