5 5 1000 1 1000
  0   29.474   -4.027  0  0     0.00   700.00
  1   55.279   -5.173  0  1    26.67   108.33
  2  -12.597    1.287  0  1    28.33    88.33
  3   13.845   -6.288  0  1    13.33    76.67
  4   13.365   -4.077  0  1     0.00    80.00
  5   83.956   -6.242  0  1    46.67   123.33
  6   64.211   -4.939  0 -1    23.93   111.43
  7   -0.842    3.091  0 -1    26.89   115.97
  8   19.481   -2.733  0 -1     6.66    80.78
  9   -3.073    3.903  0 -1     9.94    97.71
 10   61.120  -19.095  0 -1    57.87   155.73
 11   29.474   -4.027  0  0     0.00   700.00
