50 50 1000 1 1000
  0   -4.204   -0.306  0  0     0.00   700.00
  1   -1.205    3.163  0  1     1.67    65.00
  2 -132.627   37.492  0  1     1.67   142.20
  3   54.926   -8.474  0  1     8.33    90.00
  4   -1.434    1.725  0  1    25.00    96.67
  5   -1.698    0.219  0  1    58.33   136.67
  6   47.562    4.958  0  1    28.33   106.67
  7   -1.038    0.091  0  1    21.67    80.00
  8   13.174   -5.174  0  1    28.33    93.33
  9   -1.038    0.091  0  1     0.00    76.67
 10   -1.305    1.225  0  1    30.00    98.33
 11 -135.879   25.252  0  1     6.67   147.46
 12   -1.092    0.451  0  1    43.33   115.00
 13   61.727  -17.645  0  1    38.33   115.00
 14    1.981   -1.748  0  1    25.00   105.00
 15 -118.259   29.012  0  1    16.67   129.43
 16    1.497   -2.142  0  1    31.67    90.00
 17    1.980   -1.748  0  1    23.33   103.33
 18   -0.725    1.401  0  1    28.33    90.00
 19   55.108   -9.370  0  1    20.00    78.33
 20   -1.305    1.225  0  1    33.33   106.67
 21   36.339  -12.923  0  1    33.33   113.33
 22   -0.492    0.198  0  1    20.00    96.67
 23   -1.997    0.552  0  1     6.67    80.00
 24   42.126  -26.991  0  1    10.00    71.67
 25   41.610  -12.846  0  1    26.67    93.33
 26  -12.597    1.286  0  1    18.33    96.67
 27   -1.612    2.108  0  1    38.33    98.33
 28   38.876   -9.816  0  1    20.00    90.00
 29   55.107   -9.375  0  1    26.67   105.00
 30   55.244   -7.894  0  1    41.67   113.33
 31   26.277   -8.200  0  1    11.67    88.33
 32   55.279   -5.171  0  1    26.67   108.33
 33  -65.280   13.984  0  1    15.00    91.67
 34  -17.291  -15.427  0  1    25.00    96.67
 35  -15.008   -0.491  0  1    33.33   113.33
 36   83.635   -5.798  0  1    43.33   116.67
 37   41.605  -12.871  0  1    40.00   105.00
 38   45.066  -13.235  0  1    45.00   105.00
 39 -135.033   27.382  0  1    30.00   147.06
 40  -14.902   -0.087  0  1    26.67    88.33
 41   35.777  -12.928  0  1    15.00    85.00
 42 -133.714   33.226  0  1    30.00   145.45
 43   36.340  -12.918  0  1    48.33   111.67
 44   55.028   -8.063  0  1    43.33   116.67
 45 -134.038   31.945  0  1    30.00   143.78
 46    1.980   -1.748  0  1    35.00    98.33
 47   -0.240    0.328  0  1    51.67   125.00
 48   84.649   -5.400  0  1    55.00   126.67
 49 -117.896   30.228  0  1    10.00   129.39
 50   -1.321    1.636  0  1    36.67    96.67
 51    8.913   -1.707  0 -1     4.56    82.49
 52 -135.818   38.635  0 -1    -3.28   212.26
 53   71.327  -18.391  0 -1    19.17   143.86
 54   -1.401    3.370  0 -1    11.65    84.98
 55  -19.908  -14.247  0 -1    69.93   148.26
 56   13.187  -10.799  0 -1    52.81   154.84
 57   13.187  -10.799  0 -1    24.58    82.91
 58   -5.791   -3.429  0 -1    35.71   113.76
 59  -13.526    1.160  0 -1    -0.80    74.05
 60  -22.228  -23.931  0 -1    52.72   114.39
 61 -140.800   57.836  0 -1    27.95   247.08
 62    6.743  -10.797  0 -1    42.04   113.71
 63   50.708  -44.452  0 -1    53.98   177.15
 64   12.816    5.382  0 -1    22.97    92.97
 65  -90.222   23.957  0 -1    36.82   212.92
 66   -9.734  -13.688  0 -1    32.78   104.44
 67  -16.472  -25.743  0 -1    43.60   105.27
 68  -13.874  -21.384  0 -1    46.31   119.64
 69   41.284   -0.520  0 -1    23.08   146.41
 70  -27.922  -15.661  0 -1    51.52   124.85
 71    6.200  -14.861  0 -1    55.20   130.99
 72  -12.712    8.885  0 -1    21.66    93.32
 73  -18.184  -14.175  0 -1    18.55    99.25
 74   30.867   -3.613  0 -1    25.95   142.75
 75   10.037    0.153  0 -1    47.47   161.64
 76    5.137    2.896  0 -1    21.14    91.35
 77  -11.024  -12.724  0 -1    45.90   109.24
 78   42.371    3.102  0 -1    20.05   120.83
 79   61.957  -11.012  0 -1    22.04   125.37
 80   60.264    1.917  0 -1    41.02   135.95
 81   -5.093    0.648  0 -1    30.92   130.75
 82   63.120   -5.433  0 -1    24.51   147.52
 83  -61.564   15.417  0 -1    10.65   130.04
 84  -32.212   24.719  0 -1    56.16   129.50
 85    0.891    2.732  0 -1    41.22   102.89
 86   84.144   13.691  0 -1    54.50   175.84
 87   15.360    0.014  0 -1    55.91   136.74
 88   34.355  -10.738  0 -1    44.33   136.94
 89 -120.512   31.617  0 -1    35.13   213.86
 90    0.393   -7.433  0 -1    28.64   101.97
 91   16.820   -0.134  0 -1    27.87   133.13
 92 -132.714   36.214  0 -1    24.82   208.60
 93    4.975   -9.354  0 -1    66.57   145.70
 94   38.354  -18.641  0 -1    53.08   139.49
 95 -125.400   27.634  0 -1    31.32   206.76
 96  -10.186  -15.126  0 -1    38.08   114.75
 97   -0.958   -4.801  0 -1    41.85   121.85
 98   75.562  -21.916  0 -1    60.52   181.18
 99 -114.480   21.640  0 -1     7.57   198.63
100   29.474   -7.449  0 -1    58.78   132.11
101   -4.204   -0.306  0  0     0.00   700.00
