100 100 1000 1 1000
  0   -0.684   -0.610  0  0     0.00   600.00
  1   54.993   -7.674  0  1    16.67    66.12
  2   77.836  -13.538  0  1    41.67    92.91
  3   35.776  -12.934  0  1    16.67    60.00
  4   36.658  -12.055  0  1    30.00    71.67
  5   -1.038    0.091  0  1    13.33    70.00
  6   54.993   -7.673  0  1    31.67    78.33
  7   -2.812    0.078  0  1    21.67    55.00
  8  -41.109    7.389  0  1    23.33    65.00
  9   55.030   -8.051  0  1     6.67    69.54
 10  -14.902   -0.087  0  1     5.00    56.67
 11   -1.698    0.219  0  1    65.00    98.33
 12  -13.660    0.650  0  1    11.67    60.00
 13   -1.511    2.022  0  1    20.00    63.33
 14    1.980   -1.748  0  1    16.67    71.67
 15   55.131  -12.748  0  1    23.33    70.45
 16   74.005   -0.566  0  1    31.67    88.02
 17   -2.812    0.078  0  1    21.67    56.67
 18   -1.511    2.022  0  1    20.00    71.67
 19  -38.717    3.076  0  1    38.33    78.33
 20  -77.883   11.901  0  1    28.33    89.88
 21   55.279   -5.173  0  1    26.67    76.67
 22  -12.597    1.287  0  1    28.33    80.00
 23   13.845   -6.288  0  1    13.33    60.00
 24   13.365   -4.077  0  1     0.00    55.00
 25   83.956   -6.242  0  1    46.67    99.83
 26   54.993   -7.672  0  1    18.33    69.45
 27  -56.617   13.438  0  1    25.00    71.67
 28  -41.126    7.312  0  1    20.00    68.33
 29   -1.108    0.664  0  1    35.00    68.33
 30   55.279   -5.169  0  1    25.00    80.00
 31 -146.066   50.026  0  1    26.67   165.62
 32   55.026  -10.436  0  1    41.67    75.00
 33   36.341  -12.912  0  1    36.67    73.33
 34   13.038   -5.842  0  1    16.67    51.67
 35   -1.038    0.091  0  1    31.67    88.33
 36  -12.597    1.286  0  1    38.33    85.00
 37   -0.164    0.240  0  1    48.33    81.67
 38  -14.665    1.201  0  1    31.67    78.33
 39   12.682   -4.697  0  1    30.00    71.67
 40   -1.780    0.618  0  1    38.33    73.33
 41  -15.008   -0.490  0  1    30.00    86.67
 42  -67.260   17.913  0  1    48.33    90.00
 43   55.028   -7.769  0  1    36.67    71.67
 44   42.705   -2.046  0  1    38.33    85.00
 45    1.980   -1.748  0  1    33.33    75.00
 46   54.586  -14.565  0  1    10.00    68.67
 47   -1.698    0.219  0  1    78.33   121.67
 48  -67.795   17.401  0  1    46.67    81.16
 49 -118.131   30.521  0  1     0.00   131.50
 50   13.365   -4.080  0  1    18.33    63.33
 51    1.980   -1.748  0  1    36.67    76.67
 52   54.586  -14.565  0  1    41.67    78.33
 53   -1.092    0.451  0  1    58.33   105.00
 54 -119.406   31.536  0  1     6.67   138.00
 55   -1.698    0.219  0  1    81.67   126.67
 56   36.659  -12.046  0  1    55.00    98.33
 57   83.924   -6.985  0  1    58.33   106.67
 58  -95.485   24.273  0  1    30.00   106.34
 59   77.808  -13.716  0  1    61.67   106.67
 60   36.341  -12.913  0  1    53.33    95.00
 61   -1.038    0.091  0  1    45.00    88.33
 62 -130.598   40.764  0  1    33.33   149.67
 63 -119.359   26.832  0  1    21.67   133.48
 64 -105.007   17.798  0  1    33.33   120.93
 65    1.980   -1.748  0  1    45.00    78.33
 66   41.613  -12.829  0  1    40.00    81.67
 67   12.683   -4.691  0  1    43.33    93.33
 68 -119.232   24.881  0  1    20.00   131.26
 69   -1.205    3.163  0  1    31.67    75.00
 70 -132.627   37.492  0  1    31.67   145.66
 71   54.926   -8.474  0  1    38.33    80.00
 72   -1.434    1.725  0  1    55.00    93.33
 73   -1.698    0.219  0  1    88.33   143.33
 74   47.562    4.958  0  1    58.33   101.67
 75   -1.038    0.091  0  1    51.67   103.33
 76   13.174   -5.174  0  1    58.33   100.00
 77   -1.038    0.091  0  1    30.00    78.33
 78   -1.305    1.225  0  1    60.00    93.33
 79 -135.879   25.252  0  1    36.67   150.98
 80   -1.092    0.451  0  1    73.33   130.00
 81   61.727  -17.645  0  1    68.33   101.67
 82    1.981   -1.748  0  1    55.00    96.67
 83 -118.259   29.012  0  1    46.67   131.25
 84    1.497   -2.142  0  1    61.67   100.00
 85    1.980   -1.748  0  1    53.33    95.00
 86   -0.725    1.401  0  1    58.33   110.00
 87   55.108   -9.370  0  1    50.00    91.67
 88   -1.305    1.225  0  1    63.33    98.33
 89   36.339  -12.923  0  1    63.33    98.33
 90   -0.492    0.198  0  1    50.00   106.67
 91   -1.997    0.552  0  1    36.67    81.67
 92   42.126  -26.991  0  1    40.00    78.33
 93   41.610  -12.846  0  1    56.67    98.33
 94  -12.597    1.286  0  1    48.33   101.67
 95   -1.612    2.108  0  1    68.33   113.33
 96   38.876   -9.816  0  1    50.00    85.00
 97   55.107   -9.375  0  1    56.67    91.67
 98   55.244   -7.894  0  1    71.67   105.00
 99   26.277   -8.200  0  1    41.67    75.00
100   55.279   -5.171  0  1    56.67   113.33
101   56.071  -10.067  0 -1     5.95   102.07
102   87.309  -22.061  0 -1    46.07   147.32
103    0.874    4.547  0 -1    44.03   127.52
104   62.050   -5.447  0 -1    46.24   116.97
105  -17.929  -24.686  0 -1    31.66    69.99
106   41.146    1.184  0 -1    39.77   129.23
107  -13.525    1.164  0 -1    19.10    57.44
108  -61.429    8.180  0 -1    30.34   114.88
109   68.508  -19.251  0 -1    10.85   112.06
110   -9.888  -13.150  0 -1     7.32    83.22
111   -8.653   24.167  0 -1    81.61   138.27
112    8.867    2.126  0 -1    25.91    92.29
113   -4.458   -9.088  0 -1    18.16    64.82
114  -12.832   -3.732  0 -1    19.94    58.27
115   19.136  -13.090  0 -1    51.00   129.79
116   73.426  -15.478  0 -1    31.59   124.61
117   -3.076    3.919  0 -1    12.18    47.18
118  -18.930   16.144  0 -1    34.09    72.42
119  -25.941   -0.642  0 -1    36.64    93.19
120  -91.773    8.910  0 -1    27.54   145.75
121   64.211   -4.939  0 -1    27.26   111.75
122   -0.842    3.091  0 -1    26.89    81.89
123   19.481   -2.733  0 -1     4.99    65.59
124   -3.073    3.903  0 -1     8.27    77.74
125   61.120  -19.095  0 -1    61.20   161.03
126   57.463   -7.808  0 -1    12.47   108.59
127  -47.788    4.196  0 -1    29.45   117.12
128  -43.813   -3.587  0 -1    16.23    95.77
129  -21.330   -5.686  0 -1    44.53    86.20
130   41.173  -10.362  0 -1    25.03   117.85
131 -150.703   18.797  0 -1    46.57   230.52
132   45.388    0.385  0 -1    44.49   107.73
133   42.050   -2.461  0 -1    36.91   105.93
134   10.632    6.189  0 -1    17.27    71.96
135  -13.273   -8.092  0 -1    34.72    83.05
136  -20.773  -18.746  0 -1    49.97    89.97
137  -14.620  -20.746  0 -1    58.81   103.81
138    8.555   -9.701  0 -1    42.32    93.98
139   25.672  -14.532  0 -1    37.96    72.96
140    8.169   -9.027  0 -1    38.86    95.53
141   -0.603  -11.517  0 -1    38.14    88.14
142  -70.750   14.225  0 -1    41.75   115.85
143   54.893  -10.329  0 -1    25.89   108.73
144   68.475   -6.774  0 -1    56.20   107.94
145   -0.603  -11.517  0 -1    28.44    81.78
146   54.215   -9.460  0 -1     6.79   100.45
147   -7.794    4.840  0 -1    72.65   105.98
148  -51.422    4.875  0 -1    53.95   146.78
149 -120.936   27.069  0 -1    -5.55   177.62
150   22.236   -0.937  0 -1    16.08    77.21
151  -14.919   -7.125  0 -1    41.06    84.40
152   70.211  -28.756  0 -1    47.78   134.78
153   -4.889  -10.706  0 -1    58.46    93.46
154 -149.650   23.015  0 -1    28.09   211.09
155    6.591   -0.454  0 -1    79.99   126.65
156   35.165  -14.894  0 -1    43.22    76.55
157   54.255   -9.807  0 -1    79.80   166.32
158  -81.033   42.190  0 -1    38.02   174.36
159   92.463   -8.225  0 -1    67.32   131.90
160   54.792   -3.531  0 -1    64.03   100.70
161   -8.560   19.596  0 -1    54.24    87.58
162 -133.546   26.085  0 -1    34.97   184.64
163 -102.008   35.848  0 -1    31.22   184.69
164  -88.645   40.714  0 -1    51.49   177.42
165  -13.416   -3.173  0 -1    45.46    87.13
166   32.993   -6.805  0 -1    42.19   109.55
167   24.037    0.593  0 -1    40.85    74.19
168 -110.239   29.689  0 -1    16.87   164.79
169    8.913   -1.707  0 -1    29.56    62.90
170 -135.818   38.635  0 -1    21.72   184.05
171   71.327  -18.391  0 -1    42.50   117.00
172   -1.401    3.370  0 -1    43.32    78.32
173  -19.908  -14.247  0 -1    99.93   153.26
174   13.187  -10.799  0 -1    86.14   138.05
175   13.187  -10.799  0 -1    61.24   102.91
176   -5.791   -3.429  0 -1    69.04   105.71
177  -13.526    1.160  0 -1    34.20    84.20
178  -22.228  -23.931  0 -1    79.39   127.72
179 -140.800   57.836  0 -1    59.62   208.93
180    6.743  -10.797  0 -1    77.04   127.04
181   50.708  -44.452  0 -1    88.98   145.34
182   12.816    5.382  0 -1    57.97    99.64
183  -90.222   23.957  0 -1    66.82   196.41
184   -9.734  -13.688  0 -1    66.11   102.78
185  -16.472  -25.743  0 -1    71.94   126.94
186  -13.874  -21.384  0 -1    74.64   124.64
187   41.284   -0.520  0 -1    54.74   111.22
188  -27.922  -15.661  0 -1    83.19   119.85
189    6.200  -14.861  0 -1    83.53   116.87
190  -12.712    8.885  0 -1    56.66    96.66
191  -18.184  -14.175  0 -1    43.55    83.55
192   30.867   -3.613  0 -1    57.62   117.91
193   10.037    0.153  0 -1    77.47   119.84
194    5.137    2.896  0 -1    56.14    96.14
195  -11.024  -12.724  0 -1    72.57   110.90
196   42.371    3.102  0 -1    51.71    90.67
197   61.957  -11.012  0 -1    52.04   118.52
198   60.264    1.917  0 -1    74.35   122.69
199   -5.093    0.648  0 -1    60.92   100.92
200   63.120   -5.433  0 -1    54.51   105.66
201   -0.684   -0.610  0  0     0.00   600.00
