10 10 1000 1 1000
  0    1.726    0.161  0  0     0.00   600.00
  1   13.365   -4.077  0  1     0.00    53.33
  2   83.956   -6.242  0  1    46.67    98.33
  3   54.993   -7.672  0  1    18.33    62.17
  4  -56.617   13.438  0  1    25.00    75.00
  5  -41.126    7.312  0  1    20.00    56.77
  6   -1.108    0.664  0  1    35.00    90.00
  7   55.279   -5.169  0  1    25.00    76.67
  8 -146.066   50.026  0  1    26.67   169.31
  9   55.026  -10.436  0  1    41.67    80.00
 10   36.341  -12.912  0  1    36.67    81.67
 11   -3.073    3.903  0 -1     8.27    85.66
 12   61.120  -19.095  0 -1    59.53   163.68
 13   57.463   -7.808  0 -1     5.80    92.98
 14  -47.788    4.196  0 -1    27.78   127.62
 15  -43.813   -3.587  0 -1    22.90    88.00
 16  -21.330   -5.686  0 -1    46.20    86.20
 17   41.173  -10.362  0 -1    31.70   125.52
 18 -150.703   18.797  0 -1    43.24   225.88
 19   45.388    0.385  0 -1    47.82   103.83
 20   42.050   -2.461  0 -1    40.24   105.58
 21    1.726    0.161  0  0     0.00   600.00
