20 20 1000 1 1000
  0    1.506    0.232  0  0     0.00   600.00
  1   -1.780    0.618  0  1    18.33    63.33
  2   56.394   -9.226  0  1    13.33    68.33
  3   35.779  -12.917  0  1    20.00    53.33
  4   55.280   -5.165  0  1    15.00    62.37
  5  -66.558   16.848  0  1     6.67    83.39
  6   -0.725    1.401  0  1     0.00    46.67
  7   26.280   -8.185  0  1     3.33    58.33
  8   -0.240    0.328  0  1    40.00    86.67
  9   36.783  -12.320  0  1    13.33    60.00
 10   36.379  -11.001  0  1    38.33    81.67
 11 -146.339   24.748  0  1    13.33   159.86
 12  -12.598    1.284  0  1     5.00    58.33
 13   26.282   -8.173  0  1    25.00    76.67
 14    1.980   -1.748  0  1    16.67    65.00
 15   35.776  -12.932  0  1    21.67    68.33
 16   55.005   -9.101  0  1    36.67    78.33
 17 -132.598   31.032  0  1     1.67   145.93
 18   55.028   -7.770  0  1    30.00    83.33
 19   36.296  -11.341  0  1    40.00    75.00
 20   -0.895    3.020  0  1    13.33    53.33
 21  -20.763    2.732  0 -1    24.10    65.77
 22   54.551  -13.533  0 -1     3.01    97.05
 23    1.782   10.101  0 -1    47.73   124.44
 24   51.088   -5.063  0 -1     4.19   101.56
 25  -98.582   20.529  0 -1    27.24   155.63
 26    6.349    3.367  0 -1    -4.33    54.86
 27   18.870    2.756  0 -1     1.54    76.04
 28    4.591  -15.268  0 -1    46.33    98.00
 29    5.930    7.030  0 -1    36.42   125.53
 30   39.921  -12.139  0 -1    28.72    80.36
 31 -118.064   26.943  0 -1    26.69   211.55
 32   -3.335   -3.250  0 -1     5.31    71.12
 33   11.904   -0.466  0 -1    26.31    84.14
 34   -7.898  -12.658  0 -1    16.39    68.43
 35   45.565   -3.601  0 -1    26.85    90.23
 36   35.218    0.959  0 -1    45.53   123.18
 37 -148.928   46.216  0 -1    15.63   198.23
 38   39.211   -7.886  0 -1    34.15   109.94
 39   51.571   -8.592  0 -1    40.52   103.85
 40   -4.267    1.723  0 -1     1.94    58.96
 41    1.506    0.232  0  0     0.00   600.00
