200 200 1000 1 1000
  0   -0.273   -0.180  0  0     0.00   600.00
  1   36.783  -12.320  0  1     0.00    52.32
  2   -1.434    1.725  0  1    28.33    80.00
  3   -1.305    1.225  0  1    31.67    65.00
  4  -13.660    0.651  0  1    25.00    81.67
  5   -1.092    0.451  0  1    36.67    73.33
  6  -67.727   17.857  0  1    33.33    80.00
  7  -69.165   17.153  0  1    25.00    79.37
  8   55.030   -8.048  0  1    28.33    71.67
  9 -132.775   36.627  0  1    28.33   147.52
 10   -1.997    0.552  0  1    26.67    71.67
 11   89.324  -12.481  0  1    50.00    98.77
 12   55.041   -7.827  0  1    40.00    95.00
 13   42.720  -25.766  0  1    23.33    65.00
 14  -14.902   -0.086  0  1    21.67    75.00
 15  -73.674   15.273  0  1    26.67    86.68
 16  -14.384   -0.826  0  1    41.67    96.67
 17   -5.981   10.744  0  1    15.00    71.67
 18   74.006   -0.583  0  1    36.67    90.00
 19  -14.384   -0.828  0  1    33.33    78.33
 20   26.278   -8.195  0  1    33.33    70.00
 21   22.099   -7.251  0  1     1.67    51.67
 22   38.879   -9.796  0  1    40.00    95.00
 23   55.279   -5.166  0  1    35.00    73.33
 24  -38.716    3.081  0  1    75.00   111.67
 25    1.981   -1.748  0  1    45.00   101.67
 26 -119.500   26.910  0  1    66.67   130.60
 27   -1.766    1.120  0  1    35.00    90.00
 28   55.533   -9.399  0  1    43.33    98.33
 29   47.562    4.958  0  1    45.00    83.33
 30   61.768  -17.510  0  1    31.67    77.75
 31   -1.612    2.108  0  1    45.00    85.00
 32   -1.038    0.091  0  1    36.67    70.00
 33  -46.025   11.257  0  1    45.00    93.33
 34    1.981   -1.748  0  1    38.33    93.33
 35   24.064   -8.022  0  1    36.67    85.00
 36    1.980   -1.748  0  1    26.67    63.33
 37   -1.766    1.120  0  1    38.33    90.00
 38   54.993   -7.674  0  1    43.33    81.67
 39   77.836  -13.538  0  1    68.33   103.33
 40   35.776  -12.934  0  1    43.33    98.33
 41   36.658  -12.055  0  1    56.67    91.67
 42   -1.038    0.091  0  1    40.00    88.33
 43   54.993   -7.673  0  1    58.33   111.67
 44   -2.812    0.078  0  1    48.33   103.33
 45  -41.109    7.389  0  1    50.00    95.00
 46   55.030   -8.051  0  1    33.33    67.53
 47  -14.902   -0.087  0  1    31.67    88.33
 48   -1.698    0.219  0  1    91.67   135.00
 49  -13.660    0.650  0  1    38.33    86.67
 50   -1.511    2.022  0  1    46.67    90.00
 51    1.980   -1.748  0  1    43.33    81.67
 52   55.131  -12.748  0  1    50.00   101.67
 53   74.005   -0.566  0  1    58.33   100.00
 54   -2.812    0.078  0  1    48.33    96.67
 55   -1.511    2.022  0  1    46.67    91.67
 56  -38.717    3.076  0  1    65.00   116.67
 57  -77.883   11.901  0  1    55.00   108.33
 58   55.279   -5.173  0  1    53.33    93.33
 59  -12.597    1.287  0  1    55.00    88.33
 60   13.845   -6.288  0  1    40.00    93.33
 61   13.365   -4.077  0  1    26.67    68.33
 62   83.956   -6.242  0  1    73.33   123.33
 63   54.993   -7.672  0  1    45.00    98.33
 64  -56.617   13.438  0  1    51.67    93.33
 65  -41.126    7.312  0  1    46.67    95.00
 66   -1.108    0.664  0  1    61.67   103.33
 67   55.279   -5.169  0  1    51.67    88.33
 68 -146.066   50.026  0  1    53.33   167.53
 69   55.026  -10.436  0  1    68.33   108.33
 70   36.341  -12.912  0  1    63.33   115.00
 71   13.038   -5.842  0  1    43.33    76.67
 72   -1.038    0.091  0  1    58.33   105.00
 73  -12.597    1.286  0  1    65.00   120.00
 74   -0.164    0.240  0  1    75.00   120.00
 75  -14.665    1.201  0  1    58.33    91.67
 76   12.682   -4.697  0  1    56.67    95.00
 77   -1.780    0.618  0  1    65.00   111.67
 78  -15.008   -0.490  0  1    56.67    91.67
 79  -67.260   17.913  0  1    75.00   123.33
 80   55.028   -7.769  0  1    63.33   103.33
 81   42.705   -2.046  0  1    65.00   120.00
 82    1.980   -1.748  0  1    60.00   116.67
 83   54.586  -14.565  0  1    36.67    80.00
 84   -1.698    0.219  0  1   105.00   155.00
 85  -67.795   17.401  0  1    73.33   120.00
 86 -118.131   30.521  0  1    26.67   130.12
 87   13.365   -4.080  0  1    45.00    86.67
 88    1.980   -1.748  0  1    63.33   105.00
 89   54.586  -14.565  0  1    68.33   115.00
 90   -1.092    0.451  0  1    85.00   126.67
 91 -119.406   31.536  0  1    33.33   131.61
 92   -1.698    0.219  0  1   108.33   155.00
 93   36.659  -12.046  0  1    81.67   133.33
 94   83.924   -6.985  0  1    85.00   136.67
 95  -95.485   24.273  0  1    56.67   113.30
 96   77.808  -13.716  0  1    88.33   121.67
 97   36.341  -12.913  0  1    80.00   115.00
 98   -1.038    0.091  0  1    71.67   125.00
 99 -130.598   40.764  0  1    60.00   149.94
100 -119.359   26.832  0  1    48.33   130.44
101 -105.007   17.798  0  1    60.00   116.27
102    1.980   -1.748  0  1    71.67   120.00
103   41.613  -12.829  0  1    66.67   103.33
104   12.683   -4.691  0  1    70.00   126.67
105 -119.232   24.881  0  1    46.67   133.24
106   -1.205    3.163  0  1    58.33    96.67
107 -132.627   37.492  0  1    58.33   149.28
108   54.926   -8.474  0  1    65.00   106.67
109   -1.434    1.725  0  1    81.67   130.00
110   -1.698    0.219  0  1   115.00   171.67
111   47.562    4.958  0  1    85.00   140.00
112   -1.038    0.091  0  1    78.33   133.33
113   13.174   -5.174  0  1    85.00   138.33
114   -1.038    0.091  0  1    56.67   105.00
115   -1.305    1.225  0  1    86.67   130.00
116 -135.879   25.252  0  1    63.33   146.30
117   -1.092    0.451  0  1   100.00   148.33
118   61.727  -17.645  0  1    95.00   145.00
119    1.981   -1.748  0  1    81.67   128.33
120 -118.259   29.012  0  1    73.33   134.87
121    1.497   -2.142  0  1    88.33   123.33
122    1.980   -1.748  0  1    80.00   125.00
123   -0.725    1.401  0  1    85.00   141.67
124   55.108   -9.370  0  1    76.67   111.67
125   -1.305    1.225  0  1    90.00   143.33
126   36.339  -12.923  0  1    90.00   136.67
127   -0.492    0.198  0  1    76.67   116.67
128   -1.997    0.552  0  1    63.33   100.00
129   42.126  -26.991  0  1    66.67   105.00
130   41.610  -12.846  0  1    83.33   131.67
131  -12.597    1.286  0  1    75.00   125.00
132   -1.612    2.108  0  1    95.00   133.33
133   38.876   -9.816  0  1    76.67   120.00
134   55.107   -9.375  0  1    83.33   140.00
135   55.244   -7.894  0  1    98.33   145.00
136   26.277   -8.200  0  1    68.33   118.33
137   55.279   -5.171  0  1    83.33   131.67
138  -65.280   13.984  0  1    71.67   121.67
139  -17.291  -15.427  0  1    81.67   115.00
140  -15.008   -0.491  0  1    90.00   130.00
141   83.635   -5.798  0  1   100.00   153.33
142   41.605  -12.871  0  1    96.67   140.00
143   45.066  -13.235  0  1   101.67   158.33
144 -135.033   27.382  0  1    86.67   152.55
145  -14.902   -0.087  0  1    83.33   130.00
146   35.777  -12.928  0  1    71.67   125.00
147 -133.714   33.226  0  1    86.67   152.56
148   36.340  -12.918  0  1   105.00   150.00
149   55.028   -8.063  0  1   100.00   156.67
150 -134.038   31.945  0  1    86.67   150.90
151    1.980   -1.748  0  1    91.67   146.67
152   -0.240    0.328  0  1   108.33   151.67
153   84.649   -5.400  0  1   111.67   145.00
154 -117.896   30.228  0  1    66.67   129.82
155   -1.321    1.636  0  1    93.33   140.00
156   -1.766    1.120  0  1    96.67   140.00
157   13.038   -5.845  0  1    75.00   115.00
158   36.661  -12.035  0  1   110.00   160.00
159   -1.766    1.120  0  1    98.33   150.00
160   -0.240    0.328  0  1   120.00   153.33
161   24.069   -7.997  0  1    71.67   120.00
162  -97.413   21.646  0  1   113.33   168.33
163   -1.698    0.219  0  1   141.67   191.67
164   -1.905    0.402  0  1   106.67   145.00
165   51.967   -2.969  0  1   113.33   166.67
166   -1.780    0.618  0  1   106.67   151.67
167   60.875  -14.949  0  1   101.67   153.33
168   -1.780    0.618  0  1   106.67   161.67
169   56.394   -9.226  0  1   101.67   141.67
170   35.779  -12.917  0  1   108.33   155.00
171   55.280   -5.165  0  1   103.33   150.00
172  -66.558   16.848  0  1    95.00   130.00
173   -0.725    1.401  0  1    88.33   128.33
174   26.280   -8.185  0  1    91.67   146.67
175   -0.240    0.328  0  1   128.33   168.33
176   36.783  -12.320  0  1   101.67   153.33
177   36.379  -11.001  0  1   126.67   173.33
178 -146.339   24.748  0  1   101.67   159.85
179  -12.598    1.284  0  1    93.33   133.33
180   26.282   -8.173  0  1   113.33   160.00
181    1.980   -1.748  0  1   105.00   156.67
182   35.776  -12.932  0  1   110.00   150.00
183   55.005   -9.101  0  1   125.00   180.00
184 -132.598   31.032  0  1    90.00   145.96
185   55.028   -7.770  0  1   118.33   168.33
186   36.296  -11.341  0  1   128.33   166.67
187   -0.895    3.020  0  1   101.67   136.67
188   84.243   -5.758  0  1   121.67   165.00
189   26.411   -8.156  0  1    88.33   143.33
190    1.981   -1.748  0  1   103.33   151.67
191   13.040   -5.835  0  1   101.67   135.00
192    1.980   -1.748  0  1   100.00   143.33
193    1.497   -2.142  0  1   118.33   170.00
194   -1.766    1.120  0  1   113.33   170.00
195 -130.779   27.901  0  1   100.00   146.82
196   -1.780    0.618  0  1   120.00   153.33
197   89.331  -12.423  0  1   138.33   175.00
198 -135.247   28.602  0  1   113.33   158.33
199   60.873  -14.958  0  1    95.00   151.67
200   36.341  -12.914  0  1   108.33   141.67
201   13.187  -10.799  0 -1     8.64   109.30
202    7.709   11.018  0 -1    26.37    66.37
203  -14.635  -22.104  0 -1    50.20   105.20
204  -16.472  -25.743  0 -1    41.54    93.21
205  -12.094   -0.277  0 -1    32.70    79.36
206  -62.159   11.113  0 -1    33.75   131.90
207  -47.335    6.811  0 -1    35.83   131.87
208   60.515   -8.252  0 -1    22.16    99.68
209 -152.077   15.991  0 -1    46.59   215.78
210   15.868   -6.564  0 -1    34.23    75.90
211   84.982   16.295  0 -1    64.10   171.21
212   72.353  -33.174  0 -1    59.02   136.53
213   54.217  -37.031  0 -1    24.43   114.46
214    7.856   -7.817  0 -1    35.71    87.00
215  -91.672   26.505  0 -1    36.22   144.56
216  -20.729   19.199  0 -1    52.68    87.68
217  -10.487  -12.869  0 -1    25.71    89.70
218   98.446  -13.664  0 -1    51.05   142.00
219   -5.247   13.210  0 -1    41.75    75.08
220   12.515   -7.468  0 -1    33.78    89.84
221   12.405   -4.057  0 -1    -1.46    73.67
222   58.939    4.295  0 -1    51.18   121.50
223   62.111   -5.861  0 -1    30.20   107.65
224  -25.263   18.625  0 -1    80.56   120.56
225  -12.899  -19.216  0 -1    56.28    96.28
226 -124.977   33.801  0 -1    65.47   172.74
227    4.095   14.130  0 -1    39.27    75.94
228   60.884   -1.152  0 -1    39.83   121.39
229   60.483  -17.022  0 -1    55.50   116.94
230   67.837   -6.742  0 -1    32.36   121.78
231   28.242  -11.512  0 -1    64.48   106.14
232  -16.287   -7.002  0 -1    40.15    76.82
233  -18.970   16.063  0 -1    60.81   114.64
234   -2.932    9.596  0 -1    37.36    84.03
235    3.846   14.108  0 -1    58.31   103.31
236    3.830  -10.635  0 -1    20.75    60.75
237   -7.794    4.840  0 -1    32.08    72.08
238   56.071  -10.067  0 -1    30.95    91.72
239   87.309  -22.061  0 -1    69.41   141.98
240    0.874    4.547  0 -1    74.03   112.27
241   62.050   -5.447  0 -1    72.91   116.24
242  -17.929  -24.686  0 -1    61.66   104.99
243   41.146    1.184  0 -1    64.77   112.21
244  -13.525    1.164  0 -1    47.44    92.44
245  -61.429    8.180  0 -1    62.01   100.34
246   68.508  -19.251  0 -1    42.52   121.71
247   -9.888  -13.150  0 -1    35.66    82.32
248   -8.653   24.167  0 -1   104.94   154.94
249    8.867    2.126  0 -1    49.25    92.58
250   -4.458   -9.088  0 -1    43.16    79.82
251  -12.832   -3.732  0 -1    49.94   101.61
252   19.136  -13.090  0 -1    74.33   131.14
253   73.426  -15.478  0 -1    59.92   127.53
254   -3.076    3.919  0 -1    37.18    88.85
255  -18.930   16.144  0 -1    59.09   107.42
256  -25.941   -0.642  0 -1    69.98   116.64
257  -91.773    8.910  0 -1    55.88   129.42
258   64.211   -4.939  0 -1    52.26   116.38
259   -0.842    3.091  0 -1    56.89   105.22
260   19.481   -2.733  0 -1    34.99    73.33
261   -3.073    3.903  0 -1    36.60    83.27
262   61.120  -19.095  0 -1    89.53   155.65
263   57.463   -7.808  0 -1    32.47   114.91
264  -47.788    4.196  0 -1    54.45   105.75
265  -43.813   -3.587  0 -1    49.56   107.76
266  -21.330   -5.686  0 -1    67.87   111.20
267   41.173  -10.362  0 -1    56.70   125.81
268 -150.703   18.797  0 -1    74.90   222.44
269   45.388    0.385  0 -1    71.16   109.49
270   42.050   -2.461  0 -1    60.24   115.24
271   10.632    6.189  0 -1    42.27    83.94
272  -13.273   -8.092  0 -1    58.05   101.39
273  -20.773  -18.746  0 -1    76.64   124.97
274  -14.620  -20.746  0 -1    92.15   145.48
275    8.555   -9.701  0 -1    75.65   115.65
276   25.672  -14.532  0 -1    57.96    97.96
277    8.169   -9.027  0 -1    70.53   125.53
278   -0.603  -11.517  0 -1    63.14    98.14
279  -70.750   14.225  0 -1    71.75   116.14
280   54.893  -10.329  0 -1    52.56    95.05
281   68.475   -6.774  0 -1    82.87   127.87
282   -0.603  -11.517  0 -1    56.78   110.11
283   54.215   -9.460  0 -1    33.45   105.16
284   -7.794    4.840  0 -1    97.65   135.98
285  -51.422    4.875  0 -1    78.95   123.72
286 -120.936   27.069  0 -1    19.45   177.91
287   22.236   -0.937  0 -1    44.41    86.08
288  -14.919   -7.125  0 -1    69.40   111.06
289   70.211  -28.756  0 -1    76.11   126.15
290   -4.889  -10.706  0 -1    81.79   125.12
291 -149.650   23.015  0 -1    51.42   208.03
292    6.591   -0.454  0 -1   108.32   146.65
293   35.165  -14.894  0 -1    76.55   131.55
294   54.255   -9.807  0 -1   104.80   165.94
295  -81.033   42.190  0 -1    66.35   177.99
296   92.463   -8.225  0 -1    92.32   141.57
297   54.792   -3.531  0 -1    92.37   147.37
298   -8.560   19.596  0 -1    79.24   130.91
299 -133.546   26.085  0 -1    61.64   206.58
300 -102.008   35.848  0 -1    56.22   186.66
301  -88.645   40.714  0 -1    79.83   174.43
302  -13.416   -3.173  0 -1    75.46   117.13
303   32.993   -6.805  0 -1    67.19   102.19
304   24.037    0.593  0 -1    69.19   124.19
305 -110.239   29.689  0 -1    46.87   168.44
306    8.913   -1.707  0 -1    57.90    92.90
307 -135.818   38.635  0 -1    53.39   181.00
308   71.327  -18.391  0 -1    75.84   125.84
309   -1.401    3.370  0 -1    73.32   123.32
310  -19.908  -14.247  0 -1   124.93   163.26
311   13.187  -10.799  0 -1   107.81   141.14
312   13.187  -10.799  0 -1    82.91   117.91
313   -5.791   -3.429  0 -1    89.04   122.37
314  -13.526    1.160  0 -1    59.20   105.86
315  -22.228  -23.931  0 -1   107.72   156.05
316 -140.800   57.836  0 -1    81.28   212.59
317    6.743  -10.797  0 -1   100.38   137.04
318   50.708  -44.452  0 -1   110.65   152.31
319   12.816    5.382  0 -1    82.97   139.64
320  -90.222   23.957  0 -1    88.49   185.03
321   -9.734  -13.688  0 -1    94.44   142.78
322  -16.472  -25.743  0 -1    98.60   138.60
323  -13.874  -21.384  0 -1    99.64   139.64
324   41.284   -0.520  0 -1    81.41   123.08
325  -27.922  -15.661  0 -1   106.52   154.85
326    6.200  -14.861  0 -1   111.87   158.53
327  -12.712    8.885  0 -1    78.32   121.66
328  -18.184  -14.175  0 -1    73.55   106.88
329   30.867   -3.613  0 -1    84.28   119.28
330   10.037    0.153  0 -1   109.14   157.47
331    5.137    2.896  0 -1    84.48   129.48
332  -11.024  -12.724  0 -1   102.57   149.24
333   42.371    3.102  0 -1    80.05   133.38
334   61.957  -11.012  0 -1    78.71   128.71
335   60.264    1.917  0 -1    99.35   151.02
336   -5.093    0.648  0 -1    85.92   142.59
337   63.120   -5.433  0 -1    79.51   134.51
338  -61.564   15.417  0 -1    63.98   115.51
339  -32.212   24.719  0 -1   109.50   164.50
340    0.891    2.732  0 -1    91.22   144.55
341   84.144   13.691  0 -1   109.50   149.50
342   15.360    0.014  0 -1   112.57   149.24
343   34.355  -10.738  0 -1   104.33   144.33
344 -120.512   31.617  0 -1    90.13   202.68
345    0.393   -7.433  0 -1    85.30   136.97
346   16.820   -0.134  0 -1    81.20   129.54
347 -132.714   36.214  0 -1    79.82   182.38
348    4.975   -9.354  0 -1   123.24   176.57
349   38.354  -18.641  0 -1   111.42   151.42
350 -125.400   27.634  0 -1    87.98   193.89
351  -10.186  -15.126  0 -1   101.41   138.08
352   -0.958   -4.801  0 -1    98.51   140.18
353   75.562  -21.916  0 -1   117.18   158.85
354 -114.480   21.640  0 -1    67.57   175.73
355   29.474   -7.449  0 -1   110.44   147.11
356    0.413    3.195  0 -1    91.34   128.01
357  -12.766   -0.234  0 -1    91.41   136.41
358   45.956  -18.440  0 -1   107.96   159.62
359  -13.525    1.163  0 -1    95.09   150.09
360   -9.775  -22.811  0 -1   130.03   181.70
361   51.198   -1.170  0 -1    91.30   131.30
362 -121.500   28.827  0 -1   126.81   180.14
363    0.887    0.787  0 -1   134.32   189.32
364   24.595   -4.628  0 -1   123.64   158.64
365   64.897   -3.690  0 -1   111.28   161.28
366  -22.228  -23.930  0 -1   130.28   181.95
367   73.832   -3.708  0 -1   107.15   147.15
368  -20.763    2.732  0 -1   112.43   160.77
369   54.551  -13.533  0 -1    96.35   153.01
370    1.782   10.101  0 -1   134.39   174.39
371   51.088   -5.063  0 -1    95.86   150.86
372  -98.582   20.529  0 -1   112.24   157.24
373    6.349    3.367  0 -1    87.34   124.01
374   18.870    2.756  0 -1    94.88   136.54
375    4.591  -15.268  0 -1   133.00   184.66
376    5.930    7.030  0 -1   129.75   174.75
377   39.921  -12.139  0 -1   117.05   160.39
378 -118.064   26.943  0 -1   116.69   209.87
379   -3.335   -3.250  0 -1    91.98   131.98
380   11.904   -0.466  0 -1   114.64   154.64
381   -7.898  -12.658  0 -1   108.05   141.39
382   45.565   -3.601  0 -1   113.52   160.19
383   35.218    0.959  0 -1   132.20   177.20
384 -148.928   46.216  0 -1   100.63   211.59
385   39.211   -7.886  0 -1   124.15   170.82
386   51.571   -8.592  0 -1   130.52   182.19
387   -4.267    1.723  0 -1    95.28   131.94
388   96.353  -30.255  0 -1   140.66   184.00
389    5.158   -9.356  0 -1    94.62   149.62
390    1.199   -0.509  0 -1    96.46   153.13
391   -4.951    0.610  0 -1   110.78   160.78
392   -8.338   -3.342  0 -1    98.77   138.77
393   36.797   -7.609  0 -1   142.39   199.05
394   22.986   -6.261  0 -1   130.83   164.16
395 -117.165   28.085  0 -1   100.28   180.43
396  -13.498    4.949  0 -1   124.16   165.82
397   86.212   -9.739  0 -1   127.45   174.12
398 -151.101   40.667  0 -1   124.92   211.26
399   76.644    8.346  0 -1   108.14   156.47
400   61.585  -12.526  0 -1   123.58   160.25
401   -0.273   -0.180  0  0     0.00   600.00
