5 5 1000 1 1000
  0    5.623   -5.244  0  0     0.00   600.00
  1   -1.766    1.120  0  1    21.67    66.67
  2   13.038   -5.845  0  1     0.00    55.00
  3   36.661  -12.035  0  1    35.00    81.67
  4   -1.766    1.120  0  1    23.33    75.00
  5   -0.240    0.328  0  1    45.00    98.33
  6    0.413    3.195  0 -1     9.68    49.43
  7  -12.766   -0.234  0 -1    14.74    68.85
  8   45.956  -18.440  0 -1    37.96    76.39
  9  -13.525    1.163  0 -1    21.76    70.09
 10   -9.775  -22.811  0 -1    58.36   103.36
 11    5.623   -5.244  0  0     0.00   600.00
