50 50 1000 1 1000
  0    2.526   -1.722  0  0     0.00   600.00
  1   35.776  -12.934  0  1    16.67    73.33
  2   36.658  -12.055  0  1    30.00    85.00
  3   -1.038    0.091  0  1    13.33    48.33
  4   54.993   -7.673  0  1    31.67    85.00
  5   -2.812    0.078  0  1    21.67    75.00
  6  -41.109    7.389  0  1    23.33    75.00
  7   55.030   -8.051  0  1     6.67    64.55
  8  -14.902   -0.087  0  1     5.00    38.33
  9   -1.698    0.219  0  1    65.00   101.67
 10  -13.660    0.650  0  1    11.67    46.67
 11   -1.511    2.022  0  1    20.00    68.33
 12    1.980   -1.748  0  1    16.67    58.33
 13   55.131  -12.748  0  1    23.33    76.67
 14   74.005   -0.566  0  1    31.67    86.49
 15   -2.812    0.078  0  1    21.67    76.67
 16   -1.511    2.022  0  1    20.00    60.00
 17  -38.717    3.076  0  1    38.33    83.33
 18  -77.883   11.901  0  1    28.33    93.22
 19   55.279   -5.173  0  1    26.67    71.67
 20  -12.597    1.287  0  1    28.33    73.33
 21   13.845   -6.288  0  1    13.33    55.00
 22   13.365   -4.077  0  1     0.00    33.33
 23   83.956   -6.242  0  1    46.67    96.56
 24   54.993   -7.672  0  1    18.33    65.00
 25  -56.617   13.438  0  1    25.00    80.00
 26  -41.126    7.312  0  1    20.00    59.58
 27   -1.108    0.664  0  1    35.00    81.67
 28   55.279   -5.169  0  1    25.00    64.54
 29 -146.066   50.026  0  1    26.67   170.68
 30   55.026  -10.436  0  1    41.67    95.00
 31   36.341  -12.912  0  1    36.67    83.33
 32   13.038   -5.842  0  1    16.67    68.33
 33   -1.038    0.091  0  1    31.67    70.00
 34  -12.597    1.286  0  1    38.33    81.67
 35   -0.164    0.240  0  1    48.33    81.67
 36  -14.665    1.201  0  1    31.67    80.00
 37   12.682   -4.697  0  1    30.00    75.00
 38   -1.780    0.618  0  1    38.33    76.67
 39  -15.008   -0.490  0  1    30.00    83.33
 40  -67.260   17.913  0  1    48.33   100.00
 41   55.028   -7.769  0  1    36.67    70.00
 42   42.705   -2.046  0  1    38.33    88.33
 43    1.980   -1.748  0  1    33.33    83.33
 44   54.586  -14.565  0  1    10.00    66.95
 45   -1.698    0.219  0  1    78.33   120.00
 46  -67.795   17.401  0  1    46.67    96.67
 47 -118.131   30.521  0  1     0.00   136.56
 48   13.365   -4.080  0  1    18.33    73.33
 49    1.980   -1.748  0  1    36.67    78.33
 50   54.586  -14.565  0  1    41.67    83.33
 51    0.874    4.547  0 -1    42.36   115.79
 52   62.050   -5.447  0 -1    44.57   115.23
 53  -17.929  -24.686  0 -1    33.32    80.66
 54   41.146    1.184  0 -1    33.11   120.91
 55  -13.525    1.164  0 -1    17.44    57.44
 56  -61.429    8.180  0 -1    28.67   108.25
 57   68.508  -19.251  0 -1    10.85   127.07
 58   -9.888  -13.150  0 -1    10.66    73.16
 59   -8.653   24.167  0 -1    81.61   138.27
 60    8.867    2.126  0 -1    20.91    75.61
 61   -4.458   -9.088  0 -1    19.82    71.49
 62  -12.832   -3.732  0 -1    21.61    76.61
 63   19.136  -13.090  0 -1    49.33   133.08
 64   73.426  -15.478  0 -1    31.59   126.41
 65   -3.076    3.919  0 -1    13.85    63.85
 66  -18.930   16.144  0 -1    27.42    67.93
 67  -25.941   -0.642  0 -1    38.31   104.83
 68  -91.773    8.910  0 -1    27.54   139.09
 69   64.211   -4.939  0 -1    25.60   111.80
 70   -0.842    3.091  0 -1    31.89    66.89
 71   19.481   -2.733  0 -1     8.33    52.20
 72   -3.073    3.903  0 -1     8.27    74.36
 73   61.120  -19.095  0 -1    62.87   142.76
 74   57.463   -7.808  0 -1    12.47    96.94
 75  -47.788    4.196  0 -1    26.11   127.17
 76  -43.813   -3.587  0 -1    22.90    99.14
 77  -21.330   -5.686  0 -1    44.53    86.20
 78   41.173  -10.362  0 -1    31.70   111.23
 79 -150.703   18.797  0 -1    46.57   230.59
 80   45.388    0.385  0 -1    41.16   112.71
 81   42.050   -2.461  0 -1    38.58   100.86
 82   10.632    6.189  0 -1    13.94    71.89
 83  -13.273   -8.092  0 -1    31.39    76.39
 84  -20.773  -18.746  0 -1    51.64   101.64
 85  -14.620  -20.746  0 -1    65.48   110.48
 86    8.555   -9.701  0 -1    47.32    93.98
 87   25.672  -14.532  0 -1    32.96    66.29
 88    8.169   -9.027  0 -1    42.19    75.53
 89   -0.603  -11.517  0 -1    38.14    88.14
 90  -70.750   14.225  0 -1    40.08   127.58
 91   54.893  -10.329  0 -1    30.89   105.41
 92   68.475   -6.774  0 -1    54.53   121.38
 93   -0.603  -11.517  0 -1    31.78    75.11
 94   54.215   -9.460  0 -1     3.45   105.41
 95   -7.794    4.840  0 -1    74.32   125.98
 96  -51.422    4.875  0 -1    52.29   143.50
 97 -120.936   27.069  0 -1    -7.22   164.34
 98   22.236   -0.937  0 -1    19.41    60.50
 99  -14.919   -7.125  0 -1    41.06    97.73
100   70.211  -28.756  0 -1    54.44   126.40
101    2.526   -1.722  0  0     0.00   600.00
