100 100 1000 1 1000
  0   -2.612    0.575  0  0     0.00   500.00
  1   38.879   -9.796  0  1    13.33    52.77
  2   55.279   -5.166  0  1     8.33    73.18
  3  -38.716    3.081  0  1    48.33    78.33
  4    1.981   -1.748  0  1    18.33    48.33
  5 -119.500   26.910  0  1    40.00   129.82
  6   -1.766    1.120  0  1     8.33    38.33
  7   55.533   -9.399  0  1    16.67    73.99
  8   47.562    4.958  0  1    18.33    63.69
  9   61.768  -17.510  0  1     5.00    81.87
 10   -1.612    2.108  0  1    18.33    51.67
 11   -1.038    0.091  0  1    10.00    41.67
 12  -46.025   11.257  0  1    18.33    58.33
 13    1.981   -1.748  0  1    11.67    45.00
 14   24.064   -8.022  0  1    10.00    46.67
 15    1.980   -1.748  0  1     0.00    38.33
 16   -1.766    1.120  0  1    11.67    43.33
 17   54.993   -7.674  0  1    16.67    73.19
 18   77.836  -13.538  0  1    41.67    96.68
 19   35.776  -12.934  0  1    16.67    50.70
 20   36.658  -12.055  0  1    30.00    68.33
 21   -1.038    0.091  0  1    13.33    53.33
 22   54.993   -7.673  0  1    31.67    66.52
 23   -2.812    0.078  0  1    21.67    46.67
 24  -41.109    7.389  0  1    23.33    55.00
 25   55.030   -8.051  0  1     6.67    68.28
 26  -14.902   -0.087  0  1     5.00    38.33
 27   -1.698    0.219  0  1    65.00    93.33
 28  -13.660    0.650  0  1    11.67    43.33
 29   -1.511    2.022  0  1    20.00    51.67
 30    1.980   -1.748  0  1    16.67    50.00
 31   55.131  -12.748  0  1    23.33    72.59
 32   74.005   -0.566  0  1    31.67    86.63
 33   -2.812    0.078  0  1    21.67    53.33
 34   -1.511    2.022  0  1    20.00    53.33
 35  -38.717    3.076  0  1    38.33    68.33
 36  -77.883   11.901  0  1    28.33    89.45
 37   55.279   -5.173  0  1    26.67    68.18
 38  -12.597    1.287  0  1    28.33    58.33
 39   13.845   -6.288  0  1    13.33    43.33
 40   13.365   -4.077  0  1     0.00    35.00
 41   83.956   -6.242  0  1    46.67    98.51
 42   54.993   -7.672  0  1    18.33    71.52
 43  -56.617   13.438  0  1    25.00    63.85
 44  -41.126    7.312  0  1    20.00    58.33
 45   -1.108    0.664  0  1    35.00    75.00
 46   55.279   -5.169  0  1    25.00    71.51
 47 -146.066   50.026  0  1    26.67   161.74
 48   55.026  -10.436  0  1    41.67    75.00
 49   36.341  -12.912  0  1    36.67    71.67
 50   13.038   -5.842  0  1    16.67    56.67
 51   -1.038    0.091  0  1    31.67    56.67
 52  -12.597    1.286  0  1    38.33    70.00
 53   -0.164    0.240  0  1    48.33    88.33
 54  -14.665    1.201  0  1    31.67    61.67
 55   12.682   -4.697  0  1    30.00    66.67
 56   -1.780    0.618  0  1    38.33    71.67
 57  -15.008   -0.490  0  1    30.00    55.00
 58  -67.260   17.913  0  1    48.33    80.26
 59   55.028   -7.769  0  1    36.67    68.33
 60   42.705   -2.046  0  1    38.33    78.33
 61    1.980   -1.748  0  1    33.33    61.67
 62   54.586  -14.565  0  1    10.00    72.50
 63   -1.698    0.219  0  1    78.33   113.33
 64  -67.795   17.401  0  1    46.67    78.99
 65 -118.131   30.521  0  1     0.00   127.67
 66   13.365   -4.080  0  1    18.33    46.67
 67    1.980   -1.748  0  1    36.67    66.67
 68   54.586  -14.565  0  1    41.67    71.67
 69   -1.092    0.451  0  1    58.33    95.00
 70 -119.406   31.536  0  1     6.67   134.16
 71   -1.698    0.219  0  1    81.67   106.67
 72   36.659  -12.046  0  1    55.00    90.00
 73   83.924   -6.985  0  1    58.33   101.87
 74  -95.485   24.273  0  1    30.00   104.18
 75   77.808  -13.716  0  1    61.67    96.67
 76   36.341  -12.913  0  1    53.33    80.00
 77   -1.038    0.091  0  1    45.00    78.33
 78 -130.598   40.764  0  1    33.33   142.48
 79 -119.359   26.832  0  1    21.67   129.66
 80 -105.007   17.798  0  1    33.33   115.50
 81    1.980   -1.748  0  1    45.00    70.00
 82   41.613  -12.829  0  1    40.00    66.67
 83   12.683   -4.691  0  1    43.33    75.00
 84 -119.232   24.881  0  1    20.00   132.46
 85   -1.205    3.163  0  1    31.67    65.00
 86 -132.627   37.492  0  1    31.67   148.49
 87   54.926   -8.474  0  1    38.33    71.67
 88   -1.434    1.725  0  1    55.00    83.33
 89   -1.698    0.219  0  1    88.33   120.00
 90   47.562    4.958  0  1    58.33    86.67
 91   -1.038    0.091  0  1    51.67    83.33
 92   13.174   -5.174  0  1    58.33    88.33
 93   -1.038    0.091  0  1    30.00    70.00
 94   -1.305    1.225  0  1    60.00    86.67
 95 -135.879   25.252  0  1    36.67   145.53
 96   -1.092    0.451  0  1    73.33   106.67
 97   61.727  -17.645  0  1    68.33   106.67
 98    1.981   -1.748  0  1    55.00    88.33
 99 -118.259   29.012  0  1    46.67   134.09
100    1.497   -2.142  0  1    61.67    86.67
101   58.939    4.295  0 -1    22.84    97.28
102   62.111   -5.861  0 -1     0.20    93.38
103  -25.263   18.625  0 -1    57.23    93.89
104  -12.899  -19.216  0 -1    27.95    54.77
105 -124.977   33.801  0 -1    35.47   155.29
106    4.095   14.130  0 -1    12.60    46.95
107   60.884   -1.152  0 -1    13.16   102.15
108   60.483  -17.022  0 -1    30.50   105.86
109   67.837   -6.742  0 -1     2.36   110.90
110   28.242  -11.512  0 -1    41.14    77.81
111  -16.287   -7.002  0 -1    16.82    50.14
112  -18.970   16.063  0 -1    35.81   103.86
113   -2.932    9.596  0 -1     9.03    44.18
114    3.846   14.108  0 -1    28.31    96.34
115    3.830  -10.635  0 -1    -2.59    44.23
116   -7.794    4.840  0 -1    10.41    47.08
117   56.071  -10.067  0 -1     5.95    95.81
118   87.309  -22.061  0 -1    44.41   134.42
119    0.874    4.547  0 -1    44.03   118.06
120   62.050   -5.447  0 -1    46.24    94.16
121  -17.929  -24.686  0 -1    34.99    61.66
122   41.146    1.184  0 -1    38.11   114.63
123  -13.525    1.164  0 -1    24.10    50.77
124  -61.429    8.180  0 -1    32.01    91.11
125   68.508  -19.251  0 -1    10.85   112.47
126   -9.888  -13.150  0 -1     8.99    51.30
127   -8.653   24.167  0 -1    81.61   106.61
128    8.867    2.126  0 -1    19.25    65.30
129   -4.458   -9.088  0 -1    19.82    58.16
130  -12.832   -3.732  0 -1    21.61    54.94
131   19.136  -13.090  0 -1    47.67   133.59
132   73.426  -15.478  0 -1    34.92   129.88
133   -3.076    3.919  0 -1    13.85    38.85
134  -18.930   16.144  0 -1    34.09    70.75
135  -25.941   -0.642  0 -1    39.98    79.50
136  -91.773    8.910  0 -1    29.21   128.66
137   64.211   -4.939  0 -1    22.26   105.44
138   -0.842    3.091  0 -1    25.22    56.89
139   19.481   -2.733  0 -1     4.99    56.16
140   -3.073    3.903  0 -1     8.27    73.24
141   61.120  -19.095  0 -1    61.20   141.37
142   57.463   -7.808  0 -1     5.80    95.66
143  -47.788    4.196  0 -1    26.11    96.63
144  -43.813   -3.587  0 -1    19.56    78.66
145  -21.330   -5.686  0 -1    41.20    72.87
146   41.173  -10.362  0 -1    31.70   113.21
147 -150.703   18.797  0 -1    44.90   223.31
148   45.388    0.385  0 -1    41.16   103.17
149   42.050   -2.461  0 -1    36.91    81.46
150   10.632    6.189  0 -1    15.60    64.18
151  -13.273   -8.092  0 -1    38.05    66.39
152  -20.773  -18.746  0 -1    44.97    84.97
153  -14.620  -20.746  0 -1    63.81   102.15
154    8.555   -9.701  0 -1    47.32    85.65
155   25.672  -14.532  0 -1    32.96    66.29
156    8.169   -9.027  0 -1    40.53    70.53
157   -0.603  -11.517  0 -1    33.14    63.14
158  -70.750   14.225  0 -1    41.75    98.68
159   54.893  -10.329  0 -1    27.56    87.47
160   68.475   -6.774  0 -1    49.53    96.59
161   -0.603  -11.517  0 -1    30.11    60.11
162   54.215   -9.460  0 -1     6.79    89.29
163   -7.794    4.840  0 -1    74.32    99.32
164  -51.422    4.875  0 -1    57.29   114.61
165 -120.936   27.069  0 -1    -5.55   157.12
166   22.236   -0.937  0 -1    14.41    56.05
167  -14.919   -7.125  0 -1    41.06    79.40
168   70.211  -28.756  0 -1    54.44   110.28
169   -4.889  -10.706  0 -1    61.79    91.79
170 -149.650   23.015  0 -1    29.75   180.58
171    6.591   -0.454  0 -1    79.99   108.32
172   35.165  -14.894  0 -1    46.55    86.55
173   54.255   -9.807  0 -1    73.13   153.34
174  -81.033   42.190  0 -1    38.02   152.20
175   92.463   -8.225  0 -1    65.65   134.00
176   54.792   -3.531  0 -1    64.03   104.03
177   -8.560   19.596  0 -1    57.58    87.58
178 -133.546   26.085  0 -1    33.30   189.12
179 -102.008   35.848  0 -1    27.88   167.54
180  -88.645   40.714  0 -1    48.16   170.32
181  -13.416   -3.173  0 -1    50.46    82.13
182   32.993   -6.805  0 -1    40.52    91.73
183   24.037    0.593  0 -1    40.85    67.52
184 -110.239   29.689  0 -1    21.87   156.00
185    8.913   -1.707  0 -1    29.56    66.23
186 -135.818   38.635  0 -1    25.06   168.55
187   71.327  -18.391  0 -1    42.50   112.42
188   -1.401    3.370  0 -1    44.98    76.65
189  -19.908  -14.247  0 -1   103.26   133.26
190   13.187  -10.799  0 -1    84.48   119.84
191   13.187  -10.799  0 -1    59.58    86.24
192   -5.791   -3.429  0 -1    62.37   100.71
193  -13.526    1.160  0 -1    32.53    69.20
194  -22.228  -23.931  0 -1    77.72   117.72
195 -140.800   57.836  0 -1    56.28   198.48
196    6.743  -10.797  0 -1    72.04   107.04
197   50.708  -44.452  0 -1    82.31   132.52
198   12.816    5.382  0 -1    59.64    99.64
199  -90.222   23.957  0 -1    60.16   175.91
200   -9.734  -13.688  0 -1    69.44   109.44
201   -2.612    0.575  0  0     0.00   500.00
