10 10 1000 1 1000
  0   18.314   -3.369  0  0     0.00   500.00
  1   89.324  -12.481  0  1    35.00    79.92
  2   55.041   -7.827  0  1    25.00    50.00
  3   42.720  -25.766  0  1     8.33    45.00
  4  -14.902   -0.086  0  1     6.67    45.05
  5  -73.674   15.273  0  1    11.67   108.86
  6  -14.384   -0.826  0  1    26.67    53.33
  7   -5.981   10.744  0  1     0.00    43.10
  8   74.006   -0.583  0  1    21.67    70.76
  9  -14.384   -0.828  0  1    18.33    56.67
 10   26.278   -8.195  0  1    18.33    46.67
 11   84.982   16.295  0 -1    49.10   140.69
 12   72.353  -33.174  0 -1    45.69    94.36
 13   54.217  -37.031  0 -1    16.10    84.22
 14    7.856   -7.817  0 -1    15.71    97.42
 15  -91.672   26.505  0 -1    22.89   155.08
 16  -20.729   19.199  0 -1    39.34    85.48
 17  -10.487  -12.869  0 -1     9.04    87.14
 18   98.446  -13.664  0 -1    41.05   118.48
 19   -5.247   13.210  0 -1    25.08    86.22
 20   12.515   -7.468  0 -1    17.11    63.09
 21   18.314   -3.369  0  0     0.00   500.00
