125 125 1000 1 1000
  0   -0.501   -0.349  0  0     0.00   500.00
  1   55.030   -8.048  0  1    26.67    67.73
  2 -132.775   36.627  0  1    26.67   150.68
  3   -1.997    0.552  0  1    25.00    61.67
  4   89.324  -12.481  0  1    48.33    98.97
  5   55.041   -7.827  0  1    38.33    76.67
  6   42.720  -25.766  0  1    21.67    65.14
  7  -14.902   -0.086  0  1    20.00    48.33
  8  -73.674   15.273  0  1    25.00    86.49
  9  -14.384   -0.826  0  1    40.00    70.00
 10   -5.981   10.744  0  1    13.33    43.33
 11   74.006   -0.583  0  1    35.00    82.84
 12  -14.384   -0.828  0  1    31.67    58.33
 13   26.278   -8.195  0  1    31.67    61.67
 14   22.099   -7.251  0  1     0.00    31.96
 15   38.879   -9.796  0  1    38.33    78.33
 16   55.279   -5.166  0  1    33.33    67.66
 17  -38.716    3.081  0  1    73.33    98.33
 18    1.981   -1.748  0  1    43.33    81.67
 19 -119.500   26.910  0  1    65.00   130.41
 20   -1.766    1.120  0  1    33.33    65.00
 21   55.533   -9.399  0  1    41.67    70.00
 22   47.562    4.958  0  1    43.33    83.33
 23   61.768  -17.510  0  1    30.00    77.92
 24   -1.612    2.108  0  1    43.33    70.00
 25   -1.038    0.091  0  1    35.00    63.33
 26  -46.025   11.257  0  1    43.33    71.67
 27    1.981   -1.748  0  1    36.67    75.00
 28   24.064   -8.022  0  1    35.00    71.67
 29    1.980   -1.748  0  1    25.00    56.67
 30   -1.766    1.120  0  1    36.67    75.00
 31   54.993   -7.674  0  1    41.67    80.00
 32   77.836  -13.538  0  1    66.67   106.67
 33   35.776  -12.934  0  1    41.67    81.67
 34   36.658  -12.055  0  1    55.00    90.00
 35   -1.038    0.091  0  1    38.33    65.00
 36   54.993   -7.673  0  1    56.67    95.00
 37   -2.812    0.078  0  1    46.67    86.67
 38  -41.109    7.389  0  1    48.33    85.00
 39   55.030   -8.051  0  1    31.67    71.06
 40  -14.902   -0.087  0  1    30.00    63.33
 41   -1.698    0.219  0  1    90.00   130.00
 42  -13.660    0.650  0  1    36.67    70.00
 43   -1.511    2.022  0  1    45.00    78.33
 44    1.980   -1.748  0  1    41.67    80.00
 45   55.131  -12.748  0  1    48.33    85.00
 46   74.005   -0.566  0  1    56.67    95.00
 47   -2.812    0.078  0  1    46.67    78.33
 48   -1.511    2.022  0  1    45.00    81.67
 49  -38.717    3.076  0  1    63.33   100.00
 50  -77.883   11.901  0  1    53.33    93.35
 51   55.279   -5.173  0  1    51.67    85.00
 52  -12.597    1.287  0  1    53.33    91.67
 53   13.845   -6.288  0  1    38.33    73.33
 54   13.365   -4.077  0  1    25.00    56.67
 55   83.956   -6.242  0  1    71.67   101.67
 56   54.993   -7.672  0  1    43.33    75.00
 57  -56.617   13.438  0  1    50.00    80.00
 58  -41.126    7.312  0  1    45.00    78.33
 59   -1.108    0.664  0  1    60.00    98.33
 60   55.279   -5.169  0  1    50.00    88.33
 61 -146.066   50.026  0  1    51.67   169.04
 62   55.026  -10.436  0  1    66.67    93.33
 63   36.341  -12.912  0  1    61.67    98.33
 64   13.038   -5.842  0  1    41.67    71.67
 65   -1.038    0.091  0  1    56.67    85.00
 66  -12.597    1.286  0  1    63.33    93.33
 67   -0.164    0.240  0  1    73.33    98.33
 68  -14.665    1.201  0  1    56.67    91.67
 69   12.682   -4.697  0  1    55.00    90.00
 70   -1.780    0.618  0  1    63.33    98.33
 71  -15.008   -0.490  0  1    55.00    95.00
 72  -67.260   17.913  0  1    73.33    98.33
 73   55.028   -7.769  0  1    61.67    95.00
 74   42.705   -2.046  0  1    63.33    93.33
 75    1.980   -1.748  0  1    58.33    88.33
 76   54.586  -14.565  0  1    35.00    68.56
 77   -1.698    0.219  0  1   103.33   136.67
 78  -67.795   17.401  0  1    71.67   111.67
 79 -118.131   30.521  0  1    25.00   133.28
 80   13.365   -4.080  0  1    43.33    80.00
 81    1.980   -1.748  0  1    61.67   101.67
 82   54.586  -14.565  0  1    66.67    95.00
 83   -1.092    0.451  0  1    83.33   111.67
 84 -119.406   31.536  0  1    31.67   134.78
 85   -1.698    0.219  0  1   106.67   133.33
 86   36.659  -12.046  0  1    80.00   106.67
 87   83.924   -6.985  0  1    83.33   116.67
 88  -95.485   24.273  0  1    55.00   106.45
 89   77.808  -13.716  0  1    86.67   125.00
 90   36.341  -12.913  0  1    78.33   113.33
 91   -1.038    0.091  0  1    70.00   110.00
 92 -130.598   40.764  0  1    58.33   151.44
 93 -119.359   26.832  0  1    46.67   135.26
 94 -105.007   17.798  0  1    58.33   117.74
 95    1.980   -1.748  0  1    70.00    96.67
 96   41.613  -12.829  0  1    65.00   103.33
 97   12.683   -4.691  0  1    68.33   105.00
 98 -119.232   24.881  0  1    45.00   129.71
 99   -1.205    3.163  0  1    56.67    83.33
100 -132.627   37.492  0  1    56.67   152.44
101   54.926   -8.474  0  1    63.33    98.33
102   -1.434    1.725  0  1    80.00   120.00
103   -1.698    0.219  0  1   113.33   153.33
104   47.562    4.958  0  1    83.33   113.33
105   -1.038    0.091  0  1    76.67   116.67
106   13.174   -5.174  0  1    83.33   115.00
107   -1.038    0.091  0  1    55.00    80.00
108   -1.305    1.225  0  1    85.00   118.33
109 -135.879   25.252  0  1    61.67   152.78
110   -1.092    0.451  0  1    98.33   125.00
111   61.727  -17.645  0  1    93.33   130.00
112    1.981   -1.748  0  1    80.00   108.33
113 -118.259   29.012  0  1    71.67   136.36
114    1.497   -2.142  0  1    86.67   118.33
115    1.980   -1.748  0  1    78.33   106.67
116   -0.725    1.401  0  1    83.33   121.67
117   55.108   -9.370  0  1    75.00   100.00
118   -1.305    1.225  0  1    88.33   116.67
119   36.339  -12.923  0  1    88.33   113.33
120   -0.492    0.198  0  1    75.00   103.33
121   -1.997    0.552  0  1    61.67    91.67
122   42.126  -26.991  0  1    65.00    96.67
123   41.610  -12.846  0  1    81.67   118.33
124  -12.597    1.286  0  1    73.33   108.33
125   -1.612    2.108  0  1    93.33   123.33
126   60.515   -8.252  0 -1    18.82    89.88
127 -152.077   15.991  0 -1    39.93   202.28
128   15.868   -6.564  0 -1    29.23    65.90
129   84.982   16.295  0 -1    64.10   149.74
130   72.353  -33.174  0 -1    57.36   125.06
131   54.217  -37.031  0 -1    27.77    91.24
132    7.856   -7.817  0 -1    32.37    70.11
133  -91.672   26.505  0 -1    34.55   131.04
134  -20.729   19.199  0 -1    47.68    87.68
135  -10.487  -12.869  0 -1    27.37    76.41
136   98.446  -13.664  0 -1    52.72   133.90
137   -5.247   13.210  0 -1    35.08    75.08
138   12.515   -7.468  0 -1    37.11    76.68
139   12.405   -4.057  0 -1     1.88    58.84
140   58.939    4.295  0 -1    51.18    93.34
141   62.111   -5.861  0 -1    30.20    94.53
142  -25.263   18.625  0 -1    85.56   115.56
143  -12.899  -19.216  0 -1    54.62    92.95
144 -124.977   33.801  0 -1    65.47   160.88
145    4.095   14.130  0 -1    39.27    69.27
146   60.884   -1.152  0 -1    43.16   103.26
147   60.483  -17.022  0 -1    53.83   110.53
148   67.837   -6.742  0 -1    34.03   115.28
149   28.242  -11.512  0 -1    67.81    92.81
150  -16.287   -7.002  0 -1    40.15    80.15
151  -18.970   16.063  0 -1    62.48   106.13
152   -2.932    9.596  0 -1    34.03    70.69
153    3.846   14.108  0 -1    53.31    89.05
154    3.830  -10.635  0 -1    19.08    50.75
155   -7.794    4.840  0 -1    28.75    53.75
156   56.071  -10.067  0 -1    30.95    93.60
157   87.309  -22.061  0 -1    67.74   125.51
158    0.874    4.547  0 -1    65.70   117.43
159   62.050   -5.447  0 -1    66.24   101.24
160  -17.929  -24.686  0 -1    59.99    88.32
161   41.146    1.184  0 -1    64.77   104.09
162  -13.525    1.164  0 -1    44.10    72.44
163  -61.429    8.180  0 -1    53.67    90.01
164   68.508  -19.251  0 -1    34.19   111.91
165   -9.888  -13.150  0 -1    33.99    62.32
166   -8.653   24.167  0 -1   104.94   136.61
167    8.867    2.126  0 -1    45.91    72.58
168   -4.458   -9.088  0 -1    46.49    84.82
169  -12.832   -3.732  0 -1    48.27    81.61
170   19.136  -13.090  0 -1    69.33   131.33
171   73.426  -15.478  0 -1    56.59   126.10
172   -3.076    3.919  0 -1    37.18    62.18
173  -18.930   16.144  0 -1    52.42    79.09
174  -25.941   -0.642  0 -1    61.64    94.98
175  -91.773    8.910  0 -1    54.21   132.56
176   64.211   -4.939  0 -1    50.60    98.25
177   -0.842    3.091  0 -1    51.89    91.89
178   19.481   -2.733  0 -1    31.66    61.66
179   -3.073    3.903  0 -1    28.27    72.63
180   61.120  -19.095  0 -1    86.20   139.19
181   57.463   -7.808  0 -1    30.80    96.78
182  -47.788    4.196  0 -1    47.78   100.57
183  -43.813   -3.587  0 -1    41.23    77.57
184  -21.330   -5.686  0 -1    71.20   102.87
185   41.173  -10.362  0 -1    56.70   104.35
186 -150.703   18.797  0 -1    68.24   212.28
187   45.388    0.385  0 -1    69.49   110.93
188   42.050   -2.461  0 -1    58.58    91.91
189   10.632    6.189  0 -1    40.60    77.27
190  -13.273   -8.092  0 -1    58.05    91.39
191  -20.773  -18.746  0 -1    76.64   108.31
192  -14.620  -20.746  0 -1    87.15   115.48
193    8.555   -9.701  0 -1    73.98   113.98
194   25.672  -14.532  0 -1    56.29    81.29
195    8.169   -9.027  0 -1    68.86   107.19
196   -0.603  -11.517  0 -1    63.14    96.47
197  -70.750   14.225  0 -1    65.08   105.96
198   54.893  -10.329  0 -1    55.89    95.25
199   68.475   -6.774  0 -1    81.20   106.20
200   -0.603  -11.517  0 -1    58.44    85.11
201   54.215   -9.460  0 -1    25.12    98.68
202   -7.794    4.840  0 -1   102.65   139.32
203  -51.422    4.875  0 -1    77.29   121.89
204 -120.936   27.069  0 -1    14.45   157.73
205   22.236   -0.937  0 -1    37.74    66.08
206  -14.919   -7.125  0 -1    71.06    97.73
207   70.211  -28.756  0 -1    74.44   111.33
208   -4.889  -10.706  0 -1    81.79   116.79
209 -149.650   23.015  0 -1    54.75   179.53
210    6.591   -0.454  0 -1   106.65   131.65
211   35.165  -14.894  0 -1    71.55   106.55
212   54.255   -9.807  0 -1   104.80   154.49
213  -81.033   42.190  0 -1    69.69   161.14
214   92.463   -8.225  0 -1    93.98   126.76
215   54.792   -3.531  0 -1    84.03   117.37
216   -8.560   19.596  0 -1    79.24   114.24
217 -133.546   26.085  0 -1    64.97   184.74
218 -102.008   35.848  0 -1    56.22   176.48
219  -88.645   40.714  0 -1    74.83   172.56
220  -13.416   -3.173  0 -1    70.46   107.13
221   32.993   -6.805  0 -1    63.85    88.85
222   24.037    0.593  0 -1    67.52   107.52
223 -110.239   29.689  0 -1    46.87   166.58
224    8.913   -1.707  0 -1    59.56    97.90
225 -135.818   38.635  0 -1    46.72   180.83
226   71.327  -18.391  0 -1    69.17   101.86
227   -1.401    3.370  0 -1    71.65    96.65
228  -19.908  -14.247  0 -1   124.93   153.26
229   13.187  -10.799  0 -1   109.48   147.81
230   13.187  -10.799  0 -1    81.24   112.91
231   -5.791   -3.429  0 -1    94.04   132.37
232  -13.526    1.160  0 -1    55.86    95.86
233  -22.228  -23.931  0 -1   109.39   147.72
234 -140.800   57.836  0 -1    86.28   199.06
235    6.743  -10.797  0 -1    97.04   133.71
236   50.708  -44.452  0 -1   107.31   133.98
237   12.816    5.382  0 -1    81.30   121.30
238  -90.222   23.957  0 -1    85.16   181.52
239   -9.734  -13.688  0 -1    87.78   122.78
240  -16.472  -25.743  0 -1   100.27   131.94
241  -13.874  -21.384  0 -1    97.98   126.31
242   41.284   -0.520  0 -1    76.41   108.08
243  -27.922  -15.661  0 -1   111.52   143.19
244    6.200  -14.861  0 -1   103.53   136.87
245  -12.712    8.885  0 -1    81.66   118.32
246  -18.184  -14.175  0 -1    70.21    98.55
247   30.867   -3.613  0 -1    79.28   109.28
248   10.037    0.153  0 -1   104.14   137.47
249    5.137    2.896  0 -1    77.81   104.48
250  -11.024  -12.724  0 -1   100.90   129.24
251   -0.501   -0.349  0  0     0.00   500.00
