30 30 1000 1 1000
  0  -20.944    5.579  0  0     0.00   500.00
  1 -119.406   31.536  0  1     0.00   115.16
  2   -1.698    0.219  0  1    75.00   111.67
  3   36.659  -12.046  0  1    48.33    73.33
  4   83.924   -6.985  0  1    51.67   113.95
  5  -95.485   24.273  0  1    23.33    90.18
  6   77.808  -13.716  0  1    55.00   108.95
  7   36.341  -12.913  0  1    46.67    75.20
  8   -1.038    0.091  0  1    38.33    68.33
  9 -130.598   40.764  0  1    26.67   126.83
 10 -119.359   26.832  0  1    15.00   112.35
 11 -105.007   17.798  0  1    26.67    93.28
 12    1.980   -1.748  0  1    38.33    78.33
 13   41.613  -12.829  0  1    33.33    80.21
 14   12.683   -4.691  0  1    36.67    75.00
 15 -119.232   24.881  0  1    13.33   113.50
 16   -1.205    3.163  0  1    25.00    56.67
 17 -132.627   37.492  0  1    25.00   124.48
 18   54.926   -8.474  0  1    31.67    87.16
 19   -1.434    1.725  0  1    48.33    76.67
 20   -1.698    0.219  0  1    81.67   113.33
 21   47.562    4.958  0  1    51.67    91.67
 22   -1.038    0.091  0  1    45.00    81.67
 23   13.174   -5.174  0  1    51.67    88.33
 24   -1.038    0.091  0  1    23.33    60.00
 25   -1.305    1.225  0  1    53.33    81.67
 26 -135.879   25.252  0  1    30.00   131.61
 27   -1.092    0.451  0  1    66.67   100.00
 28   61.727  -17.645  0  1    61.67    97.54
 29    1.981   -1.748  0  1    48.33    80.00
 30 -118.259   29.012  0  1    40.00   115.10
 31 -149.650   23.015  0 -1    21.42   173.25
 32    6.591   -0.454  0 -1    71.65   103.32
 33   35.165  -14.894  0 -1    38.22    91.79
 34   54.255   -9.807  0 -1    68.13   172.09
 35  -81.033   42.190  0 -1    38.02   128.20
 36   92.463   -8.225  0 -1    55.65   147.94
 37   54.792   -3.531  0 -1    52.37   105.90
 38   -8.560   19.596  0 -1    44.24    80.91
 39 -133.546   26.085  0 -1    31.64   158.46
 40 -102.008   35.848  0 -1    26.22   160.23
 41  -88.645   40.714  0 -1    41.49   138.11
 42  -13.416   -3.173  0 -1    45.46    82.13
 43   32.993   -6.805  0 -1    35.52   102.40
 44   24.037    0.593  0 -1    37.52    81.01
 45 -110.239   29.689  0 -1    13.53   147.04
 46    8.913   -1.707  0 -1    24.56    57.79
 47 -135.818   38.635  0 -1    15.06   157.87
 48   71.327  -18.391  0 -1    40.84   129.66
 49   -1.401    3.370  0 -1    34.98    61.65
 50  -19.908  -14.247  0 -1    94.93   123.26
 51   13.187  -10.799  0 -1    74.48   141.32
 52   13.187  -10.799  0 -1    51.24    77.91
 53   -5.791   -3.429  0 -1    59.04    85.71
 54  -13.526    1.160  0 -1    20.86    68.18
 55  -22.228  -23.931  0 -1    74.39   112.72
 56 -140.800   57.836  0 -1    47.95   189.56
 57    6.743  -10.797  0 -1    72.04   102.04
 58   50.708  -44.452  0 -1    77.31   154.85
 59   12.816    5.382  0 -1    47.97    81.30
 60  -90.222   23.957  0 -1    60.16   155.26
 61  -20.944    5.579  0  0     0.00   500.00
