75 75 1000 1 1000
  0   -0.813   -0.739  0  0     0.00   500.00
  1   47.562    4.958  0  1    28.33    60.38
  2   -1.038    0.091  0  1    21.67    53.33
  3   13.174   -5.174  0  1    28.33    65.00
  4   -1.038    0.091  0  1     0.00    35.00
  5   -1.305    1.225  0  1    30.00    63.33
  6 -135.879   25.252  0  1     6.67   152.54
  7   -1.092    0.451  0  1    43.33    70.00
  8   61.727  -17.645  0  1    38.33    76.45
  9    1.981   -1.748  0  1    25.00    51.67
 10 -118.259   29.012  0  1    16.67   136.16
 11    1.497   -2.142  0  1    31.67    58.33
 12    1.980   -1.748  0  1    23.33    56.67
 13   -0.725    1.401  0  1    28.33    58.33
 14   55.108   -9.370  0  1    20.00    69.91
 15   -1.305    1.225  0  1    33.33    68.33
 16   36.339  -12.923  0  1    33.33    63.33
 17   -0.492    0.198  0  1    20.00    53.33
 18   -1.997    0.552  0  1     6.67    35.00
 19   42.126  -26.991  0  1    10.00    60.33
 20   41.610  -12.846  0  1    26.67    66.67
 21  -12.597    1.286  0  1    18.33    58.33
 22   -1.612    2.108  0  1    38.33    70.00
 23   38.876   -9.816  0  1    20.00    55.00
 24   55.107   -9.375  0  1    26.67    71.58
 25   55.244   -7.894  0  1    41.67    71.67
 26   26.277   -8.200  0  1    11.67    38.10
 27   55.279   -5.171  0  1    26.67    71.27
 28  -65.280   13.984  0  1    15.00    76.13
 29  -17.291  -15.427  0  1    25.00    50.00
 30  -15.008   -0.491  0  1    33.33    70.00
 31   83.635   -5.798  0  1    43.33    99.60
 32   41.605  -12.871  0  1    40.00    73.33
 33   45.066  -13.235  0  1    45.00    71.67
 34 -135.033   27.382  0  1    30.00   148.80
 35  -14.902   -0.087  0  1    26.67    65.00
 36   35.777  -12.928  0  1    15.00    53.33
 37 -133.714   33.226  0  1    30.00   150.50
 38   36.340  -12.918  0  1    48.33    76.67
 39   55.028   -8.063  0  1    43.33    71.67
 40 -134.038   31.945  0  1    30.00   145.51
 41    1.980   -1.748  0  1    35.00    65.00
 42   -0.240    0.328  0  1    51.67    86.67
 43   84.649   -5.400  0  1    55.00    95.00
 44 -117.896   30.228  0  1    10.00   131.11
 45   -1.321    1.636  0  1    36.67    65.00
 46   -1.766    1.120  0  1    40.00    70.00
 47   13.038   -5.845  0  1    18.33    56.67
 48   36.661  -12.035  0  1    53.33    91.67
 49   -1.766    1.120  0  1    41.67    81.67
 50   -0.240    0.328  0  1    63.33    88.33
 51   24.069   -7.997  0  1    15.00    40.00
 52  -97.413   21.646  0  1    56.67   107.49
 53   -1.698    0.219  0  1    85.00   121.67
 54   -1.905    0.402  0  1    50.00    85.00
 55   51.967   -2.969  0  1    56.67    86.67
 56   -1.780    0.618  0  1    50.00    80.00
 57   60.875  -14.949  0  1    45.00    71.67
 58   -1.780    0.618  0  1    50.00    86.67
 59   56.394   -9.226  0  1    45.00    81.67
 60   35.779  -12.917  0  1    51.67    83.33
 61   55.280   -5.165  0  1    46.67    81.67
 62  -66.558   16.848  0  1    38.33    81.39
 63   -0.725    1.401  0  1    31.67    63.33
 64   26.280   -8.185  0  1    35.00    65.00
 65   -0.240    0.328  0  1    71.67    98.33
 66   36.783  -12.320  0  1    45.00    75.00
 67   36.379  -11.001  0  1    70.00   106.67
 68 -146.339   24.748  0  1    45.00   161.07
 69  -12.598    1.284  0  1    36.67    65.00
 70   26.282   -8.173  0  1    56.67    93.33
 71    1.980   -1.748  0  1    48.33    83.33
 72   35.776  -12.932  0  1    53.33    90.00
 73   55.005   -9.101  0  1    68.33   101.67
 74 -132.598   31.032  0  1    33.33   143.89
 75   55.028   -7.770  0  1    61.67    91.67
 76   13.187  -10.799  0 -1    56.14   113.19
 77   13.187  -10.799  0 -1    26.24    64.58
 78   -5.791   -3.429  0 -1    35.71    69.04
 79  -13.526    1.160  0 -1     4.20    50.06
 80  -22.228  -23.931  0 -1    51.05    84.39
 81 -140.800   57.836  0 -1    29.62   203.82
 82    6.743  -10.797  0 -1    42.04    70.38
 83   50.708  -44.452  0 -1    57.31   132.09
 84   12.816    5.382  0 -1    22.97    52.97
 85  -90.222   23.957  0 -1    35.16   182.98
 86   -9.734  -13.688  0 -1    36.11    76.11
 87  -16.472  -25.743  0 -1    43.60    83.60
 88  -13.874  -21.384  0 -1    46.31    72.98
 89   41.284   -0.520  0 -1    26.41   111.32
 90  -27.922  -15.661  0 -1    49.85    79.85
 91    6.200  -14.861  0 -1    55.20   104.30
 92  -12.712    8.885  0 -1    23.32    61.66
 93  -18.184  -14.175  0 -1    18.55    53.63
 94   30.867   -3.613  0 -1    22.62   112.95
 95   10.037    0.153  0 -1    45.81   104.93
 96    5.137    2.896  0 -1    26.14    58.10
 97  -11.024  -12.724  0 -1    42.57    82.57
 98   42.371    3.102  0 -1    23.38    89.09
 99   61.957  -11.012  0 -1    23.71   100.29
100   60.264    1.917  0 -1    44.35    95.86
101   -5.093    0.648  0 -1    29.26    95.69
102   63.120   -5.433  0 -1    21.17    92.44
103  -61.564   15.417  0 -1    10.65   103.44
104  -32.212   24.719  0 -1    54.50    99.90
105    0.891    2.732  0 -1    39.55    67.89
106   84.144   13.691  0 -1    49.50   142.43
107   15.360    0.014  0 -1    55.91   103.36
108   34.355  -10.738  0 -1    46.00    83.55
109 -120.512   31.617  0 -1    30.13   190.59
110    0.393   -7.433  0 -1    33.64    70.30
111   16.820   -0.134  0 -1    29.54    96.44
112 -132.714   36.214  0 -1    21.48   176.99
113    4.975   -9.354  0 -1    66.57   107.34
114   38.354  -18.641  0 -1    53.08   101.07
115 -125.400   27.634  0 -1    26.32   173.50
116  -10.186  -15.126  0 -1    39.75    76.41
117   -0.958   -4.801  0 -1    46.85    78.51
118   75.562  -21.916  0 -1    63.85   137.77
119 -114.480   21.640  0 -1     7.57   162.02
120   29.474   -7.449  0 -1    53.78    85.44
121    0.413    3.195  0 -1    33.01    69.68
122  -12.766   -0.234  0 -1    36.41    72.84
123   45.956  -18.440  0 -1    56.29    82.96
124  -13.525    1.163  0 -1    40.09    75.09
125   -9.775  -22.811  0 -1    78.36   106.70
126   51.198   -1.170  0 -1    29.64    92.22
127 -121.500   28.827  0 -1    73.47   149.30
128    0.887    0.787  0 -1    77.65   107.65
129   24.595   -4.628  0 -1    61.97   101.97
130   64.897   -3.690  0 -1    56.28   102.45
131  -22.228  -23.930  0 -1    68.62   106.95
132   73.832   -3.708  0 -1    47.15   120.45
133  -20.763    2.732  0 -1    59.10    84.10
134   54.551  -13.533  0 -1    39.68   100.84
135    1.782   10.101  0 -1    81.06   121.06
136   51.088   -5.063  0 -1    39.19    92.13
137  -98.582   20.529  0 -1    60.57   128.63
138    6.349    3.367  0 -1    25.67    64.01
139   18.870    2.756  0 -1    36.54    66.31
140    4.591  -15.268  0 -1    76.33   106.33
141    5.930    7.030  0 -1    68.09   104.09
142   39.921  -12.139  0 -1    63.72   102.05
143 -118.064   26.943  0 -1    63.36   212.77
144   -3.335   -3.250  0 -1    35.31    65.31
145   11.904   -0.466  0 -1    59.64    96.31
146   -7.898  -12.658  0 -1    53.05    83.05
147   45.565   -3.601  0 -1    56.85    81.85
148   35.218    0.959  0 -1    75.53   118.64
149 -148.928   46.216  0 -1    43.97   192.86
150   39.211   -7.886  0 -1    69.15   112.10
151   -0.813   -0.739  0  0     0.00   500.00
