107 107 1000 200 1000
  0  70.000  70.000   0   0    0 1351
  1  59.000  52.000   0  20  487  667
  2  10.000 137.000  90  30   93  273
  3  25.000  26.000  90  20   64  244
  4  86.000  37.000  90  10  415  595
  5   1.000 109.000   0  10  558  738
  6   6.000 135.000  90  40  279  459
  7  32.000  79.000  90  20  598  778
  8  24.000  26.000  90  20  155  335
  9  86.000  36.000  90  20  324  504
 10   8.000 124.000  90  10  174  354
 11  85.000 106.000  90  20  130  310
 12 103.000  69.000  90  30   33  213
 13 109.000 131.000  90  20   72  252
 14  43.000 140.000  90  10  350  530
 15 115.000 134.000  90  30   79  259
 16  98.000  70.000  90  10  399  579
 17 102.000 104.000  90  20  139  319
 18  93.000  75.000  90  30  118  298
 19  90.000 104.000  90  20  787  967
 20 127.000 108.000  90  10  620  800
 21  84.000  99.000  90  20   32  212
 22 129.000   9.000  90  10   84  264
 23  18.000  38.000  90  30  520  700
 24  43.000 135.000  90  10  164  344
 25 109.000  71.000  90  20   39  219
 26  61.000  48.000  90  20  393  573
 27  89.000  73.000  90  10   19  199
 28  99.000  28.000   0  30  327  507
 29 101.000  96.000  90  10   41  221
 30   9.000 114.000  90  20  839 1019
 31 121.000 112.000  90  20  159  339
 32   4.000 125.000  90  30  268  448
 33  26.000 105.000  90  40   57  237
 34  21.000  48.000   0  10   53  233
 35  21.000 115.000   0  10  251  431
 36   1.000  34.000  90  20   77  257
 37  94.000  70.000  90  20  493  673
 38  74.000  93.000  90  20   23  203
 39 135.000   3.000  90  20  185  365
 40  59.000  56.000  90  20  673  853
 41  30.000  79.000  90  20  506  686
 42  87.000  39.000  90  20   35  215
 43 119.000 136.000  90  30  269  449
 44  78.000  92.000   0  30  492  672
 45  62.000  58.000  90  20  111  291
 46 127.000 112.000  90  20  526  706
 47 113.000  71.000  90  10  223  403
 48   2.000  28.000  90  10   84  264
 49 112.000  71.000  90  20  132  312
 50 135.000   0.000  90  10  278  458
 51 103.000 111.000  90  20  603  783
 52  28.000  99.000  90  10   51  231
 53  94.000 105.000  90  10  602  782
 54  92.000 107.000  90  30  408  588
 55  35.000  76.000  90  10   35  215
 56  76.000  99.000  90  20  211  391
 57   8.000 119.000  90  20   79  259
 58  24.000  24.000   0  10  525  705
 59  88.000  72.000   0  30  862 1042
 60 107.000  63.000  90  30  684  864
 61  33.000 131.000   0  30  918 1098
 62  67.000  55.000  90  10   15  195
 63  39.000 128.000  90  10   65  245
 64  93.000  36.000  90  20   42  222
 65  21.000  44.000  90  20   58  238
 66  28.000  74.000  90  20  134  314
 67  86.000 102.000  90  10   36  216
 68 132.000  24.000  90  10  258  438
 69  28.000  78.000   0  10  414  594
 70  22.000  22.000  90  10  432  612
 71  74.000  96.000  90  30   26  206
 72  99.000  96.000  90  10   38  218
 73 119.000 114.000  90  20   66  246
 74  28.000 107.000  90  20  150  330
 75  36.000 105.000   0  20  724  904
 76  34.000 138.000  90  20  637  817
 77  16.000  39.000  90  20  246  426
 78  96.000  26.000  90  10  142  322
 79 127.000  29.000  90  20   70  250
 80  42.000 136.000  90  10  256  436
 81 107.000 105.000  90  10  415  595
 82 122.000 113.000   0  20  250  430
 83  40.000 132.000  90  20   70  250
 84  99.000  26.000  90  40  235  415
 85  10.000 118.000  90  10   76  256
 86  97.000  29.000  90  30   49  229
 87  19.000  39.000  90  10  703  883
 88  27.000  77.000  90  10  227  407
 89 105.000 110.000  90  20  511  691
 90 118.000 114.000  90  10   65  245
 91 135.000   6.000  90  30   92  272
 92  95.000  77.000  90  10  211  391
 93 139.000  10.000  90  30  649  829
 94  61.000  54.000  90  10  205  385
 95  16.000  38.000  90  20  337  517
 96  16.000 138.000  90  10   86  266
 97   0.000  27.000  90  30  176  356
 98 119.000 139.000  90  20  176  356
 99   3.000 135.000  90  20  372  552
100  20.000  39.000   0  10  794  974
101  28.000  33.000  90  20   55  235
102   4.000  23.000  90  10  362  542
103  21.000  26.000  90  20  248  428
104 121.000 134.000  90  20  452  632
105 130.000  27.000  90  30  164  344
106  34.000 108.000  90  10  446  626
107 131.000  31.000   0  20  540  720
108  59.000  52.000  90 -20  487  667
109  14.000 131.000  90 -30  658  838
110  21.000  25.000  90 -20  339  519
111  84.000  39.000  90 -10  600  780
112   1.000 109.000  90 -10  558  738
113  10.000 134.000  90 -40  563  743
114  34.000  79.000  90 -20  781  961
115  29.000  28.000  90 -20  805  985
116  84.000  36.000  90 -20  507  687
117   6.000 113.000  90 -10  654  834
118  87.000 108.000  90 -20  223  403
119 111.000  66.000  90 -30  499  679
120 119.000 130.000  90 -20  638  818
121  36.000 135.000  90 -10  543  723
122 122.000 131.000  90 -30  545  725
123  94.000  72.000  90 -10  585  765
124 103.000 106.000  90 -20  231  411
125  96.000  74.000  90 -30  304  484
126  91.000  95.000  90 -20  976 1156
127 125.000 108.000  90 -10  712  892
128 100.000 106.000  90 -20  506  686
129 133.000  12.000  90 -10  746  926
130  57.000  59.000  90 -30  767  947
131  33.000 133.000  90 -10  826 1006
132 112.000  67.000  90 -20  408  588
133  61.000  59.000  90 -20  861 1041
134  91.000  78.000  90 -10   25  205
135  99.000  28.000  90 -30  327  507
136 104.000 106.000  90 -10  322  502
137  35.000  99.000  90 -20  910 1090
138 123.000 112.000  90 -20  342  522
139   0.000 117.000  90 -30  460  640
140  31.000 112.000  90 -40  351  531
141  21.000  48.000  90 -10   53  233
142  21.000 115.000  90 -10  251  431
143   6.000  25.000  90 -20  455  635
144  94.000  73.000  90 -20  676  856
145  80.000  97.000  90 -20  397  577
146 136.000   0.000  90 -20  369  549
147  64.000  61.000  90 -20  954 1134
148  34.000  82.000  90 -20  874 1054
149  95.000  35.000  90 -20  134  314
150 116.000 132.000  90 -30  822 1002
151  78.000  92.000  90 -30  492  672
152  57.000  53.000  90 -20  579  759
153 118.000 108.000  90 -20  900 1080
154 110.000  66.000  90 -10  590  770
155   4.000  28.000  90 -10  549  729
156 113.000  69.000  90 -20  315  495
157 137.000   3.000  90 -10  462  642
158  99.000 108.000  90 -20  882 1062
159  35.000 102.000  90 -10  817  997
160  90.000 101.000  90 -10  880 1060
161  94.000 104.000  90 -30  693  873
162  32.000  77.000  90 -10   39  219
163  77.000 100.000  90 -20  303  483
164   7.000 115.000  90 -20  746  926
165  24.000  24.000  90 -10  525  705
166  88.000  72.000  90 -30  862 1042
167 102.000  60.000  90 -30  780  960
168  33.000 131.000  90 -30  918 1098
169  63.000  57.000  90 -10   20  200
170  35.000 123.000  90 -10 1018 1198
171  88.000  35.000  90 -20  231  411
172  17.000  43.000  90 -20  152  332
173  25.000  80.000  90 -20  320  500
174  91.000 108.000  90 -10  317  497
175 136.000  29.000  90 -10  354  534
176  28.000  78.000  90 -10  414  594
177  30.000  27.000  90 -10  714  894
178  74.000  99.000  90 -30  119  299
179 101.000 107.000  90 -10  974 1154
180 126.000 112.000  90 -20  435  615
181  34.000 104.000  90 -20  632  812
182  36.000 105.000  90 -20  724  904
183  32.000 128.000  90 -20 1011 1191
184  17.000  37.000  90 -20  428  608
185  98.000  31.000  90 -10  420  600
186 127.000  28.000  90 -20   71  251
187  36.000 132.000  90 -10  450  630
188  99.000 112.000  90 -10  788  968
189 122.000 113.000  90 -20  250  430
190  30.000 136.000  90 -20  731  911
191 103.000  34.000  90 -40  516  696
192   5.000 119.000  90 -10  364  544
193  97.000  28.000  90 -30   50  230
194  22.000  38.000  90 -10  886 1066
195  33.000  78.000  90 -10  690  870
196 102.000 110.000  90 -20  694  874
197 121.000 110.000  90 -10  806  986
198 137.000   6.000  90 -30  555  735
199  91.000  71.000  90 -10  769  949
200 131.000  11.000  90 -30  838 1018
201  63.000  50.000  90 -10  300  480
202  19.000  37.000  90 -20  611  791
203   8.000 138.000  90 -10  185  365
204   1.000  24.000  90 -30  269  449
205 120.000 136.000  90 -20  360  540
206   2.000 132.000  90 -20  465  645
207  20.000  39.000  90 -10  794  974
208  30.000  24.000  90 -20  621  801
209   4.000  30.000  90 -10  641  821
210  30.000  31.000  90 -20  898 1078
211 118.000 131.000  90 -20  729  909
212 134.000  31.000  90 -30  447  627
213  32.000 106.000  90 -10  539  719
214 131.000  31.000  90 -20  540  720
215  70.000  70.000   0   0    0 1351
