104 104 1000 200 1000
  0  70.000  70.000   0   0    0 1351
  1  10.000 137.000  90  30   89  743
  2   4.000  28.000  90  10  374  904
  3  25.000  26.000  90  20   62  444
  4  86.000  37.000  90  10  313  696
  5  86.000  36.000  90  20  175  652
  6  95.000  35.000  90  10   43  429
  7  99.000 112.000  90  20  619 1137
  8   8.000 124.000  90  10   82  651
  9  85.000 106.000  90  20   39  467
 10 103.000  69.000  90  30   33  502
 11 109.000 131.000  90  20   72  596
 12  43.000 140.000  90  10  222  658
 13 115.000 134.000  90  30   78  585
 14 112.000  67.000  90  10  178  818
 15 102.000 104.000  90  20   46  512
 16  93.000  75.000  90  30   23  481
 17  84.000  99.000  90  20   32  579
 18 129.000   9.000  90  10   84  572
 19  25.000  80.000  90  20  180  640
 20  17.000  37.000  90  30  199  838
 21  32.000 106.000  90  10  380  878
 22  43.000 135.000  90  10   70  690
 23 104.000 106.000  90  20  187  637
 24 109.000  71.000   0  20   39  606
 25 121.000 110.000  90  30  726 1067
 26  89.000  73.000  90  10   19  474
 27  21.000  25.000  90  20  175  683
 28 101.000  96.000  90  10   40  488
 29 121.000 112.000  90  20   66  591
 30 118.000 131.000  90  20  586 1052
 31  34.000  82.000  90  10  714 1214
 32  21.000  48.000  90  10   53  630
 33  21.000 115.000  90  10   75  607
 34  74.000  93.000  90  20   23  512
 35  32.000 128.000   0  20  654 1192
 36  94.000  73.000  90  10  561  971
 37 135.000   3.000  90  20   93  726
 38  97.000  28.000  90  20   49  564
 39  59.000  56.000  90  20  478 1047
 40  80.000  97.000  90  10  352  622
 41  87.000  39.000  90  20   35  439
 42 110.000  66.000  90  10  430  929
 43  62.000  58.000  90  20   14  467
 44 113.000  71.000  90  10  123  503
 45   2.000  28.000  90  10   79  644
 46  17.000  43.000  90  10   59  595
 47  57.000  53.000  90  10  470  869
 48  28.000  99.000  90  10   51  492
 49 137.000   3.000   0  20  286  818
 50  94.000 105.000  90  10  468  916
 51  10.000 134.000  90  10  432  874
 52  35.000  76.000  90  10   35  437
 53  76.000  99.000  90  20   56  547
 54 127.000  28.000  90  30   70  664
 55   8.000 119.000  90  20   79  607
 56  24.000  24.000  90  10  337  892
 57  67.000  55.000  90  10   15  510
 58  93.000  36.000  90  20   41  484
 59  21.000  44.000  90  20   55  374
 60  28.000  74.000  90  20   42  533
 61  86.000 102.000  90  10   35  618
 62  22.000  22.000  90  10  329  714
 63  88.000  35.000  90  20   39  665
 64  94.000 104.000  90  10  500 1066
 65  74.000  96.000  90  30   26  572
 66   0.000 117.000  90  30  367  733
 67  99.000  96.000  90  10   38  455
 68 119.000 114.000  90  20   65  545
 69  28.000 107.000  90  20   94  387
 70  36.000 105.000   0  20  521 1107
 71  32.000  77.000  90  20   38  487
 72  77.000 100.000  90  20  261  525
 73  96.000  26.000  90  10   51  490
 74 127.000  29.000  90  20   70  502
 75  42.000 136.000  90  10   92  599
 76  36.000 132.000  90  10  335  746
 77 103.000 106.000  90  30  124  518
 78  63.000  57.000  90  10   14  408
 79 122.000 113.000  90  20  129  551
 80  99.000  26.000  90  40  111  540
 81  10.000 118.000   0  10   76  621
 82 102.000  60.000   0  30  600 1140
 83 120.000 136.000  90  10  281  619
 84  97.000  29.000  90  30   49  427
 85  27.000  77.000  90  10   43  616
 86 105.000 110.000  90  20  418  783
 87 118.000 114.000  90  10   65  533
 88 135.000   6.000  90  30   91  492
 89  95.000  77.000  90  10   25  594
 90 139.000  10.000  90  30  574  904
 91  61.000  54.000   0  10  125  466
 92  16.000  38.000  90  20  236  618
 93  16.000 138.000  90  10   86  514
 94  91.000  78.000  90  10   22  480
 95  91.000  71.000   0  20  537 1181
 96   0.000  27.000  90  30   82  600
 97  31.000 112.000  90  20  142  740
 98   5.000 119.000  90  20  220  688
 99   3.000 135.000  90  20  209  715
100  30.000 136.000  90  10  498 1144
101   4.000  23.000  90  10  215  690
102  21.000  26.000  90  20   65  615
103 121.000 134.000  90  20  338  746
104 130.000  27.000  90  30   73  663
105  35.000 102.000  90 -30  706 1109
106  22.000  38.000  90 -10  714 1204
107  24.000  26.000  90 -20   63  506
108  61.000  48.000  90 -10  237  729
109  63.000  50.000  90 -20  115  664
110  84.000  39.000  90 -10  464  915
111 101.000 107.000  90 -20  710 1213
112   9.000 114.000  90 -10  624 1186
113  87.000 108.000  90 -20   95  530
114 113.000  69.000  90 -30  149  662
115 119.000 139.000  90 -20   84  730
116  34.000 138.000  90 -10  437 1016
117 119.000 136.000  90 -30  158  560
118 111.000  66.000  90 -10  348  829
119 102.000 110.000  90 -20  507 1062
120  78.000  92.000  90 -30  393  771
121  91.000 108.000  90 -20  117  696
122 137.000   6.000  90 -10  446  843
123  33.000  78.000  90 -20  563  997
124  19.000  39.000  90 -30  654  932
125  34.000 104.000  90 -10  385 1058
126  40.000 132.000  90 -10   68  573
127 107.000 105.000  90 -20  262  749
128 109.000  71.000  90 -20   39  606
129 118.000 108.000  90 -30  767 1200
130  98.000  70.000  90 -10  148  830
131  30.000  27.000  90 -20  595 1012
132 123.000 112.000  90 -10  168  695
133 127.000 108.000  90 -20  451  969
134 116.000 132.000  90 -20  713 1110
135  35.000  99.000  90 -10  704 1216
136   1.000  24.000  90 -10   94  624
137   6.000 135.000  90 -10  119  618
138  92.000 107.000  90 -20  283  714
139  32.000 128.000  90 -20  654 1192
140  88.000  72.000  90 -10  739 1166
141 136.000   0.000  90 -20  191  727
142  99.000  28.000  90 -20  132  703
143  64.000  61.000  90 -20  771 1251
144  94.000  70.000  90 -10  351  815
145  84.000  36.000  90 -20  370  823
146 107.000  63.000  90 -10  491 1058
147  16.000  39.000  90 -20  116  556
148 112.000  71.000  90 -10   42  685
149   6.000  25.000  90 -10  286  805
150   1.000  34.000  90 -10   77  384
151  61.000  59.000  90 -10  699 1203
152  26.000 105.000  90 -10   56  587
153 137.000   3.000  90 -20  286  818
154  91.000  95.000  90 -10  761 1229
155  14.000 131.000  90 -10  499  998
156  34.000  79.000  90 -10  542 1201
157  34.000 108.000  90 -20  304  769
158 132.000  24.000  90 -30   77  674
159   6.000 113.000  90 -20  569  920
160  30.000  24.000  90 -10  479  942
161  28.000  33.000  90 -10   55  626
162  98.000  31.000  90 -20  306  715
163  18.000  38.000  90 -20  367  853
164  32.000  79.000  90 -20  461  915
165  90.000 101.000  90 -10  752 1188
166  29.000  28.000  90 -10  738 1052
167  59.000  52.000  90 -20  332  822
168  90.000 104.000  90 -10  657 1098
169  74.000  99.000  90 -30   29  503
170   7.000 115.000  90 -30  540 1132
171 103.000 111.000  90 -10  416  970
172 127.000 112.000  90 -20  408  823
173   4.000 125.000  90 -20  117  599
174  36.000 105.000  90 -20  521 1107
175  28.000  78.000  90 -20  271  738
176  35.000 123.000  90 -20  611 1198
177 133.000  12.000  90 -10  531 1141
178 136.000  29.000  90 -20  272  616
179  33.000 131.000  90 -10  843 1172
180  36.000 135.000  90 -10  389  877
181 100.000 106.000  90 -30  443  749
182  19.000  37.000  90 -10  410  993
183 125.000 108.000  90 -20  626  978
184 135.000   0.000  90 -40   95  649
185  10.000 118.000  90 -10   76  621
186 102.000  60.000  90 -30  600 1140
187 122.000 131.000  90 -10  383  886
188 103.000  34.000  90 -30  473  739
189  30.000  79.000  90 -10  349  844
190  99.000 108.000  90 -20  752 1192
191 126.000 112.000  90 -10  316  733
192 131.000  11.000  90 -30  684 1171
193  94.000  72.000  90 -10  381  969
194 131.000  31.000  90 -30  413  847
195  61.000  54.000  90 -10  125  466
196  57.000  59.000  90 -20  633 1081
197   8.000 138.000  90 -10   92  600
198  96.000  74.000  90 -10  197  592
199  91.000  71.000  90 -20  537 1181
200  20.000  39.000  90 -30  627 1141
201  39.000 128.000  90 -20   65  485
202   1.000 109.000  90 -20  392  904
203   2.000 132.000  90 -20  320  789
204  33.000 133.000  90 -10  705 1126
205   4.000  30.000  90 -10  501  961
206  30.000  31.000  90 -20  661 1206
207 119.000 130.000  90 -20  451 1006
208 134.000  31.000  90 -30  337  737
209  70.000  70.000   0   0    0 1351
