105 105 1000 200 1000
  0  70.000  70.000   0   0    0 1351
  1  33.000  78.000   0  20  750  809
  2  10.000 137.000  90  30  147  219
  3   4.000  28.000  90  10  616  661
  4  25.000  26.000  90  20  128  179
  5   6.000 135.000  90  40  351  386
  6  86.000  36.000  90  20  384  443
  7  63.000  50.000  90  10  364  416
  8 100.000 106.000  90  10  567  626
  9  85.000 106.000  90  20    0 1222
 10 103.000  69.000  90  30   33   93
 11 109.000 131.000  90  20   72  141
 12  84.000  99.000  90  20   32  102
 13 113.000  69.000  90  20  370  440
 14 129.000   9.000  90  10   84  147
 15  25.000  80.000  90  20  380  440
 16  17.000  37.000  90  30    0 1199
 17  43.000 135.000  90  10  215  293
 18 104.000 106.000  90  20  390  434
 19 109.000  71.000  90  20    0 1222
 20  61.000  48.000   0  20  448  517
 21  74.000  99.000  90  20  176  243
 22  89.000  73.000  90  10   19   94
 23 101.000  96.000  90  10  101  160
 24   9.000 114.000  90  20  904  954
 25 121.000 112.000  90  20  221  277
 26 137.000   6.000  90  10  611  678
 27   4.000 125.000  90  30  319  398
 28  26.000 105.000  90  40    0 1205
 29  21.000  48.000  90  10   53  123
 30  94.000  70.000  90  20  556  610
 31  74.000  93.000  90  20   23   66
 32  97.000  28.000  90  20  110  170
 33  59.000  56.000  90  20    0 1244
 34  80.000  97.000   0  10    0 1233
 35  87.000  39.000  90  20    0 1226
 36 119.000 136.000  90  30    0 1179
 37 127.000 112.000  90  20  595  636
 38 113.000  71.000  90  10  286  341
 39   2.000  28.000  90  10    0 1182
 40  17.000  43.000  90  10  205  279
 41 112.000  71.000  90  20    0 1219
 42 135.000   0.000  90  10    0 1166
 43 103.000 111.000  90  20    0 1209
 44  98.000  31.000   0  20    0 1213
 45  28.000  99.000  90  10   51   93
 46  29.000  28.000  90  10  865  925
 47  10.000 134.000  90  10  629  677
 48  94.000  72.000   0  20  647  703
 49  35.000  76.000  90  10   35   91
 50  76.000  99.000  90  20    0 1232
 51 127.000  28.000  90  30  128  195
 52   8.000 119.000  90  20    0 1182
 53  33.000 131.000  90  30  979 1037
 54 123.000 112.000  90  20  405  459
 55  67.000  55.000  90  10   15   62
 56  39.000 128.000  90  10    0 1196
 57  93.000  36.000  90  20    0 1220
 58  21.000  44.000  90  20  115  180
 59  28.000  74.000  90  20  188  260
 60  86.000 102.000  90  10   93  159
 61  84.000  36.000  90  10  568  626
 62 132.000  24.000  90  10    0 1184
 63   6.000  25.000   0  10  516  574
 64  22.000  22.000  90  10  494  550
 65  74.000  96.000  90  30   80  153
 66   0.000 117.000   0  30  515  585
 67 119.000 114.000  90  20  128  185
 68  33.000 133.000  90  20  890  941
 69  16.000  39.000   0  20  314  358
 70  32.000  77.000  90  20    0 1223
 71 122.000 131.000  90  20  608  661
 72  77.000 100.000  90  20  356  429
 73 127.000  29.000  90  20   70  141
 74  42.000 136.000  90  10  310  381
 75 103.000 106.000  90  30  296  347
 76  96.000  74.000  90  10  351  437
 77  63.000  57.000  90  10    0 1247
 78 122.000 113.000  90  20  307  374
 79  40.000 132.000  90  20  137  182
 80  99.000  26.000  90  40  287  363
 81  10.000 118.000  90  10   76  144
 82  97.000  29.000  90  30   49  119
 83  27.000  77.000  90  10    0 1218
 84 105.000 110.000  90  20  567  634
 85 118.000 114.000  90  10   65  126
 86 135.000   6.000  90  30    0 1170
 87  95.000  77.000  90  10  278  325
 88 139.000  10.000  90  30  723  756
 89  61.000  54.000  90  10    0 1243
 90  16.000  38.000  90  20  387  466
 91  16.000 138.000  90  10   86  142
 92  91.000  78.000  90  10   88  141
 93   0.000  27.000  90  30  241  292
 94 119.000 139.000  90  20  234  298
 95  31.000 112.000  90  20  401  481
 96   5.000 119.000  90  20    0 1180
 97   3.000 135.000  90  20  433  491
 98  30.000 136.000   0  10  792  850
 99  28.000  33.000  90  20   55  128
100  87.000 108.000  90  20  275  350
101  21.000  26.000  90  20  311  365
102 121.000 134.000  90  20  517  567
103 101.000 107.000  90  10 1038 1090
104  34.000 108.000  90  10  506  566
105 131.000  31.000   0  20    0 1189
106  33.000  78.000  90 -20  750  809
107   8.000 138.000  90 -30  234  316
108  24.000  26.000  90 -10    0 1198
109   1.000  34.000  90 -20    0 1184
110   2.000 132.000  90 -40  526  584
111  86.000  37.000  90 -20  478  531
112  57.000  53.000  90 -10  641  697
113  91.000  95.000  90 -10 1036 1097
114  94.000 105.000  90 -20  656  728
115 110.000  66.000  90 -30  650  710
116 115.000 134.000  90 -20  140  199
117  90.000 101.000  90 -20  933 1008
118 107.000  63.000  90 -20  748  800
119 137.000   3.000  90 -10    0 1167
120  28.000  78.000  90 -20  479  529
121  18.000  38.000  90 -30  582  638
122  34.000 138.000  90 -10  704  749
123  99.000 108.000  90 -20    0 1214
124 102.000  60.000  90 -20  840  900
125  61.000  48.000  90 -20  448  517
126  30.000  79.000  90 -20  561  632
127  88.000  72.000  90 -10    0 1243
128 102.000 104.000  90 -10  201  258
129  35.000 102.000  90 -20    0 1214
130 127.000 108.000  90 -20  677  743
131 133.000  12.000  90 -10  797  874
132   6.000 113.000  90 -30    0 1184
133  34.000 104.000  90 -40  683  760
134  30.000  31.000  90 -10  960 1016
135  94.000  73.000  90 -20  741  791
136  32.000  79.000  90 -20  655  721
137  96.000  26.000  90 -20    0 1210
138  61.000  59.000  90 -20  931  971
139  80.000  97.000  90 -10    0 1233
140  95.000  35.000  90 -20  196  252
141 119.000 130.000  90 -30  692  765
142  99.000  96.000  90 -20    0 1223
143 111.000  66.000  90 -10    0 1220
144   4.000  30.000  90 -10    0 1184
145  30.000  24.000  90 -10  673  748
146 112.000  67.000  90 -20  462  534
147 136.000   0.000  90 -10  426  491
148  99.000 112.000  90 -20  846  911
149  98.000  31.000  90 -20    0 1213
150  21.000 115.000  90 -10  306  376
151  57.000  59.000  90 -10    0 1244
152  28.000 107.000  90 -10    0 1206
153  94.000  72.000  90 -20  647  703
154  19.000  37.000  90 -10  665  738
155  78.000  92.000  90 -20    0 1238
156 134.000  31.000  90 -30  508  566
157   8.000 124.000  90 -20  231  298
158  32.000 128.000  90 -30    0 1192
159 126.000 112.000  90 -20  507  543
160  59.000  52.000  90 -10  553  602
161  36.000 132.000  90 -10  509  571
162  88.000  35.000  90 -20  285  358
163  24.000  24.000  90 -20    0 1196
164  20.000  39.000  90 -20  855  913
165  92.000 107.000  90 -10  465  532
166  84.000  39.000  90 -10  659  720
167 136.000  29.000  90 -10  406  482
168   6.000  25.000  90 -10  516  574
169  30.000  27.000  90 -10    0 1203
170  34.000  79.000  90 -30  841  902
171   0.000 117.000  90 -30  515  585
172 121.000 110.000  90 -20  870  923
173  35.000 123.000  90 -20 1130 1198
174  16.000  39.000  90 -20  314  358
175  34.000  82.000  90 -20    0 1224
176 116.000 132.000  90 -20  870  953
177  90.000 104.000  90 -20    0 1222
178 130.000  27.000  90 -20  229  280
179  43.000 140.000  90 -10  410  470
180 107.000 105.000  90 -30  472  539
181  98.000  70.000  90 -10  467  511
182  62.000  58.000  90 -10  173  229
183 125.000 108.000  90 -20  778  825
184  36.000 135.000  90 -20  598  669
185  99.000  28.000  90 -40  392  442
186   7.000 115.000  90 -10  801  872
187 103.000  34.000  90 -30  577  636
188  19.000  39.000  90 -10  764  823
189 102.000 110.000  90 -20  754  814
190 118.000 108.000  90 -10  972 1008
191 135.000   3.000  90 -30    0 1168
192  91.000  71.000  90 -10    0 1240
193 131.000  11.000  90 -30  895  960
194  64.000  61.000  90 -10 1011 1077
195  22.000  38.000  90 -20  950 1003
196  35.000  99.000  90 -10  976 1025
197  93.000  75.000  90 -10  178  238
198   4.000  23.000  90 -30    0 1180
199 120.000 136.000  90 -20    0 1179
200  32.000 106.000  90 -20  602  657
201   1.000 109.000  90 -20  616  680
202  14.000 131.000  90 -20  712  784
203  30.000 136.000  90 -10  792  850
204   1.000  24.000  90 -20    0 1179
205  94.000 104.000  90 -20  754  813
206  21.000  25.000  90 -20  405  453
207 118.000 131.000  90 -20  782  857
208  91.000 108.000  90 -10    0 1218
209  36.000 105.000  90 -10  776  852
210 131.000  31.000  90 -20    0 1189
211  70.000  70.000   0   0    0 1351
