105 105 1000 200 1000
  0  70.000  70.000   0   0    0 1351
  1  33.000  78.000  90  20  672  888
  2  59.000  52.000  90  20  452  702
  3  10.000 137.000  90  30   89  301
  4   4.000  28.000  90  10  509  769
  5  25.000  26.000  90  20   62  254
  6  24.000  26.000  90  20  122  367
  7  86.000  36.000  90  20  262  565
  8  95.000  35.000  90  10   79  369
  9  63.000  50.000  90  10  285  494
 10   8.000 124.000  90  10  164  364
 11  85.000 106.000  90  20   75  364
 12 103.000  69.000  90  30   33  217
 13 109.000 131.000  90  20   72  312
 14 115.000 134.000  90  30   78  263
 15 102.000 104.000  90  20  111  347
 16  84.000  99.000  90  20   32  287
 17 129.000   9.000  90  10   84  385
 18  30.000  27.000  90  10  709  899
 19  25.000  80.000   0  20  289  531
 20  17.000  37.000  90  30  417  619
 21  43.000 135.000  90  10  186  322
 22 104.000 106.000  90  20  297  527
 23 109.000  71.000  90  20   39  285
 24  74.000  99.000  90  20   96  323
 25  89.000  73.000  90  10   19  197
 26  21.000  25.000  90  20  343  514
 27  99.000  28.000  90  30  288  547
 28 101.000  96.000  90  10   40  301
 29 121.000 112.000  90  20  108  389
 30   4.000 125.000  90  30  239  478
 31  26.000 105.000  90  40   56  313
 32  21.000  48.000  90  10   53  312
 33   1.000  34.000  90  20   77  317
 34  94.000  70.000  90  20  448  718
 35  74.000  93.000  90  20   23  246
 36  94.000  73.000  90  10  658  874
 37 135.000   3.000  90  20  185  364
 38  97.000  28.000  90  20   49  400
 39  30.000  79.000  90  20  461  732
 40 119.000 136.000  90  30  250  467
 41  62.000  58.000  90  20   53  350
 42 127.000 112.000  90  20  477  755
 43 113.000  71.000  90  10  185  442
 44  34.000 104.000   0  10  559  885
 45  17.000  43.000  90  10   93  391
 46   1.000  24.000  90  10  247  471
 47 112.000  71.000  90  20   99  346
 48 135.000   0.000  90  10  249  487
 49 125.000 108.000  90  20  674  929
 50   8.000 138.000  90  30  165  385
 51 103.000 111.000  90  20  581  805
 52  57.000  53.000  90  10  546  793
 53  28.000  99.000  90  10   51  270
 54 137.000   3.000  90  20  425  679
 55  29.000  28.000   0  10  771 1019
 56  94.000 105.000   0  10  578  806
 57  92.000 107.000  90  30  396  601
 58  10.000 134.000  90  10  548  758
 59  35.000  76.000  90  10   35  258
 60 127.000  28.000  90  30   70  284
 61   8.000 119.000  90  20   79  406
 62 102.000 110.000  90  10  675  894
 63  33.000 131.000   0  30  885 1131
 64  67.000  55.000  90  10   15  188
 65  39.000 128.000  90  10   65  297
 66  93.000  36.000  90  20   41  257
 67  21.000  44.000  90  20   55  334
 68  86.000 102.000  90  10   35  233
 69  84.000  36.000   0  10  481  713
 70   6.000  25.000  90  10  435  656
 71  28.000  78.000  90  10  399  609
 72  88.000  35.000  90  20  217  426
 73  74.000  96.000  90  30   26  257
 74  99.000  96.000  90  10   38  247
 75  28.000 107.000  90  20   96  385
 76  36.000 105.000   0  20  663  965
 77  33.000 133.000  90  20  820 1012
 78  16.000  39.000  90  20  199  473
 79  32.000  77.000  90  20   38  322
 80 122.000 131.000  90  20  478  791
 81  77.000 100.000   0  20  277  508
 82 127.000  29.000  90  20   70  290
 83  36.000 132.000  90  10  412  669
 84 103.000 106.000  90  30  204  439
 85  96.000  74.000  90  10  306  482
 86  63.000  57.000  90  10   14  272
 87 122.000 113.000  90  20  236  445
 88  40.000 132.000  90  20   68  351
 89  10.000 118.000  90  10   76  282
 90 102.000  60.000   0  30  764  977
 91 120.000 136.000  90  10  351  548
 92  97.000  29.000  90  30   49  355
 93 118.000 114.000  90  10   65  289
 94 135.000   6.000  90  30   91  282
 95  95.000  77.000  90  10  201  401
 96  16.000 138.000  90  10   86  325
 97  91.000  78.000  90  10   22  248
 98  35.000  99.000   0  20  870 1130
 99   5.000 119.000  90  20  323  585
100  30.000 136.000  90  10  716  926
101  20.000  39.000  90  10  761 1007
102  28.000  33.000  90  20   55  268
103  91.000 108.000  90  10  271  542
104 130.000  27.000  90  30  109  400
105  34.000 108.000  90  10  414  658
106  34.000  79.000  90 -20  745  997
107  61.000  59.000  90 -20  832 1070
108   2.000 132.000  90 -30  434  675
109   4.000  30.000  90 -10  588  873
110  24.000  24.000  90 -20  492  738
111  21.000  26.000  90 -20  217  458
112  84.000  39.000  90 -20  611  769
113 103.000  34.000  90 -10  483  729
114  64.000  61.000  90 -10  932 1157
115   6.000 113.000  90 -10  580  908
116  87.000 108.000  90 -20  192  434
117 107.000  63.000  90 -30  650  898
118 119.000 139.000  90 -20  174  357
119 116.000 132.000  90 -30  805 1018
120 107.000 105.000  90 -20  355  655
121  90.000 104.000  90 -20  739 1015
122 139.000  10.000  90 -10  646  832
123  30.000  31.000  90 -10  889 1088
124  25.000  80.000  90 -20  289  531
125  18.000  38.000  90 -30  500  720
126  42.000 136.000  90 -10  227  465
127 100.000 106.000  90 -20  480  713
128 111.000  66.000  90 -20  439  738
129  78.000  92.000  90 -20  488  677
130 113.000  69.000  90 -10  286  525
131  30.000  24.000  90 -20  595  827
132  98.000  31.000  90 -30  349  671
133 119.000 114.000  90 -10   65  308
134 118.000 108.000  90 -20  879 1100
135   7.000 115.000  90 -30  711  961
136  32.000 106.000  90 -40  501  758
137   2.000  28.000  90 -10   79  399
138   0.000  27.000  90 -20  155  378
139  91.000  71.000  90 -20  748  970
140  76.000  99.000  90 -20  181  421
141  88.000  72.000  90 -10  817 1088
142 136.000   0.000  90 -20  346  571
143  99.000  26.000  90 -20  223  428
144  34.000  82.000  90 -20  824 1105
145 119.000 130.000  90 -30  586  871
146  61.000  48.000  90 -20  348  617
147 127.000 108.000  90 -20  597  822
148 110.000  66.000  90 -10  557  803
149  34.000 104.000  90 -10  559  885
150  16.000  38.000  90 -10  349  505
151   4.000  23.000  90 -10  308  596
152 112.000  67.000  90 -20  386  609
153 137.000   6.000  90 -10  542  748
154 121.000 110.000  90 -20  751 1042
155   3.000 135.000  90 -30  327  597
156 101.000 107.000  90 -20  970 1158
157  59.000  56.000  90 -10  640  885
158  31.000 112.000  90 -10  351  532
159 133.000  12.000  90 -20  700  971
160  29.000  28.000  90 -10  771 1019
161  94.000 105.000  90 -10  578  806
162  91.000  95.000  90 -30  914 1218
163  14.000 131.000  90 -10  628  869
164  28.000  74.000  90 -10  107  341
165 136.000  29.000  90 -30  344  545
166   9.000 114.000  90 -20  823 1034
167  99.000 108.000  90 -10  826 1118
168  33.000 131.000  90 -30  885 1131
169  87.000  39.000  90 -10   35  255
170  36.000 135.000  90 -10  506  760
171  96.000  26.000  90 -20   93  371
172  19.000  39.000  90 -20  691  896
173  90.000 101.000  90 -10  860 1080
174  84.000  36.000  90 -10  481  713
175  22.000  38.000  90 -10  866 1086
176  32.000  79.000  90 -10  562  814
177  86.000  37.000  90 -20  373  636
178  80.000  97.000  90 -30  337  637
179  99.000 112.000  90 -10  766  991
180  21.000 115.000  90 -20  213  469
181  36.000 105.000  90 -20  663  965
182  32.000 128.000  90 -20  928 1192
183  19.000  37.000  90 -20  597  805
184  27.000  77.000  90 -20  177  456
185 118.000 131.000  90 -20  684  954
186  77.000 100.000  90 -20  277  508
187 134.000  31.000  90 -20  421  654
188  34.000 138.000  90 -10  591  863
189 105.000 110.000  90 -30  502  700
190  98.000  70.000  90 -10  386  591
191  61.000  54.000  90 -10  168  422
192 126.000 112.000  90 -20  390  660
193  43.000 140.000  90 -20  334  546
194   1.000 109.000  90 -10  557  739
195 102.000  60.000  90 -30  764  977
196 121.000 134.000  90 -10  437  647
197 131.000  31.000  90 -30  526  734
198 123.000 112.000  90 -10  331  532
199 131.000  11.000  90 -30  818 1037
200  94.000  72.000  90 -10  559  790
201   6.000 135.000  90 -10  249  488
202  93.000  75.000  90 -10   81  335
203  35.000  99.000  90 -20  870 1130
204   0.000 117.000  90 -20  434  666
205  35.000 123.000  90 -10  973 1198
206  57.000  59.000  90 -10  734  980
207  22.000  22.000  90 -20  398  646
208  94.000 104.000  90 -10  667  900
209 132.000  24.000  90 -30  233  462
210  35.000 102.000  90 -10  786 1028
211  70.000  70.000   0   0    0 1351
