105 105 1000 200 1000
  0  70.000  70.000   0   0    0 1351
  1  10.000 137.000  90  30    0 1172
  2   4.000  28.000   0  10    0 1183
  3  25.000  26.000  90  20  128  179
  4  86.000  37.000  90  10  478  531
  5   1.000 109.000  90  10    0 1182
  6   6.000 135.000   0  40  351  386
  7  86.000  36.000  90  20    0 1224
  8  63.000  50.000  90  10    0 1240
  9   8.000 124.000  90  10    0 1179
 10  85.000 106.000  90  20    0 1222
 11 109.000 131.000  90  20    0 1189
 12  43.000 140.000  90  10    0 1186
 13 115.000 134.000  90  30  140  199
 14 112.000  67.000  90  10  462  534
 15 102.000 104.000  90  20    0 1215
 16  93.000  75.000  90  30    0 1238
 17  90.000 104.000  90  20    0 1222
 18 127.000 108.000  90  10    0 1193
 19  84.000  99.000  90  20    0 1229
 20 129.000   9.000  90  10   84  147
 21  18.000  38.000  90  30    0 1200
 22  30.000  27.000   0  10    0 1203
 23  25.000  80.000  90  20  380  440
 24  17.000  37.000  90  30    0 1199
 25  61.000  59.000  90  20    0 1247
 26 104.000 106.000  90  20    0 1212
 27  89.000  73.000  90  10   19   94
 28  21.000  25.000  90  20    0 1195
 29 121.000 112.000  90  20  221  277
 30 137.000   6.000  90  10    0 1169
 31  34.000  82.000   0  10    0 1224
 32  26.000 105.000  90  40    0 1205
 33  21.000  48.000  90  10    0 1208
 34  21.000 115.000  90  10  306  376
 35  74.000  93.000  90  20   23   66
 36  94.000  73.000  90  10    0 1237
 37  97.000  28.000   0  20    0 1212
 38  59.000  56.000  90  20    0 1244
 39 134.000  31.000  90  20    0 1187
 40 103.000  34.000  90  30    0 1213
 41  30.000  79.000  90  20    0 1220
 42 119.000 136.000  90  30    0 1179
 43 127.000 112.000  90  20  595  636
 44 113.000  71.000  90  10    0 1218
 45  34.000 104.000  90  10    0 1212
 46   2.000  28.000  90  10    0 1182
 47   1.000  24.000  90  10    0 1179
 48 112.000  71.000  90  20    0 1219
 49 135.000   0.000  90  10    0 1166
 50   8.000 138.000  90  30    0 1169
 51  98.000  31.000   0  20    0 1213
 52  28.000  99.000  90  10   51   93
 53  29.000  28.000  90  10  865  925
 54  10.000 134.000  90  10    0 1174
 55  94.000  72.000  90  20  647  703
 56  35.000  76.000  90  10    0 1226
 57  76.000  99.000  90  20    0 1232
 58 127.000  28.000   0  30    0 1191
 59  24.000  24.000  90  10    0 1196
 60  33.000 131.000   0  30    0 1190
 61  67.000  55.000  90  10   15   62
 62  39.000 128.000  90  10    0 1196
 63   7.000 115.000  90  10    0 1184
 64  19.000  37.000   0  20  665  738
 65  84.000  36.000  90  10  568  626
 66 132.000  24.000  90  10    0 1184
 67  28.000  78.000  90  10    0 1219
 68  22.000  22.000  90  10    0 1194
 69  99.000  96.000  90  10    0 1223
 70 119.000 114.000  90  20    0 1196
 71  36.000 105.000  90  20    0 1213
 72  84.000  39.000  90  20    0 1227
 73  33.000 133.000  90  20  890  941
 74  32.000  77.000  90  20    0 1223
 75  77.000 100.000  90  20    0 1231
 76  96.000  26.000  90  10    0 1210
 77 127.000  29.000  90  20   70  141
 78  42.000 136.000  90  10    0 1190
 79 103.000 106.000  90  30    0 1213
 80 107.000 105.000  90  10  472  539
 81  96.000  74.000  90  10    0 1235
 82  14.000 131.000  90  10    0 1179
 83  40.000 132.000  90  20  137  182
 84  99.000  26.000  90  40  287  363
 85 120.000 136.000  90  10    0 1179
 86 126.000 112.000  90  10    0 1191
 87 105.000 110.000  90  20    0 1208
 88 118.000 114.000  90  10    0 1196
 89 135.000   6.000  90  30    0 1170
 90 111.000  66.000  90  20    0 1220
 91 139.000  10.000  90  30    0 1170
 92  61.000  54.000  90  10    0 1243
 93  16.000  38.000  90  20    0 1199
 94  16.000 138.000  90  10   86  142
 95  91.000  78.000  90  10    0 1239
 96  91.000  71.000   0  20    0 1240
 97   0.000  27.000  90  30  241  292
 98 119.000 139.000  90  20  234  298
 99  31.000 112.000  90  20  401  481
100   5.000 119.000  90  20    0 1180
101  30.000 136.000  90  10    0 1184
102  28.000  33.000  90  20    0 1206
103   4.000  23.000  90  10    0 1180
104  91.000 108.000  90  10    0 1218
105 130.000  27.000  90  30    0 1188
106   2.000 132.000  90 -30    0 1169
107   4.000  28.000  90 -10    0 1183
108  24.000  26.000  90 -20    0 1198
109  97.000  29.000  90 -10    0 1212
110   0.000 117.000  90 -10  515  585
111   6.000 135.000  90 -40  351  386
112  88.000  35.000  90 -20  285  358
113  64.000  61.000  90 -10    0 1251
114   9.000 114.000  90 -10    0 1186
115  87.000 108.000  90 -20    0 1220
116 119.000 130.000  90 -20    0 1184
117  34.000 138.000  90 -10    0 1185
118 116.000 132.000  90 -30    0 1184
119 110.000  66.000  90 -10    0 1221
120  99.000 112.000  90 -20    0 1210
121  91.000  95.000  90 -30    0 1229
122  86.000 102.000  90 -20    0 1226
123 121.000 110.000  90 -10    0 1197
124  78.000  92.000  90 -20    0 1238
125 137.000   3.000  90 -10    0 1167
126  21.000  44.000  90 -30    0 1206
127  30.000  27.000  90 -10    0 1203
128  33.000  78.000  90 -20  750  809
129  19.000  39.000  90 -30  764  823
130  22.000  38.000  90 -20    0 1204
131 100.000 106.000  90 -20    0 1215
132 109.000  71.000  90 -10    0 1222
133  30.000  24.000  90 -20    0 1201
134 123.000 112.000  90 -20    0 1194
135 133.000  12.000  90 -10  797  874
136  34.000  82.000  90 -10    0 1224
137  34.000 108.000  90 -40    0 1209
138  16.000  39.000  90 -10  314  358
139   4.000 125.000  90 -10    0 1176
140  90.000 101.000  90 -20    0 1225
141  80.000  97.000  90 -10    0 1233
142  97.000  28.000  90 -20    0 1212
143  62.000  58.000  90 -20    0 1247
144 102.000  60.000  90 -20  840  900
145  99.000  28.000  90 -30    0 1210
146  34.000  79.000  90 -20  841  902
147 122.000 131.000  90 -30    0 1181
148 118.000 108.000  90 -20  972 1008
149 103.000  69.000  90 -10    0 1228
150  32.000 106.000  90 -10    0 1209
151  17.000  43.000  90 -10    0 1202
152   1.000  34.000  90 -10    0 1184
153 113.000  69.000  90 -20  370  440
154 136.000   0.000  90 -10    0 1165
155   3.000 135.000  90 -30    0 1168
156  98.000  31.000  90 -20    0 1213
157  28.000 107.000  90 -10    0 1206
158  57.000  53.000  90 -10    0 1240
159  35.000 102.000  90 -10    0 1214
160  95.000  77.000  90 -20    0 1236
161  27.000  77.000  90 -10    0 1218
162  92.000 107.000  90 -20    0 1218
163 127.000  28.000  90 -30    0 1191
164  30.000  31.000  90 -10  960 1016
165  33.000 131.000  90 -30    0 1190
166  95.000  35.000  90 -10    0 1218
167  43.000 135.000  90 -10    0 1191
168  35.000  99.000  90 -10    0 1216
169  19.000  37.000  90 -20  665  738
170  87.000  39.000  90 -10    0 1226
171 131.000  31.000  90 -10    0 1189
172  32.000  79.000  90 -10  655  721
173  57.000  59.000  90 -10    0 1244
174 102.000 110.000  90 -10    0 1210
175 125.000 108.000  90 -20    0 1195
176  74.000  96.000  90 -20    0 1235
177  93.000  36.000  90 -20    0 1220
178  35.000 123.000  90 -20 1130 1198
179  28.000  74.000  90 -20    0 1219
180  94.000 105.000  90 -20    0 1219
181  61.000  48.000  90 -10  448  517
182 136.000  29.000  90 -20    0 1184
183  36.000 132.000  90 -10  509  571
184  99.000 108.000  90 -30    0 1214
185 101.000 107.000  90 -10 1038 1090
186  94.000  70.000  90 -10  556  610
187   8.000 119.000  90 -10    0 1182
188  36.000 135.000  90 -20  598  669
189  59.000  52.000  90 -40    0 1240
190 118.000 131.000  90 -10  782  857
191 101.000  96.000  90 -10    0 1221
192 103.000 111.000  90 -20    0 1209
193 122.000 113.000  90 -10    0 1194
194 135.000   3.000  90 -30    0 1168
195 107.000  63.000  90 -20  748  800
196 131.000  11.000  90 -30    0 1177
197  63.000  57.000  90 -10    0 1247
198  20.000  39.000  90 -20    0 1203
199  10.000 118.000  90 -10    0 1185
200  98.000  70.000  90 -10  467  511
201  91.000  71.000  90 -20    0 1240
202   4.000  30.000  90 -30    0 1184
203 121.000 134.000  90 -20  517  567
204  74.000  99.000  90 -20    0 1232
205   6.000 113.000  90 -20    0 1184
206  32.000 128.000  90 -10    0 1192
207  21.000  26.000  90 -20    0 1196
208   6.000  25.000  90 -10  516  574
209  94.000 104.000  90 -10    0 1220
210  88.000  72.000  90 -30    0 1243
211  70.000  70.000   0   0    0 1351
