107 107 1000 200 1000
  0  70.000  70.000   0   0    0 1351
  1  33.000  78.000   0  20  672  887
  2  10.000 137.000  90  30  110  256
  3   4.000  28.000  90  10  442  836
  4  25.000  26.000  90  20   81  226
  5  86.000  37.000  90  10  475  535
  6   6.000 135.000   0  40  296  442
  7  32.000  79.000  90  20  660  716
  8  24.000  26.000  90  20  127  363
  9  95.000  35.000  90  10  115  333
 10  99.000 112.000  90  20  854  902
 11   8.000 124.000  90  10  200  328
 12  85.000 106.000  90  20  165  274
 13 103.000  69.000  90  30   33  291
 14 109.000 131.000  90  20   72  107
 15  43.000 140.000  90  10  333  547
 16 115.000 134.000  90  30  148  190
 17 112.000  67.000  90  10  444  552
 18  93.000  75.000  90  30   38  378
 19  90.000 104.000  90  20  810  945
 20  84.000  99.000  90  20   32  126
 21 129.000   9.000  90  10   84  223
 22  17.000  37.000  90  30  475  562
 23  32.000 106.000   0  10  519  740
 24  61.000  59.000  90  20  876 1026
 25 104.000 106.000  90  20  326  499
 26 109.000  71.000  90  20   83  175
 27  89.000  73.000  90  10   19  121
 28  21.000  25.000  90  20  368  490
 29  99.000  28.000   0  30  327  508
 30 101.000  96.000  90  10   56  206
 31   9.000 114.000   0  20  889  969
 32   4.000 125.000  90  30  348  369
 33  21.000  48.000   0  10   53  274
 34  21.000 115.000  90  10  211  471
 35   1.000  34.000  90  20   77  319
 36  94.000  70.000  90  20  531  634
 37  74.000  93.000  90  20   23  203
 38  94.000  73.000   0  10  701  830
 39 135.000   3.000  90  20  260  290
 40 134.000  31.000  90  20  519  556
 41  30.000  79.000  90  20  516  676
 42   4.000  30.000  90  40  619  842
 43  87.000  39.000  90  20   35  331
 44  62.000  58.000  90  20  106  297
 45   2.000  28.000  90  10   79  299
 46  17.000  43.000  90  10  232  251
 47   1.000  24.000  90  10  303  416
 48 112.000  71.000  90  20  102  343
 49 135.000   0.000  90  10  339  397
 50 125.000 108.000  90  20  741  862
 51  57.000  53.000   0  10  597  742
 52  28.000  99.000  90  10   51  226
 53 137.000   3.000  90  20  382  722
 54  94.000 105.000  90  10  673  712
 55  92.000 107.000  90  30  433  563
 56  10.000 134.000  90  10  522  785
 57  35.000  76.000  90  10   35  275
 58  76.000  99.000  90  20  135  468
 59 127.000  28.000  90  30   86  236
 60   8.000 119.000  90  20  100  238
 61 102.000 110.000  90  10  712  857
 62  24.000  24.000   0  10  497  732
 63  22.000  38.000   0  20  911 1042
 64 123.000 112.000  90  20  293  571
 65  67.000  55.000  90  10   15  203
 66  39.000 128.000  90  10   65  367
 67  21.000  44.000  90  20  104  192
 68  28.000  74.000  90  20   57  391
 69  86.000 102.000  90  10   35  252
 70 132.000  24.000   0  10  323  372
 71   2.000 132.000  90  10  472  637
 72  88.000  35.000  90  20  213  429
 73  74.000  96.000  90  30   26  284
 74   0.000 117.000  90  30  398  702
 75  99.000  96.000  90  10   38  309
 76 119.000 114.000  90  20  126  187
 77  28.000 107.000  90  20  170  311
 78  34.000 138.000   0  20  661  793
 79  16.000  39.000  90  20  286  386
 80  77.000 100.000   0  20  302  484
 81  96.000  26.000  90  10  152  312
 82 127.000  29.000  90  20   70  236
 83  42.000 136.000  90  10  222  470
 84  36.000 132.000  90  10  500  581
 85 103.000 106.000  90  30  258  385
 86  96.000  74.000  90  10  381  408
 87  63.000  57.000  90  10   14  413
 88 122.000 113.000  90  20  168  512
 89  40.000 132.000  90  20   68  285
 90  99.000  26.000  90  40  285  366
 91  10.000 118.000  90  10   76  181
 92  97.000  29.000  90  30   49  346
 93  27.000  77.000  90  10  226  407
 94 126.000 112.000   0  10  403  647
 95 118.000 114.000  90  10   65   87
 96 135.000   6.000  90  30   91  333
 97 111.000  66.000  90  20  572  606
 98  61.000  54.000  90  10  228  363
 99  16.000 138.000  90  10   86  142
100  91.000  78.000  90  10   66  163
101 119.000 139.000  90  20  198  334
102  30.000 136.000  90  10  709  934
103  28.000  33.000  90  20   55  135
104  21.000  26.000  90  20  241  435
105 121.000 134.000  90  20  475  608
106 119.000 130.000  90  20  715  742
107  34.000 108.000  90  10  534  539
108  33.000  78.000  90 -20  672  887
109   8.000 138.000  90 -30  191  360
110  19.000  39.000  90 -10  683  903
111  22.000  22.000  90 -20  450  593
112  84.000  36.000  90 -10  502  692
113   6.000 135.000  90 -40  296  442
114  34.000  79.000  90 -20  811  931
115  30.000  24.000  90 -20  601  820
116  86.000  36.000  90 -10  299  528
117 101.000 107.000  90 -20 1038 1090
118   5.000 119.000  90 -10  350  558
119  87.000 108.000  90 -20  193  432
120 113.000  71.000  90 -30  169  458
121 119.000 136.000  90 -20  317  400
122  36.000 135.000  90 -10  485  782
123 122.000 131.000  90 -30  529  741
124 110.000  66.000  90 -10  561  798
125  91.000  71.000  90 -30  769  949
126  91.000  95.000  90 -20 1021 1112
127 100.000 106.000  90 -20  594  599
128 139.000  10.000  90 -10  713  766
129  57.000  59.000  90 -30  790  924
130  32.000 106.000  90 -10  519  740
131  64.000  61.000  90 -20 1036 1052
132 103.000 111.000  90 -20  600  786
133 107.000  63.000  90 -20  734  814
134  95.000  77.000  90 -10  220  382
135  29.000  28.000  90 -20  864  925
136  99.000  28.000  90 -30  327  508
137 105.000 110.000  90 -10  557  645
138   9.000 114.000  90 -20  889  969
139   6.000 113.000  90 -30  688  800
140  21.000  48.000  90 -10   53  274
141  34.000 104.000  90 -10  706  737
142   6.000  25.000  90 -20  448  642
143  88.000  72.000  90 -20  927  977
144  74.000  99.000  90 -20   47  371
145  94.000  73.000  90 -10  701  830
146 136.000   0.000  90 -20  429  488
147 131.000  31.000  90 -20  529  732
148  34.000  82.000  90 -20  880 1049
149  20.000  39.000  90 -40  810  958
150  93.000  36.000  90 -20   41  288
151  61.000  48.000  90 -20  298  667
152   0.000  27.000  90 -10  199  333
153  19.000  37.000  90 -10  613  790
154   4.000  23.000  90 -10  420  485
155 113.000  69.000  90 -20  297  514
156 137.000   6.000  90 -10  631  659
157 121.000 110.000  90 -20  838  955
158  57.000  53.000  90 -10  597  742
159  26.000 105.000  90 -10  118  177
160 133.000  12.000  90 -20  710  961
161  90.000 101.000  90 -10  941 1000
162  94.000 104.000  90 -30  729  838
163  14.000 131.000  90 -10  620  876
164  32.000  77.000  90 -10   90  167
165  78.000  92.000  90 -20  446  719
166 136.000  29.000  90 -30  347  542
167   7.000 115.000  90 -20  763  910
168  99.000 108.000  90 -10  904 1041
169  24.000  24.000  90 -10  497  732
170  22.000  38.000  90 -20  911 1042
171 127.000 108.000  90 -20  625  794
172  59.000  52.000  90 -10  476  678
173  43.000 135.000  90 -10  176  332
174  16.000  38.000  90 -20  307  547
175  28.000  78.000  90 -20  457  552
176  91.000 108.000  90 -10  237  577
177 132.000  24.000  90 -10  323  372
178  36.000 105.000  90 -10  753  876
179  84.000  39.000  90 -20  622  757
180  80.000  97.000  90 -30  438  536
181   1.000 109.000  90 -30  582  714
182 102.000 104.000  90 -10   56  402
183 121.000 112.000  90 -20  209  288
184  31.000 112.000  90 -20  317  565
185  34.000 138.000  90 -20  661  793
186  18.000  38.000  90 -20  530  689
187  77.000 100.000  90 -20  302  484
188 103.000  34.000  90 -10  556  657
189 130.000  27.000  90 -20  198  311
190  33.000 133.000  90 -10  798 1034
191  32.000 128.000  90 -10 1020 1181
192 107.000 105.000  90 -30  404  607
193  98.000  70.000  90 -10  408  570
194  59.000  56.000  90 -10  713  812
195 118.000 108.000  90 -20  949 1031
196  35.000 123.000  90 -20 1056 1198
197  98.000  31.000  90 -40  486  534
198  35.000  99.000  90 -10  951 1049
199  97.000  28.000  90 -30   89  192
200  25.000  80.000  90 -10  338  483
201 126.000 112.000  90 -10  403  647
202 127.000 112.000  90 -10  510  722
203 131.000  11.000  90 -30  805 1050
204 102.000  60.000  90 -20  787  953
205  63.000  50.000  90 -10  304  475
206   3.000 135.000  90 -10  443  481
207  94.000  72.000  90 -10  671  678
208 120.000 136.000  90 -20  329  571
209  33.000 131.000  90 -10  987 1028
210  30.000  31.000  90 -20  962 1014
211  30.000  27.000  90 -20  692  916
212 116.000 132.000  90 -20  829  994
213 118.000 131.000  90 -20  720  918
214  35.000 102.000  90 -10  848  966
215  70.000  70.000   0   0    0 1351
