101 101 1000 700 1000
  0  70.000  70.000   0   0    0 3598
  1  38.000 105.000  90  20 2318 3457
  2 100.000   5.000  90  20  523  973
  3 111.000  78.000  90  10  892 1310
  4  96.000  62.000  90  10 2118 3481
  5 122.000  11.000  90  30 1476 2528
  6  99.000  53.000  90  20 1216 2579
  7  27.000  32.000  90  20  684 1894
  8  25.000  31.000  90  20  764 1630
  9  98.000  36.000  90  10 2647 3464
 10 101.000  68.000  90  10  369 1625
 11  98.000  46.000  90  20 1532 2456
 12 131.000   4.000  90  40 1393 2041
 13  70.000 113.000  90  30  985 1776
 14  64.000  59.000  90  10 1465 2535
 15 112.000   3.000  90  10  975 1875
 16  20.000 108.000  90  10  370 1268
 17  10.000 118.000  90  20  908 2284
 18  76.000  65.000  90  40    7  558
 19  44.000  62.000  90  30  587 1806
 20  21.000  28.000  90  40 1027 1177
 21  26.000  91.000  90  10 2127 3460
 22  98.000  75.000  90  10  289 1317
 23  19.000 116.000  90  10 1330 2863
 24  60.000 111.000  90  10  468  544
 25  54.000 102.000  90  20   72  554
 26  63.000 103.000  90  20   33  411
 27  91.000  91.000  90  10   29 1319
 28  77.000  15.000  90  10   55 1080
 29  77.000 117.000  90  30 1197 2126
 30  12.000  33.000  90  10  621 1201
 31 117.000  55.000  90  20 1064 1764
 32 116.000  10.000  90  20  777 1695
 33   6.000 121.000  90  20 1533 1849
 34   4.000 137.000  90  30 1216 2380
 35  67.000  84.000  90  30 2524 3390
 36  23.000  22.000  90  20  196  679
 37  41.000  64.000  90  20  756 1450
 38  60.000  66.000  90  30   10  804
 39  16.000  90.000  90  20   57 1026
 40  47.000  36.000  90  20   41  285
 41  48.000  72.000  90  20  155 1220
 42 121.000   9.000  90  10 1273 2364
 43  60.000  52.000  90  20 1172 2185
 44  98.000 116.000  90  30 1955 3198
 45  66.000 131.000  90  10  256 1521
 46  15.000  30.000  90  20  714 1296
 47  66.000 117.000  90  30  744 1421
 48   7.000 113.000  90  10 1076 1926
 49  17.000  25.000  90  10   69 1411
 50  83.000 105.000  90  30 2135 2620
 51  96.000  55.000  90  20 1318 2100
 52  57.000  70.000  90  10 1655 2551
 53  15.000  23.000  90  30  518  736
 54  38.000  16.000  90  10 1219 2173
 55  81.000 135.000  90  20 1801 2125
 56  49.000  70.000  90  20   21 1288
 57 119.000  20.000  90  10 2031 2919
 58  62.000 125.000  90  30  304 1096
 59  13.000  80.000  90  30   57  825
 60  91.000  71.000  90  10   21 1437
 61  47.000  57.000  90  30  813 1772
 62   4.000  15.000   0  20 2405 2537
 63   3.000  98.000  90  10  746 1476
 64  58.000  85.000  90  10 1962 2818
 65 106.000   5.000  90  30  819 1450
 66   9.000   9.000  90  10 2052 2694
 67   7.000  92.000  90  20  660 1757
 68  50.000  29.000  90  10   45 1322
 69  46.000  52.000  90  10 1015 1760
 70  75.000  64.000  90  20    7  923
 71  20.000  93.000  90  10   55 1152
 72  94.000   1.000  90  10  573 1118
 73  20.000 109.000  90  10  520  936
 74  28.000  14.000  90  20 1983 1992
 75  87.000  63.000  90  30   18 1587
 76 101.000   4.000  90  10  488 1398
 77  80.000  22.000  90  10   49  851
 78 103.000  19.000  90  30   60 1526
 79  73.000 119.000  90  30 1136 1999
 80  79.000 128.000   0  30 1433 2093
 81  10.000  50.000  90  20 2732 3194
 82  26.000  23.000  90  50   64 1185
 83  45.000  71.000  90  10   45 1517
 84  60.000 115.000  90  20   46 1184
 85  63.000 100.000  90  10   30 1128
 86   8.000 102.000  90  10 1072 1544
 87  61.000  66.000  90  10    9  660
 88  47.000  63.000  90  30  162  650
 89  19.000  96.000  90  10   57 1392
 90  65.000  80.000  90  10   11  480
 91  18.000 123.000  90  20 1109 2889
 92  12.000  31.000  90  20  466 1171
 93  98.000  28.000  90  10   50 1293
 94 101.000  32.000  90  20 1939 2442
 95  78.000  61.000  90  40   12  400
 96 126.000  20.000  90  20 1838 2556
 97  10.000 105.000  90  20 1197 1607
 98 114.000  63.000  90  10 2209 2995
 99  15.000  94.000  90  30   60 1025
100 129.000  77.000  90  10  945 1473
101  85.000  85.000  90  20   21 1007
102  37.000 115.000  90 -20 2388 2778
103 112.000   2.000  90 -20  772 2261
104 116.000  34.000  90 -10 1924 2668
105  94.000  59.000  90 -10 2862 3302
106 102.000  33.000  90 -30 2794 3339
107 103.000  33.000  90 -20 1607 2589
108  17.000  18.000  90 -20 1946 2595
109  25.000  46.000  90 -20  658 2128
110  69.000  48.000  90 -10 3164 3235
111 104.000  51.000  90 -10 1890 3102
112 113.000  67.000  90 -20 2487 2905
113 130.000  16.000  90 -40 1737 2466
114  75.000 103.000  90 -30  355 2023
115  64.000  89.000  90 -10 2165 3378
116 117.000  10.000  90 -10  818 1836
117  14.000 107.000  90 -10  384 1447
118  37.000 111.000  90 -20 2402 3181
119  80.000  63.000  90 -40   12  644
120  60.000  89.000  90 -30 2335 3019
121   3.000  17.000  90 -40 2254 2872
122  46.000  80.000  90 -10 2424 3482
123 123.000  64.000  90 -10  313 2315
124  30.000 106.000  90 -10 1976 2794
125  70.000 110.000  90 -10  561 2014
126  67.000 123.000  90 -20  527 1445
127  61.000 107.000  90 -20  201  623
128 101.000  59.000  90 -10 1371 1854
129  96.000  23.000  90 -10  139  376
130  95.000 103.000  90 -30 2090 3451
131  29.000  10.000  90 -10 1617 2170
132 103.000  55.000  90 -20 1241 1795
133 120.000  20.000  90 -20 1903 2865
134  26.000 104.000  90 -20 1964 2618
135  51.000 115.000  90 -30 2152 3222
136  64.000  78.000  90 -30 2269 3498
137  29.000  36.000  90 -20  851 2317
138  56.000  95.000  90 -20 2263 2898
139  44.000  82.000  90 -30  457 1307
140  15.000  96.000  90 -20  265  616
141  26.000  24.000  90 -20   63 1177
142  49.000  48.000  90 -20 1232 1733
143 128.000   0.000  90 -10 1259 1986
144  94.000  56.000  90 -20 1347 2256
145  94.000 104.000  90 -30 2190 3169
146  86.000 109.000  90 -10 2302 2644
147  41.000  12.000  90 -20 1331 2250
148  62.000 128.000  90 -30  212 1375
149  62.000  73.000  90 -10 2783 3500
150  27.000  44.000  90 -10  928 2043
151  90.000  91.000  90 -30 2529 3410
152  57.000  77.000  90 -20 1903 2497
153  64.000  88.000  90 -10 2454 3271
154  26.000  15.000  90 -30 1715 2443
155  30.000  58.000  90 -10 2258 3467
156  96.000 138.000  90 -20 1358 2778
157  56.000  56.000  90 -20  868 2299
158 109.000  25.000  90 -10 1981 3449
159  94.000  89.000  90 -30 2458 3292
160  74.000  56.000  90 -30 1296 2502
161 113.000  36.000  90 -10 2185 3159
162  80.000  40.000  90 -30 1470 2115
163   4.000  15.000  90 -20 2405 2537
164  28.000 115.000  90 -10 2075 2894
165  57.000  87.000  90 -10 2127 2838
166 105.000  26.000  90 -30 2546 3391
167   7.000  52.000  90 -10 2352 3388
168  14.000 133.000  90 -20 1759 2037
169  11.000  23.000  90 -10  271 1170
170  59.000  77.000  90 -10 2119 2464
171  95.000  68.000  90 -20  576 1226
172  18.000 107.000  90 -10  507  764
173 106.000   0.000  90 -10  740 1340
174  11.000 100.000  90 -10  436 1590
175  24.000  19.000  90 -20 1931 2417
176 115.000  41.000  90 -30 2237 3299
177 123.000  19.000  90 -10 1749 2833
178  94.000  18.000  90 -10  111  595
179 120.000  10.000  90 -30 1528 2292
180  86.000 124.000  90 -30 1303 2419
181  79.000 128.000  90 -30 1433 2093
182  19.000  41.000  90 -20 2828 3303
183   4.000  33.000  90 -50 2190 3149
184  25.000  66.000  90 -10  468 1525
185  72.000 117.000  90 -20  715 2236
186  92.000 123.000  90 -10 1681 2666
187  35.000  88.000  90 -10 2746 3469
188  65.000  73.000  90 -10 2985 3500
189  45.000  68.000  90 -30  204  799
190  36.000  94.000  90 -10 2946 3467
191  95.000 121.000  90 -10 1949 2587
192  26.000 102.000  90 -20 2793 3188
193   9.000  42.000  90 -20 2705 2834
194 103.000  12.000  90 -10  126 1175
195 105.000  49.000  90 -20 1730 3079
196 104.000  82.000  90 -40  217 1191
197 116.000  23.000  90 -20 1921 3217
198  25.000  94.000  90 -20 2623 3457
199  93.000  61.000  90 -10 2000 3484
200  24.000 105.000  90 -30 2037 2359
201 111.000  70.000  90 -10 2661 2919
202 106.000  81.000  90 -20  184 1039
203  70.000  70.000   0   0    0 3598
