101 101 1000 700 1000
  0  70.000  70.000   0   0    0 3598
  1 111.000  78.000  90  10  881 1322
  2 122.000  11.000  90  30 1754 2251
  3  94.000  18.000  90  30  143  562
  4  60.000  89.000  90  10 2357 2998
  5  99.000  53.000  90  20 1667 2128
  6  26.000  24.000  90  20   63  539
  7  27.000  32.000  90  20 1029 1549
  8  25.000  31.000  90  20  875 1519
  9 101.000  68.000  90  10  847 1147
 10  14.000 107.000  90  20  682 1148
 11  98.000  46.000  90  20 1648 2341
 12 131.000   4.000  90  40 1496 1938
 13  20.000 108.000  90  10  596 1043
 14  76.000  65.000  90  40    7  571
 15 103.000  12.000  90  20  429  872
 16  44.000  62.000  90  30  963 1430
 17  96.000 138.000  90  10 1904 2232
 18  27.000  44.000  90  20 1186 1786
 19  54.000 102.000  90  20   35  646
 20  63.000 103.000  90  20   33  556
 21  77.000  15.000  90  10   55  498
 22  44.000  82.000  90  20  627 1137
 23 117.000  55.000  90  20 1268 1561
 24 116.000  10.000  90  20 1047 1425
 25   6.000 121.000  90  20 1401 1982
 26  28.000 115.000  90  10 2211 2758
 27  23.000  22.000  90  20  161  714
 28  80.000  40.000  90  20 1545 2040
 29  60.000  66.000  90  30  129  477
 30  16.000  90.000  90  20   57  556
 31 104.000  82.000  90  30  432  977
 32  47.000  36.000  90  20   41  536
 33  48.000  72.000  90  20  474  901
 34  60.000  52.000  90  20 1437 1921
 35  98.000 116.000  90  30 2311 2842
 36  66.000 131.000  90  10  626 1150
 37  66.000 117.000  90  30  894 1270
 38  57.000  87.000  90  10 2258 2707
 39   7.000 113.000  90  10 1199 1802
 40  37.000 115.000  90  20 2296 2871
 41  17.000  25.000  90  10  286  782
 42 112.000   2.000  90  20 1295 1738
 43  57.000  70.000  90  10 1834 2372
 44  15.000  23.000  90  30  434  819
 45  45.000  68.000  90  30  205  798
 46  38.000  16.000  90  10 1469 1923
 47  62.000 128.000  90  20  564 1022
 48  49.000  70.000  90  20  295  897
 49  24.000  19.000  90  10 1884 2463
 50 119.000  20.000  90  10 2182 2767
 51  13.000  80.000  90  30   57  574
 52  91.000  71.000  90  10   21  615
 53   9.000  42.000  90  20 2503 3036
 54  96.000  23.000  90  30   53  478
 55  95.000  68.000  90  20  575 1227
 56  58.000  85.000  90  10 2179 2600
 57  11.000  23.000  90  10  583  859
 58  61.000 107.000  90  10  169  654
 59 120.000  10.000  90  20 1676 2145
 60 106.000   5.000  90  30  877 1393
 61  30.000  58.000  90  20 2877 3467
 62   7.000  92.000  90  20  947 1470
 63  50.000  29.000  90  10   45  546
 64  46.000  52.000  90  10 1117 1658
 65  70.000 110.000  90  30 1052 1524
 66  37.000 111.000  90  20 2502 3082
 67  75.000  64.000  90  20    7  590
 68  20.000  93.000  90  10   55  643
 69  20.000 109.000  90  10  507  949
 70  28.000  14.000  90  20 1768 2206
 71  87.000  63.000  90  30   18  607
 72 101.000   4.000  90  10  699 1188
 73  80.000  22.000  90  10   49  649
 74 117.000  10.000  90  10 1092 1561
 75 103.000  19.000  90  30  199  909
 76   7.000  52.000  90  20 2659 3080
 77  79.000 128.000  90  30 1519 2008
 78  26.000  23.000  90  50   64  683
 79  95.000 103.000   0  20 2529 3012
 80 101.000  59.000  90  30 1350 1875
 81 105.000  26.000  90  30 2759 3178
 82  15.000  96.000  90  10  220  660
 83  60.000 115.000  90  20  350  850
 84  63.000 100.000  90  10   30  691
 85   8.000 102.000  90  10 1057 1560
 86  61.000  66.000  90  10   69  354
 87  47.000  63.000  90  30  260  551
 88  19.000  96.000  90  10  203  865
 89 103.000  55.000   0  20 1246 1790
 90  75.000 103.000  90  20  983 1395
 91  65.000  80.000  90  10   11  628
 92 106.000  81.000  90  20  428  795
 93  14.000 133.000  90  30 1551 2246
 94 101.000  32.000  90  20 1885 2497
 95  78.000  61.000  90  40   12  417
 96  72.000 117.000  90  10 1303 1648
 97  10.000 105.000  90  20 1243 1562
 98 128.000   0.000  90  10 1315 1930
 99  80.000  63.000  90  20   12  651
100  15.000  94.000  90  30   80  616
101  85.000  85.000  90  20  132  678
102 105.000  49.000  90 -10 2199 2610
103 120.000  20.000  90 -30 2110 2657
104 112.000   3.000  90 -30 1149 1701
105  64.000  88.000  90 -10 2627 3098
106  93.000  61.000  90 -20 2690 3290
107   4.000  33.000  90 -20 2334 3005
108  41.000  12.000  90 -20 1483 2098
109  17.000  18.000  90 -20 1950 2592
110  94.000  56.000  90 -10 1548 2054
111  11.000 100.000  90 -20  720 1306
112 114.000  63.000  90 -20 2327 2877
113 130.000  16.000  90 -40 1819 2385
114  18.000 123.000  90 -10 1774 2224
115  91.000  91.000  90 -40  273  734
116 106.000   0.000  90 -20  748 1332
117  64.000  59.000  90 -30 1747 2253
118  92.000 123.000  90 -10 1893 2455
119  29.000  10.000  90 -20 1684 2103
120  95.000 121.000  90 -20 2067 2469
121  90.000  91.000  90 -20 2595 3344
122 121.000   9.000  90 -10 1571 2066
123  25.000  66.000  90 -20  758 1235
124 113.000  67.000  90 -20 2462 2930
125 113.000  36.000  90 -20 2405 2939
126  26.000  91.000  90 -20 2933 3429
127  26.000 102.000  90 -10 2740 3241
128  29.000  36.000  90 -20 1398 1770
129  74.000  56.000  90 -20 1628 2170
130  57.000  77.000  90 -30 1933 2467
131   3.000  98.000  90 -20  906 1317
132 116.000  34.000  90 -30 2090 2502
133  25.000  46.000  90 -20 1148 1638
134  47.000  57.000  90 -20 1006 1579
135  67.000  84.000  90 -20 2676 3238
136  83.000 105.000  90 -30 2083 2673
137  67.000 123.000  90 -10  704 1269
138  94.000  89.000  90 -30 2627 3122
139  56.000  95.000  90 -10 2361 2800
140  24.000 105.000  90 -10 1902 2494
141  35.000  88.000  90 -20 2973 3469
142  12.000  33.000  90 -10  652 1169
143 126.000  20.000  90 -20 1933 2462
144  64.000  78.000  90 -10 2809 3300
145  15.000  30.000  90 -30  784 1226
146  41.000  64.000  90 -30  807 1400
147  62.000  73.000  90 -10 2889 3410
148  86.000 109.000  90 -20 2168 2778
149  49.000  48.000  90 -20 1216 1749
150   4.000  15.000  90 -10 2129 2813
151 116.000  23.000  90 -10 2294 2843
152  25.000  94.000  90 -30 2809 3367
153  98.000  75.000  90 -10  487 1119
154  10.000  50.000  90 -20 2773 3154
155  94.000   1.000  90 -30  553 1139
156 111.000  70.000  90 -20 2601 2978
157  64.000  89.000  90 -10 2458 3084
158  21.000  28.000  90 -10  792 1412
159  70.000 113.000  90 -10 1177 1584
160  69.000  48.000  90 -20 2889 3486
161 123.000  19.000  90 -30 2046 2535
162  65.000  73.000  90 -20 2926 3503
163  26.000 104.000  90 -20 2061 2521
164   9.000   9.000  90 -10 2113 2634
165  56.000  56.000  90 -10 1327 1840
166  81.000 135.000  90 -30 1719 2208
167  46.000  80.000  90 -20 2986 3482
168  26.000  15.000  90 -20 1828 2330
169   4.000 137.000  90 -10 1638 1958
170  10.000 118.000  90 -10 1350 1842
171   3.000  17.000  90 -20 2273 2854
172  96.000  62.000  90 -30 2668 3125
173 102.000  33.000  90 -10 2819 3314
174  98.000  28.000  90 -10  173  733
175 109.000  25.000  90 -10 2619 3130
176 100.000   5.000  90 -30  424 1073
177  19.000  41.000  90 -20 2794 3338
178  94.000 104.000  90 -30 2491 2867
179  12.000  31.000  90 -50  622 1016
180  95.000 103.000  90 -20 2529 3012
181  96.000  55.000  90 -30 1476 1942
182 115.000  41.000  90 -30 2542 2994
183  30.000 106.000  90 -10 2194 2575
184  86.000 124.000  90 -20 1639 2083
185  60.000 111.000  90 -10  252  760
186  38.000 105.000  90 -10 2629 3147
187  59.000  77.000  90 -10 2071 2513
188  45.000  71.000  90 -30  458 1105
189  19.000 116.000  90 -10 1886 2306
190 103.000  55.000  90 -20 1246 1790
191  77.000 117.000  90 -20 1422 1902
192  62.000 125.000  90 -10  512  888
193 123.000  64.000  90 -20 1077 1551
194  51.000 115.000  90 -30 2498 2876
195  94.000  59.000  90 -20 2770 3395
196 129.000  77.000  90 -40  999 1419
197  73.000 119.000  90 -10 1343 1791
198  36.000  94.000  90 -20 2881 3467
199  98.000  36.000  90 -10 2900 3423
200 103.000  33.000  90 -20 1864 2332
201  18.000 107.000  90 -30  381  890
202 104.000  51.000  90 -20 2296 2696
203  70.000  70.000   0   0    0 3598
