101 101 1000 700 1000
  0  70.000  70.000   0   0    0 3598
  1 111.000  78.000  90  10  661 1541
  2  99.000  53.000  90  20 1457 2337
  3  26.000  24.000  90  20   63  943
  4  25.000  31.000  90  20  757 1637
  5  98.000  36.000  90  10 2584 3464
  6 101.000  68.000  90  10  557 1437
  7  49.000  48.000  90  10 1043 1923
  8  14.000 107.000  90  20  475 1355
  9  98.000  46.000  90  20 1554 2434
 10  94.000  59.000  90  30 2602 3482
 11  64.000  59.000  90  10 1560 2440
 12 112.000   3.000  90  10  985 1865
 13  20.000 108.000  90  10  379 1259
 14  10.000 118.000  90  20 1156 2036
 15  76.000  65.000  90  40    7  887
 16  44.000  62.000  90  30  757 1637
 17  96.000 138.000  90  10 1628 2508
 18  21.000  28.000  90  40  662 1542
 19  26.000  91.000   0  10 2580 3460
 20  19.000 116.000  90  10 1656 2536
 21  60.000 111.000  90  10   66  946
 22  54.000 102.000  90  20   35  915
 23  63.000 103.000  90  20   33  913
 24  91.000  91.000  90  10   64  944
 25  77.000  15.000  90  10   55  935
 26  77.000 117.000  90  30 1222 2102
 27  44.000  82.000  90  20  442 1322
 28 116.000  10.000  90  20  796 1676
 29   4.000 137.000  90  30 1358 2238
 30  23.000  22.000  90  20   67  947
 31  41.000  64.000  90  20  663 1543
 32  56.000  56.000  90  40 1143 2023
 33  80.000  40.000  90  20 1352 2232
 34  60.000  66.000  90  30   10  890
 35  16.000  90.000  90  20   57  937
 36 104.000  82.000  90  30  264 1144
 37  47.000  36.000  90  20   41  921
 38  48.000  72.000  90  20  248 1128
 39  25.000  46.000  90  20  953 1833
 40  98.000 116.000  90  30 2136 3016
 41  66.000 131.000  90  10  448 1328
 42  15.000  30.000  90  20  565 1445
 43  17.000  18.000  90  30 1831 2711
 44  17.000  25.000  90  10   94  974
 45 116.000  23.000  90  20 2129 3009
 46  45.000  68.000  90  30   61  941
 47  38.000  16.000  90  10 1256 2136
 48  62.000 128.000  90  20  353 1233
 49  49.000  70.000  90  20  156 1036
 50  24.000  19.000  90  10 1734 2614
 51  62.000 125.000  90  30  260 1140
 52  29.000  10.000  90  30 1453 2333
 53  13.000  80.000  90  30   57  937
 54  96.000  23.000  90  30   53  933
 55  18.000 107.000  90  10  195 1075
 56  58.000  85.000  90  10 1950 2830
 57  11.000  23.000  90  10  281 1161
 58  61.000 107.000  90  10   38  918
 59  26.000 104.000  90  10 1851 2731
 60  24.000 105.000  90  10 1758 2638
 61 106.000   5.000  90  30  695 1575
 62   9.000   9.000  90  10 1933 2813
 63   7.000  92.000  90  20  768 1648
 64  50.000  29.000  90  10   45  925
 65  46.000  52.000  90  10  948 1828
 66  37.000 111.000  90  20 2352 3232
 67  75.000  64.000  90  20    7  887
 68  94.000   1.000  90  10  406 1286
 69  41.000  12.000  90  10 1351 2231
 70  20.000 109.000  90  10  288 1168
 71  87.000  63.000  90  30   18  898
 72  80.000  22.000  90  10   49  929
 73 117.000  10.000  90  10  887 1767
 74 103.000  33.000  90  10 1658 2538
 75 104.000  51.000  90  20 2056 2936
 76 103.000  19.000  90  30  114  994
 77  73.000 119.000  90  30 1127 2007
 78  26.000  23.000  90  50   64  944
 79  95.000 103.000   0  20 2331 3211
 80 101.000  59.000  90  30 1173 2053
 81 120.000  20.000  90  20 1944 2824
 82 116.000  34.000  90  20 1856 2736
 83  86.000 109.000  90  10 2033 2913
 84  63.000 100.000  90  10   30  910
 85   8.000 102.000  90  10  868 1748
 86  64.000  89.000  90  10 2331 3211
 87  61.000  66.000  90  10    9  889
 88  19.000  96.000  90  10   94  974
 89 103.000  55.000  90  20 1078 1958
 90  75.000 103.000  90  20  749 1629
 91  65.000  80.000  90  10   11  891
 92  12.000  31.000  90  20  379 1259
 93 106.000  81.000  90  20  172 1052
 94  98.000  28.000  90  10   50  930
 95  14.000 133.000  90  30 1458 2338
 96  78.000  61.000  90  40   12  892
 97 126.000  20.000  90  20 1757 2637
 98 128.000   0.000  90  10 1182 2062
 99  80.000  63.000  90  20   12  892
100  15.000  94.000  90  30   60  940
101 129.000  77.000  90  10  769 1649
102 115.000  41.000  90 -10 2328 3208
103  96.000  62.000  90 -20 2457 3337
104   4.000  15.000  90 -20 2031 2911
105   4.000  33.000  90 -20 2229 3109
106  69.000  48.000  90 -10 2606 3486
107  96.000  55.000  90 -10 1269 2149
108  74.000  56.000  90 -10 1459 2339
109  11.000 100.000  90 -20  573 1453
110 101.000  32.000  90 -20 1751 2631
111  93.000  61.000  90 -30 2550 3430
112  57.000  77.000  90 -10 1760 2640
113 102.000  33.000  90 -10 2580 3460
114   6.000 121.000  90 -10 1251 2131
115  28.000 115.000  90 -20 2044 2924
116  95.000  68.000  90 -40  461 1341
117  57.000  87.000  90 -30 2042 2922
118  95.000 121.000  90 -10 1828 2708
119  28.000  14.000  90 -40 1547 2427
120  26.000  91.000  90 -10 2580 3460
121  38.000 105.000  90 -10 2448 3328
122  79.000 128.000  90 -10 1323 2203
123  66.000 117.000  90 -20  642 1522
124  70.000 110.000  90 -20  848 1728
125  60.000 115.000  90 -10  160 1040
126 100.000   5.000  90 -10  308 1188
127  94.000  89.000  90 -30 2435 3315
128  27.000  44.000  90 -20 1046 1926
129 122.000  11.000  90 -20 1562 2442
130  30.000 106.000  90 -30 1945 2825
131  12.000  33.000  90 -20  471 1351
132  25.000  66.000  90 -20  557 1437
133  60.000  52.000  90 -40 1239 2119
134  60.000  89.000  90 -20 2237 3117
135  45.000  71.000  90 -30  341 1221
136  20.000  93.000  90 -20   55  935
137 117.000  55.000  90 -30  974 1854
138  15.000  23.000  90 -20  187 1067
139  59.000  77.000  90 -20 1852 2732
140  64.000  88.000  90 -20 2422 3302
141  83.000 105.000  90 -30 1938 2818
142  67.000 123.000  90 -10  546 1426
143  19.000  41.000  90 -20 2570 3450
144   7.000  52.000  90 -30 2430 3310
145   9.000  42.000  90 -10 2329 3209
146 105.000  26.000  90 -20 2529 3409
147  57.000  70.000  90 -30 1663 2543
148  10.000  50.000  90 -10 2523 3403
149  72.000 117.000  90 -20 1035 1915
150  67.000  84.000  90 -20 2517 3397
151  62.000  73.000  90 -10 2620 3500
152  70.000 113.000  90 -30  941 1821
153  26.000  15.000  90 -30 1639 2519
154  15.000  96.000  90 -30   60  940
155 106.000   0.000  90 -30  600 1480
156  51.000 115.000  90 -10 2247 3127
157  56.000  95.000  90 -10 2140 3020
158   3.000  17.000  90 -10 2123 3003
159  90.000  91.000  90 -10 2529 3409
160  26.000 102.000  90 -10 2550 3430
161  37.000 115.000  90 -10 2143 3023
162 112.000   2.000  90 -30 1076 1956
163  46.000  80.000  90 -10 2602 3482
164  10.000 105.000  90 -20  962 1842
165  27.000  32.000  90 -10  849 1729
166  47.000  57.000  90 -10  853 1733
167  36.000  94.000  90 -20 2587 3467
168 130.000  16.000  90 -20 1662 2542
169 121.000   9.000  90 -10 1379 2259
170  65.000  73.000  90 -10 2623 3503
171   7.000 113.000  90 -10 1061 1941
172  98.000  75.000  90 -30  363 1243
173  94.000  18.000  90 -10   57  937
174 120.000  10.000  90 -10 1470 2350
175 113.000  36.000  90 -10 2232 3112
176 113.000  67.000  90 -20 2256 3136
177 103.000  12.000  90 -30  211 1091
178  92.000 123.000  90 -30 1734 2614
179  30.000  58.000  90 -50 2587 3467
180  95.000 103.000  90 -20 2331 3211
181 105.000  49.000  90 -30 1964 2844
182 119.000  20.000  90 -20 2035 2915
183 114.000  63.000  90 -20 2162 3042
184  94.000 104.000  90 -10 2239 3119
185  81.000 135.000  90 -10 1523 2403
186  18.000 123.000  90 -10 1559 2439
187  64.000  78.000  90 -10 2614 3494
188  47.000  63.000  90 -10   24  904
189  35.000  88.000  90 -10 2589 3469
190  94.000  56.000  90 -20 1361 2241
191  86.000 124.000  90 -20 1421 2301
192  85.000  85.000  90 -10   21  901
193  29.000  36.000  90 -20 1144 2024
194 123.000  64.000  90 -20  874 1754
195 101.000   4.000  90 -10  503 1383
196  25.000  94.000  90 -30 2577 3457
197 131.000   4.000  90 -40 1277 2157
198 109.000  25.000  90 -20 2435 3315
199 123.000  19.000  90 -10 1851 2731
200  91.000  71.000  90 -20   21  901
201   3.000  98.000  90 -30  671 1551
202 111.000  70.000  90 -10 2350 3230
203  70.000  70.000   0   0    0 3598
