101 101 1000 700 1000
  0  70.000  70.000   0   0    0 3598
  1 100.000   5.000  90  20  588  908
  2 111.000  78.000  90  10  941 1261
  3  94.000  18.000  90  30  193  513
  4  99.000  53.000  90  20 1737 2057
  5  26.000  24.000  90  20   93  413
  6  27.000  32.000  90  20 1129 1449
  7  25.000  31.000  90  20 1037 1357
  8 101.000  68.000  90  10  837 1157
  9  70.000 113.000  90  30 1221 1541
 10  64.000  59.000  90  10 1840 2160
 11 112.000   3.000  90  10 1265 1585
 12  20.000 108.000  90  10  659  979
 13  10.000 118.000  90  20 1436 1756
 14  76.000  65.000  90  40    7  327
 15  44.000  62.000  90  30 1037 1357
 16  96.000 138.000  90  10 1908 2228
 17  27.000  44.000  90  20 1326 1646
 18  98.000  75.000  90  10  643  963
 19  60.000 111.000  90  10  346  666
 20  54.000 102.000  90  20  153  473
 21  91.000  91.000  90  10  344  664
 22  77.000  15.000  90  10   55  375
 23  77.000 117.000  90  30 1502 1822
 24 116.000  10.000  90  20 1076 1396
 25   6.000 121.000  90  20 1531 1851
 26  28.000 115.000  90  10 2324 2644
 27  11.000 100.000  90  20  853 1173
 28  67.000  84.000  90  30 2797 3117
 29  23.000  22.000  90  20  277  597
 30  56.000  56.000  90  40 1423 1743
 31  16.000  90.000  90  20   57  377
 32  64.000  78.000  90  10 2894 3214
 33  47.000  36.000  90  20   41  361
 34 121.000   9.000  90  10 1659 1979
 35  26.000  15.000  90  20 1919 2239
 36  15.000  30.000  90  20  845 1165
 37 123.000  19.000  90  20 2131 2451
 38  17.000  25.000  90  10  374  694
 39  83.000 105.000  90  30 2218 2538
 40  51.000 115.000   0  10 2527 2847
 41 116.000  23.000  90  20 2409 2729
 42  57.000  70.000  90  10 1943 2263
 43  15.000  23.000  90  30  467  787
 44  45.000  68.000  90  30  341  661
 45  19.000  41.000  90  10 2906 3226
 46  38.000  16.000  90  10 1536 1856
 47  81.000 135.000  90  20 1803 2123
 48  62.000 128.000  90  20  633  953
 49  49.000  70.000  90  20  436  756
 50  62.000 125.000  90  30  540  860
 51  29.000  10.000  90  30 1733 2053
 52  13.000  80.000  90  30   57  377
 53  91.000  71.000  90  10  140  460
 54  47.000  57.000  90  30 1133 1453
 55   9.000  42.000  90  20 2609 2929
 56  96.000  23.000  90  30   97  417
 57  26.000 102.000  90  40 2830 3150
 58   3.000  98.000  90  10  951 1271
 59  18.000 107.000  90  10  475  795
 60  95.000  68.000  90  20  741 1061
 61  61.000 107.000  90  10  252  572
 62  26.000 104.000  90  10 2131 2451
 63  74.000  56.000  90  10 1739 2059
 64  24.000 105.000  90  10 2038 2358
 65   4.000  33.000  90  20 2509 2829
 66 106.000   0.000  90  10  880 1200
 67  50.000  29.000  90  10   45  365
 68  46.000  52.000  90  10 1228 1548
 69  75.000  64.000  90  20    7  327
 70  20.000  93.000  90  10   93  413
 71  94.000   1.000  90  10  686 1006
 72  87.000  63.000  90  30   41  361
 73  80.000  22.000  90  10   49  369
 74 117.000  10.000  90  10 1167 1487
 75 104.000  51.000  90  20 2336 2656
 76 103.000  19.000  90  30  394  714
 77  26.000  23.000  90  50  184  504
 78  95.000 103.000  90  20 2611 2931
 79 120.000  20.000  90  20 2224 2544
 80  45.000  71.000  90  10  621  941
 81  86.000 109.000  90  10 2313 2633
 82  15.000  96.000  90  10  280  600
 83  63.000 100.000  90  10   30  350
 84   8.000 102.000  90  10 1148 1468
 85  61.000  66.000  90  10   52  372
 86  47.000  63.000  90  30  246  566
 87  19.000  96.000  90  10  374  694
 88 103.000  55.000  90  20 1358 1678
 89  36.000  94.000  90  30 3122 3442
 90  75.000 103.000  90  20 1029 1349
 91  65.000  80.000  90  10   11  331
 92  94.000  56.000  90  30 1641 1961
 93 106.000  81.000  90  20  452  772
 94  98.000  28.000  90  10  293  613
 95  25.000  66.000  90  10  837 1157
 96  78.000  61.000  90  40   12  332
 97  72.000 117.000   0  10 1315 1635
 98 128.000   0.000  90  10 1462 1782
 99  80.000  63.000  90  20   12  332
100 129.000  77.000  90  10 1049 1369
101  85.000  85.000  90  20  245  565
102 101.000   4.000  90 -20  783 1103
103 103.000  33.000  90 -10 1938 2258
104 131.000   4.000  90 -30 1557 1877
105 111.000  70.000  90 -20 2630 2950
106  17.000  18.000  90 -20 2111 2431
107  41.000  12.000  90 -20 1631 1951
108  29.000  36.000  90 -20 1424 1744
109  96.000  55.000  90 -10 1549 1869
110  73.000 119.000  90 -30 1407 1727
111  64.000  88.000  90 -10 2702 3022
112 122.000  11.000  90 -10 1842 2162
113  20.000 109.000  90 -10  568  888
114  38.000 105.000  90 -20 2728 3048
115  60.000  66.000  90 -40  143  463
116  49.000  48.000  90 -30 1323 1643
117  98.000 116.000  90 -10 2416 2736
118  30.000  58.000  90 -20 3016 3336
119 117.000  55.000  90 -10 1254 1574
120  60.000 115.000  90 -10  440  760
121  95.000 121.000  90 -20 2108 2428
122 104.000  82.000  90 -10  544  864
123 106.000   5.000  90 -10  975 1295
124  86.000 124.000  90 -30 1701 2021
125 115.000  41.000  90 -20 2608 2928
126   4.000 137.000  90 -20 1638 1958
127  37.000 111.000  90 -10 2632 2952
128  14.000 133.000  90 -20 1738 2058
129  65.000  73.000  90 -30 3083 3403
130  25.000  46.000  90 -20 1233 1553
131  60.000  52.000  90 -40 1519 1839
132  18.000 123.000  90 -20 1839 2159
133  62.000  73.000  90 -10 2990 3310
134  28.000  14.000  90 -20 1827 2147
135 119.000  20.000  90 -10 2315 2635
136   4.000  15.000  90 -20 2311 2631
137  24.000  19.000  90 -20 2014 2334
138 113.000  36.000  90 -20 2512 2832
139  12.000  31.000  90 -10  659  979
140  94.000  89.000  90 -30 2715 3035
141  51.000 115.000  90 -10 2527 2847
142  69.000  48.000  90 -20 3040 3360
143  56.000  95.000  90 -10 2420 2740
144  12.000  33.000  90 -30  751 1071
145  59.000  77.000  90 -30 2132 2452
146  46.000  80.000  90 -10 3162 3482
147   3.000  17.000  90 -10 2403 2723
148  92.000 123.000  90 -20 2014 2334
149  66.000 131.000  90 -20  728 1048
150  80.000  40.000  90 -20 1632 1952
151  66.000 117.000  90 -30  922 1242
152   9.000   9.000  90 -30 2213 2533
153  19.000 116.000  90 -30 1936 2256
154 101.000  59.000  90 -10 1453 1773
155  58.000  85.000  90 -30 2230 2550
156  10.000  50.000  90 -20 2803 3123
157 126.000  20.000  90 -30 2037 2357
158  26.000  91.000  90 -40 3021 3341
159   7.000 113.000  90 -10 1341 1661
160   7.000  92.000  90 -10 1048 1368
161 105.000  49.000  90 -20 2244 2564
162  67.000 123.000  90 -10  826 1146
163  30.000 106.000  90 -10 2225 2545
164  57.000  77.000  90 -10 2040 2360
165  37.000 115.000  90 -10 2423 2743
166   7.000  52.000  90 -20 2710 3030
167 120.000  10.000  90 -10 1750 2070
168  21.000  28.000  90 -10  942 1262
169  64.000  89.000  90 -10 2611 2931
170  41.000  64.000  90 -20  943 1263
171  15.000  94.000  90 -10  188  508
172 130.000  16.000  90 -10 1942 2262
173 101.000  32.000  90 -30 2031 2351
174 109.000  25.000  90 -10 2715 3035
175 102.000  33.000  90 -10 2907 3227
176 114.000  63.000  90 -20 2442 2762
177 112.000   2.000  90 -30 1356 1676
178  11.000  23.000  90 -50  561  881
179  90.000  91.000  90 -20 2809 3129
180  98.000  36.000  90 -20 3002 3322
181  44.000  82.000  90 -10  722 1042
182  94.000 104.000  90 -10 2519 2839
183  10.000 105.000  90 -10 1242 1562
184  70.000 110.000  90 -10 1128 1448
185  25.000  94.000  90 -10 2928 3248
186  48.000  72.000  90 -10  528  848
187  57.000  87.000  90 -30 2322 2642
188  14.000 107.000  90 -10  755 1075
189  94.000  59.000  90 -20 2922 3242
190  35.000  88.000  90 -30 3149 3469
191  79.000 128.000  90 -20 1603 1923
192  63.000 103.000  90 -10   54  374
193  93.000  61.000  90 -30 2830 3150
194  96.000  62.000  90 -20 2737 3057
195 103.000  12.000  90 -10  491  811
196  60.000  89.000  90 -10 2517 2837
197 116.000  34.000  90 -40 2136 2456
198  72.000 117.000  90 -10 1315 1635
199 105.000  26.000  90 -10 2809 3129
200 113.000  67.000  90 -20 2536 2856
201 123.000  64.000  90 -10 1154 1474
202  98.000  46.000  90 -20 1834 2154
203  70.000  70.000   0   0    0 3598
