101 101 1000 700 1000
  0  70.000  70.000   0   0    0 3598
  1 100.000   5.000  90  20  708  788
  2 111.000  78.000  90  10  786 1417
  3 122.000  11.000  90  30 1435 2570
  4  94.000  18.000  90  30   57  940
  5  99.000  53.000  90  20 1815 1980
  6  26.000  24.000  90  20   63 1274
  7  27.000  32.000  90  20  935 1642
  8  25.000  31.000  90  20 1148 1245
  9  98.000  36.000  90  10 2519 3464
 10 101.000  68.000  90  10  672 1322
 11  49.000  48.000  90  10 1058 1908
 12 131.000   4.000  90  40 1349 2085
 13  64.000  59.000  90  10 1915 2085
 14 112.000   3.000  90  10  958 1893
 15  20.000 108.000  90  10  544 1094
 16  10.000 118.000  90  20 1313 1879
 17  76.000  65.000  90  40    7  551
 18  44.000  62.000  90  30  678 1716
 19  96.000 138.000  90  10 1902 2235
 20  26.000  91.000  90  10 2885 3460
 21  60.000 111.000  90  10  109  904
 22  54.000 102.000  90  20  182  445
 23  91.000  91.000  90  10  394  614
 24  77.000  15.000  90  10   76  217
 25  77.000 117.000   0  30 1418 1906
 26 117.000  55.000  90  20 1188 1641
 27 116.000  10.000  90  20  849 1623
 28  29.000  36.000  90  20 1055 2113
 29 105.000  49.000  90  10 2160 2649
 30   4.000 137.000  90  30 1471 2125
 31  23.000  22.000  90  20  154  721
 32  41.000  64.000  90  20  887 1320
 33  80.000  40.000  90  20 1536 2048
 34  60.000  66.000  90  30   93  512
 35  16.000  90.000  90  20   57 1181
 36 104.000  82.000  90  30  361 1047
 37  47.000  36.000  90  20   41  380
 38  86.000 124.000  90  20 1511 2212
 39  25.000  46.000  90  20 1138 1647
 40  26.000  15.000  90  20 1567 2591
 41  15.000  30.000  90  20  574 1436
 42  57.000  87.000  90  10 1940 3025
 43  17.000  25.000  90  10  106  963
 44  83.000 105.000  90  30 2029 2726
 45  51.000 115.000  90  10 2386 2989
 46  15.000  23.000  90  30  339  914
 47  19.000  41.000  90  10 2790 3342
 48  62.000 128.000  90  20  501 1085
 49  49.000  70.000  90  20  204  988
 50 119.000  20.000  90  10 2139 2811
 51  62.000 125.000  90  30  213 1187
 52  29.000  10.000  90  30 1517 2270
 53  13.000  80.000  90  30   57  197
 54  65.000  73.000   0  10 2620 3503
 55   3.000  98.000  90  10  756 1467
 56  18.000 107.000  90  10  136 1135
 57  95.000  68.000  90  20  553 1250
 58  58.000  85.000  90  10 2053 2727
 59  11.000  23.000  90  10  554  888
 60  61.000 107.000  90  10  102  721
 61  74.000  56.000  90  10 1691 2108
 62  24.000 105.000  90  10 1969 2427
 63  30.000 106.000  90  30 2089 2681
 64 120.000  10.000  90  20 1874 1946
 65 106.000   5.000  90  30 1061 1209
 66  50.000  29.000  90  10   45  732
 67  70.000 110.000  90  30  919 1657
 68  75.000  64.000  90  20    7  262
 69  20.000  93.000  90  10   55 1105
 70  94.000   1.000  90  10  442 1250
 71  20.000 109.000  90  10  449 1007
 72  28.000  14.000  90  20 1665 2310
 73  87.000  63.000  90  30  105  297
 74 101.000   4.000  90  10  735 1152
 75  80.000  22.000  90  10   49  142
 76 103.000  33.000  90  10 1739 2457
 77 103.000  19.000  90  30  157  950
 78   7.000  52.000  90  20 2457 3283
 79  73.000 119.000  90  30 1074 2060
 80  95.000 103.000  90  20 2614 2927
 81 113.000  67.000  90  20 2450 2942
 82  45.000  71.000  90  10  311 1252
 83  86.000 109.000  90  10 1866 3079
 84  15.000  96.000  90  10  306  575
 85  63.000 100.000  90  10   41  202
 86  61.000  66.000  90  10    9  594
 87  47.000  63.000  90  30   24  804
 88  19.000  96.000  90  10   57 1027
 89 103.000  55.000  90  20  942 2094
 90  75.000 103.000  90  20  920 1458
 91  65.000  80.000  90  10   11  801
 92  18.000 123.000  90  20 1608 2391
 93 106.000  81.000  90  20  269  955
 94 101.000  32.000  90  20 1630 2751
 95  25.000  66.000  90  10  400 1593
 96  78.000  61.000  90  40   12 1033
 97 126.000  20.000  90  20 1950 2444
 98  10.000 105.000  90  20  906 1898
 99  80.000  63.000  90  20   57  148
100  15.000  94.000  90  30  220  477
101  85.000  85.000  90  20   91  719
102 112.000   2.000  90 -20 1089 1943
103 115.000  41.000  90 -10 2562 2974
104 102.000  33.000  90 -30 2907 3226
105 103.000  12.000  90 -30  131 1171
106 104.000  51.000  90 -20 2304 2689
107  12.000  31.000  90 -20  251 1387
108   9.000   9.000  90 -20 2089 2658
109  27.000  44.000  90 -20 1290 1681
110  69.000  48.000  90 -10 2796 3486
111 129.000  77.000  90 -10  665 1754
112  56.000  56.000  90 -10 1207 1960
113 130.000  16.000  90 -40 1766 2437
114  57.000  70.000  90 -10 1596 2610
115 117.000  10.000  90 -10  960 1693
116  19.000 116.000  90 -10 1912 2280
117  26.000 104.000  90 -20 2116 2465
118  45.000  68.000  90 -40   25 1186
119  57.000  77.000  90 -30 1880 2519
120  92.000 123.000  90 -10 1923 2424
121  46.000  80.000  90 -10 2689 3482
122  60.000 115.000  90 -10  446  755
123  95.000 121.000  90 -20 2040 2495
124  94.000  56.000  90 -10 1632 1971
125  96.000  23.000  90 -10   53  896
126  77.000 117.000  90 -30 1418 1906
127 111.000  70.000  90 -20 2584 2995
128 120.000  20.000  90 -20 1866 2901
129  38.000  16.000  90 -20 1403 1989
130 116.000  34.000  90 -10 1842 2749
131  36.000  94.000  90 -30 2705 3467
132   4.000  15.000  90 -20 2177 2765
133  46.000  52.000  90 -20 1121 1655
134  64.000  78.000  90 -20 2757 3352
135  44.000  82.000  90 -30  541 1224
136   7.000  92.000  90 -20  925 1492
137  96.000  55.000  90 -30 1483 1936
138  26.000  23.000  90 -20  231  458
139  98.000 116.000  90 -20 2043 3110
140   9.000  42.000  90 -20 2643 2895
141   3.000  17.000  90 -20 2087 3040
142   4.000  33.000  90 -20 2517 2822
143  67.000  84.000  90 -10 2880 3035
144  17.000  18.000  90 -10 1940 2602
145  94.000 104.000  90 -30 2449 2909
146  37.000 111.000  90 -10 2467 3117
147  12.000  33.000  90 -30  766 1056
148  62.000  73.000  90 -10 2649 3500
149  66.000 131.000  90 -20  414 1363
150  48.000  72.000  90 -20  327 1048
151 109.000  25.000  90 -10 2548 3202
152  66.000 117.000  90 -30  552 1612
153  24.000  19.000  90 -30 1883 2464
154  14.000 107.000  90 -30  691 1139
155  65.000  73.000  90 -10 2620 3503
156  25.000  94.000  90 -10 2764 3413
157  26.000 102.000  90 -10 2608 3372
158  94.000  59.000  90 -20 2732 3433
159  56.000  95.000  90 -10 2326 2834
160  41.000  12.000  90 -10 1730 1851
161  67.000 123.000  90 -10  427 1546
162  64.000  89.000  90 -10 2300 3242
163  37.000 115.000  90 -10 2454 2712
164  28.000 115.000  90 -30 2295 2673
165 128.000   0.000  90 -20 1204 2040
166 105.000  26.000  90 -30 2541 3397
167  21.000  28.000  90 -10  762 1441
168  81.000 135.000  90 -30 1892 2035
169  60.000  89.000  90 -20 2255 3100
170   6.000 121.000  90 -10 1293 2090
171 106.000   0.000  90 -10  394 1685
172   8.000 102.000  90 -10 1111 1505
173  10.000  50.000  90 -20 2888 3038
174  98.000  46.000  90 -30 1903 2086
175 123.000  19.000  90 -10 1823 2759
176  98.000  28.000  90 -10   50 1216
177 114.000  63.000  90 -10 2234 2970
178 121.000   9.000  90 -30 1681 1957
179  30.000  58.000  90 -20 2794 3467
180  79.000 128.000  90 -30 1451 2076
181  90.000  91.000  90 -20 2771 3168
182  96.000  62.000  90 -20 2541 3253
183  47.000  57.000  90 -10  981 1605
184  94.000  89.000  90 -10 2540 3210
185  14.000 133.000  90 -10 1590 2207
186  70.000 113.000  90 -10 1095 1666
187  64.000  88.000  90 -10 2324 3401
188  59.000  77.000  90 -30 1985 2598
189  11.000 100.000  90 -10  921 1104
190 113.000  36.000  90 -20 2392 2952
191  72.000 117.000  90 -20 1279 1672
192  63.000 103.000  90 -10  155  274
193  38.000 105.000  90 -20 2690 3085
194 101.000  59.000  90 -20 1461 1764
195  93.000  61.000  90 -20 2654 3325
196  60.000  52.000  90 -10 1376 1981
197  98.000  75.000  90 -40  495 1112
198 116.000  23.000  90 -20 2263 2874
199   7.000 113.000  90 -20 1222 1779
200  91.000  71.000  90 -20   21  928
201  35.000  88.000  90 -30 2626 3469
202 123.000  64.000  90 -20 1123 1504
203  70.000  70.000   0   0    0 3598
