102 102 1000 700 1000
  0  70.000  70.000   0   0    0 3598
  1 100.000   5.000  90  20  668  828
  2 111.000  78.000  90  10 1021 1181
  3 122.000  11.000  90  30 1922 2082
  4  94.000  18.000   0  30  273  433
  5  67.000 123.000  90  20  906 1066
  6  99.000  53.000  90  20 1817 1977
  7  26.000  24.000  90  20  173  333
  8  27.000  32.000  90  20 1209 1369
  9  25.000  31.000  90  20 1117 1277
 10  14.000 107.000  90  20  835  995
 11  98.000  46.000  90  20 1914 2074
 12  64.000  59.000  90  10 1920 2080
 13  76.000  65.000  90  40    7  167
 14 103.000  12.000  90  20  571  731
 15  44.000  62.000  90  30 1117 1277
 16  54.000 102.000  90  20  233  393
 17  63.000 103.000  90  20  134  294
 18  91.000  91.000  90  10  424  584
 19  77.000  15.000  90  10   67  227
 20  44.000  82.000  90  20  802  962
 21 117.000  55.000  90  20 1334 1494
 22  29.000  36.000  90  20 1504 1664
 23  90.000  91.000   0  10 2889 3049
 24   6.000 121.000  90  20 1611 1771
 25  28.000 115.000  90  10 2404 2564
 26  67.000  84.000  90  30 2877 3037
 27  23.000  22.000  90  20  357  517
 28  41.000  64.000  90  20 1023 1183
 29  60.000  66.000  90  30  223  383
 30  16.000  90.000  90  20   78  238
 31 104.000  82.000  90  30  624  784
 32  47.000  36.000  90  20   41  201
 33  86.000 124.000  90  20 1781 1941
 34 121.000   9.000  90  10 1739 1899
 35  60.000  52.000  90  20 1599 1759
 36  25.000  46.000  90  20 1313 1473
 37  26.000  15.000  90  20 1999 2159
 38  98.000 116.000  90  30 2496 2656
 39  66.000 131.000  90  10  808  968
 40  15.000  30.000  90  20  925 1085
 41  57.000  87.000  90  10 2402 2562
 42   7.000 113.000  90  10 1421 1581
 43  37.000 115.000  90  20 2503 2663
 44  17.000  25.000  90  10  454  614
 45  96.000  55.000  90  20 1629 1789
 46 112.000   2.000  90  20 1436 1596
 47 116.000  23.000  90  20 2489 2649
 48  15.000  23.000  90  30  547  707
 49  45.000  68.000  90  30  421  581
 50  19.000  41.000  90  10 2986 3146
 51  81.000 135.000  90  20 1883 2043
 52  62.000 128.000  90  20  713  873
 53  49.000  70.000  90  20  516  676
 54  62.000 125.000  90  30  620  780
 55  29.000  10.000  90  30 1813 1973
 56  13.000  80.000  90  30   57  217
 57 109.000  25.000  90  10 2795 2955
 58  47.000  57.000  90  30 1213 1373
 59  96.000  23.000  90  30  177  337
 60   3.000  98.000  90  10 1031 1191
 61  18.000 107.000  90  10  555  715
 62  58.000  85.000  90  10 2310 2470
 63  11.000  23.000  90  10  641  801
 64  61.000 107.000  90  10  332  492
 65 106.000   0.000  90  10  960 1120
 66 120.000  10.000  90  20 1830 1990
 67  50.000  29.000  90  10   59  219
 68  37.000 111.000  90  20 2712 2872
 69  75.000  64.000  90  20    7  167
 70  20.000  93.000  90  10  173  333
 71  94.000   1.000  90  10  766  926
 72  20.000 109.000  90  10  648  808
 73  28.000  14.000  90  20 1907 2067
 74  87.000  63.000  90  30  121  281
 75 101.000   4.000  90  10  863 1023
 76  80.000  22.000  90  10   49  209
 77 117.000  10.000  90  10 1247 1407
 78 103.000  33.000   0  10 2018 2178
 79 104.000  51.000  90  20 2416 2576
 80  10.000  50.000   0  20 2883 3043
 81  45.000  71.000  90  10  701  861
 82  15.000  96.000  90  10  360  520
 83  60.000 115.000  90  20  520  680
 84  63.000 100.000  90  10   41  201
 85   8.000 102.000  90  10 1228 1388
 86  47.000  63.000  90  30  326  486
 87  19.000  96.000  90  10  454  614
 88 103.000  55.000  90  20 1438 1598
 89  75.000 103.000  90  20 1109 1269
 90  65.000  80.000  90  10   11  171
 91 106.000  81.000  90  20  532  692
 92  98.000  28.000  90  10  373  533
 93  14.000 133.000  90  30 1818 1978
 94  25.000  66.000  90  10  917 1077
 95  78.000  61.000  90  40   22  182
 96 123.000  64.000  90  20 1234 1394
 97  72.000 117.000  90  10 1395 1555
 98  10.000 105.000  90  20 1322 1482
 99  80.000  63.000  90  20   22  182
100  15.000  94.000  90  30  268  428
101 129.000  77.000  90  10 1129 1289
102  85.000  85.000  90  20  325  485
103 112.000   3.000  90 -20 1345 1505
104  94.000  56.000  90 -10 1721 1881
105 130.000  16.000  90 -30 2022 2182
106  94.000  18.000  90 -30  273  433
107  83.000 105.000  90 -20 2298 2458
108  93.000  61.000  90 -20 2910 3070
109  12.000  31.000  90 -20  739  899
110   9.000   9.000  90 -20 2293 2453
111  27.000  44.000  90 -20 1406 1566
112  11.000 100.000  90 -20  933 1093
113  96.000  62.000  90 -20 2817 2977
114  57.000  77.000  90 -10 2120 2280
115  61.000  66.000  90 -40  132  292
116 128.000   0.000  90 -20 1542 1702
117  46.000  52.000  90 -30 1308 1468
118  73.000 119.000  90 -20 1487 1647
119  60.000 111.000  90 -20  426  586
120  95.000  68.000  90 -10  821  981
121 123.000  19.000  90 -10 2211 2371
122  74.000  56.000  90 -20 1819 1979
123 111.000  70.000  90 -20 2710 2870
124  38.000  16.000  90 -20 1616 1776
125  90.000  91.000  90 -10 2889 3049
126  26.000  91.000  90 -20 3101 3261
127  26.000 102.000  90 -10 2910 3070
128  64.000  78.000  90 -30 2974 3134
129   4.000  15.000  90 -20 2391 2551
130  56.000  95.000  90 -20 2500 2660
131  60.000  89.000  90 -30 2597 2757
132   7.000  92.000  90 -20 1128 1288
133 101.000  68.000  90 -30  917 1077
134  26.000  23.000  90 -20  264  424
135  95.000 121.000  90 -20 2188 2348
136 115.000  41.000  90 -10 2688 2848
137  62.000  73.000  90 -20 3070 3230
138   9.000  42.000  90 -20 2689 2849
139   3.000  17.000  90 -20 2483 2643
140  94.000  89.000  90 -30 2795 2955
141  92.000 123.000  90 -10 2094 2254
142   4.000  33.000  90 -20 2589 2749
143  65.000  73.000  90 -10 3163 3323
144  24.000 105.000  90 -10 2118 2278
145  35.000  88.000  90 -20 3298 3458
146  17.000  18.000  90 -10 2191 2351
147 114.000  63.000  90 -20 2522 2682
148 131.000   4.000  90 -20 1637 1797
149 113.000  36.000  90 -20 2592 2752
150  12.000  33.000  90 -30  831  991
151  49.000  48.000  90 -30 1403 1563
152  30.000  58.000  90 -10 3096 3256
153  86.000 109.000  90 -20 2393 2553
154  70.000 113.000  90 -20 1301 1461
155  57.000  70.000  90 -20 2023 2183
156  96.000 138.000  90 -30 1988 2148
157  24.000  19.000  90 -30 2094 2254
158  25.000  94.000  90 -30 3008 3168
159 102.000  33.000  90 -10 2987 3147
160  59.000  77.000  90 -30 2212 2372
161 103.000  19.000  90 -30  474  634
162  26.000 104.000  90 -10 2211 2371
163  18.000 123.000  90 -10 1919 2079
164  64.000  88.000  90 -10 2782 2942
165  41.000  12.000  90 -10 1711 1871
166  77.000 117.000  90 -10 1582 1742
167 105.000  26.000  90 -10 2889 3049
168  98.000  36.000  90 -20 3082 3242
169  21.000  28.000  90 -10 1022 1182
170  46.000  80.000  90 -20 3322 3482
171  48.000  72.000  90 -20  608  768
172  20.000 108.000  90 -10  739  899
173 119.000  20.000  90 -10 2395 2555
174  10.000 118.000  90 -10 1516 1676
175   7.000  52.000  90 -20 2790 2950
176 116.000  34.000  90 -30 2216 2376
177 106.000   5.000  90 -10 1055 1215
178 120.000  20.000  90 -10 2304 2464
179 126.000  20.000  90 -10 2117 2277
180 103.000  33.000  90 -10 2018 2178
181 113.000  67.000  90 -20 2616 2776
182  10.000  50.000  90 -20 2883 3043
183  64.000  89.000  90 -10 2691 2851
184   4.000 137.000  90 -10 1718 1878
185  94.000 104.000  90 -20 2599 2759
186  66.000 117.000  90 -10 1002 1162
187  38.000 105.000  90 -10 2808 2968
188  56.000  56.000  90 -30 1503 1663
189  19.000 116.000  90 -10 2016 2176
190 105.000  49.000  90 -20 2324 2484
191  79.000 128.000  90 -20 1683 1843
192  70.000 110.000  90 -10 1208 1368
193 101.000  59.000  90 -20 1533 1693
194 116.000  10.000  90 -10 1156 1316
195  51.000 115.000  90 -30 2607 2767
196  80.000  40.000  90 -10 1712 1872
197  98.000  75.000  90 -40  723  883
198  94.000  59.000  90 -20 3002 3162
199  95.000 103.000  90 -10 2691 2851
200  36.000  94.000  90 -20 3202 3362
201  91.000  71.000  90 -20  220  380
202  30.000 106.000  90 -30 2305 2465
203 101.000  32.000  90 -10 2111 2271
204  69.000  48.000  90 -20 3120 3280
205  70.000  70.000   0   0    0 3598
