101 101 1000 700 1000
  0  70.000  70.000   0   0    0 3598
  1 100.000   5.000  90  20  668  828
  2 111.000  78.000  90  10    0 3467
  3  94.000  18.000  90  30    0 3451
  4  60.000  89.000  90  10 2597 2757
  5  26.000  24.000  90  20    0 3445
  6  27.000  32.000  90  20 1209 1369
  7  25.000  31.000  90  20 1117 1277
  8  98.000  36.000  90  10    0 3464
  9 101.000  68.000  90  10  917 1077
 10  56.000  95.000  90  10    0 3480
 11  98.000  46.000  90  20    0 3472
 12 131.000   4.000  90  40 1637 1797
 13  70.000 113.000  90  30    0 3465
 14  64.000  59.000  90  10 1920 2080
 15  20.000 108.000  90  10    0 3446
 16  44.000  62.000  90  30    0 3481
 17  21.000  28.000  90  40 1022 1182
 18  77.000  15.000  90  10   67  227
 19 115.000  41.000  90  20 2688 2848
 20  12.000  33.000  90  10  831  991
 21  44.000  82.000  90  20    0 3480
 22 116.000  10.000  90  20 1156 1316
 23  57.000  77.000  90  20    0 3494
 24 105.000  49.000  90  10 2324 2484
 25  28.000 115.000  90  10    0 3447
 26   4.000 137.000  90  30 1718 1878
 27  11.000 100.000  90  20  933 1093
 28  80.000  40.000  90  20    0 3477
 29  60.000  66.000  90  30  223  383
 30  64.000  78.000   0  10    0 3498
 31  47.000  36.000  90  20   41  201
 32  86.000 124.000  90  20 1781 1941
 33  48.000  72.000  90  20    0 3486
 34 121.000   9.000  90  10 1739 1899
 35  60.000  52.000  90  20    0 3488
 36  25.000  46.000  90  20 1313 1473
 37  98.000 116.000  90  30    0 3455
 38  66.000 131.000  90  10    0 3447
 39 123.000  19.000  90  20 2211 2371
 40  17.000  18.000  90  30 2191 2351
 41  37.000 115.000  90  20    0 3453
 42  17.000  25.000  90  10  454  614
 43  83.000 105.000  90  30    0 3471
 44 112.000   2.000  90  20    0 3429
 45 116.000  23.000  90  20    0 3443
 46  15.000  23.000  90  30  547  707
 47  45.000  68.000  90  30    0 3483
 48  38.000  16.000  90  10 1616 1776
 49  62.000 128.000  90  20  713  873
 50  49.000  70.000  90  20    0 3487
 51  24.000  19.000  90  10    0 3440
 52  62.000 125.000  90  30  620  780
 53  29.000  10.000  90  30 1813 1973
 54  13.000  80.000  90  30    0 3451
 55  91.000  71.000  90  10    0 3487
 56  96.000  23.000  90  30  177  337
 57   3.000  98.000  90  10 1031 1191
 58  58.000  85.000  90  10 2310 2470
 59  11.000  23.000  90  10    0 3433
 60  61.000 107.000  90  10    0 3470
 61   3.000  17.000  90  10 2483 2643
 62  24.000 105.000  90  10 2118 2278
 63  30.000 106.000  90  30 2305 2465
 64 106.000   5.000  90  30    0 3434
 65  30.000  58.000  90  20 3096 3256
 66  50.000  29.000  90  10    0 3463
 67  46.000  52.000  90  10 1308 1468
 68  37.000 111.000  90  20    0 3456
 69  75.000  64.000  90  20    7  167
 70  20.000  93.000  90  10    0 3453
 71  94.000   1.000  90  10    0 3435
 72  20.000 109.000  90  10  648  808
 73  87.000  63.000  90  30    0 3490
 74 103.000  19.000  90  30    0 3448
 75  73.000 119.000  90  30 1487 1647
 76  79.000 128.000  90  30    0 3450
 77  26.000  23.000  90  50    0 3444
 78  95.000 103.000  90  20 2691 2851
 79 101.000  59.000  90  30 1533 1693
 80 113.000  67.000  90  20 2616 2776
 81 105.000  26.000  90  30 2889 3049
 82 116.000  34.000  90  20 2216 2376
 83  15.000  96.000  90  10  360  520
 84  60.000 115.000  90  20    0 3462
 85  63.000 100.000  90  10    0 3478
 86  94.000 104.000  90  30    0 3467
 87   8.000 102.000  90  10 1228 1388
 88  61.000  66.000  90  10  132  292
 89  47.000  63.000  90  30    0 3484
 90  19.000  96.000  90  10    0 3451
 91  65.000  80.000  90  10   11  171
 92  94.000  56.000  90  30    0 3481
 93  92.000 123.000   0  10 2094 2254
 94 106.000  81.000  90  20    0 3471
 95  14.000 133.000  90  30 1818 1978
 96  25.000  66.000  90  10    0 3463
 97 123.000  64.000  90  20 1234 1394
 98 128.000   0.000  90  10 1542 1702
 99  80.000  63.000  90  20   22  182
100  15.000  94.000  90  30  268  428
101 129.000  77.000  90  10 1129 1289
102 112.000   3.000  90 -20    0 3429
103 117.000  55.000  90 -10    0 3459
104 120.000  20.000  90 -30 2304 2464
105  64.000  88.000  90 -10 2782 2942
106  12.000  31.000  90 -20  739  899
107  41.000  12.000  90 -20    0 3444
108   7.000  52.000  90 -20    0 3443
109 101.000  32.000  90 -10    0 3459
110 114.000  63.000  90 -10    0 3464
111  60.000 111.000  90 -10  426  586
112  93.000  61.000  90 -20    0 3484
113 130.000  16.000  90 -40 2022 2182
114  70.000 110.000  90 -30    0 3468
115  57.000  70.000  90 -10 2023 2183
116   7.000  92.000  90 -10 1128 1288
117  64.000  89.000  90 -30 2691 2851
118   9.000  42.000  90 -40 2689 2849
119 119.000  20.000  90 -10 2395 2555
120 103.000  33.000  90 -20    0 3459
121  26.000  15.000  90 -10    0 3438
122  49.000  48.000  90 -20 1403 1563
123 120.000  10.000  90 -20    0 3430
124  67.000  84.000  90 -20 2877 3037
125 111.000  70.000  90 -10 2710 2870
126  26.000  91.000  90 -10    0 3460
127  36.000  94.000  90 -30 3202 3362
128  19.000 116.000  90 -20 2016 2176
129  78.000  61.000  90 -20    0 3496
130  45.000  71.000  90 -30  701  861
131  64.000  78.000  90 -10    0 3498
132  74.000  56.000  90 -20    0 3494
133  96.000 138.000  90 -20    0 3436
134  51.000 115.000  90 -20 2607 2767
135 122.000  11.000  90 -10    0 3430
136  56.000  56.000  90 -20    0 3489
137   4.000  15.000  90 -20 2391 2551
138  85.000  85.000  90 -30    0 3487
139  67.000 123.000  90 -10  906 1066
140 109.000  25.000  90 -20    0 3449
141  19.000  41.000  90 -30 2986 3146
142  26.000 102.000  90 -20    0 3454
143  15.000  30.000  90 -10  925 1085
144  91.000  91.000  90 -30    0 3479
145 126.000  20.000  90 -20    0 3433
146 102.000  33.000  90 -20 2987 3147
147  29.000  36.000  90 -30 1504 1664
148  57.000  87.000  90 -30 2402 2562
149  28.000  14.000  90 -10 1907 2067
150  81.000 135.000  90 -20    0 3443
151  65.000  73.000  90 -20 3163 3323
152  10.000  50.000  90 -10    0 3445
153  72.000 117.000  90 -30    0 3461
154   9.000   9.000  90 -30 2293 2453
155  14.000 107.000  90 -30  835  995
156  95.000  68.000  90 -10  821  981
157 103.000  12.000  90 -30    0 3442
158   6.000 121.000  90 -10    0 3427
159  54.000 102.000  90 -10    0 3473
160  27.000  44.000  90 -10 1406 1566
161  77.000 117.000  90 -10    0 3461
162   4.000  33.000  90 -10 2589 2749
163  26.000 104.000  90 -10    0 3453
164  38.000 105.000  90 -30    0 3461
165 117.000  10.000  90 -30    0 3432
166  69.000  48.000  90 -20 3120 3280
167  59.000  77.000  90 -10    0 3495
168  62.000  73.000  90 -10 3070 3230
169  46.000  80.000  90 -20 3322 3482
170 104.000  82.000  90 -20    0 3472
171  25.000  94.000  90 -10    0 3457
172 101.000   4.000  90 -10  863 1023
173  18.000 107.000  90 -10    0 3445
174  76.000  65.000  90 -30    0 3501
175 106.000   0.000  90 -30    0 3430
176  86.000 109.000  90 -30 2393 2553
177  95.000 121.000  90 -30    0 3452
178  23.000  22.000  90 -50  357  517
179  90.000  91.000  90 -20 2889 3049
180  96.000  55.000  90 -30    0 3478
181  96.000  62.000  90 -20    0 3481
182  98.000  28.000  90 -30    0 3458
183 113.000  36.000  90 -20    0 3454
184  10.000 105.000  90 -10    0 3439
185  75.000 103.000  90 -20    0 3475
186  63.000 103.000  90 -10    0 3475
187  94.000  89.000  90 -30 2795 2955
188  10.000 118.000  90 -10 1516 1676
189  41.000  64.000  90 -10 1023 1183
190  47.000  57.000  90 -30    0 3482
191  35.000  88.000  90 -10 3298 3458
192  66.000 117.000  90 -10    0 3461
193 103.000  55.000  90 -30    0 3472
194  92.000 123.000  90 -10 2094 2254
195  99.000  53.000  90 -20    0 3475
196  18.000 123.000  90 -30    0 3434
197  16.000  90.000  90 -10    0 3451
198  94.000  59.000  90 -20 3002 3162
199  80.000  22.000  90 -10    0 3459
200  98.000  75.000  90 -20    0 3480
201   7.000 113.000  90 -30 1421 1581
202 104.000  51.000  90 -10 2416 2576
203  70.000  70.000   0   0    0 3598
