102 102 1000 700 1000
  0  70.000  70.000   0   0    0 3598
  1 100.000   5.000  90  20  428 1068
  2 122.000  11.000  90  30 1682 2322
  3  94.000  18.000  90  30   57  697
  4  67.000 123.000  90  20  666 1306
  5  26.000  24.000  90  20   63  703
  6  27.000  32.000  90  20  969 1609
  7 101.000  68.000  90  10  677 1317
  8  49.000  48.000  90  10 1163 1803
  9  56.000  95.000  90  10 2260 2900
 10  70.000 113.000  90  30 1061 1701
 11  20.000 108.000  90  10  499 1139
 12  10.000 118.000  90  20 1276 1916
 13  76.000  65.000  90  40    7  647
 14 103.000  12.000  90  20  331  971
 15  44.000  62.000  90  30  877 1517
 16  96.000 138.000  90  10 1748 2388
 17  98.000  75.000  90  10  483 1123
 18  54.000 102.000  90  20   35  675
 19  63.000 103.000  90  20   33  673
 20  91.000  91.000  90  10  184  824
 21  77.000  15.000  90  10   55  695
 22  77.000 117.000  90  30 1342 1982
 23 115.000  41.000  90  20 2448 3088
 24  44.000  82.000  90  20  562 1202
 25 117.000  55.000  90  20 1094 1734
 26 116.000  10.000   0  20  916 1556
 27  57.000  77.000  90  20 1880 2520
 28  29.000  36.000  90  20 1264 1904
 29  62.000  73.000   0  20 2830 3470
 30   6.000 121.000  90  20 1371 2011
 31  28.000 115.000  90  10 2164 2804
 32  11.000 100.000  90  20  693 1333
 33  23.000  22.000  90  20  117  757
 34  56.000  56.000  90  40 1263 1903
 35  60.000  66.000  90  30   10  650
 36  16.000  90.000  90  20   57  697
 37 104.000  82.000  90  30  384 1024
 38  47.000  36.000  90  20   41  681
 39  48.000  72.000  90  20  368 1008
 40  60.000  52.000  90  20 1359 1999
 41  25.000  46.000  90  20 1073 1713
 42  26.000  15.000  90  20 1759 2399
 43  98.000 116.000  90  30 2256 2896
 44  66.000 131.000  90  10  568 1208
 45  17.000  18.000  90  30 1951 2591
 46  37.000 115.000  90  20 2263 2903
 47  17.000  25.000  90  10  214  854
 48  96.000  55.000  90  20 1389 2029
 49  57.000  70.000  90  10 1783 2423
 50  15.000  23.000  90  30  307  947
 51  62.000 128.000  90  20  473 1113
 52  49.000  70.000  90  20  276  916
 53 119.000  20.000  90  10 2155 2795
 54  62.000 125.000  90  30  380 1020
 55  13.000  80.000  90  30   57  697
 56  91.000  71.000  90  10   21  661
 57  96.000  23.000  90  30   53  693
 58  26.000 102.000  90  40 2670 3310
 59   3.000  98.000  90  10  791 1431
 60  11.000  23.000  90  10  401 1041
 61  61.000 107.000  90  10   92  732
 62  24.000 105.000  90  10 1878 2518
 63  30.000 106.000  90  30 2065 2705
 64 120.000  10.000  90  20 1590 2230
 65  50.000  29.000  90  10   45  685
 66  75.000  64.000  90  20    7  647
 67  41.000  12.000  90  10 1471 2111
 68  20.000 109.000  90  10  408 1048
 69  87.000  63.000  90  30   18  658
 70 101.000   4.000  90  10  623 1263
 71  80.000  22.000  90  10   49  689
 72 117.000  10.000  90  10 1007 1647
 73 104.000  51.000   0  20 2176 2816
 74 103.000  19.000  90  30  234  874
 75   7.000  52.000  90  20 2550 3190
 76  79.000 128.000   0  30 1443 2083
 77  10.000  50.000  90  20 2643 3283
 78  26.000  23.000  90  50   64  704
 79 101.000  59.000  90  30 1293 1933
 80 116.000  34.000  90  20 1976 2616
 81  45.000  71.000  90  10  461 1101
 82  15.000  96.000  90  10  120  760
 83  63.000 100.000  90  10   30  670
 84   8.000 102.000  90  10  988 1628
 85  61.000  66.000  90  10    9  649
 86  47.000  63.000  90  30   86  726
 87  19.000  96.000  90  10  214  854
 88  36.000  94.000  90  30 2827 3467
 89  75.000 103.000  90  20  869 1509
 90  65.000  80.000  90  10   11  651
 91  92.000 123.000  90  10 1854 2494
 92  12.000  31.000  90  20  499 1139
 93  25.000  66.000  90  10  677 1317
 94  78.000  61.000  90  40   12  652
 95 123.000  64.000  90  20  994 1634
 96 126.000  20.000  90  20 1877 2517
 97 128.000   0.000  90  10 1302 1942
 98 130.000  16.000  90  30 1782 2422
 99  80.000  63.000  90  20   12  652
100  15.000  94.000  90  30   60  700
101 129.000  77.000  90  10  889 1529
102  85.000  85.000  90  20   85  725
103 106.000   5.000  90 -20  815 1455
104 120.000  20.000  90 -30 2064 2704
105 112.000   3.000  90 -30 1105 1745
106  72.000 117.000  90 -20 1155 1795
107   4.000  15.000  90 -20 2151 2791
108   9.000   9.000  90 -20 2053 2693
109 103.000  33.000  90 -10 1778 2418
110  80.000  40.000  90 -10 1472 2112
111  67.000  84.000  90 -10 2637 3277
112  86.000 109.000  90 -30 2153 2793
113   7.000  92.000  90 -10  888 1528
114  38.000 105.000  90 -20 2568 3208
115 111.000  70.000  90 -40 2470 3110
116 123.000  19.000  90 -20 1971 2611
117  74.000  56.000  90 -30 1579 2219
118  95.000 103.000  90 -10 2451 3091
119  95.000  68.000  90 -10  581 1221
120  70.000 110.000  90 -20  968 1608
121  60.000 111.000  90 -20  186  826
122  99.000  53.000  90 -10 1577 2217
123  94.000   1.000  90 -10  526 1166
124  86.000 124.000  90 -30 1541 2181
125  94.000  59.000  90 -20 2762 3402
126  64.000  59.000  90 -20 1680 2320
127 101.000  32.000  90 -20 1871 2511
128 116.000  10.000  90 -20  916 1556
129  60.000  89.000  90 -20 2357 2997
130  28.000  14.000  90 -20 1667 2307
131  62.000  73.000  90 -20 2830 3470
132   4.000 137.000  90 -20 1478 2118
133  37.000 111.000  90 -10 2472 3112
134  14.000 133.000  90 -20 1578 2218
135  12.000  33.000  90 -20  591 1231
136  64.000  88.000  90 -40 2542 3182
137  59.000  77.000  90 -30 1972 2612
138  18.000 123.000  90 -20 1679 2319
139 103.000  55.000  90 -30 1198 1838
140  24.000  19.000  90 -20 1854 2494
141  47.000  57.000  90 -20  973 1613
142  64.000  78.000  90 -20 2734 3374
143  29.000  10.000  90 -20 1573 2213
144   4.000  33.000  90 -20 2349 2989
145  94.000  89.000  90 -30 2555 3195
146  95.000 121.000  90 -10 1948 2588
147   3.000  17.000  90 -30 2243 2883
148  46.000  80.000  90 -20 2842 3482
149  38.000  16.000  90 -10 1376 2016
150 105.000  49.000  90 -20 2084 2724
151  64.000  89.000  90 -10 2451 3091
152  15.000  30.000  90 -30  685 1325
153  81.000 135.000  90 -20 1643 2283
154  58.000  85.000  90 -20 2070 2710
155  98.000  36.000  90 -10 2824 3464
156  83.000 105.000  90 -30 2058 2698
157  19.000 116.000  90 -30 1776 2416
158  94.000  56.000  90 -10 1481 2121
159 116.000  23.000  90 -30 2249 2889
160  26.000  91.000  90 -40 2820 3460
161   7.000 113.000  90 -10 1181 1821
162  21.000  28.000  90 -10  782 1422
163  66.000 117.000  90 -10  762 1402
164  26.000 104.000  90 -10 1971 2611
165  51.000 115.000  90 -30 2367 3007
166 121.000   9.000  90 -20 1499 2139
167  27.000  44.000  90 -10 1166 1806
168 112.000   2.000  90 -20 1196 1836
169  65.000  73.000  90 -10 2863 3503
170  18.000 107.000  90 -10  315  955
171 113.000  36.000  90 -30 2352 2992
172 131.000   4.000  90 -10 1397 2037
173  98.000  28.000  90 -10  133  773
174 102.000  33.000  90 -10 2747 3387
175 104.000  51.000  90 -20 2176 2816
176 106.000   0.000  90 -30  720 1360
177  19.000  41.000  90 -20 2746 3386
178  79.000 128.000  90 -30 1443 2083
179  30.000  58.000  90 -20 2827 3467
180   9.000  42.000  90 -50 2449 3089
181  96.000  62.000  90 -30 2577 3217
182 113.000  67.000  90 -20 2376 3016
183  46.000  52.000  90 -10 1068 1708
184  14.000 107.000  90 -10  595 1235
185  60.000 115.000  90 -10  280  920
186  25.000  94.000  90 -10 2768 3408
187  45.000  68.000  90 -10  181  821
188  57.000  87.000  90 -30 2162 2802
189  10.000 105.000  90 -10 1082 1722
190  35.000  88.000  90 -30 2829 3469
191  73.000 119.000  90 -20 1247 1887
192  94.000 104.000  90 -10 2359 2999
193  90.000  91.000  90 -10 2649 3289
194  25.000  31.000  90 -20  877 1517
195  41.000  64.000  90 -10  783 1423
196 111.000  78.000  90 -40  781 1421
197  93.000  61.000  90 -20 2670 3310
198 105.000  26.000  90 -20 2649 3289
199  69.000  48.000  90 -10 2846 3486
200 109.000  25.000  90 -30 2555 3195
201 106.000  81.000  90 -20  292  932
202  20.000  93.000  90 -30   55  695
203 114.000  63.000  90 -10 2282 2922
204  98.000  46.000  90 -20 1674 2314
205  70.000  70.000   0   0    0 3598
