104 104 1000 200 1000
  0  70.000  70.000   0   0    0  634
  1 107.000  77.000  10  34   37  197
  2  48.000  47.000  10  19   31  163
  3 116.000  22.000  10  32  106  199
  4  12.000 138.000  10  14  236  343
  5  86.000  40.000  10  22   34  201
  6 129.000  24.000  10  18  311  388
  7  12.000  84.000  10  16  150  278
  8  41.000  36.000  10  13   44  153
  9 104.000 139.000  10  29  284  417
 10 104.000  54.000  10  13   37  155
 11  46.000 133.000  10   7   67  154
 12  16.000  92.000  10  10  311  437
 13 107.000  25.000   0  13  220  358
 14 139.000  73.000  10  10   69  137
 15  64.000 132.000  10   8   62  144
 16  54.000 106.000  10   9  219  400
 17  82.000 100.000  10  18   61  177
 18 108.000  30.000  10  18   77  145
 19  37.000  73.000  10  33  279  423
 20  50.000 112.000  10  18  188  305
 21  47.000  83.000   0   1  277  388
 22  92.000 138.000  10  12  353  480
 23  81.000  36.000  10  17   35  165
 24  13.000  48.000  10  15  388  482
 25  44.000  58.000  10  30   28  144
 26 116.000 105.000  10  23  123  195
 27 117.000   4.000   0   9  384  482
 28 140.000  42.000  10  13   75  216
 29  32.000  52.000  10  32  129  203
 30  89.000  39.000  10  23   36  206
 31  39.000 100.000  10  31   43  212
 32  73.000  96.000  10   9  139  223
 33  55.000 127.000  10  17  204  342
 34 103.000  44.000  10  12   42  157
 35  16.000  62.000  10  15  348  475
 36  90.000  44.000  10   6   32  143
 37 113.000  32.000  10  36   86  233
 38 104.000  73.000  10  17  196  332
 39  54.000  33.000  10  20   40  149
 40  70.000  94.000  10  32   24  127
 41 109.000 131.000   0  16  168  314
 42  46.000 112.000  10  10  204  397
 43  79.000  80.000  10   4   13  142
 44  28.000  62.000  10  23  158  265
 45  50.000 106.000   0  25  276  395
 46 120.000 102.000  10  18   68  156
 47   4.000  71.000  10  19  108  243
 48  19.000 120.000  10  16  237  316
 49  49.000 140.000  10   3  178  320
 50  17.000 138.000  10   8  403  493
 51 103.000  82.000  10  27  285  397
 52  38.000 122.000   0  13  190  309
 53  54.000  78.000  10  11  458  607
 54  83.000  12.000  10  29  201  290
 55  78.000 111.000  10  22   41  164
 56 116.000  83.000  10  30  141  247
 57  29.000  94.000  10   1  220  364
 58 110.000  28.000  10  20  232  408
 59 116.000  13.000  10   5   73  200
 60  85.000 111.000  10  25  206  329
 61 137.000  84.000  10  41   68  194
 62  30.000  57.000  10  20  194  297
 63  23.000  39.000  10  20  307  427
 64  78.000  63.000  10  19   10  124
 65 103.000  77.000   0  17  235  377
 66  58.000  11.000  10   9   72  212
 67  55.000 102.000  10   4  249  411
 68 137.000 101.000  10  12   78  290
 69  65.000  80.000  10  20   11  118
 70 119.000  73.000  10  15   74  191
 71   9.000  19.000  10  10  327  449
 72  82.000 103.000  10  15   35  220
 73  60.000  23.000  10  16   48  229
 74  79.000  72.000  10  22    9  133
 75  99.000  34.000  10   9   46  162
 76  27.000  46.000  10  35  171  276
 77  64.000 115.000  10  15  107  194
 78  81.000  57.000  10   8   17  204
 79 120.000  47.000  10  18   55  156
 80 120.000  14.000  10  20  224  324
 81 114.000 109.000  10  16   58  183
 82 137.000 127.000  10  28  171  250
 83  37.000 138.000  10   5  170  280
 84 109.000  78.000  10  21  200  305
 85  34.000  20.000  10  15  121  210
 86 137.000  96.000  10   9   71  204
 87 136.000 123.000  10  31  260  408
 88 133.000 130.000  10  13  163  311
 89 120.000  52.000  10  20  338  440
 90  33.000 117.000  10  20   59  195
 91 125.000  68.000  10  20  140  274
 92  15.000   9.000   0   2  368  483
 93 100.000  99.000  10  17  253  374
 94  89.000  24.000  10  15  263  370
 95  67.000 120.000  10   5  331  417
 96  42.000  29.000  10  12   49  135
 97 139.000 110.000  10  19  130  282
 98  44.000  36.000  10   9   42  161
 99  23.000  19.000  10  16  118  256
100  56.000 129.000  10  21  250  353
101 105.000   2.000  10   1  195  282
102  66.000  91.000  10  16   21  151
103  27.000 104.000  10   1  476  558
104  69.000   6.000  10   8   64  175
105 139.000  72.000  10 -34  301  403
106  33.000   0.000  10 -19  424  545
107  61.000  57.000  10 -32  334  446
108  51.000  92.000  10 -14  396  530
109  34.000  72.000  10 -22  421  588
110 113.000  45.000  10 -18  257  371
111   8.000  87.000  10 -16  360  473
112  32.000   6.000  10 -13   74  201
113  97.000 115.000  10 -29  312  455
114 138.000  24.000  10 -13  152  237
115  26.000 130.000  10  -7  243  323
116  37.000  79.000  10 -10  383  503
117 107.000  25.000  10 -13  220  358
118 138.000  78.000  10 -10  168  267
119  63.000 129.000  10  -8  183  260
120  37.000 125.000  10  -9  292  424
121  70.000  83.000  10 -18  432  567
122 113.000  35.000  10 -18   55  136
123  18.000  70.000  10 -33  360  452
124  36.000 124.000  10 -18  196  302
125  47.000  83.000  10  -1  277  388
126  95.000 135.000  10 -12  350  482
127  54.000  41.000  10 -17  259  334
128  36.000  38.000  10 -15  395  510
129   5.000  99.000  10 -30  267  411
130 121.000 124.000  10 -23   92  237
131 117.000   4.000  10  -9  384  482
132 140.000  36.000  10 -13  124  257
133  12.000  48.000  10 -32   62  164
134  66.000  40.000  10 -23   30  147
135  22.000 104.000  10 -31  189  304
136  67.000  96.000  10  -9  443  572
137  58.000  95.000  10 -17  438  562
138 120.000  22.000  10 -12   69  207
139  20.000  69.000  10 -15  338  448
140 104.000  32.000  10  -6  100  200
141 106.000  10.000  10 -36  228  400
142 115.000  82.000  10 -17  204  361
143  65.000   0.000  10 -20   70  215
144  44.000 116.000  10 -32   52  144
145 109.000 131.000  10 -16  168  314
146  64.000 138.000  10 -10  389  520
147 109.000 139.000  10  -4   79  250
148  29.000  60.000  10 -23   42  199
149  50.000 106.000  10 -25  276  395
150 132.000 133.000  10 -18   88  231
151  10.000  86.000  10 -19  364  488
152  10.000 111.000  10 -16  467  549
153   8.000 138.000  10  -3  240  373
154  40.000 113.000  10  -8  431  553
155  86.000  80.000  10 -27  316  462
156  38.000 122.000  10 -13  190  309
157  58.000  80.000  10 -11  419  531
158  88.000  29.000  10 -29  455  580
159 107.000 102.000  10 -22  159  310
160 103.000  86.000  10 -30  229  316
161   2.000 106.000  10  -1  333  470
162 101.000   0.000  10 -20  412  548
163  92.000  22.000  10  -5  140  270
164  84.000  88.000  10 -25  312  430
165  71.000  70.000  10 -41  438  553
166  26.000  50.000  10 -20  312  492
167  36.000  54.000  10 -20  306  467
168 120.000  60.000  10 -19   50  164
169 103.000  77.000  10 -17  235  377
170  98.000   4.000  10  -9  140  245
171  60.000  84.000  10  -4  404  590
172 138.000 105.000  10 -12  369  468
173  20.000 106.000  10 -20  218  362
174 135.000  65.000  10 -15  279  429
175  15.000  18.000  10 -10  344  486
176 110.000  99.000  10 -15  240  395
177  90.000  14.000  10 -16  412  545
178  85.000  75.000  10 -22   15  171
179  83.000  38.000  10  -9  433  549
180   4.000  44.000  10 -35  372  490
181  69.000 116.000  10 -15  272  447
182 102.000  52.000  10  -8  106  242
183 137.000   7.000  10 -18  119  222
184 126.000  23.000  10 -20  214  343
185  80.000 103.000  10 -16  318  456
186 137.000 137.000  10 -28   94  230
187  13.000 129.000  10  -5  318  415
188 117.000  92.000  10 -21  241  354
189  15.000   4.000  10 -15   85  208
190 123.000  84.000  10  -9  373  490
191 121.000 123.000  10 -31  209  335
192 115.000 124.000  10 -13  353  499
193  93.000  61.000  10 -20  465  600
194  18.000 104.000  10 -20  271  433
195 139.000  68.000  10 -20   69  200
196  15.000   9.000  10  -2  368  483
197  66.000  82.000  10 -17  450  582
198  60.000  54.000  10 -15  193  316
199  59.000 115.000  10  -5  261  397
200  39.000  13.000  10 -12  318  463
201 103.000 119.000  10 -19  306  393
202  30.000  21.000  10  -9  268  406
203  61.000  34.000  10 -16  402  573
204  56.000 139.000  10 -21  254  395
205 112.000  13.000  10  -1  410  554
206  69.000 115.000  10 -16  164  296
207  35.000  90.000  10  -1  388  534
208  97.000  12.000  10  -8  142  300
209  70.000  70.000   0   0    0  634
