105 105 1000 200 1000
  0  70.000  70.000   0   0    0  634
  1 107.000  77.000  10  34   37  124
  2 109.000 139.000  10   8   94  162
  3  48.000  47.000  10  19   31  106
  4  86.000  40.000  10  22   34   54
  5 121.000 124.000  10  21  147  183
  6  41.000  36.000  10  13   44  115
  7 104.000  54.000  10  13   41   94
  8  22.000 104.000  10  11  209  283
  9  46.000 133.000  10   7   67  115
 10 138.000  78.000  10  43  176  259
 11  16.000  92.000  10  10  339  409
 12  18.000 104.000  10  18  324  379
 13  66.000  82.000   0  27  497  534
 14 107.000  25.000  10  13  249  329
 15 139.000  73.000  10  10   71  134
 16  64.000 132.000  10   8   62  121
 17  30.000  21.000  10  12  304  371
 18  82.000 100.000  10  18   94  145
 19  50.000 112.000  10  18  212  282
 20  81.000  36.000  10  17   43  111
 21 113.000  35.000  10   9   55  139
 22  44.000  58.000  10  30   28   93
 23 117.000   4.000  10   9  407  459
 24 140.000  42.000  10  13   79  152
 25 103.000 119.000  10  18  315  383
 26  32.000  52.000  10  32  142  190
 27  89.000  39.000  10  23   36   67
 28  39.000 100.000  10  31   43  121
 29   5.000  99.000  10  24  319  359
 30  73.000  96.000  10   9  144  219
 31 112.000  13.000   0  27  481  554
 32 103.000  44.000  10  12   42   72
 33  97.000  12.000  10  10  183  260
 34 113.000  32.000   0  36  130  189
 35 104.000  73.000  10  17  238  290
 36  15.000   4.000  10  23   85  166
 37  54.000  33.000  10  20   40  117
 38  70.000  94.000  10  32   24  104
 39 109.000 131.000  10  16  206  276
 40  10.000 111.000  10  21  465  551
 41  92.000  22.000  10  18  178  231
 42  85.000  75.000  10  37   15   85
 43  10.000  86.000  10  14  375  477
 44  12.000  48.000  10   4   62  159
 45 137.000   7.000   0  40  156  186
 46  79.000  80.000  10   4   13   56
 47  69.000 116.000   0  26  339  379
 48  28.000  62.000  10  23  182  241
 49  50.000 106.000  10  25  314  356
 50  49.000 140.000  10   3  224  275
 51  69.000 115.000  10  20  214  246
 52  36.000 124.000  10  34  237  261
 53  38.000 122.000  10  13  212  287
 54  29.000  60.000  10  14   42  126
 55  83.000  12.000  10  29  226  264
 56  78.000 111.000  10  22   41  118
 57 116.000  83.000  10  30  157  231
 58 137.000 137.000  10  27   94  150
 59 116.000  13.000  10   5   73  147
 60  59.000 115.000  10  26  289  368
 61  71.000  70.000   0   9  472  518
 62 120.000  60.000  10  18   50  136
 63  78.000  63.000  10  19   10   41
 64  98.000   4.000  10  20  165  220
 65 103.000  77.000  10  17  282  329
 66  58.000  11.000  10   9  110  175
 67 137.000 101.000  10  12  156  212
 68  65.000  80.000  10  20   11   66
 69  26.000  50.000  10   7  359  445
 70  56.000 139.000  10  18  287  362
 71 119.000  73.000  10  15  101  164
 72   9.000  19.000  10  10  368  408
 73  82.000 103.000  10  15   35   65
 74  60.000  23.000  10  16   48  116
 75  79.000  72.000  10  22    9   51
 76  99.000  34.000  10   9   65  117
 77  64.000 115.000  10  15  114  186
 78  81.000  57.000  10   8   17   40
 79 135.000  65.000  10   3  325  382
 80  66.000  40.000  10  20   30   82
 81 120.000  47.000  10  18   55  113
 82 120.000  14.000  10  20  245  303
 83 114.000 109.000  10  16   75  110
 84 137.000 127.000  10  28  190  231
 85  37.000 138.000  10   5  193  256
 86  34.000  20.000  10  15  145  186
 87 137.000  96.000  10   9   71  100
 88 110.000  99.000  10  21  288  348
 89 133.000 130.000  10  13  217  258
 90 120.000  52.000  10  20  350  429
 91  33.000 117.000  10  20   79  138
 92  37.000  79.000  10   5  421  466
 93 125.000  68.000   0  20  178  236
 94  20.000 106.000  10  24  266  315
 95  42.000  29.000  10  12   49  111
 96 117.000  92.000  10  25  262  333
 97  15.000  18.000   0  10  396  435
 98 139.000 110.000  10  19  166  247
 99  44.000  36.000  10   9   42  103
100   8.000 138.000   0  10  275  337
101  33.000   0.000  10  20  463  532
102  23.000  19.000  10  16  175  198
103  56.000 129.000  10  21  289  315
104  66.000  91.000  10  16   21   78
105  95.000 135.000   0  27  376  456
106 139.000  68.000  10 -34   69  139
107 115.000 124.000  10  -8  399  454
108  20.000  69.000  10 -19  353  434
109  90.000  14.000  10 -22  461  496
110 104.000 139.000  10 -21  325  376
111  54.000  41.000  10 -13  266  327
112 140.000  36.000  10 -13  162  220
113  29.000  94.000  10 -11  266  318
114  63.000 129.000  10  -7  202  240
115 139.000  72.000  10 -43  333  371
116   8.000  87.000  10 -10  387  446
117   2.000 106.000  10 -18  365  438
118  66.000  82.000  10 -27  497  534
119 110.000  28.000  10 -13  291  349
120 137.000  84.000  10 -10   91  147
121  40.000 113.000  10  -8  466  517
122   4.000  44.000  10 -12  414  447
123  54.000 106.000  10 -18  277  342
124  17.000 138.000  10 -18  409  487
125 104.000  32.000  10 -17  120  179
126 120.000  22.000  10  -9   97  160
127  30.000  57.000  10 -30  219  272
128 101.000   0.000  10  -9  483  543
129 126.000  23.000  10 -13  260  297
130  80.000 103.000  10 -18  361  414
131  18.000  70.000  10 -32  378  433
132 102.000  52.000  10 -23  140  208
133  19.000 120.000  10 -31  236  317
134  58.000  80.000  10 -24  441  509
135  67.000 120.000  10  -9  347  400
136 112.000  13.000  10 -27  481  554
137 129.000  24.000  10 -12  309  390
138 105.000   2.000  10 -10  208  269
139 113.000  32.000  10 -36  130  189
140 103.000  82.000  10 -17  307  376
141  60.000  54.000  10 -23  233  275
142  39.000  13.000  10 -20  369  413
143  26.000 130.000  10 -32  266  300
144  92.000 138.000  10 -16  381  452
145  27.000 104.000  10 -21  480  554
146  89.000  24.000  10 -18  280  353
147  55.000 102.000  10 -37  285  374
148  35.000  90.000  10 -14  423  499
149  12.000  84.000  10  -4  175  253
150 137.000   7.000  10 -40  156  186
151 120.000 102.000  10  -4   76  148
152  69.000 116.000  10 -26  339  379
153  16.000  62.000  10 -23  355  467
154  64.000 138.000  10 -25  410  500
155  55.000 127.000  10  -3  253  294
156  67.000  96.000  10 -20  491  523
157  12.000 138.000  10 -34  272  307
158  13.000 129.000  10 -13  345  387
159   4.000  71.000  10 -14  131  219
160  83.000  38.000  10 -29  478  505
161  85.000 111.000  10 -22  230  306
162  84.000  88.000  10 -30  329  414
163 121.000 123.000  10 -27  239  306
164 113.000  45.000  10  -5  264  364
165  70.000  83.000  10 -26  479  521
166  71.000  70.000  10  -9  472  518
167  88.000  29.000  10 -18  514  580
168  90.000  44.000  10 -19   33  102
169  61.000  57.000  10 -20  368  411
170 103.000  86.000  10 -17  236  309
171  34.000  72.000  10  -9  542  586
172 107.000 102.000  10 -12  196  272
173  36.000  54.000  10 -20  364  410
174  36.000  38.000  10  -7  413  492
175  51.000  92.000  10 -18  422  503
176 115.000  82.000  10 -15  252  312
177  15.000   9.000  10 -10  394  457
178 132.000 133.000  10 -15  113  197
179  65.000   0.000  10 -16   70  135
180  58.000  95.000  10 -22  460  539
181 108.000  30.000  10  -9   82  140
182  46.000 112.000  10 -15  283  318
183 116.000  22.000  10  -8  119  187
184  86.000  80.000  10  -3  362  416
185  69.000   6.000  10 -20   73  122
186 138.000  24.000  10 -18  164  226
187 106.000  10.000  10 -20  288  340
188 116.000 105.000  10 -16  132  187
189 136.000 123.000  10 -28  311  357
190  60.000  84.000  10  -5  447  547
191  13.000  48.000  10 -15  393  477
192 109.000  78.000  10  -9  206  300
193 100.000  99.000  10 -21  291  337
194 123.000  84.000  10 -13  386  476
195  93.000  61.000  10 -20  506  567
196  47.000  83.000  10 -20  301  364
197  54.000  78.000  10  -5  533  597
198 125.000  68.000  10 -20  178  236
199  37.000  73.000  10 -24  325  376
200  32.000   6.000  10 -12   97  123
201  97.000 115.000  10 -25  367  400
202  15.000  18.000  10 -10  396  435
203 138.000 105.000  10 -19  399  437
204  23.000  39.000  10  -9  335  398
205   8.000 138.000  10 -10  275  337
206  61.000  34.000  10 -20  449  527
207  27.000  46.000  10 -16  196  252
208  37.000 125.000  10 -21  339  377
209  44.000 116.000  10 -16   52  140
210  95.000 135.000  10 -27  376  456
211  70.000  70.000   0   0    0  634
