106 106 1000 200 1000
  0  70.000  70.000   0   0    0  634
  1 107.000  77.000  10  34   37   67
  2 109.000 139.000  10   8  113  143
  3 120.000  22.000  10  39  114  144
  4  48.000  47.000  10  19   31   61
  5  12.000 138.000   0  14  275  305
  6  86.000  40.000  10  22   34   64
  7  40.000 113.000  10  23  477  507
  8 129.000  24.000  10  18  335  365
  9  12.000  84.000  10  16  199  229
 10 102.000  52.000  10  15  159  189
 11  41.000  36.000  10  13   51   81
 12 104.000  54.000  10  13   53   83
 13  22.000 104.000  10  11  231  261
 14  46.000 133.000  10   7   76  106
 15 138.000  78.000  10  43  202  232
 16  18.000 104.000  10  18  337  367
 17 107.000  25.000   0  13  274  304
 18  90.000  14.000   0  31  464  494
 19  54.000 106.000  10   9  294  324
 20  30.000  21.000  10  12  322  352
 21  63.000 129.000  10   7  206  236
 22 108.000  30.000  10  18   96  126
 23  37.000  73.000  10  33  336  366
 24  81.000  36.000  10  17   62   92
 25  13.000  48.000  10  15  420  450
 26 113.000  35.000  10   9   55   85
 27  44.000  58.000  10  30   28   58
 28   8.000  87.000  10  17  401  431
 29 139.000  68.000  10  25   78  108
 30 103.000 119.000  10  18  334  364
 31  89.000  39.000  10  23   36   66
 32  54.000  41.000  10   9  281  311
 33  39.000 100.000  10  31   66   96
 34   5.000  99.000  10  24  324  354
 35  73.000  96.000  10   9  166  196
 36 103.000  44.000  10  12   42   72
 37 140.000  36.000  10   1  176  206
 38 113.000  32.000  10  36  144  174
 39 104.000  73.000  10  17  249  279
 40  15.000   4.000  10  23  101  131
 41  54.000  33.000  10  20   40   70
 42  70.000  94.000  10  32   24   54
 43 109.000 131.000  10  16  226  256
 44  85.000  75.000  10  37   15   45
 45  12.000  48.000   0   4   62   92
 46  79.000  80.000  10   4   13   43
 47  28.000  62.000  10  23  196  226
 48  50.000 106.000  10  25  320  350
 49 120.000 102.000  10  18   97  127
 50  19.000 120.000  10  16  261  291
 51  18.000  70.000  10  26  391  421
 52  69.000 115.000  10  20  215  245
 53  36.000 124.000  10  34  234  264
 54  38.000 122.000  10  13  234  264
 55  29.000  60.000  10  14   42   72
 56  83.000  12.000  10  29  230  260
 57  80.000 103.000   0  15  372  402
 58  78.000 111.000  10  22   41   71
 59 137.000 137.000  10  27  100  130
 60 110.000  28.000   0  20  305  335
 61 116.000  13.000  10   5   73  103
 62 120.000  60.000  10  18   54   84
 63  85.000 111.000  10  25  253  283
 64 137.000  84.000  10  41  104  134
 65 139.000  72.000   0  23  337  367
 66  23.000  39.000  10  20  352  382
 67  78.000  63.000  10  19   10   40
 68  58.000  11.000   0   9  127  157
 69  26.000 130.000  10  20  268  298
 70 104.000  32.000  10  18  135  165
 71  55.000 102.000   0   4  315  345
 72 137.000 101.000  10  12  169  199
 73  65.000  80.000  10  20   11   41
 74 119.000  73.000  10  15  117  147
 75   9.000  19.000  10  10  373  403
 76  82.000 103.000  10  15   35   65
 77  60.000  23.000  10  16   54   84
 78  79.000  72.000  10  22    9   39
 79  27.000  46.000  10  35  209  239
 80  64.000 115.000  10  15  135  165
 81  81.000  57.000  10   8   17   47
 82  66.000  40.000  10  20   30   60
 83 120.000  47.000  10  18   55   85
 84 114.000 109.000  10  16   77  107
 85  37.000 138.000  10   5  210  240
 86 109.000  78.000  10  21  238  268
 87  39.000  13.000  10  20  376  406
 88 137.000  96.000  10   9   71  101
 89 136.000 123.000   0  31  319  349
 90 133.000 130.000  10  13  222  252
 91 120.000  52.000  10  20  374  404
 92  33.000 117.000  10  20   94  124
 93 125.000  68.000  10  20  192  222
 94 100.000  99.000  10  17  299  329
 95  89.000  24.000  10  15  301  331
 96  67.000 120.000  10   5  359  389
 97  42.000  29.000  10  12   60   90
 98 117.000  92.000  10  25  283  313
 99  44.000  36.000  10   9   48   78
100   4.000  44.000   0  24  416  446
101  23.000  19.000   0  16  172  202
102  56.000 129.000  10  21  287  317
103 105.000   2.000  10   1  224  254
104  66.000  91.000  10  16   21   51
105  69.000   6.000  10   8   83  113
106  95.000 135.000  10  27  401  431
107 116.000  83.000  10 -34  179  209
108 116.000 105.000  10  -8  144  174
109 116.000  22.000  10 -39  138  168
110  30.000  57.000  10 -19  230  260
111  12.000 138.000  10 -14  275  305
112  98.000   4.000  10 -22  178  208
113  67.000  96.000  10 -23  492  522
114 112.000  13.000  10 -18  524  554
115  10.000  86.000  10 -16  411  441
116 103.000  82.000  10 -15  326  356
117  32.000  52.000  10 -13  151  181
118 117.000   4.000  10 -13  418  448
119  29.000  94.000  10 -11  277  307
120  58.000  80.000  10  -7  460  490
121 123.000  84.000  10 -43  416  446
122  16.000  92.000  10 -18  359  389
123 107.000  25.000  10 -13  274  304
124  90.000  14.000  10 -31  464  494
125  66.000  82.000  10  -9  501  531
126  33.000   0.000  10 -12  482  512
127  55.000 127.000  10  -7  258  288
128  61.000  57.000  10 -18  375  405
129  37.000  79.000  10 -33  428  458
130  99.000  34.000  10 -17   76  106
131  34.000  72.000  10 -15  549  579
132 113.000  45.000  10  -9  299  329
133   2.000 106.000  10 -30  387  417
134  54.000  78.000  10 -17  550  580
135 139.000  73.000  10 -25   87  117
136  97.000 115.000  10 -18  368  398
137 120.000  14.000  10 -23  259  289
138  47.000  83.000  10  -9  318  348
139  17.000 138.000  10 -31  433  463
140  35.000  90.000  10 -24  446  476
141  46.000 112.000  10  -9  286  316
142 126.000  23.000  10 -12  263  293
143 138.000  24.000  10  -1  180  210
144  97.000  12.000  10 -36  206  236
145  86.000  80.000  10 -17  374  404
146  60.000  54.000  10 -23  239  269
147  32.000   6.000  10 -20   95  125
148  64.000 132.000  10 -32   62   92
149  92.000 138.000  10 -16  402  432
150 140.000  42.000  10 -37  101  131
151  12.000  48.000  10  -4   62   92
152 121.000 124.000  10  -4  150  180
153  26.000  50.000  10 -23  387  417
154  58.000  95.000  10 -25  485  515
155 121.000 123.000  10 -18  257  287
156  16.000  62.000  10 -16  396  426
157  20.000  69.000  10 -26  378  408
158  50.000 112.000  10 -20  232  262
159  13.000 129.000  10 -34  351  381
160  10.000 111.000  10 -13  493  523
161   4.000  71.000  10 -14  160  190
162  36.000  38.000  10 -29  438  468
163  80.000 103.000  10 -15  372  402
164 107.000 102.000  10 -22  219  249
165 132.000 133.000  10 -27  140  170
166 110.000  28.000  10 -20  305  335
167 137.000   7.000  10  -5  156  186
168 138.000 105.000  10 -18  403  433
169  69.000 116.000  10 -25  344  374
170 135.000  65.000  10 -41  339  369
171 139.000  72.000  10 -23  337  367
172  15.000  18.000  10 -20  400  430
173  71.000  70.000  10 -19  480  510
174  58.000  11.000  10  -9  127  157
175   8.000 138.000  10 -20  291  321
176  92.000  22.000  10 -18  190  220
177  55.000 102.000  10  -4  315  345
178 137.000 127.000  10 -12  196  226
179  44.000 116.000  10 -20   53   83
180 115.000  82.000  10 -15  267  297
181  88.000  29.000  10 -10  550  580
182  59.000 115.000  10 -15  314  344
183  15.000   9.000  10 -16  410  440
184  82.000 100.000  10 -22  104  134
185  60.000  84.000  10 -35  482  512
186  37.000 125.000  10 -15  343  373
187  90.000  44.000  10  -8   52   82
188  65.000   0.000  10 -20   74  104
189 101.000   0.000  10 -18  498  528
190 104.000 139.000  10 -16  336  366
191  20.000 106.000  10  -5  275  305
192 103.000  77.000  10 -21  291  321
193  83.000  38.000  10 -20  476  506
194 139.000 110.000  10  -9  191  221
195 136.000 123.000  10 -31  319  349
196 115.000 124.000  10 -13  411  441
197  93.000  61.000  10 -20  521  551
198  27.000 104.000  10 -20  502  532
199 103.000  86.000  10 -20  258  288
200  84.000  88.000  10 -17  356  386
201  61.000  34.000  10 -15  473  503
202  70.000  83.000  10  -5  485  515
203  51.000  92.000  10 -12  448  478
204 110.000  99.000  10 -25  303  333
205  36.000  54.000  10  -9  372  402
206   4.000  44.000  10 -24  416  446
207  23.000  19.000  10 -16  172  202
208  56.000 139.000  10 -21  310  340
209 106.000  10.000  10  -1  299  329
210  49.000 140.000  10 -16  234  264
211  34.000  20.000  10  -8  151  181
212  64.000 138.000  10 -27  440  470
213  70.000  70.000   0   0    0  634
