103 103 1000 200 1000
  0  70.000  70.000   0   0    0  634
  1 107.000  77.000  10  34    0  587
  2 109.000 139.000  10   8    0  545
  3 120.000  22.000  10  39  114  144
  4 116.000  22.000   0  32    0  558
  5  12.000 138.000  10  14  275  305
  6  12.000  84.000  10  16    0  565
  7  44.000 116.000  10  27    0  572
  8  41.000  36.000  10  13   51   81
  9 132.000 133.000  10  24    0  536
 10 104.000  54.000   0  13    0  587
 11 138.000  78.000  10  43    0  556
 12  18.000 104.000   0  18  337  367
 13  20.000  69.000  10  13  378  408
 14  64.000 132.000  10   8   62   92
 15 115.000  82.000  10  30    0  578
 16  30.000  21.000  10  12    0  561
 17  63.000 129.000  10   7  206  236
 18 108.000  30.000  10  18    0  569
 19  37.000  73.000  10  33    0  591
 20  92.000 138.000  10  12  402  432
 21  13.000  48.000  10  15    0  563
 22 113.000  35.000  10   9    0  569
 23  60.000  84.000  10  23    0  607
 24   8.000  87.000  10  17    0  560
 25 116.000 105.000  10  23    0  567
 26 117.000   4.000  10   9    0  543
 27  58.000  95.000  10  35  485  515
 28 103.000 119.000  10  18    0  565
 29  32.000  52.000  10  32    0  582
 30  54.000  41.000  10   9    0  591
 31  39.000 100.000  10  31    0  581
 32  67.000  96.000  10  26    0  598
 33  73.000  96.000  10   9    0  598
 34 112.000  13.000  10  27    0  554
 35 103.000  44.000  10  12   42   72
 36  97.000  12.000  10  10    0  561
 37 140.000  36.000  10   1    0  547
 38  90.000  44.000  10   6   52   82
 39 113.000  32.000  10  36  144  174
 40 104.000  73.000  10  17    0  590
 41  70.000  94.000   0  32   24   54
 42  88.000  29.000  10  33  550  580
 43  10.000 111.000  10  21    0  552
 44 113.000  45.000  10   4    0  575
 45  46.000 112.000  10  10  286  316
 46  12.000  48.000   0   4    0  562
 47  83.000  38.000  10  22    0  590
 48 120.000 102.000  10  18   97  127
 49  65.000   0.000  10  20    0  554
 50   4.000  71.000  10  19    0  558
 51  19.000 120.000  10  16  261  291
 52  49.000 140.000  10   3    0  551
 53  69.000 115.000  10  20    0  579
 54  36.000 124.000  10  34    0  561
 55  84.000  88.000   0  16    0  602
 56  17.000 138.000  10   8    0  538
 57  70.000  83.000  10  23    0  611
 58  29.000  60.000  10  14   42   72
 59  61.000  34.000  10   7    0  587
 60  54.000  78.000  10  11    0  607
 61  83.000  12.000  10  29  230  260
 62  29.000  94.000  10   1    0  577
 63 137.000 137.000  10  27  100  130
 64  59.000 115.000  10  26  314  344
 65 121.000 123.000  10   9    0  551
 66 139.000  72.000  10  23    0  555
 67   2.000 106.000  10  16    0  548
 68 126.000  23.000  10  13    0  551
 69  78.000  63.000  10  19   10   40
 70  58.000  11.000  10   9    0  564
 71 137.000 101.000  10  12    0  551
 72  65.000  80.000  10  20   11   41
 73  26.000  50.000  10   7    0  576
 74  56.000 139.000  10  18    0  554
 75 119.000  73.000  10  15    0  575
 76   9.000  19.000  10  10    0  545
 77  82.000 103.000  10  15   35   65
 78 107.000 102.000  10  12    0  576
 79  60.000  23.000  10  16    0  576
 80  99.000  34.000  10   9    0  578
 81  64.000 115.000  10  15    0  579
 82  32.000   6.000  10  11    0  550
 83  81.000  57.000  10   8   17   47
 84 135.000  65.000  10   3    0  559
 85 120.000  14.000  10  20    0  549
 86 114.000 109.000  10  16    0  566
 87 137.000 127.000  10  28  196  226
 88  37.000 138.000  10   5  210  240
 89  36.000  54.000  10  15    0  587
 90 109.000  78.000  10  21    0  585
 91  34.000  20.000  10  15    0  563
 92 137.000  96.000  10   9    0  553
 93  37.000  79.000  10   5    0  590
 94  60.000  54.000  10   3    0  606
 95  15.000   9.000  10   2  410  440
 96 100.000  99.000  10  17  299  329
 97  42.000  29.000  10  12   60   90
 98 117.000  92.000  10  25    0  573
 99   4.000  44.000  10  24    0  554
100  97.000 115.000  10  25    0  572
101  56.000 129.000  10  21    0  564
102 105.000   2.000  10   1    0  548
103  66.000  91.000  10  16   21   51
104 103.000  82.000  10 -34    0  589
105  95.000 135.000  10  -8  401  431
106 140.000  42.000  10 -39    0  549
107 116.000  22.000  10 -32    0  558
108  33.000 117.000  10 -14    0  565
109   5.000  99.000  10 -16    0  553
110  50.000 112.000  10 -27    0  578
111  36.000  38.000  10 -13    0  578
112 136.000 123.000  10 -24  319  349
113 104.000  54.000  10 -13    0  587
114 139.000  73.000  10 -43    0  555
115  18.000 104.000  10 -18  337  367
116  34.000  72.000  10 -13    0  588
117  51.000  92.000  10  -8    0  595
118  86.000  80.000  10 -30    0  606
119  15.000  18.000  10 -12    0  549
120  55.000 127.000  10  -7    0  566
121  89.000  39.000  10 -18    0  588
122  10.000  86.000  10 -33    0  562
123  82.000 100.000  10 -12    0  592
124  48.000  47.000  10 -15    0  593
125 104.000  32.000  10  -9    0  574
126  55.000 102.000  10 -23    0  589
127  22.000 104.000  10 -17    0  566
128 123.000  84.000  10 -23    0  570
129  86.000  40.000  10  -9    0  590
130  66.000  82.000  10 -35    0  612
131 109.000 131.000  10 -18  226  256
132  16.000  62.000  10 -32    0  570
133  23.000  39.000  10  -9    0  568
134  58.000  80.000  10 -31    0  609
135  69.000 116.000  10 -26    0  578
136  85.000  75.000  10  -9    0  609
137 106.000  10.000  10 -27    0  555
138 107.000  25.000  10 -12    0  566
139 101.000   0.000  10 -10    0  548
140 120.000  47.000  10  -1    0  569
141 120.000  52.000  10  -6  374  404
142 110.000  28.000  10 -36  305  335
143 139.000  68.000  10 -17    0  555
144  70.000  94.000  10 -32   24   54
145  81.000  36.000  10 -33    0  589
146  27.000 104.000  10 -21    0  570
147 102.000  52.000  10  -4    0  588
148  54.000 106.000  10 -10    0  585
149  12.000  48.000  10  -4    0  562
150  98.000   4.000  10 -22    0  553
151 138.000 105.000  10 -18    0  548
152  92.000  22.000  10 -20    0  572
153  18.000  70.000  10 -19  391  421
154  13.000 129.000  10 -16  351  381
155  46.000 133.000  10  -3    0  557
156  67.000 120.000  10 -20    0  574
157  40.000 113.000  10 -34    0  572
158  84.000  88.000  10 -16    0  602
159   8.000 138.000  10  -8    0  532
160 110.000  99.000  10 -23    0  575
161  28.000  62.000  10 -14    0  582
162  66.000  40.000  10  -7    0  594
163  20.000 106.000  10 -11    0  563
164  90.000  14.000  10 -29    0  565
165  35.000  90.000  10  -1  446  476
166 115.000 124.000  10 -27  411  441
167  80.000 103.000  10 -26  372  402
168  79.000  80.000  10  -9    0  611
169  93.000  61.000  10 -23  521  551
170  47.000  83.000  10 -16    0  598
171 138.000  24.000  10 -13    0  542
172 103.000  77.000  10 -19    0  591
173  69.000   6.000  10  -9   83  113
174 137.000  84.000  10 -12    0  556
175  50.000 106.000  10 -20    0  583
176  44.000  58.000  10  -7    0  596
177  37.000 125.000  10 -18  343  373
178 125.000  68.000  10 -15    0  569
179  23.000  19.000  10 -10    0  555
180  85.000 111.000  10 -15    0  581
181  79.000  72.000  10 -12    0  615
182  89.000  24.000  10 -16    0  575
183  61.000  57.000  10  -9    0  609
184  64.000 138.000  10 -15    0  556
185  33.000   0.000  10 -11  482  512
186 129.000  24.000  10  -8    0  550
187 120.000  60.000  10  -3    0  574
188 116.000  13.000  10 -20    0  551
189 121.000 124.000  10 -16    0  550
190 133.000 130.000  10 -28  222  252
191  38.000 122.000  10  -5    0  563
192  30.000  57.000  10 -15  230  260
193 116.000  83.000  10 -21    0  577
194  54.000  33.000  10 -15    0  584
195  71.000  70.000  10  -9  480  510
196  16.000  92.000  10  -5    0  566
197  44.000  36.000  10  -3    0  582
198  39.000  13.000  10  -2    0  560
199 103.000  86.000  10 -17    0  588
200  15.000   4.000  10 -12  101  131
201 139.000 110.000  10 -25    0  545
202  27.000  46.000  10 -24    0  575
203 104.000 139.000  10 -25    0  548
204  78.000 111.000  10 -21    0  583
205 137.000   7.000  10  -1    0  533
206  26.000 130.000  10 -16  268  298
207  70.000  70.000   0   0    0  634
