105 105 1000 200 1000
  0  70.000  70.000   0   0    0  634
  1 107.000  77.000  10  34    0  587
  2 120.000  22.000  10  39  124  134
  3  48.000  47.000  10  19   31   41
  4 116.000  22.000  10  32  148  158
  5  12.000 138.000  10  14  285  295
  6  12.000  84.000  10  16  209  219
  7 104.000  54.000  10  13   63   73
  8 139.000  73.000  10  10   97  107
  9  20.000  69.000  10  13  388  398
 10  64.000 132.000  10   8   67   77
 11  54.000 106.000  10   9    0  585
 12  82.000 100.000  10  18  114  124
 13 108.000  30.000  10  18  106  116
 14  50.000 112.000  10  18  242  252
 15  92.000 138.000  10  12  412  422
 16  81.000  36.000  10  17   72   82
 17 115.000 124.000   0  11  421  431
 18 113.000  35.000  10   9   60   70
 19  44.000  58.000  10  30   28   38
 20 116.000 105.000  10  23  154  164
 21 117.000   4.000   0   9    0  543
 22 140.000  42.000  10  13    0  549
 23 139.000  68.000  10  25   88   98
 24 103.000 119.000  10  18    0  565
 25  32.000  52.000  10  32  161  171
 26  89.000  39.000  10  23   36   46
 27  39.000 100.000  10  31   76   86
 28  73.000  96.000   0   9    0  598
 29 103.000  44.000  10  12   42   52
 30  16.000  62.000  10  15    0  570
 31  90.000  44.000  10   6   62   72
 32 113.000  32.000  10  36  154  164
 33 104.000  73.000  10  17  259  269
 34  36.000  38.000  10   5  448  458
 35  15.000   4.000  10  23  111  121
 36  70.000  94.000  10  32   24   34
 37 109.000 131.000  10  16  236  246
 38 113.000  45.000  10   4  309  319
 39  10.000  86.000   0  14  421  431
 40  51.000  92.000   0   9  458  468
 41  46.000 112.000  10  10  296  306
 42  12.000  48.000  10   4   68   78
 43  79.000  80.000  10   4   13   23
 44 120.000 102.000   0  18  107  117
 45  65.000   0.000  10  20   84   94
 46   4.000  71.000  10  19  170  180
 47  19.000 120.000  10  16  271  281
 48  18.000  70.000  10  26  401  411
 49  49.000 140.000  10   3  244  254
 50  69.000 115.000  10  20    0  579
 51  17.000 138.000   0   8  443  453
 52  38.000 122.000  10  13  244  254
 53  29.000  60.000  10  14   42   52
 54  80.000 103.000  10  15  382  392
 55 137.000 137.000  10  27  110  120
 56 116.000  13.000  10   5    0  551
 57 120.000  60.000  10  18   64   74
 58 103.000  86.000  10  19  268  278
 59 139.000  72.000  10  23  347  357
 60  64.000 138.000  10  15    0  556
 61  23.000  39.000  10  20    0  568
 62 126.000  23.000  10  13    0  551
 63 138.000  24.000  10  12  190  200
 64  78.000  63.000  10  19   10   20
 65  98.000   4.000  10  20  188  198
 66 103.000  77.000  10  17  301  311
 67  26.000 130.000  10  20  278  288
 68 104.000  32.000  10  18  145  155
 69  65.000  80.000  10  20   11   21
 70  26.000  50.000  10   7    0  576
 71  56.000 139.000  10  18  320  330
 72  82.000 103.000  10  15   45   55
 73  60.000  23.000  10  16    0  576
 74 123.000  84.000  10  13  426  436
 75  27.000  46.000  10  35  219  229
 76  64.000 115.000  10  15    0  579
 77  32.000   6.000  10  11  105  115
 78  81.000  57.000  10   8   17   27
 79  66.000  40.000  10  20   30   40
 80 120.000  47.000  10  18   55   65
 81 114.000 109.000  10  16    0  566
 82 137.000 127.000  10  28  206  216
 83  37.000 138.000  10   5  220  230
 84  36.000  54.000  10  15    0  587
 85 109.000  78.000  10  21  248  258
 86  34.000  20.000  10  15  161  171
 87 137.000  96.000  10   9   71   81
 88 110.000  99.000  10  21  313  323
 89 136.000 123.000  10  31  329  339
 90  37.000  79.000   0   5  438  448
 91  60.000  54.000  10   3  249  259
 92 125.000  68.000  10  20  202  212
 93  20.000 106.000  10  24  285  295
 94 106.000  10.000  10  13  309  319
 95  89.000  24.000  10  15  311  321
 96 139.000 110.000  10  19    0  545
 97  44.000  36.000  10   9   58   68
 98   8.000 138.000  10  10    0  532
 99  33.000   0.000   0  20  492  502
100  97.000 115.000  10  25    0  572
101  23.000  19.000  10  16  182  192
102  56.000 129.000  10  21    0  564
103  66.000  91.000  10  16   21   31
104  69.000   6.000  10   8   93  103
105  95.000 135.000   0  27  411  421
106 100.000  99.000  10 -34  309  319
107 137.000   7.000  10 -39  166  176
108  42.000  29.000  10 -19   70   80
109  83.000  38.000  10 -32  486  496
110  13.000 129.000  10 -14  361  371
111  35.000  90.000  10 -16  456  466
112 119.000  73.000  10 -13  127  137
113 138.000  78.000  10 -10  212  222
114  13.000  48.000  10 -13  430  440
115   2.000 106.000  10  -8    0  548
116  55.000 102.000  10  -9  325  335
117  50.000 106.000  10 -18    0  583
118 110.000  28.000  10 -18  315  325
119  55.000 127.000  10 -18  268  278
120  70.000  83.000  10 -12  495  505
121 107.000  25.000  10 -17  284  294
122 115.000 124.000  10 -11  421  431
123 120.000  52.000  10  -9  384  394
124  41.000  36.000  10 -30   61   71
125 138.000 105.000  10 -23  413  423
126 117.000   4.000  10  -9    0  543
127 129.000  24.000  10 -13    0  550
128 120.000  14.000  10 -25  269  279
129 109.000 139.000  10 -18  123  133
130  30.000  57.000  10 -32  240  250
131 105.000   2.000  10 -23  234  244
132  59.000 115.000  10 -31  324  334
133  73.000  96.000  10  -9    0  598
134 135.000  65.000  10 -12  349  359
135  22.000 104.000  10 -15  241  251
136  90.000  14.000  10  -6    0  565
137  97.000  12.000  10 -36  216  226
138 103.000  82.000  10 -17  336  346
139  61.000  34.000  10  -5  483  493
140  15.000  18.000  10 -23    0  549
141  63.000 129.000  10 -32  216  226
142  85.000 111.000  10 -16    0  581
143  93.000  61.000  10  -4  531  541
144  10.000  86.000  10 -14  421  431
145  51.000  92.000  10  -9  458  468
146  69.000 116.000  10 -10  354  364
147   8.000  87.000  10  -4  411  421
148 132.000 133.000  10  -4  150  160
149 120.000 102.000  10 -18  107  117
150  47.000  83.000  10 -20  328  338
151  16.000  92.000  10 -19  369  379
152  33.000 117.000  10 -16    0  565
153   4.000  44.000  10 -26    0  554
154  10.000 111.000  10  -3  503  513
155  60.000  84.000  10 -20  492  502
156  17.000 138.000  10  -8  443  453
157  36.000 124.000  10 -13    0  561
158  54.000  78.000  10 -14  560  570
159  66.000  82.000  10 -15  511  521
160 107.000 102.000  10 -27    0  576
161  92.000  22.000  10  -5    0  572
162 137.000  84.000  10 -18  114  124
163  58.000  95.000  10 -19  495  505
164  71.000  70.000  10 -23  490  500
165  29.000  94.000  10 -15    0  577
166   9.000  19.000  10 -20  383  393
167  88.000  29.000  10 -13  570  580
168 102.000  52.000  10 -12    0  588
169  86.000  80.000  10 -19  384  394
170 101.000   0.000  10 -20    0  548
171  84.000  88.000  10 -17  366  376
172  37.000 125.000  10 -20  353  363
173  83.000  12.000  10 -18  240  250
174  67.000 120.000  10 -20  369  379
175  34.000  72.000  10  -7  559  569
176  27.000 104.000  10 -18  512  522
177 121.000 124.000  10 -15  160  170
178  58.000  80.000  10 -16  470  480
179 116.000  83.000  10 -13    0  577
180  54.000  41.000  10 -35    0  591
181  78.000 111.000  10 -15    0  583
182  86.000  40.000  10 -11    0  590
183  99.000  34.000  10  -8    0  578
184  54.000  33.000  10 -20    0  584
185 140.000  36.000  10 -18  186  196
186 121.000 123.000  10 -16    0  551
187 133.000 130.000  10 -28  232  242
188  44.000 116.000  10  -5    0  572
189  28.000  62.000  10 -15  206  216
190  67.000  96.000  10 -21    0  598
191  39.000  13.000  10 -15  386  396
192 117.000  92.000  10  -9    0  573
193 137.000 101.000  10 -21    0  551
194  79.000  72.000  10 -31    0  615
195  37.000  79.000  10  -5  438  448
196  37.000  73.000  10  -3    0  591
197 115.000  82.000  10 -20  277  287
198  18.000 104.000  10 -24  347  357
199 112.000  13.000  10 -13  535  545
200  61.000  57.000  10 -15  385  395
201  85.000  75.000  10 -19    0  609
202  30.000  21.000  10  -9  332  342
203   5.000  99.000  10 -10    0  553
204  33.000   0.000  10 -20  492  502
205 104.000 139.000  10 -25  346  356
206  15.000   9.000  10 -16  420  430
207  46.000 133.000  10 -21   86   96
208  40.000 113.000  10 -16  487  497
209  58.000  11.000  10  -8  137  147
210  95.000 135.000  10 -27  411  421
211  70.000  70.000   0   0    0  634
