103 103 1000 200 1000
  0  70.000  70.000   0   0    0  634
  1 107.000  77.000  10  34    0  587
  2 120.000  22.000  10  39  114  144
  3  48.000  47.000  10  19   31   61
  4 116.000  22.000  10  32    0  558
  5 102.000  52.000   0  15    0  588
  6  41.000  36.000  10  13   51   81
  7 132.000 133.000   0  24    0  536
  8 104.000 139.000  10  29    0  548
  9  46.000 133.000  10   7   76  106
 10  66.000  82.000  10  27    0  612
 11 107.000  25.000  10  13  274  304
 12 101.000   0.000  10   9    0  548
 13  90.000  14.000  10  31    0  565
 14  64.000 132.000  10   8   62   92
 15 115.000  82.000  10  30    0  578
 16  54.000 106.000  10   9    0  585
 17  30.000  21.000  10  12    0  561
 18  63.000 129.000  10   7  206  236
 19  82.000 100.000  10  18  104  134
 20  37.000  73.000  10  33    0  591
 21  50.000 112.000  10  18  232  262
 22  81.000  36.000  10  17    0  589
 23  13.000  48.000  10  15    0  563
 24 113.000  35.000  10   9   55   85
 25  44.000  58.000  10  30   28   58
 26 117.000   4.000  10   9    0  543
 27 139.000  68.000  10  25   78  108
 28 103.000 119.000  10  18    0  565
 29  32.000  52.000  10  32  151  181
 30  89.000  39.000  10  23   36   66
 31  54.000  41.000  10   9    0  591
 32  39.000 100.000  10  31   66   96
 33  67.000  96.000   0  26    0  598
 34  73.000  96.000   0   9    0  598
 35 112.000  13.000  10  27    0  554
 36 103.000  44.000  10  12   42   72
 37  97.000  12.000  10  10    0  561
 38 140.000  36.000  10   1    0  547
 39  90.000  44.000  10   6   52   82
 40  36.000  38.000  10   5    0  578
 41  15.000   4.000  10  23  101  131
 42  54.000  33.000  10  20    0  584
 43  70.000  94.000  10  32   24   54
 44 109.000 131.000  10  16  226  256
 45  10.000 111.000  10  21    0  552
 46  10.000  86.000  10  14    0  562
 47  46.000 112.000  10  10  286  316
 48  79.000  80.000  10   4   13   43
 49  50.000 106.000  10  25    0  583
 50  18.000  70.000  10  26  391  421
 51  58.000  80.000  10  18    0  609
 52  49.000 140.000  10   3    0  551
 53  17.000 138.000  10   8  433  463
 54 103.000  82.000  10  27    0  589
 55  29.000  60.000  10  14   42   72
 56  54.000  78.000   0  11  550  580
 57  83.000  12.000  10  29  230  260
 58  29.000  94.000  10   1    0  577
 59 137.000 137.000  10  27  100  130
 60 110.000  28.000  10  20  305  335
 61  59.000 115.000  10  26  314  344
 62 120.000  60.000  10  18   54   84
 63  85.000 111.000  10  25    0  581
 64 137.000  84.000  10  41    0  556
 65 139.000  72.000  10  23    0  555
 66   2.000 106.000  10  16    0  548
 67  64.000 138.000  10  15    0  556
 68 126.000  23.000  10  13    0  551
 69  78.000  63.000  10  19   10   40
 70  58.000  11.000  10   9    0  564
 71  65.000  80.000  10  20   11   41
 72  26.000  50.000  10   7    0  576
 73 119.000  73.000  10  15  117  147
 74  82.000 103.000  10  15   35   65
 75  60.000  23.000  10  16    0  576
 76 123.000  84.000  10  13  416  446
 77  79.000  72.000  10  22    0  615
 78  99.000  34.000  10   9    0  578
 79  64.000 115.000  10  15    0  579
 80  86.000  80.000  10  21    0  606
 81 135.000  65.000  10   3    0  559
 82  66.000  40.000  10  20   30   60
 83 120.000  47.000  10  18    0  569
 84 120.000  14.000  10  20    0  549
 85 114.000 109.000  10  16    0  566
 86  37.000 138.000  10   5  210  240
 87  36.000  54.000  10  15    0  587
 88  34.000  20.000  10  15  151  181
 89 110.000  99.000  10  21  303  333
 90 136.000 123.000  10  31  319  349
 91 133.000 130.000  10  13  222  252
 92  33.000 117.000   0  20    0  565
 93  60.000  54.000  10   3    0  606
 94 125.000  68.000  10  20  192  222
 95  13.000 129.000  10  25  351  381
 96  20.000 106.000  10  24    0  563
 97  15.000   9.000  10   2  410  440
 98  67.000 120.000  10   5    0  574
 99  42.000  29.000  10  12   60   90
100 117.000  92.000  10  25    0  573
101  44.000  36.000  10   9    0  582
102  56.000 129.000  10  21    0  564
103  66.000  91.000  10  16   21   51
104  71.000  70.000  10 -34  480  510
105 113.000  45.000  10 -39  299  329
106  28.000  62.000  10 -19    0  582
107 113.000  32.000  10 -32  144  174
108 102.000  52.000  10 -15    0  588
109  37.000  79.000  10 -13    0  590
110 132.000 133.000  10 -24    0  536
111  95.000 135.000  10 -29  401  431
112  26.000 130.000  10  -7  268  298
113  38.000 122.000  10 -27  234  264
114  98.000   4.000  10 -13    0  553
115  92.000  22.000  10  -9    0  572
116  88.000  29.000  10 -31  550  580
117  37.000 125.000  10  -8  343  373
118 103.000  86.000  10 -30  258  288
119  18.000 104.000  10  -9  337  367
120   9.000  19.000  10 -12  373  403
121  36.000 124.000  10  -7    0  561
122 109.000  78.000  10 -18  238  268
123  61.000  57.000  10 -33  375  405
124  19.000 120.000  10 -18  261  291
125  83.000  38.000  10 -17    0  590
126  16.000  62.000  10 -15    0  570
127 129.000  24.000  10  -9    0  550
128   4.000  71.000  10 -30  160  190
129 138.000  24.000  10  -9    0  542
130 116.000  83.000  10 -25    0  577
131 109.000 139.000  10 -18  113  143
132  34.000  72.000  10 -32    0  588
133 104.000  32.000  10 -23  135  165
134   4.000  44.000  10  -9    0  554
135  55.000 102.000  10 -31  315  345
136  67.000  96.000  10 -26    0  598
137  73.000  96.000  10  -9    0  598
138 105.000   2.000  10 -27    0  548
139 137.000   7.000  10 -12  156  186
140  86.000  40.000  10 -10    0  590
141 140.000  42.000  10  -1    0  549
142 108.000  30.000  10  -6   96  126
143  27.000  46.000  10  -5  209  239
144  39.000  13.000  10 -23    0  560
145  61.000  34.000  10 -20    0  587
146 103.000  77.000  10 -32  291  321
147  92.000 138.000  10 -16  402  432
148  16.000  92.000  10 -21    0  566
149  12.000  84.000  10 -14  199  229
150  69.000 115.000  10 -10    0  579
151 137.000 127.000  10  -4  196  226
152  70.000  83.000  10 -25  485  515
153  20.000  69.000  10 -26  378  408
154  80.000 103.000  10 -18  372  402
155  60.000  84.000  10  -3    0  607
156  51.000  92.000  10  -8    0  595
157 104.000  73.000  10 -27  249  279
158   5.000  99.000  10 -14    0  553
159  54.000  78.000  10 -11  550  580
160  89.000  24.000  10 -29  301  331
161  35.000  90.000  10  -1  446  476
162 121.000 123.000  10 -27    0  551
163 106.000  10.000  10 -20    0  555
164  69.000 116.000  10 -26  344  374
165 139.000  73.000  10 -18   87  117
166  97.000 115.000  10 -25    0  572
167 138.000 105.000  10 -41  403  433
168 138.000  78.000  10 -23  202  232
169  47.000  83.000  10 -16  318  348
170  44.000 116.000  10 -15    0  572
171 120.000  52.000  10 -13  374  404
172  81.000  57.000  10 -19   17   47
173  69.000   6.000  10  -9   83  113
174  55.000 127.000  10 -20    0  566
175   8.000  87.000  10  -7    0  560
176 137.000 101.000  10 -15    0  551
177  78.000 111.000  10 -15    0  583
178  65.000   0.000  10 -16   74  104
179  85.000  75.000  10 -13    0  609
180 120.000 102.000  10 -22   97  127
181 104.000  54.000  10  -9    0  587
182  58.000  95.000  10 -15  485  515
183  84.000  88.000  10 -21  356  386
184 137.000  96.000  10  -3    0  553
185  23.000  19.000  10 -20    0  555
186  93.000  61.000  10 -18  521  551
187 116.000  13.000  10 -20    0  551
188 121.000 124.000  10 -16    0  550
189   8.000 138.000  10  -5    0  532
190  30.000  57.000  10 -15  230  260
191  15.000  18.000  10 -15    0  549
192 100.000  99.000  10 -21  299  329
193 115.000 124.000  10 -31  411  441
194 107.000 102.000  10 -13    0  576
195  33.000 117.000  10 -20    0  565
196  23.000  39.000  10  -3    0  568
197 139.000 110.000  10 -20    0  545
198  40.000 113.000  10 -25  477  507
199  27.000 104.000  10 -24    0  570
200  33.000   0.000  10  -2  482  512
201  56.000 139.000  10  -5  310  340
202  32.000   6.000  10 -12   95  125
203 116.000 105.000  10 -25  144  174
204  12.000  48.000  10  -9    0  562
205  12.000 138.000  10 -21  275  305
206  22.000 104.000  10 -16    0  566
207  70.000  70.000   0   0    0  634
