101 101 1000 1000 1000
  0  70.000  70.000   0   0    0 2535
  1  29.000  60.000  10  14   42  497
  2 137.000 137.000  10  27  269  648
  3 107.000  25.000  10  13  928 1381
  4  17.000 138.000  10   8 1561 2020
  5 121.000 123.000  10   9  850 1326
  6  22.000 104.000  10  11  736 1234
  7 137.000   7.000  10  40  483  883
  8  46.000 112.000  10  10 1009 1399
  9  79.000  72.000  10  22    9  494
 10 104.000  32.000  10  18  343  854
 11 109.000 139.000  10   8  299  725
 12  78.000  63.000  10  19   10  416
 13  64.000 132.000  10   8   62  589
 14 133.000 130.000  10  13  689 1209
 15 120.000  14.000  10  20  857 1332
 16  10.000  86.000  10  14 1421 1984
 17 121.000 124.000  10  21  353  966
 18  44.000  58.000  10  30   28  387
 19  32.000   6.000  10  11  221  659
 20 132.000 133.000  10  24  346  892
 21  81.000  57.000  10   8   17  473
 22 120.000  52.000  10  20 1413 1701
 23 113.000  32.000  10  36  376  896
 24 137.000 101.000  10  12  515  960
 25  82.000 103.000  10  15   35  475
 26  90.000  44.000  10   6   32  536
 27  61.000  34.000  10   7 1717 2183
 28  84.000  88.000  10  16 1281 1688
 29  86.000  40.000  10  22   34  407
 30 105.000   2.000  10   1  698 1212
 31 107.000  77.000  10  34   37  542
 32 104.000  54.000  10  13   37  567
 33  54.000  33.000  10  20   40  633
 34  37.000 125.000  10  10 1195 1673
 35  99.000  34.000  10   9  134  593
 36  85.000  75.000  10  37   15  378
 37 139.000  68.000  10  25  122  625
 38  88.000  29.000  10  33 2008 2481
 39  39.000 100.000  10  31  155  493
 40 104.000  73.000  10  17  813 1300
 41 103.000  44.000  10  12   42  521
 42  73.000  96.000  10   9  489  960
 43  44.000 116.000  10  27   61  483
 44  36.000  54.000  10  15 1318 1777
 45  16.000  92.000  10  10 1267 1723
 46  27.000 104.000  10   1 1822 2317
 47 120.000  22.000  10  39  296  735
 48  54.000 106.000  10   9  968 1507
 49  33.000 117.000  10  20  169  702
 50 102.000  52.000  10  15  423  969
 51  34.000  20.000  10  15  435  889
 52  33.000   0.000  10  20 1722 2257
 53  12.000  48.000  10   4   76  508
 54 109.000  78.000  10  21  757 1265
 55  27.000  46.000  10  35  687 1105
 56  19.000 120.000  10  16  861 1349
 57 110.000  99.000  10  21  990 1552
 58  37.000  73.000  10  33 1161 1646
 59 115.000 124.000  10  11 1485 1924
 60  89.000  39.000  10  23   36  451
 61 120.000  60.000  10  18   50  618
 62   2.000 106.000  10  16 1363 1852
 63 117.000  92.000  10  25  971 1412
 64  85.000 111.000  10  25  810 1334
 65 116.000 105.000  10  23  428  846
 66  12.000 138.000  10  14  912 1405
 67 140.000  36.000  10   1  524 1001
 68  23.000  19.000  10  16  485 1007
 69   4.000  71.000  10  19  438  965
 70  92.000 138.000  10  12 1383 1953
 71  69.000   6.000  10   8  158  625
 72 116.000  13.000  10   5   79  506
 73  49.000 140.000  10   3  770 1222
 74  30.000  21.000   0  12 1089 1610
 75  82.000 100.000  10  18  255  700
 76 113.000  35.000  10   9   55  634
 77 117.000   4.000  10   9 1461 2007
 78  56.000 129.000  10  21  947 1466
 79  46.000 133.000  10   7  166  558
 80  65.000  80.000  10  20   11  415
 81  28.000  62.000  10  23  581 1108
 82 137.000  84.000  10  41  193  762
 83  79.000  80.000  10   4   13  483
 84  55.000 102.000   0   4 1100 1536
 85  20.000 106.000  10  24  934 1387
 86  15.000   4.000  10  23  198  729
 87 138.000  78.000  10  43  619 1120
 88  60.000  23.000  10  16   48  502
 89  29.000  94.000  10   1  998 1340
 90  70.000  94.000  10  32   24  470
 91  66.000  91.000  10  16   21  451
 92 119.000  73.000  10  15  247  810
 93 135.000  65.000  10   3 1190 1639
 94   5.000  99.000  10  24 1113 1601
 95  36.000  38.000  10   5 1625 1996
 96  44.000  36.000  10   9   42  557
 97 137.000 127.000  10  28  622 1062
 98 120.000 102.000  10  18  176  716
 99 137.000  96.000  10   9   71  556
100  81.000  36.000  10  17   68  552
101 116.000  83.000  10  30  565  990
102  61.000  57.000  10 -14 1355 1764
103  92.000  22.000  10 -27  580 1059
104 100.000  99.000  10 -13 1037 1475
105  58.000  95.000  10  -8 1760 2240
106  67.000  96.000  10  -9 1760 2296
107  56.000 139.000  10 -11 1072 1527
108 138.000  24.000  10 -40  495 1062
109  58.000  80.000  10 -10 1701 2096
110 139.000 110.000  10 -22  610 1042
111 116.000  22.000  10 -18  341  881
112  98.000   4.000  10  -8  540 1001
113  54.000  41.000  10 -19  950 1420
114  63.000 129.000  10  -8  646 1124
115 103.000  77.000  10 -13  942 1503
116 113.000  45.000  10 -20 1062 1449
117  15.000  18.000  10 -14 1428 1892
118 109.000 131.000  10 -21  761 1170
119  32.000  52.000  10 -30  443  885
120  50.000 106.000  10 -11 1092 1591
121 110.000  28.000  10 -24 1018 1545
122  48.000  47.000  10  -8   31  504
123 139.000  72.000  10 -20 1170 1646
124 140.000  42.000  10 -36  219  705
125 104.000 139.000  10 -12 1146 1659
126  78.000 111.000  10 -15   41  629
127  66.000  40.000  10  -6   30  577
128 101.000   0.000  10  -7 1788 2316
129  86.000  80.000  10 -16 1320 1795
130  42.000  29.000  10 -22   51  550
131 103.000  86.000  10  -1  833 1348
132 103.000  82.000  10 -34 1142 1587
133 108.000  30.000  10 -13  164  722
134  36.000 124.000  10 -20  792 1199
135  26.000 130.000  10 -10  916 1345
136  51.000  92.000  10  -9 1649 2053
137  97.000  12.000  10 -37  631 1138
138 139.000  73.000  10 -25  150  666
139  93.000  61.000  10 -33 1883 2405
140  13.000 129.000  10 -31 1224 1706
141  80.000 103.000  10 -17 1310 1786
142  40.000 113.000  10 -12 1747 2186
143  90.000  14.000  10  -9 1718 2114
144  59.000 115.000  10 -27 1078 1552
145  34.000  72.000  10 -15 1988 2489
146  83.000  38.000  10 -10 1768 2163
147  35.000  90.000  10  -1 1605 2082
148  64.000 138.000  10 -39 1616 2023
149  26.000  50.000  10  -9 1382 1838
150  13.000  48.000  10 -20 1432 2051
151 126.000  23.000  10 -15  863 1364
152  54.000  78.000  10 -15 2026 2492
153  39.000  13.000  10 -20 1375 1752
154  41.000  36.000  10  -4   44  575
155 129.000  24.000  10 -21 1147 1652
156  38.000 122.000  10 -35  727 1266
157  16.000  62.000  10 -16 1397 1892
158 138.000 105.000  10 -21 1439 1909
159  66.000  82.000  10 -33 1835 2292
160  10.000 111.000  10 -11 1790 2272
161  58.000  11.000  10 -23  308  828
162 120.000  47.000  10 -18   55  543
163   4.000  44.000  10 -16 1529 1916
164 115.000  82.000  10 -25  873 1387
165  18.000 104.000  10 -25 1181 1632
166  83.000  12.000  10 -23  745 1216
167   8.000  87.000  10 -14 1433 1897
168  95.000 135.000  10  -1 1459 1865
169  30.000  57.000  10 -16  799 1164
170  37.000  79.000  10 -19 1527 2021
171  69.000 116.000  10 -12 1211 1664
172  60.000  54.000  10  -8  719 1313
173 125.000  68.000  10  -5  593 1063
174  55.000 127.000  10  -3  832 1356
175  30.000  21.000  10 -12 1089 1610
176  69.000 115.000  10 -18  665 1177
177  67.000 120.000  10  -9 1238 1753
178  71.000  70.000  10  -9 1696 2266
179   9.000  19.000  10 -21 1294 1809
180  18.000  70.000  10  -7 1383 1864
181  64.000 115.000  10 -20  327  873
182  60.000  84.000  10 -23 1744 2228
183 136.000 123.000  10 -41 1132 1537
184 107.000 102.000  10  -4  670 1203
185  55.000 102.000  10  -4 1100 1536
186  20.000  69.000  10 -24 1394 1750
187  50.000 112.000  10 -23  768 1207
188  70.000  83.000  10 -43 1777 2222
189  47.000  83.000  10 -16 1093 1568
190  37.000 138.000  10  -1  594 1204
191  23.000  39.000  10 -32 1275 1658
192   8.000 138.000  10 -16  990 1459
193 114.000 109.000  10 -15  132  606
194  97.000 115.000  10  -3 1257 1809
195  15.000   9.000  10 -24 1481 1921
196 112.000  13.000  10  -5 1931 2388
197  12.000  84.000  10  -9  619 1091
198  89.000  24.000  10 -28 1033 1496
199 103.000 119.000  10 -18 1156 1637
200 123.000  84.000  10  -9 1484 1967
201  65.000   0.000  10 -17  121  592
202 106.000  10.000  10 -30  954 1556
203  70.000  70.000   0   0    0 2535
