100 100 1000 1000 1000
  0  70.000  70.000   0   0    0 2535
  1  26.000  50.000  10   7 1442 1778
  2  69.000 116.000  10  26 1383 1492
  3  78.000 111.000  10  22   41  315
  4 107.000  25.000  10  13  980 1330
  5  17.000 138.000  10   8 1461 2120
  6  20.000  69.000  10  13 1317 1828
  7  46.000 112.000  10  10 1025 1383
  8  79.000  72.000  10  22    9   93
  9 104.000  32.000  10  18  462  736
 10  78.000  63.000  10  19   10  226
 11 120.000  14.000  10  20  976 1213
 12 140.000  42.000  10  13  256  668
 13  42.000  29.000  10  12  222  379
 14  44.000  58.000  10  30   28  380
 15 106.000  10.000  10  13 1126 1384
 16 107.000 102.000  10  12  632 1241
 17 132.000 133.000  10  24  414  824
 18  81.000  57.000  10   8   17  482
 19 137.000 101.000  10  12  470 1005
 20  82.000 103.000  10  15  100  298
 21  90.000  44.000  10   6   32  682
 22 139.000  73.000  10  10  150  667
 23  89.000  24.000  10  15  989 1539
 24  98.000   4.000  10  20  606  935
 25  84.000  88.000  10  16 1455 1514
 26  86.000  40.000  10  22   34  289
 27 105.000   2.000  10   1  597 1312
 28 107.000  77.000  10  34   37  451
 29 104.000  54.000  10  13  184  357
 30  54.000  33.000  10  20   40  415
 31  32.000  52.000  10  32  384  944
 32  37.000 125.000  10  10 1199 1668
 33  99.000  34.000  10   9  274  453
 34  85.000  75.000  10  37   15  546
 35 103.000  77.000  10  17 1087 1358
 36 139.000  68.000  10  25  159  587
 37  39.000 100.000  10  31   98  550
 38 104.000  73.000  10  17  759 1355
 39 103.000  44.000  10  12   42  420
 40  44.000 116.000  10  27  111  433
 41  83.000  12.000  10  29  813 1148
 42  36.000  54.000  10  15 1305 1790
 43  54.000 106.000  10   9 1000 1475
 44  33.000 117.000  10  20   59  840
 45 102.000  52.000  10  15  567  824
 46  34.000  20.000  10  15  641  683
 47 114.000 109.000  10  16  147  591
 48  86.000  80.000  10  21 1343 1772
 49  12.000  48.000  10   4   62  614
 50 109.000  78.000  10  21  820 1201
 51 116.000  22.000  10  32  540  681
 52  19.000 120.000  10  16  992 1218
 53  15.000  18.000  10  10 1458 1862
 54  37.000  73.000  10  33 1307 1501
 55 115.000 124.000  10  11 1499 1909
 56  89.000  39.000  10  23   36  431
 57 120.000  60.000  10  18  129  424
 58 117.000  92.000  10  25 1033 1350
 59  85.000 111.000  10  25 1054 1090
 60 113.000  45.000  10   4 1063 1449
 61 116.000 105.000  10  23  352  922
 62  12.000 138.000  10  14 1085 1232
 63  66.000  40.000  10  20   30  226
 64 140.000  36.000  10   1  540  984
 65  50.000 112.000  10  18  954 1020
 66   4.000  71.000  10  19  539  865
 67  69.000   6.000  10   8   64  745
 68 116.000  13.000  10   5  196  389
 69  49.000 140.000  10   3  607 1385
 70  36.000 124.000  10  34  886 1105
 71 120.000  47.000  10  18   55  494
 72  60.000  54.000  10   3  854 1179
 73 115.000  82.000  10  30 1028 1232
 74 126.000  23.000  10  13  831 1397
 75 117.000   4.000  10   9 1566 1902
 76  97.000 115.000  10  25 1472 1595
 77  56.000 129.000  10  21  960 1453
 78  46.000 133.000  10   7  193  532
 79  65.000  80.000  10  20   11  149
 80  55.000 127.000  10  17  907 1280
 81 137.000  84.000  10  41  472  484
 82  79.000  80.000  10   4   13  509
 83  51.000  92.000  10   9 1581 2121
 84  12.000  84.000  10  16  697 1013
 85  67.000 120.000  10   5 1250 1740
 86  20.000 106.000  10  24 1102 1220
 87 138.000  78.000  10  43  695 1044
 88  60.000  23.000  10  16   99  451
 89  29.000  94.000  10   1  967 1371
 90  70.000  94.000  10  32   24  383
 91   4.000  44.000  10  24 1715 1729
 92  66.000  91.000  10  16   21  434
 93 104.000 139.000  10  29 1145 1659
 94   5.000  99.000  10  24 1027 1687
 95 125.000  68.000  10  20  539 1116
 96  44.000  36.000  10   9  108  393
 97 138.000  24.000  10  12  484 1072
 98   8.000 138.000  10  10 1044 1406
 99  81.000  36.000  10  17   35  600
100 116.000  83.000  10  30  691  865
101  83.000  38.000  10  -7 1647 2285
102  61.000  57.000  10 -26 1392 1727
103  10.000  86.000  10 -22 1431 1974
104 110.000  28.000  10 -13 1067 1497
105  27.000 104.000  10  -8 1938 2200
106  34.000  72.000  10 -13 1768 2489
107  38.000 122.000  10 -10  805 1187
108 137.000 127.000  10 -22  688  996
109  66.000  82.000  10 -18 1825 2303
110  23.000  19.000  10 -19  432 1060
111 129.000  24.000  10 -20 1199 1601
112  92.000  22.000  10 -13  601 1039
113  15.000   4.000  10 -12  306  621
114  30.000  57.000  10 -30  723 1239
115 136.000 123.000  10 -13 1173 1495
116  64.000 115.000  10 -12  332  868
117  13.000 129.000  10 -24 1180 1750
118   9.000  19.000  10  -8 1360 1742
119  82.000 100.000  10 -12  189  765
120 109.000 139.000  10 -15  227  796
121  41.000  36.000  10  -6   97  435
122  58.000  80.000  10 -10 1733 2064
123  92.000 138.000  10 -15 1469 1867
124 135.000  65.000  10 -20 1343 1487
125  18.000  70.000  10 -16 1410 1837
126  29.000  60.000  10 -22   42  312
127 138.000 105.000  10  -1 1568 1780
128  64.000 138.000  10 -34 1742 1897
129 139.000 110.000  10 -13  740  912
130  27.000  46.000  10 -20  673 1118
131  28.000  62.000  10 -32  661 1027
132  56.000 139.000  10 -10 1227 1371
133 108.000  30.000  10  -9   70  815
134 120.000  22.000  10 -37  340  692
135  13.000  48.000  10 -17 1554 1929
136  69.000 115.000  10 -25  630 1213
137   2.000 106.000  10 -31 1441 1774
138 119.000  73.000  10 -17  175  881
139 120.000  52.000  10 -12 1465 1649
140   8.000  87.000  10 -27 1424 1906
141  40.000 113.000  10 -29 1660 2273
142  39.000  13.000  10 -15 1378 1749
143  55.000 102.000  10  -9 1108 1529
144  64.000 132.000  10 -20  198  382
145 110.000  99.000  10 -15 1145 1397
146  22.000 104.000  10 -15  791 1178
147  37.000 138.000  10 -16  627 1170
148  36.000  38.000  10 -21 1606 2016
149  58.000  11.000  10  -4  365  772
150  54.000  78.000  10 -21 2204 2314
151 113.000  32.000  10 -32  431  841
152  59.000 115.000  10 -16 1248 1382
153  88.000  29.000  10 -10 2146 2481
154  93.000  61.000  10 -33 1871 2418
155  58.000  95.000  10 -11 1919 2080
156  15.000   9.000  10 -23 1596 1806
157  54.000  41.000  10 -18  940 1429
158  80.000 103.000  10 -25 1141 1955
159 103.000  86.000  10 -25 1017 1165
160 100.000  99.000  10  -4  956 1556
161 120.000 102.000  10 -23  356  537
162  16.000  92.000  10 -14 1337 1653
163 112.000  13.000  10 -20 2093 2226
164 137.000   7.000  10  -1  574  793
165  26.000 130.000  10 -18  945 1315
166  23.000  39.000  10 -19 1426 1507
167  65.000   0.000  10  -8  106  607
168  67.000  96.000  10  -5 1909 2147
169  33.000   0.000  10  -3 1749 2231
170  18.000 104.000  10 -34 1152 1661
171  95.000 135.000  10 -18 1562 1762
172 103.000 119.000  10  -3 1106 1686
173 103.000  82.000  10 -30 1292 1438
174 139.000  72.000  10 -13 1244 1572
175  71.000  70.000  10  -9 1683 2280
176  70.000  83.000  10 -25 1895 2104
177  61.000  34.000  10 -21 1703 2197
178 137.000  96.000  10  -7  116  459
179  63.000 129.000  10 -20  762 1008
180  50.000 106.000  10 -17 1230 1452
181 121.000 124.000  10 -41  550  769
182 113.000  35.000  10  -4   55  671
183  60.000  84.000  10  -9 1790 2183
184 101.000   0.000  10 -16 1782 2321
185  16.000  62.000  10  -5 1440 1848
186  90.000  14.000  10 -24 1619 2212
187 121.000 123.000  10 -43  769 1408
188  32.000   6.000  10 -16  285  596
189  47.000  83.000  10  -1 1085 1576
190  73.000  96.000  10 -32  659  790
191  37.000  79.000  10 -24 1719 1829
192 137.000 137.000  10 -16  319  598
193 123.000  84.000  10 -29 1613 1838
194  10.000 111.000  10 -24 1887 2176
195 133.000 130.000  10 -20  701 1198
196  30.000  21.000  10  -9 1134 1566
197  97.000  12.000  10 -12  705 1065
198  35.000  90.000  10 -10 1624 2063
199  48.000  47.000  10 -17   31  566
200 109.000 131.000  10 -30  913 1017
201  70.000  70.000   0   0    0 2535
