101 101 1000 1000 1000
  0  70.000  70.000   0   0    0 2535
  1  26.000  50.000  10   7 1490 1730
  2  30.000  57.000  10  20    0 2483
  3  29.000  60.000  10  14    0 2483
  4 137.000 137.000  10  27  339  579
  5  78.000 111.000  10  22   47  287
  6 107.000  25.000  10  13 1035 1275
  7  17.000 138.000  10   8 1670 1910
  8  20.000  69.000  10  13    0 2475
  9 121.000 123.000  10   9    0 2452
 10  79.000  72.000  10  22    0 2516
 11  78.000  63.000  10  19    0 2515
 12  37.000  79.000  10   5    0 2491
 13  64.000 132.000  10   8  170  410
 14 133.000 130.000  10  13    0 2438
 15 140.000  42.000  10  13    0 2450
 16 121.000 124.000  10  21  539  779
 17  42.000  29.000  10  12    0 2476
 18  32.000   6.000  10  11  320  560
 19  41.000  36.000  10  13  146  386
 20 107.000 102.000  10  12    0 2477
 21  83.000  38.000   0  22 1846 2086
 22 132.000 133.000  10  24    0 2437
 23  81.000  57.000  10   8   17  257
 24 120.000  52.000  10  20    0 2472
 25  82.000 103.000  10  15    0 2490
 26  90.000  44.000  10   6  149  389
 27  64.000 138.000  10  15    0 2457
 28  98.000   4.000  10  20    0 2454
 29  86.000  40.000  10  22    0 2491
 30  59.000 115.000  10  26 1195 1435
 31  37.000 125.000  10  10    0 2461
 32  99.000  34.000  10   9  243  483
 33  38.000 122.000  10  13  876 1116
 34 109.000 131.000  10  16    0 2453
 35  48.000  47.000  10  19   31  271
 36 104.000  73.000  10  17    0 2491
 37 103.000  44.000  10  12    0 2483
 38  73.000  96.000  10   9  604  844
 39  71.000  70.000  10   9    0 2524
 40  83.000  12.000  10  29    0 2466
 41 120.000  22.000  10  39  396  636
 42  54.000 106.000  10   9 1117 1357
 43  63.000 129.000  10   7  765 1005
 44  33.000 117.000  10  20  316  556
 45 102.000  52.000  10  15    0 2489
 46  13.000 129.000  10  25 1345 1585
 47  70.000  83.000  10  23    0 2512
 48  12.000  48.000  10   4  172  412
 49 116.000  22.000  10  32  491  731
 50  19.000 120.000  10  16    0 2454
 51  23.000  39.000  10  20 1347 1587
 52  18.000  70.000  10  26 1504 1744
 53  61.000  57.000  10  35    0 2510
 54 123.000  84.000  10  13 1606 1846
 55  37.000  73.000  10  33    0 2492
 56 115.000 124.000  10  11    0 2455
 57  93.000  61.000  10  10    0 2501
 58  89.000  39.000  10  23   36  276
 59 108.000  30.000  10  18  323  563
 60   2.000 106.000  10  16 1487 1727
 61  26.000 130.000  10  20    0 2451
 62 113.000  45.000  10   4    0 2476
 63 110.000  28.000  10  20    0 2467
 64  66.000  40.000  10  20   30  270
 65 140.000  36.000  10   1    0 2448
 66  23.000  19.000  10  16  626  866
 67   4.000  71.000  10  19  582  822
 68  69.000   6.000  10   8  272  512
 69 116.000  13.000  10   5  173  413
 70 112.000  13.000  10  27    0 2455
 71  49.000 140.000  10   3  876 1116
 72  36.000 124.000  10  34    0 2462
 73 120.000  47.000  10  18  100  340
 74  60.000  54.000  10   3    0 2507
 75 139.000 110.000  10  19  706  946
 76  64.000 115.000  10  15  480  720
 77  82.000 100.000  10  18  357  597
 78 113.000  35.000  10   9  142  382
 79  58.000  95.000   0  35    0 2498
 80  97.000 115.000  10  25 1413 1653
 81  56.000 129.000  10  21    0 2465
 82 136.000 123.000  10  31    0 2441
 83 129.000  24.000  10  18 1280 1520
 84  58.000  11.000  10   9  448  688
 85  55.000 127.000  10  17    0 2467
 86 137.000  84.000  10  41  358  598
 87  79.000  80.000  10   4    0 2512
 88  55.000 102.000  10   4    0 2490
 89  20.000 106.000  10  24 1041 1281
 90  15.000   4.000  10  23  343  583
 91 138.000  78.000  10  43    0 2457
 92  70.000  94.000  10  32    0 2501
 93   4.000  44.000  10  24    0 2455
 94  66.000  91.000  10  16    0 2504
 95 119.000  73.000  10  15  408  648
 96 104.000 139.000  10  29 1282 1522
 97  15.000   9.000  10   2 1581 1821
 98 137.000 127.000  10  28    0 2438
 99 138.000  24.000  10  12    0 2443
100 137.000  96.000  10   9    0 2454
101  81.000  36.000  10  17  190  430
102  15.000  18.000  10  -7 1540 1780
103 114.000 109.000  10 -20  249  489
104   8.000  87.000  10 -14 1545 1785
105 125.000  68.000  10 -27  708  948
106  92.000 138.000  10 -22    0 2454
107  36.000  54.000  10 -13 1428 1668
108  39.000 100.000  10  -8    0 2482
109  65.000  80.000  10 -13    0 2514
110  61.000  34.000  10  -9 1830 2070
111 100.000  99.000  10 -22 1136 1376
112  16.000  62.000  10 -19 1524 1764
113  34.000  72.000  10  -5    0 2489
114  67.000 120.000  10  -8 1375 1615
115   9.000  19.000  10 -13 1431 1671
116 137.000   7.000  10 -13    0 2434
117 138.000 105.000  10 -21    0 2449
118  44.000  36.000  10 -12  131  371
119  10.000  86.000  10 -11    0 2463
120 106.000  10.000  10 -13 1135 1375
121 104.000  32.000  10 -12    0 2475
122  83.000  38.000  10 -22 1846 2086
123  88.000  29.000  10 -24    0 2481
124   8.000 138.000  10  -8 1105 1345
125 113.000  32.000  10 -20    0 2468
126  50.000 106.000  10 -15 1221 1461
127  28.000  62.000  10  -6    0 2483
128  85.000 111.000  10 -15  952 1192
129  89.000  24.000  10 -20    0 2476
130  37.000 138.000  10 -22    0 2450
131  67.000  96.000  10 -26 1908 2148
132  44.000 116.000  10 -10    0 2473
133  92.000  22.000  10  -9    0 2473
134  84.000  88.000  10 -13 1365 1605
135  54.000  41.000  10 -16 1065 1305
136 137.000 101.000  10 -19  617  857
137  51.000  92.000  10 -17 1731 1971
138  34.000  20.000  10 -12    0 2464
139  69.000 116.000  10  -9    0 2479
140 120.000  60.000  10  -9  156  396
141  16.000  92.000  10 -29    0 2467
142 117.000  92.000  10 -39    0 2474
143  80.000 103.000  10  -9 1428 1668
144  46.000 112.000  10  -7 1084 1324
145  86.000  80.000  10 -20    0 2507
146 104.000  54.000  10 -15  150  390
147   5.000  99.000  10 -25    0 2454
148  69.000 115.000  10 -23    0 2480
149  44.000  58.000  10  -4   28  268
150 107.000  77.000  10 -32    0 2488
151  27.000 104.000  10 -16 1949 2189
152  60.000  23.000  10 -20    0 2477
153  60.000  84.000  10 -26 1866 2106
154  54.000  78.000  10 -35    0 2508
155 109.000  78.000  10 -13    0 2486
156  47.000  83.000  10 -33    0 2499
157  32.000  52.000  10 -11    0 2483
158 139.000  68.000  10 -10    0 2456
159  22.000 104.000  10 -23    0 2467
160 110.000  99.000  10 -18    0 2476
161  66.000  82.000  10 -16    0 2513
162  13.000  48.000  10 -20 1622 1862
163 139.000  72.000  10  -4 1288 1528
164 116.000  83.000  10 -20  658  898
165  54.000  33.000  10 -20   41  281
166 101.000   0.000  10  -1 1932 2172
167  35.000  90.000  10 -16    0 2485
168  46.000 133.000  10 -19    0 2458
169  29.000  94.000  10  -8    0 2478
170 103.000  77.000  10  -5 1102 1342
171  27.000  46.000  10 -27    0 2476
172  10.000 111.000  10  -3 1911 2151
173  40.000 113.000  10 -34    0 2473
174 135.000  65.000  10 -18    0 2460
175  36.000  38.000  10  -3    0 2479
176  30.000  21.000  10 -19    0 2462
177  50.000 112.000  10 -15  867 1107
178 120.000 102.000  10 -18  326  566
179 139.000  73.000  10  -9    0 2456
180  58.000  95.000  10 -35    0 2498
181 103.000 119.000  10 -25 1276 1516
182 103.000  86.000  10 -21    0 2489
183 109.000 139.000  10 -31  392  632
184 117.000   4.000  10 -18    0 2444
185  12.000  84.000  10  -9  735  975
186  95.000 135.000  10 -17 1542 1782
187  90.000  14.000  10 -41    0 2466
188  58.000  80.000  10  -4 1778 2018
189  85.000  75.000  10  -4    0 2510
190  18.000 104.000  10 -24 1287 1527
191  56.000 139.000  10 -23 1179 1419
192 105.000   2.000  10 -43    0 2449
193 116.000 105.000  10 -32    0 2468
194  12.000 138.000  10 -24 1038 1278
195 120.000  14.000  10 -16  974 1214
196 103.000  82.000  10 -15    0 2490
197 115.000  82.000  10 -29    0 2479
198  39.000  13.000  10  -2 1443 1683
199  97.000  12.000  10 -28  765 1005
200 126.000  23.000  10 -12    0 2452
201  33.000   0.000  10  -9 1870 2110
202  65.000   0.000  10 -17  237  477
203  70.000  70.000   0   0    0 2535
