100 100 1000 1000 1000
  0  70.000  70.000   0   0    0 2535
  1 101.000   0.000  10   9 1932 2172
  2  26.000  50.000  10   7 1490 1730
  3  30.000  57.000  10  20    0 2483
  4  78.000 111.000  10  22   47  287
  5 107.000  25.000  10  13 1035 1275
  6  37.000 138.000  10   5    0 2450
  7 121.000 123.000  10   9    0 2452
  8 137.000   7.000  10  40    0 2434
  9  50.000 106.000  10  25 1221 1461
 10  79.000  72.000  10  22    0 2516
 11  80.000 103.000  10  15 1428 1668
 12 133.000 130.000  10  13    0 2438
 13  39.000  13.000  10  20    0 2461
 14  32.000   6.000  10  11  320  560
 15 106.000  10.000  10  13    0 2456
 16 107.000 102.000  10  12    0 2477
 17  81.000  57.000  10   8   17  257
 18 120.000  52.000  10  20    0 2472
 19 113.000  32.000  10  36    0 2468
 20  10.000 111.000  10  21    0 2453
 21  98.000   4.000  10  20    0 2454
 22  60.000  84.000  10  23    0 2508
 23  13.000  48.000  10  15    0 2464
 24  59.000 115.000  10  26    0 2479
 25 104.000  54.000  10  13  150  390
 26  54.000  33.000  10  20   41  281
 27  37.000 125.000  10  10    0 2461
 28  38.000 122.000  10  13  876 1116
 29  85.000  75.000  10  37    0 2510
 30 103.000  77.000  10  17 1102 1342
 31 139.000  68.000  10  25    0 2456
 32  39.000 100.000  10  31    0 2482
 33  48.000  47.000  10  19   31  271
 34 103.000  44.000  10  12    0 2483
 35  71.000  70.000  10   9    0 2524
 36  34.000  72.000  10  21    0 2489
 37  54.000 106.000  10   9    0 2486
 38  63.000 129.000  10   7    0 2466
 39  33.000 117.000  10  20    0 2466
 40 102.000  52.000  10  15    0 2489
 41  13.000 129.000  10  25    0 2443
 42 114.000 109.000  10  16    0 2467
 43  86.000  80.000  10  21    0 2507
 44  18.000 104.000  10  18 1287 1527
 45  12.000  48.000  10   4    0 2463
 46 116.000  22.000  10  32    0 2459
 47  27.000  46.000  10  35    0 2476
 48  19.000 120.000  10  16    0 2454
 49  23.000  39.000  10  20 1347 1587
 50 110.000  99.000  10  21    0 2476
 51  15.000  18.000  10  10    0 2450
 52 123.000  84.000  10  13    0 2471
 53  93.000  61.000  10  10    0 2501
 54 108.000  30.000  10  18  323  563
 55   2.000 106.000  10  16 1487 1727
 56 117.000  92.000  10  25    0 2474
 57  85.000 111.000  10  25  952 1192
 58  40.000 113.000  10  23    0 2473
 59 138.000 105.000  10  24    0 2449
 60 110.000  28.000  10  20    0 2467
 61  66.000  40.000  10  20   30  270
 62 140.000  36.000  10   1    0 2448
 63  69.000   6.000  10   8  272  512
 64 100.000  99.000  10  17    0 2484
 65 116.000  13.000  10   5    0 2452
 66 112.000  13.000  10  27    0 2455
 67  49.000 140.000  10   3  876 1116
 68  36.000 124.000  10  34    0 2462
 69 120.000  47.000  10  18    0 2470
 70 115.000  82.000  10  30    0 2479
 71  64.000 115.000  10  15  480  720
 72  82.000 100.000  10  18    0 2493
 73 113.000  35.000  10   9  142  382
 74  58.000  95.000  10  35    0 2498
 75 117.000   4.000  10   9    0 2444
 76  97.000 115.000  10  25 1413 1653
 77  56.000 129.000  10  21    0 2465
 78  54.000  41.000  10   9 1065 1305
 79  58.000  11.000  10   9  448  688
 80  65.000  80.000  10  20    0 2514
 81  28.000  62.000  10  23    0 2483
 82  55.000 127.000  10  17    0 2467
 83  79.000  80.000  10   4    0 2512
 84  66.000  82.000  10  27    0 2513
 85  90.000  14.000  10  31    0 2466
 86  15.000   4.000  10  23  343  583
 87 138.000  78.000  10  43    0 2457
 88  29.000  94.000  10   1    0 2478
 89 119.000  73.000  10  15  408  648
 90 103.000  82.000  10  27    0 2490
 91  15.000   9.000  10   2    0 2443
 92   5.000  99.000  10  24    0 2454
 93  36.000  38.000  10   5    0 2479
 94 125.000  68.000  10  20    0 2470
 95  44.000  36.000  10   9  131  371
 96 137.000 127.000  10  28    0 2438
 97 120.000 102.000  10  18  326  566
 98 138.000  24.000  10  12    0 2443
 99   8.000 138.000  10  10    0 2433
100 116.000  83.000  10  30    0 2478
101  83.000  38.000  10  -9 1846 2086
102  30.000  21.000  10  -7    0 2462
103  37.000  73.000  10 -20    0 2492
104  95.000 135.000  10 -22    0 2456
105 104.000  32.000  10 -13    0 2475
106  12.000 138.000  10  -5 1038 1278
107 139.000  73.000  10  -9    0 2456
108  78.000  63.000  10 -40    0 2515
109  16.000  92.000  10 -25    0 2467
110 103.000  86.000  10 -22    0 2489
111  73.000  96.000  10 -15    0 2499
112 129.000  24.000  10 -13 1280 1520
113   9.000  19.000  10 -20 1431 1671
114  65.000   0.000  10 -11    0 2455
115 120.000  22.000  10 -13  396  636
116 103.000 119.000  10 -12 1276 1516
117 137.000  84.000  10  -8    0 2457
118 137.000  96.000  10 -20    0 2454
119 115.000 124.000  10 -36    0 2455
120  16.000  62.000  10 -21    0 2471
121  92.000  22.000  10 -20    0 2473
122  55.000 102.000  10 -23    0 2490
123  61.000  57.000  10 -15    0 2510
124  64.000 132.000  10 -26    0 2463
125 113.000  45.000  10 -13    0 2476
126  97.000  12.000  10 -20    0 2462
127  29.000  60.000  10 -10    0 2483
128  27.000 104.000  10 -13    0 2471
129 109.000  78.000  10 -37    0 2486
130  70.000  83.000  10 -17    0 2512
131 126.000  23.000  10 -25    0 2452
132   8.000  87.000  10 -31 1545 1785
133  34.000  20.000  10 -19    0 2464
134 135.000  65.000  10 -12    0 2460
135  84.000  88.000  10  -9    0 2503
136  37.000  79.000  10 -21    0 2491
137  26.000 130.000  10  -9    0 2451
138  46.000 112.000  10  -7 1084 1324
139  44.000 116.000  10 -20    0 2473
140 136.000 123.000  10 -15    0 2441
141  58.000  80.000  10 -25 1778 2018
142 109.000 131.000  10 -16    0 2453
143 107.000  77.000  10 -21    0 2488
144  20.000  69.000  10 -18    0 2475
145  60.000  54.000  10  -4    0 2507
146  99.000  34.000  10 -32    0 2479
147   4.000  44.000  10 -35    0 2455
148  18.000  70.000  10 -16 1504 1744
149  60.000  23.000  10 -20    0 2477
150  67.000 120.000  10 -21 1375 1615
151  61.000  34.000  10 -10 1830 2070
152 137.000 101.000  10 -13  617  857
153 116.000 105.000  10 -10    0 2468
154 105.000   2.000  10 -18    0 2449
155  54.000  78.000  10 -16    0 2508
156  92.000 138.000  10 -25    0 2454
157 104.000 139.000  10 -25 1282 1522
158  22.000 104.000  10 -23    0 2467
159 140.000  42.000  10 -24    0 2450
160 120.000  60.000  10 -20  156  396
161  23.000  19.000  10 -20    0 2456
162  90.000  44.000  10  -1    0 2493
163  32.000  52.000  10  -8    0 2483
164  66.000  91.000  10 -17    0 2504
165  89.000  39.000  10  -5    0 2489
166 120.000  14.000  10 -27    0 2450
167  17.000 138.000  10  -3    0 2439
168  50.000 112.000  10 -34    0 2479
169 121.000 124.000  10 -18    0 2451
170  67.000  96.000  10 -30 1908 2148
171  20.000 106.000  10 -15 1041 1281
172  82.000 103.000  10 -18    0 2490
173 109.000 139.000  10  -9  392  632
174  10.000  86.000  10 -35    0 2463
175  86.000  40.000  10  -9    0 2491
176  69.000 115.000  10 -25    0 2480
177  56.000 139.000  10 -21    0 2455
178  36.000  54.000  10  -9 1428 1668
179  81.000  36.000  10  -9    0 2490
180  46.000 133.000  10 -20    0 2458
181  47.000  83.000  10 -23    0 2499
182  64.000 138.000  10 -17    0 2457
183  69.000 116.000  10  -4    0 2479
184  51.000  92.000  10 -27    0 2496
185  42.000  29.000  10 -31    0 2476
186  83.000  12.000  10 -23    0 2466
187 139.000  72.000  10 -43 1288 1528
188  12.000  84.000  10  -1    0 2466
189 132.000 133.000  10 -15    0 2437
190 104.000  73.000  10 -27    0 2491
191  33.000   0.000  10  -2    0 2446
192   4.000  71.000  10 -24    0 2459
193  44.000  58.000  10  -5    0 2497
194 137.000 137.000  10 -20    0 2431
195  41.000  36.000  10  -9    0 2481
196  88.000  29.000  10 -28    0 2481
197 139.000 110.000  10 -18    0 2446
198  89.000  24.000  10 -12    0 2476
199  35.000  90.000  10 -10    0 2485
200  70.000  94.000  10 -30    0 2501
201  70.000  70.000   0   0    0 2535
