101 101 1000 1000 1000
  0  70.000  70.000   0   0    0 2535
  1  26.000  50.000  10   7 1552 1667
  2  29.000  60.000  10  14  138  199
  3  69.000 116.000  10  26 1381 1493
  4  78.000 111.000  10  22  112  222
  5 107.000  25.000  10  13 1133 1176
  6  20.000  69.000  10  13 1472 1673
  7 121.000 123.000  10   9 1009 1167
  8 137.000   7.000  10  40  631  735
  9  50.000 106.000  10  25 1254 1429
 10  46.000 112.000  10  10 1133 1274
 11  78.000  63.000  10  19   10  128
 12  64.000 132.000  10   8  168  411
 13 120.000  14.000  10  20 1030 1159
 14  10.000  86.000  10  14    0 2463
 15 121.000 124.000  10  21  575  744
 16  42.000  29.000  10  12  238  362
 17  44.000  58.000  10  30   47  182
 18  32.000   6.000  10  11  401  479
 19  41.000  36.000  10  13  203  328
 20 106.000  10.000  10  13 1229 1282
 21 132.000 133.000  10  24  571  667
 22 120.000  52.000  10  20 1517 1598
 23 137.000 101.000  10  12  720  755
 24  82.000 103.000  10  15    0 2490
 25  90.000  44.000  10   6  240  298
 26  64.000 138.000   0  15    0 2457
 27  86.000  40.000  10  22    0 2491
 28  69.000 115.000  10  20    0 2480
 29  59.000 115.000  10  26 1239 1392
 30 107.000  77.000  10  34    0 2488
 31 104.000  54.000  10  13  208  333
 32  54.000  33.000  10  20  118  204
 33  32.000  52.000  10  32  557  771
 34  37.000 125.000  10  10    0 2461
 35  99.000  34.000  10   9  295  432
 36  38.000 122.000  10  13  941 1052
 37  85.000  75.000  10  37    0 2510
 38 109.000 131.000  10  16  899 1031
 39 103.000  77.000  10  17 1203 1242
 40 139.000  68.000  10  25  275  472
 41  48.000  47.000  10  19   94  161
 42 103.000  44.000  10  12  107  229
 43  83.000  12.000  10  29  911 1050
 44  16.000  92.000  10  10    0 2467
 45  56.000 139.000  10  18 1284 1314
 46 120.000  22.000  10  39  440  591
 47  63.000 129.000  10   7  817  954
 48  33.000 117.000  10  20  365  507
 49 114.000 109.000  10  16  326  412
 50  12.000  48.000  10   4  234  351
 51  27.000  46.000  10  35    0 2476
 52  23.000  39.000  10  20 1419 1514
 53  15.000  18.000  10  10 1581 1739
 54 115.000 124.000  10  11    0 2455
 55  93.000  61.000  10  10    0 2501
 56  89.000  39.000  10  23  101  190
 57 108.000  30.000  10  18  381  504
 58 120.000  60.000  10  18  216  337
 59  92.000  22.000  10  18  758  882
 60   2.000 106.000  10  16 1541 1673
 61 113.000  45.000  10   4    0 2476
 62  40.000 113.000  10  23    0 2473
 63 116.000 105.000  10  23    0 2468
 64 110.000  28.000  10  20    0 2467
 65  66.000  40.000  10  20   40  202
 66   4.000  71.000  10  19  640  763
 67  69.000   6.000  10   8  328  456
 68 100.000  99.000  10  17 1216 1295
 69 116.000  13.000  10   5  242  343
 70  49.000 140.000  10   3  944 1048
 71 120.000  47.000  10  18  129  312
 72  60.000  54.000  10   3    0 2507
 73 115.000  82.000  10  30 1064 1195
 74  30.000  21.000  10  12    0 2462
 75  56.000 129.000  10  21    0 2465
 76  54.000  41.000  10   9 1124 1246
 77 136.000 123.000  10  31 1272 1396
 78  46.000 133.000  10   7  321  403
 79  58.000  11.000  10   9  533  604
 80  54.000  78.000   0  11 2204 2315
 81  65.000  80.000  10  20   11  101
 82  28.000  62.000  10  23  815  873
 83  55.000 127.000  10  17    0 2467
 84 137.000  84.000  10  41  438  517
 85  12.000  84.000  10  16  777  933
 86  66.000  82.000  10  27    0 2513
 87  90.000  14.000  10  31 1866 1965
 88  20.000 106.000  10  24 1095 1226
 89  29.000  94.000  10   1    0 2478
 90  70.000  94.000  10  32    0 2501
 91 119.000  73.000  10  15  476  581
 92 103.000  82.000  10  27    0 2490
 93 104.000 139.000  10  29 1338 1466
 94  15.000   9.000  10   2 1663 1738
 95  36.000  38.000  10   5    0 2479
 96 125.000  68.000  10  20  793  863
 97 137.000 127.000  10  28    0 2438
 98 120.000 102.000  10  18  407  486
 99 138.000  24.000  10  12  705  851
100 137.000  96.000  10   9  194  381
101 116.000  83.000  10  30  732  823
102  51.000  92.000  10  -7 1797 1905
103  44.000  36.000  10 -14  211  290
104  80.000 103.000  10 -26 1484 1613
105  82.000 100.000  10 -22  411  543
106 139.000  72.000  10 -13 1349 1466
107   8.000  87.000  10 -13 1615 1714
108 109.000  78.000  10  -9  923 1098
109 112.000  13.000  10 -40    0 2455
110 105.000   2.000  10 -25    0 2449
111  33.000   0.000  10 -10 1920 2060
112  81.000  57.000  10 -19   33  104
113  85.000 111.000  10  -8 1035 1109
114 129.000  24.000  10 -20 1341 1458
115  35.000  90.000  10 -14 1790 1896
116  84.000  88.000  10 -21 1428 1541
117  30.000  57.000  10 -12  912 1050
118  65.000   0.000  10 -30  282  432
119  34.000  20.000  10 -11  636  689
120  36.000  54.000  10 -13 1482 1614
121  86.000  80.000  10 -13 1464 1652
122 139.000 110.000  10 -24  765  887
123 104.000  73.000  10 -20    0 2491
124 103.000 119.000  10 -12 1329 1463
125  50.000 112.000  10 -15  929 1045
126 139.000  73.000  10  -6  339  477
127  64.000 138.000  10 -15    0 2457
128  81.000  36.000  10 -22  237  382
129  58.000  80.000  10 -20 1820 1976
130   4.000  44.000  10 -26 1665 1780
131  79.000  80.000  10 -34    0 2512
132  39.000 100.000  10 -13    0 2482
133  60.000  23.000  10 -20  224  325
134  47.000  83.000  10 -32 1280 1381
135   5.000  99.000  10 -10    0 2454
136 140.000  42.000  10  -9  412  512
137  37.000  79.000  10 -13    0 2491
138  71.000  70.000  10 -37 1916 2047
139  67.000  96.000  10 -16 1975 2081
140  10.000 111.000  10 -17 1975 2088
141 116.000  22.000  10 -25  558  663
142  23.000  19.000  10 -19  669  824
143 113.000  35.000  10 -12  166  357
144  79.000  72.000  10 -29    0 2516
145  37.000  73.000  10 -10    0 2492
146  16.000  62.000  10 -18 1589 1700
147 140.000  36.000  10 -39    0 2448
148  13.000 129.000  10  -7 1414 1517
149  64.000 115.000  10 -20  514  687
150  92.000 138.000  10 -16    0 2454
151  26.000 130.000  10  -4 1089 1172
152  15.000   4.000  10 -35  406  520
153  39.000  13.000  10 -20 1490 1637
154 101.000   0.000  10 -10 1973 2130
155 117.000  92.000  10 -11 1144 1240
156  66.000  91.000  10 -10    0 2504
157 104.000  32.000  10 -23  528  670
158 126.000  23.000  10 -18    0 2452
159  17.000 138.000  10 -18 1719 1861
160 102.000  52.000  10 -18    0 2489
161  60.000  84.000  10 -16 1914 2059
162 137.000 137.000  10  -4  378  539
163  18.000 104.000  10 -23 1350 1463
164 133.000 130.000  10 -23    0 2438
165 123.000  84.000  10 -20 1652 1800
166 113.000  32.000  10 -20  589  683
167  61.000  34.000  10 -19 1910 1991
168  12.000 138.000  10  -8 1096 1221
169  97.000 115.000  10 -17 1478 1589
170  61.000  57.000  10  -5 1486 1633
171  19.000 120.000  10  -3    0 2454
172 103.000  86.000  10 -18 1047 1135
173  55.000 102.000  10  -3 1294 1343
174 110.000  99.000  10 -30 1227 1315
175  22.000 104.000  10 -12  952 1018
176  13.000  48.000  10 -21 1691 1793
177 138.000 105.000  10  -9 1589 1759
178  70.000  83.000  10 -31    0 2512
179  44.000 116.000  10  -7    0 2473
180  58.000  95.000  10  -9    0 2498
181  54.000  78.000  10 -11 2204 2315
182  73.000  96.000  10 -20  656  793
183  88.000  29.000  10 -23    0 2481
184  18.000  70.000  10 -17 1531 1717
185  89.000  24.000  10 -41 1226 1302
186  54.000 106.000  10 -16 1204 1270
187  34.000  72.000  10 -27    0 2489
188  98.000   4.000  10 -31    0 2454
189   8.000 138.000  10 -24 1138 1312
190   9.000  19.000  10  -1 1472 1631
191  36.000 124.000  10 -32  935 1055
192  97.000  12.000  10 -15  861  908
193 107.000 102.000  10 -27    0 2477
194  37.000 138.000  10 -29    0 2450
195  83.000  38.000  10  -2 1885 2046
196 117.000   4.000  10  -5 1658 1810
197  95.000 135.000  10 -20 1622 1703
198  27.000 104.000  10 -28 2014 2124
199 138.000  78.000  10 -18  787  951
200 135.000  65.000  10 -12 1313 1517
201 109.000 139.000  10  -9  469  555
202  67.000 120.000  10 -30 1416 1574
203  70.000  70.000   0   0    0 2535
