101 101 1000 1000 1000
  0  70.000  70.000   0   0    0 2535
  1  30.000  57.000  10  20    0 2483
  2  29.000  60.000  10  14    0 2483
  3  69.000 116.000  10  26    0 2479
  4 137.000 137.000  10  27  378  539
  5 103.000 119.000  10  18 1329 1463
  6  78.000 111.000  10  22  112  222
  7 121.000 123.000  10   9    0 2452
  8  79.000  72.000  10  22    0 2516
  9  78.000  63.000  10  19    0 2515
 10  95.000 135.000  10  27 1622 1703
 11  64.000 132.000  10   8  168  411
 12 120.000  14.000  10  20 1030 1159
 13  10.000  86.000  10  14    0 2463
 14 140.000  42.000  10  13    0 2450
 15 121.000 124.000  10  21  575  744
 16  42.000  29.000  10  12    0 2476
 17  44.000  58.000  10  30   47  182
 18  41.000  36.000  10  13  203  328
 19 106.000  10.000  10  13 1229 1282
 20  81.000  57.000  10   8   33  104
 21 120.000  52.000  10  20    0 2472
 22 113.000  32.000  10  36    0 2468
 23  82.000 103.000  10  15    0 2490
 24  10.000 111.000  10  21 1975 2088
 25  90.000  44.000  10   6  240  298
 26  89.000  24.000  10  15    0 2476
 27  13.000  48.000  10  15 1691 1793
 28  84.000  88.000  10  16 1428 1541
 29  69.000 115.000  10  20    0 2480
 30  59.000 115.000  10  26 1239 1392
 31 105.000   2.000  10   1    0 2449
 32 104.000  54.000  10  13  208  333
 33  54.000  33.000  10  20  118  204
 34  32.000  52.000  10  32    0 2483
 35  99.000  34.000   0   9  295  432
 36  39.000 100.000  10  31    0 2482
 37  48.000  47.000  10  19   94  161
 38 104.000  73.000  10  17    0 2491
 39 103.000  44.000  10  12    0 2483
 40  73.000  96.000  10   9  656  793
 41  44.000 116.000   0  27    0 2473
 42  71.000  70.000  10   9    0 2524
 43  56.000 139.000  10  18 1284 1314
 44  34.000  72.000  10  21    0 2489
 45 120.000  22.000  10  39  440  591
 46  63.000 129.000  10   7  817  954
 47  33.000 117.000  10  20  365  507
 48 102.000  52.000  10  15    0 2489
 49  13.000 129.000  10  25 1414 1517
 50  34.000  20.000  10  15    0 2464
 51 114.000 109.000  10  16  326  412
 52  12.000  48.000  10   4  234  351
 53 139.000  72.000  10  23 1349 1466
 54 116.000  22.000  10  32  558  663
 55 110.000  99.000  10  21    0 2476
 56  16.000  62.000  10  15 1589 1700
 57  61.000  57.000  10  35    0 2510
 58 123.000  84.000  10  13 1652 1800
 59  93.000  61.000  10  10    0 2501
 60  65.000   0.000  10  20  282  432
 61 120.000  60.000  10  18  216  337
 62   2.000 106.000  10  16 1541 1673
 63  85.000 111.000  10  25 1035 1109
 64 113.000  45.000  10   4    0 2476
 65 138.000 105.000  10  24    0 2449
 66 116.000 105.000  10  23    0 2468
 67 110.000  28.000  10  20    0 2467
 68  66.000  40.000  10  20   40  202
 69  50.000 112.000  10  18  929 1045
 70  23.000  19.000  10  16  669  824
 71   4.000  71.000  10  19  640  763
 72  92.000 138.000  10  12    0 2454
 73 116.000  13.000  10   5  242  343
 74 112.000  13.000  10  27    0 2455
 75  49.000 140.000  10   3  944 1048
 76 120.000  47.000  10  18  129  312
 77  60.000  54.000  10   3    0 2507
 78 115.000  82.000  10  30    0 2479
 79 139.000 110.000  10  19  765  887
 80  82.000 100.000  10  18  411  543
 81 113.000  35.000  10   9  166  357
 82  97.000 115.000  10  25 1478 1589
 83 136.000 123.000  10  31    0 2441
 84 129.000  24.000  10  18 1341 1458
 85  58.000  11.000  10   9  533  604
 86  65.000  80.000  10  20    0 2514
 87  55.000 127.000  10  17    0 2467
 88 137.000  84.000  10  41  438  517
 89  79.000  80.000  10   4    0 2512
 90  12.000  84.000  10  16  777  933
 91  66.000  82.000  10  27    0 2513
 92  97.000  12.000  10  10  861  908
 93  55.000 102.000  10   4    0 2490
 94  70.000  94.000  10  32    0 2501
 95   4.000  44.000  10  24    0 2455
 96  66.000  91.000  10  16    0 2504
 97   5.000  99.000  10  24    0 2454
 98 137.000 127.000  10  28    0 2438
 99 138.000  24.000  10  12    0 2443
100 137.000  96.000  10   9    0 2454
101  81.000  36.000  10  17  237  382
102  61.000  34.000  10 -20 1910 1991
103   9.000  19.000  10 -14 1472 1631
104  70.000  83.000  10 -26    0 2512
105 132.000 133.000  10 -27    0 2437
106  98.000   4.000  10 -18    0 2454
107 109.000 139.000  10 -22  469  555
108  16.000  92.000  10  -9    0 2467
109  64.000 115.000  10 -22  514  687
110  89.000  39.000  10 -19  101  190
111  90.000  14.000  10 -27    0 2466
112  19.000 120.000  10  -8    0 2454
113 107.000  25.000  10 -20 1133 1176
114  15.000   9.000  10 -14 1663 1738
115 117.000   4.000  10 -13    0 2444
116   8.000 138.000  10 -21 1138 1312
117  33.000   0.000  10 -12 1920 2060
118  28.000  62.000  10 -30    0 2483
119  44.000  36.000  10 -13  211  290
120  60.000  84.000  10 -13 1914 2059
121  67.000 120.000  10  -8 1416 1574
122 120.000 102.000  10 -20  407  486
123  92.000  22.000  10 -36    0 2473
124 103.000  82.000  10 -15    0 2490
125  29.000  94.000  10 -21    0 2478
126 104.000  32.000  10  -6    0 2475
127  86.000  40.000  10 -15    0 2491
128  83.000  38.000  10 -15 1885 2046
129  58.000  80.000  10 -16 1820 1976
130  40.000 113.000  10 -20    0 2473
131  36.000  54.000  10 -26 1482 1614
132  88.000  29.000  10  -1    0 2481
133 100.000  99.000  10 -13 1216 1295
134  15.000  18.000  10 -20 1581 1739
135  69.000   6.000  10 -32  328  456
136  99.000  34.000  10  -9  295  432
137  18.000 104.000  10 -31 1350 1463
138  60.000  23.000  10 -19    0 2477
139 137.000   7.000  10 -17    0 2434
140 107.000  77.000  10 -12    0 2488
141 103.000  77.000  10  -9 1203 1242
142  44.000 116.000  10 -27    0 2473
143 140.000  36.000  10  -9    0 2448
144  37.000  73.000  10 -18    0 2492
145  36.000  38.000  10 -21    0 2479
146  80.000 103.000  10 -39 1484 1613
147  56.000 129.000  10  -7    0 2465
148 133.000 130.000  10 -20    0 2438
149 104.000 139.000  10 -15 1338 1466
150  17.000 138.000  10 -25 1719 1861
151  38.000 122.000  10 -15  941 1052
152 115.000 124.000  10 -16    0 2455
153  30.000  21.000  10  -4    0 2462
154  58.000  95.000  10 -23    0 2498
155 139.000  68.000  10 -32    0 2456
156  26.000 130.000  10 -21    0 2451
157   8.000  87.000  10 -15 1615 1714
158  15.000   4.000  10 -35  406  520
159 101.000   0.000  10 -13 1973 2130
160 119.000  73.000  10 -10  476  581
161  46.000 133.000  10 -20    0 2458
162  86.000  80.000  10 -18    0 2507
163  27.000 104.000  10 -16 2014 2124
164  20.000 106.000  10 -25 1095 1226
165 117.000  92.000  10  -4    0 2474
166  20.000  69.000  10 -24    0 2475
167  35.000  90.000  10 -23    0 2485
168 108.000  30.000  10 -20  381  504
169  23.000  39.000  10 -20 1419 1514
170  37.000  79.000  10 -18    0 2491
171  54.000 106.000  10 -16 1204 1270
172  37.000 125.000  10 -19    0 2461
173  22.000 104.000  10 -12    0 2467
174  54.000  41.000  10  -5 1124 1246
175 126.000  23.000  10 -27    0 2452
176  37.000 138.000  10  -3    0 2450
177  85.000  75.000  10 -18    0 2510
178  32.000   6.000  10  -3  401  479
179 135.000  65.000  10 -30    0 2460
180  47.000  83.000  10 -19    0 2499
181 125.000  68.000  10 -18  793  863
182 116.000  83.000  10  -9  732  823
183 109.000 131.000  10 -25    0 2453
184  12.000 138.000  10 -31 1096 1221
185 139.000  73.000  10 -18    0 2456
186  46.000 112.000  10  -9 1133 1274
187  54.000  78.000  10 -20    0 2508
188  39.000  13.000  10 -17 1490 1637
189 109.000  78.000  10 -41    0 2486
190 103.000  86.000  10  -4    0 2489
191  50.000 106.000  10 -16 1254 1429
192 137.000 101.000  10 -27  720  755
193 138.000  78.000  10 -10    0 2457
194  26.000  50.000  10  -4 1552 1667
195  64.000 138.000  10 -32    0 2457
196  27.000  46.000  10 -24    0 2476
197  67.000  96.000  10 -16 1975 2081
198  36.000 124.000  10 -24    0 2462
199  18.000  70.000  10 -28 1531 1717
200  83.000  12.000  10 -12    0 2466
201 107.000 102.000  10  -9    0 2477
202  51.000  92.000  10 -17 1797 1905
203  70.000  70.000   0   0    0 2535
