101 101 1000 1000 1000
  0  70.000  70.000   0   0    0 2535
  1 101.000   0.000  10   9 1973 2130
  2  30.000  57.000  10  20  912 1050
  3  29.000  60.000  10  14  138  199
  4  78.000 111.000  10  22  112  222
  5 107.000  25.000  10  13 1133 1176
  6  37.000 138.000  10   5  866  932
  7 121.000 123.000  10   9 1009 1167
  8 137.000   7.000  10  40  631  735
  9  50.000 106.000  10  25 1254 1429
 10  79.000  72.000  10  22    9  147
 11 104.000  32.000  10  18  528  670
 12 109.000 139.000  10   8  469  555
 13  78.000  63.000  10  19   10  128
 14  64.000 132.000  10   8  168  411
 15 133.000 130.000  10  13  900  998
 16  39.000  13.000  10  20 1490 1637
 17 140.000  42.000  10  13  412  512
 18 121.000 124.000  10  21  575  744
 19  42.000  29.000  10  12  238  362
 20  44.000  58.000  10  30   47  182
 21  41.000  36.000  10  13  203  328
 22  81.000  57.000  10   8   33  104
 23 113.000  32.000  10  36  589  683
 24  90.000  44.000  10   6  240  298
 25 139.000  73.000  10  10  339  477
 26  89.000  24.000  10  15 1226 1302
 27  60.000  84.000  10  23 1914 2059
 28  86.000  40.000  10  22   80  192
 29  69.000 115.000  10  20  836 1006
 30 105.000   2.000  10   1  891 1019
 31 107.000  77.000  10  34   83  219
 32 104.000  54.000  10  13  208  333
 33  54.000  33.000  10  20  118  204
 34  32.000  52.000  10  32  557  771
 35  37.000 125.000  10  10 1328 1540
 36  38.000 122.000  10  13  941 1052
 37  85.000  75.000  10  37   22  186
 38 103.000  77.000  10  17 1203 1242
 39 139.000  68.000  10  25  275  472
 40  39.000 100.000  10  31  274  374
 41  48.000  47.000  10  19   94  161
 42  36.000  54.000  10  15 1482 1614
 43  27.000 104.000  10   1 2014 2124
 44  34.000  72.000   0  21 2152 2357
 45  54.000 106.000  10   9 1204 1270
 46  63.000 129.000  10   7  817  954
 47  13.000 129.000  10  25 1414 1517
 48  34.000  20.000  10  15  636  689
 49 114.000 109.000  10  16  326  412
 50  33.000   0.000  10  20 1920 2060
 51  12.000  48.000  10   4  234  351
 52 116.000  22.000  10  32  558  663
 53  27.000  46.000  10  35  839  953
 54  19.000 120.000  10  16 1102 1107
 55  23.000  39.000  10  20 1419 1514
 56  61.000  57.000  10  35 1486 1633
 57 123.000  84.000  10  13 1652 1800
 58  89.000  39.000  10  23  101  190
 59  65.000   0.000  10  20  282  432
 60  92.000  22.000  10  18  758  882
 61   2.000 106.000  10  16 1541 1673
 62 117.000  92.000  10  25 1144 1240
 63  85.000 111.000  10  25 1035 1109
 64 113.000  45.000  10   4 1195 1317
 65  12.000 138.000  10  14 1096 1221
 66  66.000  40.000  10  20   40  202
 67 140.000  36.000  10   1  669  855
 68  92.000 138.000  10  12 1598 1738
 69  69.000   6.000  10   8  328  456
 70 100.000  99.000  10  17 1216 1295
 71 116.000  13.000  10   5  242  343
 72  36.000 124.000  10  34  935 1055
 73 139.000 110.000  10  19  765  887
 74  64.000 115.000  10  15  514  687
 75  82.000 100.000  10  18  411  543
 76 113.000  35.000  10   9  166  357
 77  56.000 129.000  10  21 1176 1237
 78  54.000  41.000  10   9 1124 1246
 79  58.000  11.000  10   9  533  604
 80  65.000  80.000  10  20   11  101
 81  79.000  80.000  10   4   13  145
 82  51.000  92.000  10   9 1797 1905
 83  12.000  84.000  10  16  777  933
 84  66.000  82.000   0  27 2040 2088
 85  97.000  12.000  10  10  861  908
 86  20.000 106.000  10  24 1095 1226
 87  15.000   4.000  10  23  406  520
 88  60.000  23.000  10  16  224  325
 89   4.000  44.000  10  24 1665 1780
 90  66.000  91.000  10  16   43  129
 91 103.000  82.000  10  27 1282 1448
 92  15.000   9.000  10   2 1663 1738
 93   5.000  99.000  10  24 1306 1407
 94  36.000  38.000  10   5 1781 1841
 95  44.000  36.000  10   9  211  290
 96 137.000 127.000  10  28  786  899
 97 120.000 102.000  10  18  407  486
 98 137.000  96.000  10   9  194  381
 99   8.000 138.000  10  10 1138 1312
100  81.000  36.000  10  17  237  382
101 116.000  83.000  10  30  732  823
102  88.000  29.000  10  -9 2254 2377
103  37.000  73.000  10 -20 1358 1449
104  44.000 116.000  10 -14  199  345
105 132.000 133.000  10 -22  571  667
106 110.000  28.000  10 -13 1236 1328
107  49.000 140.000  10  -5  944 1048
108 104.000 139.000  10  -9 1338 1466
109  98.000   4.000  10 -40  694  847
110  26.000  50.000  10 -25 1552 1667
111 138.000  78.000  10 -22  787  951
112  90.000  14.000  10 -18 1866 1965
113 137.000 137.000  10  -8  378  539
114 138.000  24.000  10 -19  705  851
115  82.000 103.000  10  -8  155  243
116 109.000 131.000  10 -13  899 1031
117   9.000  19.000  10 -20 1472 1631
118 137.000  84.000  10 -13  438  517
119 110.000  99.000  10 -21 1227 1315
120  32.000   6.000  10 -12  401  479
121  73.000  96.000  10 -30  656  793
122  28.000  62.000  10 -13  815  873
123 139.000  72.000  10  -8 1349 1466
124 120.000  52.000  10 -36 1517 1598
125  99.000  34.000  10  -6  295  432
126 119.000  73.000  10 -10  476  581
127 135.000  65.000  10 -15 1313 1517
128  58.000  95.000  10 -23 1949 2050
129 108.000  30.000  10 -22  381  504
130  40.000 113.000  10 -20 1838 2094
131 112.000  13.000  10  -1 2095 2224
132 120.000  60.000  10 -34  216  337
133 120.000  47.000  10 -13  129  312
134  69.000 116.000  10 -20 1381 1493
135  84.000  88.000  10 -32 1428 1541
136  54.000  78.000  10 -10 2204 2315
137  26.000 130.000  10 -13 1089 1172
138  15.000  18.000  10 -37 1581 1739
139  97.000 115.000  10 -17 1478 1589
140 125.000  68.000  10 -25  793  863
141  33.000 117.000  10 -31  365  507
142  46.000 133.000  10 -19  321  403
143  35.000  90.000  10 -15 1790 1896
144  10.000 111.000  10  -1 1975 2088
145  34.000  72.000  10 -21 2152 2357
146  18.000  70.000  10  -9 1531 1717
147  55.000 127.000  10  -7 1028 1160
148  16.000  92.000  10 -25 1430 1561
149  29.000  94.000  10 -15 1099 1240
150 104.000  73.000  10 -16  990 1124
151  61.000  34.000  10 -20 1910 1991
152  50.000 112.000  10  -4  929 1045
153  83.000  12.000  10 -32  911 1050
154  86.000  80.000  10 -35 1464 1652
155  20.000  69.000  10 -16 1472 1673
156  83.000  38.000  10 -20 1885 2046
157  67.000  96.000  10 -35 1975 2081
158  71.000  70.000  10 -13 1916 2047
159 102.000  52.000  10 -23  625  766
160  59.000 115.000  10 -20 1239 1392
161 120.000  14.000  10 -18 1030 1159
162  17.000 138.000  10 -16 1719 1861
163 115.000 124.000  10 -25 1634 1774
164  60.000  54.000  10 -25  915 1118
165 117.000   4.000  10  -4 1658 1810
166  47.000  83.000  10 -14 1280 1381
167  80.000 103.000  10 -20 1484 1613
168 106.000  10.000  10  -1 1229 1282
169  95.000 135.000  10 -12 1622 1703
170  16.000  62.000  10  -8 1589 1700
171 138.000 105.000  10 -17 1589 1759
172 120.000  22.000  10  -5  440  591
173   8.000  87.000  10 -34 1615 1714
174 103.000  86.000  10 -19 1047 1135
175  10.000  86.000  10 -15 1634 1771
176  56.000 139.000  10 -18 1284 1314
177 107.000 102.000  10  -9  859 1015
178  64.000 138.000  10 -21 1755 1885
179  30.000  21.000  10  -9 1287 1413
180  23.000  19.000  10  -9  669  824
181 103.000 119.000  10 -20 1329 1463
182 103.000  44.000  10  -4  107  229
183  70.000  83.000  10  -9 1938 2061
184  55.000 102.000  10 -16 1294 1343
185  66.000  82.000  10 -27 2040 2088
186 126.000  23.000  10 -10 1051 1177
187  67.000 120.000  10 -24 1416 1574
188  37.000  79.000  10 -23 1713 1834
189   4.000  71.000  10 -16  640  763
190  13.000  48.000  10 -24 1691 1793
191  70.000  94.000  10 -16   25  168
192 136.000 123.000  10 -27 1272 1396
193  93.000  61.000  10  -2 2084 2205
194  18.000 104.000  10 -24 1350 1463
195  58.000  80.000  10  -5 1820 1976
196  22.000 104.000  10  -9  952 1018
197 115.000  82.000  10 -28 1064 1195
198 137.000 101.000  10 -18  720  755
199 116.000 105.000  10  -9  582  691
200  46.000 112.000  10 -10 1133 1274
201 129.000  24.000  10 -17 1341 1458
202 109.000  78.000  10 -30  923 1098
203  70.000  70.000   0   0    0 2535
