106 106 1000 200 1000
  0  70.000  70.000   0   0    0  634
  1  10.000  86.000  10  14  411  441
  2  79.000  72.000  10  22    9   39
  3  16.000  39.000  10  20   81  111
  4  61.000  54.000  10  10   40   70
  5  96.000  26.000  10  10   57   87
  6  16.000  92.000  10  10  359  389
  7  85.000 106.000  10  20   45   75
  8   6.000  25.000   0  10  130  160
  9  61.000  48.000  10  20   68   98
 10  97.000  29.000  10  30   49   79
 11 112.000  67.000  10  10   83  113
 12  19.000  37.000  10  20  126  156
 13  90.000  44.000  10   6   52   82
 14   4.000  23.000  10  10  117  147
 15 113.000  32.000  10  36  144  174
 16  63.000  57.000   0  10   15   45
 17 137.000  96.000  10   9   71  101
 18 127.000 112.000   0  20  121  151
 19   2.000  28.000  10  10   79  109
 20  86.000 102.000  10  10   35   65
 21 126.000 112.000  10  10  110  140
 22 113.000  69.000  10  20   70  100
 23  21.000  48.000  10  10   53   83
 24  86.000  36.000  10  20   79  109
 25 121.000 112.000  10  20   74  104
 26  66.000  40.000  10  20   30   60
 27  87.000  39.000  10  20   35   65
 28 121.000 123.000  10   9  257  287
 29  70.000  94.000  10  32   24   54
 30 117.000  92.000  10  25  283  313
 31 122.000 113.000  10  20   85  115
 32  91.000 108.000  10  10   72  102
 33 140.000  42.000  10  13  101  131
 34  16.000  38.000  10  20   92  122
 35  44.000  36.000  10   9   48   78
 36  80.000 103.000   0  15  372  402
 37  99.000  26.000  10  40   70  100
 38  34.000 108.000  10  10  121  151
 39 102.000  60.000  10  30  135  165
 40  30.000  21.000  10  12  322  352
 41  18.000  70.000  10  26  391  421
 42  54.000  41.000   0   9  281  311
 43 101.000   0.000   0   9  498  528
 44  28.000  99.000  10  10   51   81
 45 118.000 108.000  10  10  175  205
 46  50.000 112.000  10  18  232  262
 47  44.000 116.000  10  27   53   83
 48 126.000  23.000   0  13  263  293
 49  85.000  75.000  10  37   15   45
 50 120.000 136.000  10  10  115  145
 51  36.000  54.000  10  15  372  402
 52 111.000  66.000  10  20   94  124
 53 119.000 136.000  10  30  104  134
 54  84.000  99.000  10  20   32   62
 55 137.000 127.000  10  28  196  226
 56  31.000 112.000  10  20  106  136
 57  92.000  22.000  10  18  190  220
 58 137.000   7.000  10  40  156  186
 59  56.000 139.000  10  18  310  340
 60 106.000  10.000  10  13  299  329
 61  56.000 129.000   0  21  287  317
 62   8.000 138.000   0  10  291  321
 63  88.000  35.000  10  20   66   96
 64 116.000 132.000  10  10  177  207
 65 113.000  45.000   0   4  299  329
 66  28.000 107.000  10  20   65   95
 67 115.000 134.000  10  30   78  108
 68  57.000  59.000  10  10  122  152
 69  89.000  39.000  10  23   36   66
 70  59.000  52.000  10  20   82  112
 71  19.000 120.000  10  16  261  291
 72  90.000 104.000  10  20  142  172
 73  66.000  91.000  10  16   21   51
 74  78.000  63.000  10  19   10   40
 75  92.000 107.000  10  30   83  113
 76  37.000 138.000  10   5  210  240
 77 113.000  71.000  10  10   58   88
 78  41.000  36.000  10  13   51   81
 79 121.000 134.000  10  20  127  157
 80  67.000  55.000  10  10   15   45
 81  93.000  36.000  10  20   41   71
 82 107.000  63.000  10  30  119  149
 83  48.000  47.000  10  19   31   61
 84  62.000  58.000  10  20   26   56
 85   0.000  27.000  10  30   91  121
 86 118.000 114.000  10  10   65   95
 87 113.000  35.000  10   9   55   85
 88 119.000 139.000  10  20   91  121
 89 104.000  54.000  10  13   53   83
 90  21.000  44.000  10  20   55   85
 91 100.000 106.000  10  10  101  131
 92  32.000 106.000  10  10  134  164
 93 109.000 131.000  10  20   72  102
 94  89.000  24.000  10  15  301  331
 95  86.000  37.000  10  10   90  120
 96   1.000  34.000  10  20   77  107
 97 103.000  69.000  10  30   33   63
 98  98.000  31.000  10  20   95  125
 99  22.000  38.000  10  20  161  191
100 118.000 131.000   0  20  164  194
101 108.000  30.000  10  18   96  126
102 103.000  86.000   0  19  258  288
103 107.000  77.000  10  34   37   67
104  17.000  43.000  10  10   67   97
105  26.000 105.000  10  40   56   86
106  60.000  23.000  10  16   54   84
107   8.000  87.000  10 -14  401  431
108 109.000  71.000  10 -22   39   69
109  15.000   4.000  10 -20  101  131
110  64.000  61.000  10 -10  149  179
111 107.000  25.000  10 -10  274  304
112  10.000 111.000  10 -10  493  523
113  87.000 108.000  10 -20   58   88
114   6.000  25.000  10 -10  130  160
115  59.000  56.000  10 -20  108  138
116  97.000  28.000  10 -30   49   79
117 138.000  78.000  10 -10  202  232
118  19.000  39.000  10 -20  138  168
119  84.000  39.000  10  -6  115  145
120   4.000  44.000  10 -10  416  446
121 116.000  22.000  10 -36  138  168
122  63.000  57.000  10 -10   15   45
123 139.000 110.000  10  -9  191  221
124 127.000 112.000  10 -20  121  151
125   1.000  24.000  10 -10  104  134
126 109.000 139.000  10 -10  113  143
127 127.000 108.000  10 -10  135  165
128 125.000  68.000  10 -20  192  222
129  13.000  48.000  10 -10  420  450
130  39.000  13.000  10 -20  376  406
131 125.000 108.000  10 -20  147  177
132  34.000  72.000  10 -20  549  579
133  99.000  28.000  10 -20   82  112
134 103.000 119.000  10  -9  334  364
135  82.000 100.000  10 -32  104  134
136  86.000  80.000  10 -25  374  404
137 123.000 112.000  10 -20   97  127
138  84.000  88.000  10 -10  356  386
139 120.000  14.000  10 -13  259  289
140  18.000  38.000  10 -20  115  145
141  61.000  34.000  10  -9  473  503
142  80.000 103.000  10 -15  372  402
143 103.000  34.000  10 -40  111  141
144  35.000  99.000  10 -10  185  215
145 109.000  78.000  10 -30  238  268
146  35.000  90.000  10 -12  446  476
147  60.000  84.000  10 -26  482  512
148  54.000  41.000  10  -9  281  311
149 101.000   0.000  10  -9  498  528
150  34.000 104.000  10 -10  147  177
151 100.000  99.000  10 -10  299  329
152  58.000  95.000  10 -18  485  515
153  64.000 132.000  10 -27   62   92
154 126.000  23.000  10 -13  263  293
155 137.000 101.000  10 -37  169  199
156 121.000 110.000  10 -10  161  191
157  20.000  69.000  10 -15  378  408
158 116.000  83.000  10 -20  179  209
159 110.000  99.000  10 -30  303  333
160  94.000 104.000  10 -20  128  158
161 133.000 130.000  10 -28  222  252
162  47.000  83.000  10 -20  318  348
163  33.000   0.000  10 -18  482  512
164  88.000  29.000  10 -40  550  580
165  66.000  82.000  10 -18  501  531
166 112.000  13.000  10 -13  524  554
167  56.000 129.000  10 -21  287  317
168   8.000 138.000  10 -10  291  321
169  84.000  36.000  10 -20  102  132
170  50.000 106.000  10 -10  320  350
171 113.000  45.000  10  -4  299  329
172  36.000 105.000  10 -20  159  189
173 119.000 130.000  10 -30  153  183
174  61.000  59.000  10 -10  136  166
175  99.000  34.000  10 -23   76  106
176  57.000  53.000  10 -20   94  124
177  18.000 104.000  10 -16  337  367
178  91.000  95.000  10 -20  171  201
179  37.000 125.000  10 -16  343  373
180 103.000  44.000  10 -19   42   72
181  90.000 101.000  10 -30  155  185
182  36.000 124.000  10  -5  234  264
183 135.000  65.000  10 -10  339  369
184  20.000  39.000  10 -13  149  179
185 122.000 131.000  10 -20  140  170
186  69.000   6.000  10 -10   83  113
187  95.000  35.000  10 -20   49   79
188 103.000  82.000  10 -30  326  356
189  17.000  37.000  10 -19  103  133
190  63.000  50.000  10 -20   55   85
191   4.000  28.000  10 -30  144  174
192 119.000 114.000  10 -10   65   95
193 140.000  36.000  10  -9  176  206
194 137.000 137.000  10 -20  100  130
195 110.000  66.000  10 -13  105  135
196  23.000  39.000  10 -20  352  382
197  94.000 105.000  10 -10  117  147
198  35.000 102.000  10 -10  172  202
199 121.000 124.000  10 -20  150  180
200  15.000  18.000  10 -15  400  430
201  15.000   9.000  10 -10  410  440
202   4.000  30.000  10 -20  156  186
203 112.000  71.000  10 -30   47   77
204  97.000  12.000  10 -20  206  236
205  36.000  38.000  10 -20  438  468
206 118.000 131.000  10 -20  164  194
207 105.000   2.000  10 -18  224  254
208 103.000  86.000  10 -19  258  288
209 115.000 124.000  10 -34  411  441
210  16.000  62.000  10 -10  396  426
211  21.000 115.000  10 -40   86  116
212  83.000  12.000  10 -16  230  260
213  70.000  70.000   0   0    0  634
