105 105 1000 200 1000
  0  70.000  70.000   0   0    0  634
  1  16.000  62.000  10  15  381  441
  2  84.000  36.000  10  10   87  147
  3  79.000  72.000  10  22    9   69
  4  16.000  39.000  10  20   66  126
  5  61.000  54.000  10  10   25   85
  6  96.000  26.000  10  10   51  111
  7  16.000  92.000  10  10  344  404
  8  85.000 106.000  10  20   39   99
  9  87.000 108.000  10  20   43  103
 10  18.000 104.000  10  18  322  382
 11  61.000  48.000  10  20   53  113
 12  97.000  29.000  10  30   49  109
 13  15.000   9.000  10   2  395  455
 14 127.000 108.000  10  10  120  180
 15  63.000  57.000   0  10   14   74
 16  94.000 104.000  10  10  113  173
 17 137.000  96.000  10   9   71  131
 18   2.000  28.000  10  10   79  139
 19  86.000 102.000  10  10   35   95
 20 126.000 112.000  10  10   95  155
 21  61.000  34.000   0   7  458  518
 22 113.000  69.000  10  20   55  115
 23 109.000  78.000  10  21  223  283
 24  21.000  48.000  10  10   53  113
 25  86.000  36.000  10  20   64  124
 26 121.000 112.000  10  20   66  126
 27  19.000  39.000  10  10  123  183
 28  66.000  40.000  10  20   30   90
 29  63.000  50.000  10  10   40  100
 30 137.000 137.000   0  27   94  154
 31  70.000  94.000   0  32   24   84
 32 122.000 113.000  10  20   70  130
 33 109.000  71.000  10  20   39   99
 34  91.000 108.000  10  10   57  117
 35 140.000  42.000  10  13   86  146
 36  16.000  38.000  10  20   77  137
 37  44.000  36.000  10   9   42  102
 38 109.000 139.000  10   8   98  158
 39  80.000 103.000   0  15  357  417
 40  99.000  26.000  10  40   55  115
 41  34.000 108.000  10  10  106  166
 42  36.000 124.000   0  34  219  279
 43 139.000 110.000  10  19  176  236
 44  54.000  41.000  10   9  266  326
 45  28.000  99.000  10  10   51  111
 46 119.000 114.000  10  20   65  125
 47  82.000 100.000  10  18   89  149
 48  85.000  75.000  10  37   15   75
 49 120.000 136.000  10  10  100  160
 50 105.000   2.000  10   1  209  269
 51  35.000  90.000  10  20  431  491
 52  84.000  99.000  10  20   32   92
 53 137.000 127.000  10  28  181  241
 54  95.000  35.000  10  10   43  103
 55  69.000   6.000  10   8   68  128
 56   1.000  24.000  10  10   89  149
 57 138.000  78.000  10  43  187  247
 58 123.000 112.000  10  20   82  142
 59 137.000   7.000  10  40  141  201
 60  34.000 104.000  10  10  132  192
 61  56.000 139.000  10  18  295  355
 62 125.000 108.000   0  20  132  192
 63  21.000 115.000  10  10   71  131
 64  56.000 129.000   0  21  272  332
 65 116.000 132.000  10  10  162  222
 66  28.000 107.000  10  20   55  115
 67 116.000  83.000  10  30  164  224
 68  57.000  59.000  10  10  107  167
 69  89.000  39.000  10  23   36   96
 70 112.000  71.000  10  20   42  102
 71  35.000  99.000  10  20  170  230
 72  84.000  39.000  10  20  100  160
 73  20.000  39.000  10  10  134  194
 74  90.000 104.000  10  20  127  187
 75  66.000  91.000  10  16   21   81
 76   4.000  44.000  10  24  401  461
 77  78.000  63.000  10  19   10   70
 78  92.000 107.000  10  30   68  128
 79 120.000  14.000  10  20  244  304
 80 113.000  71.000  10  10   43  103
 81 112.000  13.000  10  27  494  554
 82  41.000  36.000  10  13   44  104
 83  67.000  55.000   0  10   15   75
 84  64.000 132.000  10   8   62  122
 85  93.000  36.000  10  20   41  101
 86  48.000  47.000  10  19   31   91
 87  62.000  58.000  10  20   14   74
 88 118.000 114.000  10  10   65  125
 89 119.000 139.000  10  20   84  144
 90 104.000  54.000  10  13   37   97
 91  21.000  44.000  10  20   55  115
 92  47.000  83.000  10   1  303  363
 93  32.000 106.000  10  10  119  179
 94 109.000 131.000  10  20   72  132
 95  86.000  37.000  10  10   75  135
 96   1.000  34.000  10  20   77  137
 97 103.000  69.000  10  30   33   93
 98 103.000  34.000  10  30   96  156
 99  22.000  38.000  10  20  146  206
100 108.000  30.000  10  18   81  141
101 107.000  77.000  10  34   37   97
102  17.000  43.000  10  10   59  119
103 140.000  36.000   0   1  161  221
104  26.000 105.000  10  40   56  116
105  60.000  23.000  10  16   48  108
106  18.000  70.000  10 -15  376  436
107  34.000  72.000  10 -10  528  588
108  90.000  44.000  10 -22   37   97
109  33.000   0.000  10 -20  467  527
110  59.000  56.000  10 -10   93  153
111  89.000  24.000  10 -10  286  346
112   8.000  87.000  10 -10  386  446
113  91.000  95.000  10 -20  156  216
114  94.000 105.000  10 -20  102  162
115  10.000  86.000  10 -18  396  456
116  59.000  52.000  10 -20   67  127
117  99.000  28.000  10 -30   67  127
118  15.000  18.000  10  -2  385  445
119 110.000  99.000  10 -10  288  348
120  63.000  57.000  10 -10   14   74
121  90.000 101.000  10 -10  140  200
122 135.000  65.000  10  -9  324  384
123   4.000  28.000  10 -10  129  189
124 121.000 124.000  10 -10  135  195
125 118.000 108.000  10 -10  160  220
126  61.000  34.000  10  -7  458  518
127 111.000  66.000  10 -20   79  139
128 103.000  86.000  10 -21  243  303
129   4.000  23.000  10 -10  102  162
130 113.000  32.000  10 -20  129  189
131 127.000 112.000  10 -20  106  166
132  39.000  13.000  10 -10  361  421
133  83.000  12.000  10 -20  215  275
134  64.000  61.000  10 -10  134  194
135 137.000 137.000  10 -27   94  154
136  70.000  94.000  10 -32   24   84
137 100.000  99.000  10 -20  284  344
138 110.000  66.000  10 -20   90  150
139 121.000 123.000  10 -10  242  302
140 125.000  68.000  10 -13  177  237
141  17.000  37.000  10 -20   88  148
142  18.000  38.000  10  -9  100  160
143 115.000 134.000  10  -8   78  138
144  80.000 103.000  10 -15  357  417
145  92.000  22.000  10 -40  175  235
146   8.000 138.000  10 -10  276  336
147  36.000 124.000  10 -34  219  279
148 137.000 101.000  10 -19  154  214
149  36.000  54.000  10  -9  357  417
150  10.000 111.000  10 -10  478  538
151 119.000 136.000  10 -20   89  149
152  37.000 125.000  10 -18  328  388
153 103.000  44.000  10 -37   42  102
154 121.000 134.000  10 -10  112  172
155 106.000  10.000  10  -1  284  344
156  60.000  84.000  10 -20  467  527
157 118.000 131.000  10 -20  149  209
158 115.000 124.000  10 -28  396  456
159  98.000  31.000  10 -10   80  140
160  97.000  12.000  10  -8  191  251
161   6.000  25.000  10 -10  115  175
162 103.000  82.000  10 -43  311  371
163 121.000 110.000  10 -20  146  206
164 126.000  23.000  10 -40  248  308
165  50.000 112.000  10 -10  217  277
166  66.000  82.000  10 -18  486  546
167 125.000 108.000  10 -20  132  192
168  37.000 138.000  10 -10  195  255
169  56.000 129.000  10 -21  272  332
170 119.000 130.000  10 -10  138  198
171  31.000 112.000  10 -20   91  151
172 117.000  92.000  10 -30  268  328
173  61.000  59.000  10 -10  121  181
174  87.000  39.000  10 -23   35   95
175 112.000  67.000  10 -20   68  128
176  50.000 106.000  10 -20  305  365
177  20.000  69.000  10 -20  363  423
178  23.000  39.000  10 -10  337  397
179  84.000  88.000  10 -20  341  401
180  35.000 102.000  10 -16  157  217
181  13.000  48.000  10 -24  405  465
182  99.000  34.000  10 -19   61  121
183 100.000 106.000  10 -30   86  146
184 107.000  25.000  10 -20  259  319
185 107.000  63.000  10 -10  104  164
186  88.000  29.000  10 -27  520  580
187  30.000  21.000  10 -13  307  367
188  67.000  55.000  10 -10   15   75
189  44.000 116.000  10  -8   52  112
190  97.000  28.000  10 -20   49  109
191  19.000  37.000  10 -19  111  171
192  57.000  53.000  10 -20   79  139
193 103.000 119.000  10 -10  319  379
194 122.000 131.000  10 -20  125  185
195 113.000  35.000  10 -13   55  115
196  15.000   4.000  10 -20   85  145
197  58.000  95.000  10  -1  470  530
198  36.000 105.000  10 -10  144  204
199 133.000 130.000  10 -20  207  267
200  88.000  35.000  10 -10   51  111
201   0.000  27.000  10 -20   82  142
202 102.000  60.000  10 -30  120  180
203 113.000  45.000  10 -30  284  344
204  36.000  38.000  10 -20  423  483
205 116.000  22.000  10 -18  123  183
206  86.000  80.000  10 -34  359  419
207   4.000  30.000  10 -10  141  201
208 140.000  36.000  10  -1  161  221
209  19.000 120.000  10 -40  246  306
210 101.000   0.000  10 -16  483  543
211  70.000  70.000   0   0    0  634
