105 105 1000 200 1000
  0  70.000  70.000   0   0    0  634
  1  10.000  86.000   0  14  351  501
  2  16.000  62.000  10  15  336  486
  3  79.000  72.000  10  22    9  159
  4  16.000  39.000  10  20   62  212
  5  61.000  54.000  10  10   18  168
  6  85.000 106.000  10  20   39  189
  7  61.000  48.000  10  20   23  173
  8 112.000  67.000  10  10   42  192
  9  99.000  28.000  10  30   51  201
 10  15.000   9.000  10   2  350  500
 11  19.000  37.000  10  20   66  216
 12  90.000 101.000  10  10   95  245
 13 125.000  68.000  10  20  132  282
 14 127.000 108.000  10  10   75  225
 15  90.000  44.000  10   6   32  182
 16  63.000  57.000  10  10   14  164
 17  94.000 104.000  10  10   68  218
 18  58.000  95.000   0  35  425  575
 19 137.000  96.000  10   9   71  221
 20  20.000  69.000   0  13  318  468
 21  86.000 102.000  10  10   35  185
 22 126.000 112.000  10  10   70  220
 23  86.000  36.000  10  20   37  187
 24  66.000  40.000  10  20   30  180
 25  87.000  39.000  10  20   35  185
 26  63.000  50.000  10  10   21  171
 27 137.000 101.000  10  12  109  259
 28  70.000  94.000  10  32   24  174
 29 122.000 113.000  10  20   67  217
 30  35.000 102.000  10  10  112  262
 31   8.000  87.000  10  17  341  491
 32  16.000  38.000  10  20   62  212
 33  44.000  36.000  10   9   42  192
 34 109.000 139.000  10   8   79  229
 35  99.000  26.000  10  40   52  202
 36  34.000 108.000  10  10   61  211
 37  36.000 124.000  10  34  174  324
 38 102.000  60.000  10  30   75  225
 39 139.000 110.000  10  19  131  281
 40  10.000 111.000   0  21  402  552
 41   4.000  28.000  10  10   84  234
 42  57.000  53.000  10  10   34  184
 43  84.000  88.000   0  16  296  446
 44  44.000 116.000  10  27   52  202
 45  82.000 100.000  10  18   44  194
 46  83.000  12.000  10  29  170  320
 47  85.000  75.000  10  37   15  165
 48 120.000 136.000  10  10   82  232
 49 105.000   2.000  10   1  164  314
 50 119.000 136.000  10  30   82  232
 51  95.000  35.000  10  10   43  193
 52   1.000  24.000  10  10   82  232
 53  31.000 112.000  10  20   57  207
 54 100.000  99.000  10  17  239  389
 55  92.000  22.000  10  18  130  280
 56 121.000 124.000  10  21   90  240
 57  34.000 104.000  10  10   87  237
 58  56.000 139.000  10  18  250  400
 59 106.000  10.000  10  13  239  389
 60 110.000  66.000  10  10   45  195
 61  36.000  38.000   0   5  378  528
 62 116.000 132.000   0  10  117  267
 63 113.000  45.000   0   4  239  389
 64  28.000 107.000  10  20   55  205
 65 116.000  83.000  10  30  119  269
 66  59.000  52.000  10  20   22  172
 67 112.000  71.000  10  20   42  192
 68  35.000  99.000  10  20  125  275
 69  84.000  39.000  10  20   55  205
 70  20.000  39.000  10  10   89  239
 71  66.000  91.000  10  16   21  171
 72  78.000  63.000  10  19   10  160
 73  92.000 107.000  10  30   43  193
 74 120.000  14.000  10  20  199  349
 75 113.000  71.000  10  10   43  193
 76  41.000  36.000  10  13   44  194
 77  64.000  61.000  10  20   89  239
 78 103.000  44.000  10  12   42  192
 79  67.000  55.000  10  10   15  165
 80  64.000 132.000  10   8   62  212
 81 115.000 124.000   0  11  351  501
 82 122.000 131.000  10  20   80  230
 83 107.000  63.000  10  30   59  209
 84  48.000  47.000  10  19   31  181
 85  62.000  58.000  10  20   14  164
 86   0.000  27.000  10  30   82  232
 87 118.000 114.000  10  10   65  215
 88 113.000  35.000  10   9   55  205
 89 119.000 139.000  10  20   84  234
 90 104.000  54.000  10  13   37  187
 91  59.000  56.000  10  20   48  198
 92  21.000  44.000  10  20   55  205
 93 100.000 106.000  10  10   46  196
 94 109.000 131.000  10  20   72  222
 95  97.000  28.000  10  20   49  199
 96   1.000  34.000  10  20   77  227
 97 103.000  69.000  10  30   33  183
 98 103.000  34.000   0  30   51  201
 99  61.000  59.000  10  20   76  226
100  94.000 105.000  10  10   57  207
101  15.000  18.000  10  10  340  490
102 107.000  77.000  10  34   37  187
103  17.000  43.000  10  10   59  209
104  26.000 105.000  10  40   56  206
105  60.000  23.000  10  16   48  198
106  10.000  86.000  10 -14  351  501
107  18.000  70.000  10 -15  331  481
108 109.000  71.000  10 -22   39  189
109  17.000  37.000  10 -20   62  212
110 107.000  25.000  10 -10  214  364
111  87.000 108.000  10 -20   41  191
112  86.000  37.000  10 -20   36  186
113  86.000  80.000  10 -10  314  464
114  97.000  12.000  10 -30  146  296
115  61.000  34.000  10  -2  413  563
116  22.000  38.000  10 -20  101  251
117  91.000  95.000  10 -10  111  261
118 126.000  23.000  10 -20  203  353
119 125.000 108.000  10 -10   87  237
120  93.000  36.000  10  -6   41  191
121  88.000  35.000  10 -10   39  189
122 118.000 131.000  10 -10  104  254
123  58.000  95.000  10 -35  425  575
124 118.000 108.000  10  -9  115  265
125  20.000  69.000  10 -13  318  468
126  91.000 108.000  10 -10   43  193
127 123.000 112.000  10 -10   67  217
128 108.000  30.000  10 -20   55  205
129   6.000  25.000  10 -20   78  228
130  89.000  39.000  10 -20   36  186
131  33.000   0.000  10 -10  395  545
132 121.000 112.000  10 -12   66  216
133  50.000 112.000  10 -32  172  322
134 121.000 110.000  10 -20  101  251
135  32.000 106.000  10 -10   74  224
136  34.000  72.000  10 -17  438  588
137  18.000  38.000  10 -20   61  211
138  19.000  39.000  10  -9   78  228
139 115.000 134.000  10  -8   78  228
140  69.000   6.000  10 -40   64  214
141  19.000 120.000  10 -10  201  351
142  50.000 106.000  10 -34  260  410
143 103.000  86.000  10 -30  198  348
144 127.000 112.000  10 -19   70  220
145  10.000 111.000  10 -21  402  552
146  39.000  13.000  10 -10  316  466
147  47.000  83.000  10 -10  258  408
148  84.000  88.000  10 -16  296  446
149  56.000 129.000  10 -27  227  377
150  84.000  99.000  10 -18   32  182
151  54.000  41.000  10 -29  221  371
152 110.000  99.000  10 -37  243  393
153 133.000 130.000  10 -10  162  312
154 101.000   0.000  10  -1  398  548
155 137.000 127.000  10 -30  136  286
156  99.000  34.000  10 -10   46  196
157  15.000   4.000  10 -10   85  235
158  21.000 115.000  10 -20   66  216
159  80.000 103.000  10 -17  312  462
160  88.000  29.000  10 -18  430  580
161 121.000 123.000  10 -21  197  347
162  36.000 105.000  10 -10   99  249
163  37.000 125.000  10 -18  283  433
164 112.000  13.000  10 -13  404  554
165 113.000  69.000  10 -10   43  193
166  36.000  38.000  10  -5  378  528
167 116.000 132.000  10 -10  117  267
168 113.000  45.000  10  -4  239  389
169  35.000  90.000  10 -20  386  536
170 117.000  92.000  10 -30  223  373
171  84.000  36.000  10 -20   42  192
172 140.000  36.000  10 -20  116  266
173  28.000  99.000  10 -20   51  201
174  97.000  29.000  10 -20   49  199
175  13.000  48.000  10 -10  360  510
176   8.000 138.000  10 -16  231  381
177  98.000  31.000  10 -19   48  198
178  90.000 104.000  10 -30   82  232
179 137.000   7.000  10 -20   96  246
180 138.000  78.000  10 -10  142  292
181   4.000  30.000  10 -13   96  246
182  16.000  92.000  10 -20  299  449
183 116.000  22.000  10 -12   78  228
184  96.000  26.000  10 -10   51  201
185  37.000 138.000  10  -8  150  300
186 115.000 124.000  10 -11  351  501
187 103.000 119.000  10 -20  274  424
188 111.000  66.000  10 -30   41  191
189  21.000  48.000  10 -19   53  203
190  66.000  82.000  10 -20  441  591
191   4.000  23.000  10 -30   81  231
192 119.000 130.000  10 -10   93  243
193 113.000  32.000  10  -9   84  234
194 137.000 137.000  10 -20   94  244
195 103.000  82.000  10 -13  266  416
196  36.000  54.000  10 -20  312  462
197  60.000  84.000  10 -20  422  572
198 119.000 114.000  10 -10   65  215
199 135.000  65.000  10 -20  279  429
200  89.000  24.000  10 -20  241  391
201   4.000  44.000  10 -20  356  506
202 140.000  42.000  10 -30   75  225
203 103.000  34.000  10 -30   51  201
204  57.000  59.000  10 -20   62  212
205 121.000 134.000  10 -10   81  231
206  30.000  21.000  10 -10  262  412
207 109.000  78.000  10 -34  178  328
208  23.000  39.000  10 -10  292  442
209  18.000 104.000  10 -40  277  427
210   2.000  28.000  10 -16   79  229
211  70.000  70.000   0   0    0  634
