103 103 1000 200 1000
  0  70.000  70.000   0   0    0  634
  1  84.000  36.000  10  10  102  132
  2  79.000  72.000  10  22    9   39
  3  61.000  54.000  10  10   40   70
  4  16.000  92.000  10  10  359  389
  5  37.000 125.000  10  10  343  373
  6  87.000 108.000  10  20   58   88
  7  18.000 104.000  10  18  337  367
  8  97.000  29.000  10  30    0  575
  9 112.000  67.000  10  10   83  113
 10  50.000 106.000  10  25  320  350
 11  99.000  28.000  10  30   82  112
 12  15.000   9.000  10   2  410  440
 13 127.000 108.000  10  10  135  165
 14  90.000  44.000  10   6    0  592
 15   4.000  23.000  10  10  117  147
 16  17.000  37.000  10  30    0  562
 17  63.000  57.000  10  10   15   45
 18  94.000 104.000  10  10  128  158
 19 137.000  96.000  10   9   71  101
 20   2.000  28.000  10  10   79  109
 21  88.000  29.000  10  33    0  580
 22  86.000 102.000  10  10   35   65
 23 126.000 112.000  10  10  110  140
 24 109.000  78.000  10  21  238  268
 25  21.000  48.000  10  10   53   83
 26  86.000  36.000  10  20   79  109
 27 121.000 112.000  10  20   74  104
 28  19.000  39.000  10  10  138  168
 29  66.000  40.000  10  20   30   60
 30  63.000  50.000  10  10   55   85
 31 116.000  22.000  10  32  138  168
 32 137.000 101.000  10  12  169  199
 33 137.000 137.000  10  27  100  130
 34  70.000  94.000   0  32   24   54
 35 122.000 113.000  10  20   85  115
 36 109.000  71.000  10  20   39   69
 37  44.000  36.000   0   9    0  582
 38  99.000  26.000  10  40   70  100
 39  34.000 108.000  10  10  121  151
 40   4.000  28.000  10  10    0  546
 41  57.000  53.000  10  10   94  124
 42 101.000   0.000   0   9  498  528
 43  28.000  99.000  10  10   51   81
 44 119.000 114.000  10  20    0  559
 45 118.000 108.000  10  10  175  205
 46  50.000 112.000  10  18    0  578
 47  82.000 100.000  10  18  104  134
 48 126.000  23.000  10  13  263  293
 49  39.000  13.000  10  20  376  406
 50 120.000 136.000  10  10  115  145
 51 105.000   2.000  10   1    0  548
 52 119.000 136.000  10  30  104  134
 53  84.000  99.000  10  20   32   62
 54 123.000 112.000  10  20    0  557
 55  92.000  22.000  10  18    0  572
 56 137.000   7.000  10  40  156  186
 57  56.000 139.000  10  18  310  340
 58   8.000 138.000  10  10  291  321
 59 116.000 132.000  10  10    0  547
 60  28.000 107.000  10  20    0  569
 61 115.000 134.000  10  30   78  108
 62 116.000  83.000   0  30  179  209
 63  57.000  59.000  10  10  122  152
 64  89.000  39.000  10  23   36   66
 65 112.000  71.000  10  20   47   77
 66  23.000  39.000  10  20    0  568
 67  84.000  39.000  10  20  115  145
 68  66.000  91.000  10  16   21   51
 69   4.000  44.000   0  24  416  446
 70  78.000  63.000  10  19   10   40
 71  37.000 138.000  10   5  210  240
 72 113.000  71.000  10  10   58   88
 73 103.000  44.000  10  12   42   72
 74  67.000  55.000  10  10   15   45
 75  64.000 132.000  10   8   62   92
 76  93.000  36.000  10  20   41   71
 77 115.000 124.000  10  11    0  554
 78  18.000  38.000  10  30  115  145
 79  48.000  47.000  10  19   31   61
 80  62.000  58.000   0  20   26   56
 81   0.000  27.000  10  30   91  121
 82 118.000 114.000  10  10   65   95
 83 113.000  35.000  10   9    0  569
 84 119.000 139.000  10  20   91  121
 85 104.000  54.000  10  13   53   83
 86  21.000  44.000  10  20   55   85
 87 100.000 106.000  10  10  101  131
 88  32.000 106.000  10  10  134  164
 89 109.000 131.000  10  20   72  102
 90  86.000  37.000  10  10   90  120
 91   1.000  34.000  10  20   77  107
 92 103.000  69.000  10  30   33   63
 93  98.000  31.000  10  20    0  576
 94  22.000  38.000  10  20  161  191
 95  94.000 105.000  10  10  117  147
 96 108.000  30.000  10  18   96  126
 97  36.000 105.000  10  20    0  576
 98 133.000 130.000  10  13  222  252
 99 107.000  77.000  10  34    0  587
100  99.000  34.000  10   9   76  106
101  17.000  43.000  10  10   67   97
102  26.000 105.000  10  40   56   86
103  60.000  23.000  10  16   54   84
104  34.000  72.000  10 -10  549  579
105 137.000 127.000  10 -22  196  226
106  59.000  56.000  10 -10  108  138
107  10.000  86.000  10 -10  411  441
108  31.000 112.000  10 -10    0  567
109  92.000 107.000  10 -20    0  581
110  10.000 111.000  10 -18  493  523
111 113.000  32.000  10 -30    0  567
112 110.000  66.000  10 -10  105  135
113  58.000  95.000  10 -25  485  515
114 107.000  25.000  10 -30  274  304
115  15.000   4.000  10  -2    0  539
116 125.000 108.000  10 -10    0  558
117  97.000  28.000  10  -6    0  575
118   6.000  25.000  10 -10    0  546
119  16.000  38.000  10 -30    0  562
120  61.000  48.000  10 -10   68   98
121  90.000 104.000  10 -10  142  172
122 119.000 130.000  10  -9    0  547
123  15.000  18.000  10 -10    0  549
124  88.000  35.000  10 -33    0  585
125  85.000 106.000  10 -10   45   75
126 121.000 110.000  10 -10  161  191
127 103.000  82.000  10 -21  326  356
128  16.000  62.000  10 -10    0  570
129  36.000  54.000  10 -20  372  402
130 127.000 112.000  10 -20  121  151
131  41.000  36.000  10 -10    0  580
132  87.000  39.000  10 -20    0  589
133  59.000  52.000  10 -10   82  112
134 138.000  78.000  10 -32    0  556
135 139.000 110.000  10 -12    0  545
136 121.000 134.000  10 -27  127  157
137  70.000  94.000  10 -32   24   54
138  86.000  80.000  10 -20    0  606
139 107.000  63.000  10 -20    0  587
140  44.000  36.000  10  -9    0  582
141 125.000  68.000  10 -40  192  222
142  35.000 102.000  10 -10  172  202
143  33.000   0.000  10 -10  482  512
144  61.000  59.000  10 -10    0  610
145 101.000   0.000  10  -9  498  528
146  19.000 120.000  10 -10  261  291
147 121.000 124.000  10 -20  150  180
148 110.000  99.000  10 -10  303  333
149  60.000  84.000  10 -18  482  512
150  91.000  95.000  10 -18  171  201
151 106.000  10.000  10 -13  299  329
152  36.000  38.000  10 -20  438  468
153 121.000 123.000  10 -10  257  287
154 112.000  13.000  10  -1  524  554
155  66.000  82.000  10 -30  501  531
156  91.000 108.000  10 -20   72  102
157 103.000  86.000  10 -20    0  588
158  89.000  24.000  10 -18  301  331
159 120.000  14.000  10 -40  259  289
160  36.000 124.000  10 -18    0  561
161   8.000  87.000  10 -10  401  431
162 103.000 119.000  10 -10  334  364
163  34.000 104.000  10 -20    0  575
164 118.000 131.000  10 -30  164  194
165 116.000  83.000  10 -30  179  209
166  64.000  61.000  10 -10  149  179
167  20.000  69.000  10 -23  378  408
168 111.000  66.000  10 -20   94  124
169  20.000  39.000  10 -20  149  179
170  18.000  70.000  10 -20  391  421
171  44.000 116.000  10 -16   53   83
172   4.000  44.000  10 -24  416  446
173 140.000  42.000  10 -19  101  131
174  35.000  90.000  10  -5  446  476
175 102.000  60.000  10 -10  135  165
176 135.000  65.000  10 -12  339  369
177  69.000   6.000  10 -10   83  113
178  56.000 129.000  10  -8    0  564
179  95.000  35.000  10 -20    0  581
180 100.000  99.000  10 -11  299  329
181  61.000  34.000  10 -30  473  503
182  19.000  37.000  10 -19  126  156
183  62.000  58.000  10 -20   26   56
184   1.000  24.000  10 -30  104  134
185 117.000  92.000  10 -10  283  313
186 113.000  45.000  10  -9  299  329
187 109.000 139.000  10 -20  113  143
188 103.000  34.000  10 -13    0  576
189  13.000  48.000  10 -20  420  450
190  90.000 101.000  10 -10  155  185
191  35.000  99.000  10 -10  185  215
192  80.000 103.000  10 -20    0  590
193  54.000  41.000  10 -10  281  311
194   4.000  30.000  10 -20    0  547
195 113.000  69.000  10 -30   70  100
196  96.000  26.000  10 -20   57   87
197  30.000  21.000  10 -20    0  561
198  84.000  88.000  10 -10  356  386
199 140.000  36.000  10 -18  176  206
200  47.000  83.000  10 -20    0  598
201 122.000 131.000  10 -13    0  544
202  85.000  75.000  10 -34    0  609
203  97.000  12.000  10  -9  206  236
204  16.000  39.000  10 -10   81  111
205  21.000 115.000  10 -40   86  116
206  83.000  12.000  10 -16  230  260
207  70.000  70.000   0   0    0  634
