101 101 1000 1000 1000
  0  70.000  70.000   0   0    0 2535
  1  79.000  72.000  10  22    9  489
  2  16.000  39.000  10  20  144  624
  3  61.000  54.000  10  10   18  498
  4  96.000  26.000  10  10   51  531
  5  16.000  92.000  10  10 1255 1735
  6  85.000 106.000  10  20   39  519
  7  37.000 125.000  10  10 1194 1674
  8  18.000 104.000  10  18 1167 1647
  9  61.000  48.000  10  20   90  570
 10  97.000  29.000  10  30   49  529
 11  99.000  28.000  10  30  149  629
 12  19.000  37.000  10  20  325  805
 13 127.000 108.000  10  10  359  839
 14  90.000  44.000  10   6   32  512
 15 113.000  32.000  10  36  396  876
 16  63.000  57.000  10  10   14  494
 17 137.000  96.000  10   9   71  551
 18 127.000 112.000  10  20  303  783
 19 126.000 112.000  10  10  259  739
 20  86.000  36.000  10  20  134  614
 21  19.000  39.000  10  10  373  853
 22  66.000  40.000  10  20   30  510
 23  63.000  50.000  10  10   39  519
 24 116.000  22.000  10  32  371  851
 25 137.000 101.000  10  12  497  977
 26 137.000 137.000  10  27  219  699
 27  70.000  94.000  10  32   24  504
 28 122.000 113.000  10  20  161  641
 29 109.000  71.000  10  20   39  519
 30  35.000 102.000  10  10  509  989
 31  91.000 108.000  10  10  107  587
 32 140.000  42.000  10  13  222  702
 33  44.000  36.000  10   9   42  522
 34 109.000 139.000  10   8  272  752
 35  34.000 108.000  10  10  305  785
 36 135.000  65.000   0   3 1175 1655
 37  36.000 124.000  10  34  755 1235
 38 102.000  60.000  10  30  360  840
 39 139.000 110.000  10  19  586 1066
 40 119.000 114.000  10  20   65  545
 41  50.000 112.000  10  18  747 1227
 42  44.000 116.000  10  27   52  532
 43  82.000 100.000  10  18  237  717
 44  83.000  12.000  10  29  741 1221
 45  85.000  75.000  10  37   15  495
 46  39.000  13.000  10  20 1323 1803
 47 105.000   2.000  10   1  715 1195
 48  36.000  54.000  10  15 1308 1788
 49 119.000 136.000  10  30  234  714
 50  84.000  99.000  10  20   32  512
 51  95.000  35.000  10  10   43  523
 52  69.000   6.000  10   8  152  632
 53   1.000  24.000  10  10  237  717
 54 138.000  78.000  10  43  629 1109
 55 137.000   7.000  10  40  443  923
 56 121.000 110.000  10  30  465  945
 57  56.000 129.000  10  21  966 1446
 58 116.000 132.000  10  10  527 1007
 59 113.000  45.000  10   4 1016 1496
 60  28.000 107.000  10  20   81  561
 61 116.000  83.000  10  30  538 1018
 62  89.000  39.000  10  23   36  516
 63  59.000  52.000  10  20  148  628
 64  35.000  99.000  10  20  561 1041
 65  84.000  39.000  10  20  279  759
 66  19.000 120.000  10  16  865 1345
 67  20.000  39.000  10  10  417  897
 68  90.000 104.000  10  20  389  869
 69  66.000  91.000  10  16   21  501
 70  78.000  63.000  10  19   10  490
 71  92.000 107.000  10  30  153  633
 72 120.000  14.000  10  20  854 1334
 73  33.000   0.000   0  20 1750 2230
 74  41.000  36.000  10  13   44  524
 75  64.000  61.000  10  20  417  897
 76 121.000 134.000  10  20  327  807
 77  67.000  55.000  10  10   15  495
 78  93.000  36.000  10  20   41  521
 79 115.000 124.000  10  11 1464 1944
 80  18.000  38.000  10  30  279  759
 81 107.000  63.000  10  30  297  777
 82  48.000  47.000  10  19   31  511
 83   0.000  27.000  10  30  185  665
 84  15.000   4.000  10  23  223  703
 85  59.000  56.000  10  20  252  732
 86 100.000 106.000  10  10  225  705
 87  47.000  83.000  10   1 1091 1571
 88  32.000 106.000  10  10  356  836
 89 109.000 131.000  10  20   72  552
 90  89.000  24.000  10  15 1024 1504
 91  97.000  28.000  10  20   49  529
 92  86.000  37.000  10  10  178  658
 93   1.000  34.000  10  20   77  557
 94  98.000  31.000  10  20  202  682
 95  94.000 105.000  10  10  289  769
 96 118.000 131.000  10  20  478  958
 97  36.000 105.000  10  20  457  937
 98 107.000  77.000  10  34   37  517
 99  17.000  43.000  10  10   87  567
100  26.000 105.000  10  40   56  536
101  60.000  23.000  10  16   48  528
102 118.000 114.000  10 -22   65  545
103 117.000  92.000  10 -20  952 1432
104   2.000  28.000  10 -10  136  616
105  99.000  26.000  10 -10  101  581
106  35.000  90.000  10 -10 1603 2083
107  20.000  69.000  10 -20 1332 1812
108  10.000 111.000  10 -10 1791 2271
109   8.000  87.000  10 -18 1425 1905
110  57.000  53.000  10 -20  197  677
111 112.000  67.000  10 -30  150  630
112  88.000  35.000  10 -30   85  565
113 101.000   0.000  10 -20 1812 2292
114  80.000 103.000  10 -10 1308 1788
115 111.000  66.000  10  -6  196  676
116 103.000  44.000  10 -36   42  522
117  91.000  95.000  10 -10  506  986
118 133.000 130.000  10  -9  709 1189
119 121.000 112.000  10 -20  116  596
120 123.000 112.000  10 -10  207  687
121 126.000  23.000  10 -20  874 1354
122 103.000  82.000  10 -10 1125 1605
123   6.000  25.000  10 -20  341  821
124   4.000  28.000  10 -10  396  876
125 113.000  69.000  10 -32  101  581
126 103.000 119.000  10 -12 1156 1636
127  84.000  88.000  10 -27 1245 1725
128  87.000 108.000  10 -32   51  531
129 120.000 136.000  10 -20  278  758
130 113.000  71.000  10 -20   53  533
131  21.000 115.000  10 -10  163  643
132  16.000  62.000  10 -10 1404 1884
133 106.000  10.000  10 -13 1015 1495
134  17.000  37.000  10  -9  233  713
135 115.000 134.000  10  -8  116  596
136   8.000 138.000  10 -10  985 1465
137 135.000  65.000  10  -3 1175 1655
138   4.000  44.000  10 -34 1482 1962
139  97.000  12.000  10 -30  645 1125
140 121.000 124.000  10 -19  419  899
141 122.000 131.000  10 -20  380  860
142  18.000  70.000  10 -18 1384 1864
143  60.000  84.000  10 -27 1746 2226
144  34.000 104.000  10 -18  408  888
145  15.000  18.000  10 -29 1420 1900
146 103.000  69.000  10 -37   33  513
147  61.000  34.000  10 -20 1710 2190
148  36.000  38.000  10  -1 1571 2051
149  58.000  95.000  10 -15 1760 2240
150 119.000 139.000  10 -30  182  662
151  86.000 102.000  10 -20   35  515
152 104.000  54.000  10 -10   37  517
153   4.000  23.000  10  -8  290  770
154  16.000  38.000  10 -10  188  668
155 125.000  68.000  10 -43  588 1068
156  54.000  41.000  10 -40  945 1425
157 121.000 123.000  10 -30  848 1328
158  50.000 106.000  10 -21 1101 1581
159 119.000 130.000  10 -10  432  912
160 112.000  13.000  10  -4 1920 2400
161  66.000  82.000  10 -20 1824 2304
162  92.000  22.000  10 -30  580 1060
163  99.000  34.000  10 -23  123  603
164  90.000 101.000  10 -20  441  921
165  31.000 112.000  10 -20  245  725
166  87.000  39.000  10 -20   35  515
167  13.000  48.000  10 -16 1502 1982
168 109.000  78.000  10 -10  771 1251
169 110.000  99.000  10 -20 1031 1511
170  64.000 132.000  10 -16   62  542
171  84.000  36.000  10 -19  227  707
172  37.000 138.000  10 -30  659 1139
173  15.000   9.000  10 -20 1461 1941
174  33.000   0.000  10 -20 1750 2230
175  61.000  59.000  10 -13  362  842
176 103.000  86.000  10 -20  851 1331
177 118.000 108.000  10 -20  519  999
178  62.000  58.000  10 -10   14  494
179 113.000  35.000  10 -20   55  535
180  86.000  80.000  10 -11 1318 1798
181 107.000  25.000  10 -30  915 1395
182 140.000  36.000  10 -30  522 1002
183  88.000  29.000  10 -19 2001 2481
184  21.000  44.000  10 -30   55  535
185  22.000  38.000  10 -23  466  946
186 100.000  99.000  10 -20 1016 1496
187  28.000  99.000  10 -10   51  531
188  34.000  72.000  10  -1 2009 2489
189  56.000 139.000  10 -10 1059 1539
190 137.000 127.000  10 -20  602 1082
191  30.000  21.000  10 -15 1110 1590
192 103.000  34.000  10 -20  265  745
193 108.000  30.000  10 -10  203  683
194  21.000  48.000  10 -20   53  533
195 110.000  66.000  10 -20  240  720
196  94.000 104.000  10 -10  333  813
197 125.000 108.000  10 -20  407  887
198  23.000  39.000  10 -20 1227 1707
199 112.000  71.000  10 -34   42  522
200  57.000  59.000  10 -10  306  786
201  10.000  86.000  10 -40 1462 1942
202   4.000  30.000  10 -16  444  924
203  70.000  70.000   0   0    0 2535
