101 101 1000 1000 1000
  0  70.000  70.000   0   0    0 2535
  1  79.000  72.000  10  22    9  387
  2  96.000  26.000  10  10   51  658
  3  85.000 106.000  10  20  111  369
  4   6.000  25.000  10  10  126 1036
  5  37.000 125.000  10  10 1213 1654
  6  87.000 108.000  10  20   41  828
  7  61.000  48.000  10  20   23  714
  8  50.000 106.000  10  25 1135 1548
  9 127.000 108.000  10  10  238  961
 10  90.000  44.000  10   6  113  425
 11  17.000  37.000  10  30  210  736
 12 113.000  32.000  10  36  352  921
 13  63.000  57.000  10  10   14  955
 14 137.000  96.000  10   9  193  382
 15  88.000  29.000   0  33 1979 2481
 16 113.000  69.000  10  20  192  490
 17  21.000  48.000  10  10   53  641
 18  97.000  12.000  10  10  660 1109
 19  19.000  39.000  10  10  377  848
 20  66.000  40.000  10  20   30  281
 21  87.000  39.000  10  20   35  606
 22  63.000  50.000  10  10  141  417
 23  70.000  94.000  10  32   24  546
 24 117.000  92.000  10  25 1061 1322
 25 122.000 113.000  10  20  192  610
 26 109.000  71.000  10  20   39  375
 27   8.000  87.000  10  17 1448 1882
 28 140.000  42.000  10  13  127  797
 29  44.000  36.000  10   9   42  552
 30 109.000 139.000  10   8  206  818
 31  99.000  26.000  10  40   52  706
 32  34.000 108.000  10  10  220  870
 33 139.000 110.000  10  19  577 1075
 34   4.000  28.000  10  10  289  982
 35  57.000  53.000  10  10  184  691
 36  84.000  88.000  10  16 1105 1865
 37  28.000  99.000  10  10   53  356
 38  50.000 112.000  10  18  707 1267
 39  44.000 116.000  10  27   52  859
 40  82.000 100.000  10  18  142  813
 41  85.000  75.000  10  37   15  200
 42 120.000 136.000  10  10  260  777
 43 105.000   2.000  10   1  613 1296
 44 119.000 136.000  10  30  285  663
 45  84.000  99.000  10  20   32  556
 46  95.000  35.000  10  10   43  605
 47   1.000  24.000  10  10   82  909
 48  31.000 112.000  10  20  266  705
 49 123.000 112.000  10  20  204  691
 50 119.000 130.000  10  20  513  832
 51 137.000   7.000  10  40  453  914
 52 121.000 110.000  10  30  435  975
 53  56.000 139.000  10  18 1111 1487
 54 125.000 108.000  10  20  411  883
 55  21.000 115.000  10  10  159  648
 56 110.000  66.000  10  10  338  621
 57   4.000  30.000  10  40  446  921
 58  88.000  35.000  10  20   39  630
 59 116.000 132.000  10  10  565  969
 60  28.000 107.000  10  20  204  438
 61 116.000  83.000  10  30  513 1042
 62  57.000  59.000  10  10  359  734
 63  89.000  39.000  10  23   36  435
 64  59.000  52.000  10  20  106  671
 65 112.000  71.000  10  20   42  536
 66  35.000  99.000  10  20  468 1134
 67  84.000  39.000  10  20  290  749
 68  90.000 104.000  10  20  422  837
 69  66.000  91.000  10  16   21  654
 70   4.000  44.000  10  24 1522 1922
 71  78.000  63.000  10  19   10  560
 72  92.000 107.000  10  30  105  680
 73  33.000   0.000  10  20 1545 2434
 74 113.000  71.000  10  10   56  531
 75  41.000  36.000  10  13  130  402
 76 103.000  44.000  10  12   42  603
 77  67.000  55.000  10  10   15  429
 78  93.000  36.000  10  20   41  655
 79 115.000 124.000  10  11 1460 1948
 80  18.000  38.000  10  30  129  909
 81 122.000 131.000  10  20  442  797
 82  48.000  47.000  10  19   31  730
 83  62.000  58.000  10  20   14  722
 84   0.000  27.000  10  30  282  568
 85 104.000  54.000  10  13   91  450
 86  21.000  44.000  10  20   55  690
 87  47.000  83.000   0   1 1207 1454
 88  32.000 106.000  10  10  447  745
 89  89.000  24.000  10  15 1129 1399
 90  97.000  28.000  10  20   49  583
 91   1.000  34.000  10  20  204  418
 92 103.000  69.000  10  30   33  527
 93  98.000  31.000  10  20  118  766
 94 103.000  34.000  10  30  205  805
 95  22.000  38.000  10  20  690  721
 96 118.000 131.000  10  20  340 1095
 97 108.000  30.000  10  18  208  678
 98  15.000  18.000  10  10 1480 1840
 99 107.000  77.000  10  34   37  558
100  26.000 105.000  10  40   71  467
101  60.000  23.000  10  16   48  626
102 119.000 139.000  10 -22  158  687
103 138.000  78.000  10 -10  636 1103
104  91.000  95.000  10 -20  484 1008
105  34.000  72.000  10 -10 2053 2455
106  19.000 120.000  10 -10  854 1355
107  34.000 104.000  10 -20  357  938
108  64.000  61.000  10 -20  370  944
109  58.000  95.000  10 -25 1736 2263
110 103.000 119.000  10 -10 1124 1668
111  92.000  22.000  10  -6  287 1353
112  39.000  13.000  10 -30 1369 1757
113 102.000  60.000  10 -36  231  970
114  61.000  54.000  10 -10   18  471
115 137.000 127.000  10  -9  572 1113
116  88.000  29.000  10 -33 1979 2481
117 119.000 114.000  10 -20   65  581
118  61.000  59.000  10 -10  383  822
119  61.000  34.000  10 -10 1705 2196
120  16.000  62.000  10 -10 1305 1983
121  99.000  34.000  10 -20  265  462
122  69.000   6.000  10 -20  204  579
123  16.000  39.000  10 -10   62  907
124  64.000 132.000  10 -32  151  428
125  80.000 103.000  10 -25 1342 1755
126 103.000  86.000  10 -20 1056 1125
127 127.000 112.000  10 -20  186  900
128  35.000  90.000  10 -17 1559 2128
129 106.000  10.000  10 -13 1065 1446
130  18.000  70.000  10  -9 1445 1803
131 115.000 134.000  10  -8  234  479
132  86.000  36.000  10 -40  175  574
133  60.000  84.000  10 -10 1888 2084
134 137.000 101.000  10 -19  485  989
135  59.000  56.000  10 -10  408  576
136  17.000  43.000  10 -10   84  571
137  86.000  80.000  10 -16 1183 1933
138  16.000  92.000  10 -10 1270 1721
139  66.000  82.000  10 -18 1586 2513
140  91.000 108.000  10 -27   60  634
141  94.000 105.000  10 -18  314  744
142 121.000 134.000  10 -37  338  796
143 133.000 130.000  10 -10  748 1150
144 112.000  13.000  10  -1 1955 2365
145 118.000 108.000  10 -30  492 1027
146  37.000 138.000  10 -20  708 1090
147 125.000  68.000  10 -10  571 1084
148  15.000   4.000  10 -10  425  501
149 100.000 106.000  10 -20  188  742
150 121.000 112.000  10 -20   66  653
151 135.000  65.000  10 -20 1201 1628
152  83.000  12.000  10 -40  607 1354
153 110.000  99.000  10 -30 1056 1486
154  56.000 129.000  10 -18 1038 1374
155 121.000 124.000  10 -20  234 1085
156  36.000 124.000  10 -10  737 1254
157 120.000  14.000  10 -10  903 1285
158   4.000  23.000  10 -40  227  832
159 116.000  22.000  10 -20  421  800
160 109.000  78.000  10 -10  816 1205
161  90.000 101.000  10 -20  508  855
162 103.000  82.000  10 -30 1117 1613
163  54.000  41.000  10 -10 1089 1280
164 101.000   0.000  10 -23 1814 2289
165  36.000  54.000  10 -20 1263 1833
166 137.000 137.000  10 -20  247  670
167  18.000 104.000  10 -20 1048 1765
168 140.000  36.000  10 -20  532  993
169  35.000 102.000  10 -20  454 1044
170  86.000 102.000  10 -16   35  440
171  13.000  48.000  10 -24 1502 1982
172 112.000  67.000  10 -19   74  706
173  36.000 105.000  10 -30  525  868
174  36.000  38.000  10 -20 1643 1978
175 126.000 112.000  10 -10  323  675
176  19.000  37.000  10 -13  444  686
177 126.000  23.000  10 -12  822 1406
178  20.000  39.000  10 -10  572  742
179  86.000  37.000  10 -20  324  512
180 100.000  99.000  10 -11  984 1528
181  20.000  69.000  10 -30 1339 1806
182 113.000  45.000  10 -20 1152 1360
183  10.000 111.000  10 -19 1856 2206
184   2.000  28.000  10 -20  242  510
185  30.000  21.000  10 -30  962 1737
186  99.000  28.000  10 -13  204  574
187  16.000  38.000  10 -20  235  621
188  47.000  83.000  10  -1 1207 1454
189   8.000 138.000  10 -10 1101 1348
190 107.000  25.000  10 -15  965 1344
191 107.000  63.000  10 -20   37 1069
192  10.000  86.000  10 -20 1317 2088
193 118.000 114.000  10 -30   65  563
194 111.000  66.000  10 -20  193  678
195  84.000  36.000  10 -30  178  757
196  23.000  39.000  10 -20 1072 1861
197 121.000 123.000  10 -20  896 1281
198 113.000  35.000  10 -18  107  416
199  15.000   9.000  10 -10 1546 1856
200 109.000 131.000  10 -34   72  661
201  94.000 104.000  10 -40  496  650
202  97.000  29.000  10 -16   49  698
203  70.000  70.000   0   0    0 2535
