101 101 1000 1000 1000
  0  70.000  70.000   0   0    0 2535
  1  10.000  86.000  10  14 1402 2002
  2  16.000  62.000  10  15 1344 1944
  3  84.000  36.000  10  10  167  767
  4  79.000  72.000  10  22    9  609
  5  16.000  39.000  10  20   84  684
  6  61.000  54.000  10  10   18  618
  7  96.000  26.000  10  10   51  651
  8  85.000 106.000  10  20   39  639
  9   6.000  25.000  10  10  281  881
 10  87.000 108.000  10  20   41  641
 11  61.000  48.000  10  20   30  630
 12  97.000  29.000  10  30   49  649
 13  90.000 101.000  10  10  381  981
 14 127.000 108.000  10  10  299  899
 15  90.000  44.000  10   6   32  632
 16   4.000  23.000  10  10  230  830
 17  17.000  37.000  10  30  173  773
 18  63.000  57.000  10  10   14  614
 19  94.000 104.000  10  10  273  873
 20  58.000  95.000  10  35 1700 2300
 21 137.000  96.000  10   9   71  671
 22 127.000 112.000  10  20  243  843
 23  86.000 102.000  10  10   35  635
 24 109.000  78.000  10  21  711 1311
 25  86.000  36.000  10  20   74  674
 26 121.000 112.000   0  20   66  666
 27  63.000  50.000  10  10   21  621
 28 137.000 137.000  10  27  159  759
 29  70.000  94.000  10  32   24  624
 30 117.000  92.000  10  25  892 1492
 31 122.000 113.000  10  20  101  701
 32 109.000  71.000  10  20   39  639
 33  91.000 108.000  10  10   47  647
 34  44.000  36.000  10   9   42  642
 35 109.000 139.000  10   8  212  812
 36  99.000  26.000  10  40   52  652
 37  34.000 108.000  10  10  245  845
 38 102.000  60.000  10  30  300  900
 39  57.000  53.000  10  10  137  737
 40  54.000  41.000  10   9  885 1485
 41 107.000  25.000  10  13  855 1455
 42 101.000   0.000  10   9 1752 2352
 43  28.000  99.000  10  10   51  651
 44 118.000 108.000  10  10  459 1059
 45  82.000 100.000  10  18  177  777
 46 126.000  23.000  10  13  814 1414
 47  85.000  75.000  10  37   15  615
 48 120.000 136.000  10  10  218  818
 49 137.000 127.000  10  28  542 1142
 50   1.000  24.000   0  10  177  777
 51 138.000  78.000  10  43  569 1169
 52 100.000  99.000  10  17  956 1556
 53 123.000 112.000  10  20  147  747
 54  92.000  22.000  10  18  520 1120
 55  34.000 104.000  10  10  348  948
 56 121.000 110.000  10  30  405 1005
 57  56.000 139.000  10  18  999 1599
 58 125.000 108.000  10  20  347  947
 59 110.000  66.000  10  10  180  780
 60  88.000  35.000  10  20   39  639
 61 116.000  83.000  10  30  478 1078
 62  57.000  59.000  10  10  246  846
 63  89.000  39.000  10  23   36  636
 64  59.000  52.000  10  20   88  688
 65  35.000  99.000  10  20  501 1101
 66  84.000  39.000  10  20  219  819
 67  19.000 120.000  10  16  805 1405
 68  66.000  91.000  10  16   21  621
 69  78.000  63.000  10  19   10  610
 70  92.000 107.000  10  30   93  693
 71 120.000  14.000  10  20  794 1394
 72 113.000  71.000  10  10   43  643
 73  41.000  36.000  10  13   44  644
 74  64.000  61.000  10  20  357  957
 75 103.000  44.000  10  12   42  642
 76  67.000  55.000  10  10   15  615
 77  64.000 132.000  10   8   62  662
 78  93.000  36.000  10  20   41  641
 79  18.000  38.000  10  30  219  819
 80 107.000  63.000  10  30  237  837
 81  48.000  47.000  10  19   31  631
 82  62.000  58.000  10  20   14  614
 83 118.000 114.000  10  10   65  665
 84  91.000  95.000  10  20  446 1046
 85  59.000  56.000  10  20  192  792
 86  21.000  44.000  10  20   55  655
 87 100.000 106.000  10  10  165  765
 88  47.000  83.000  10   1 1031 1631
 89  34.000  72.000  10  21 1889 2489
 90 109.000 131.000  10  20   72  672
 91  97.000  28.000  10  20   49  649
 92  98.000  31.000  10  20  142  742
 93  22.000  38.000  10  20  406 1006
 94  61.000  59.000  10  20  302  902
 95  94.000 105.000  10  10  229  829
 96 118.000 131.000  10  20  418 1018
 97 107.000  77.000  10  34   37  637
 98  99.000  34.000  10   9   63  663
 99  17.000  43.000  10  10   59  659
100  26.000 105.000  10  40   56  656
101  60.000  23.000  10  16   48  648
102  20.000  69.000  10 -14 1272 1872
103  23.000  39.000  10 -15 1167 1767
104  99.000  28.000  10 -10   89  689
105 119.000 139.000  10 -22  122  722
106  16.000  38.000  10 -20  128  728
107  19.000  39.000  10 -10  313  913
108 112.000  67.000  10 -10   90  690
109  56.000 129.000  10 -20  906 1506
110  30.000  21.000  10 -10 1050 1650
111  21.000 115.000  10 -20  103  703
112  87.000  39.000  10 -20   35  635
113 111.000  66.000  10 -30  136  736
114  44.000 116.000  10 -10   52  652
115 121.000 124.000  10 -10  359  959
116 140.000  42.000  10  -6  162  762
117  20.000  39.000  10 -10  357  957
118  61.000  34.000  10 -30 1650 2250
119  19.000  37.000  10 -10  265  865
120   8.000 138.000  10 -10  925 1525
121  60.000  84.000  10 -35 1686 2286
122 115.000 124.000  10  -9 1404 2004
123 133.000 130.000  10 -20  649 1249
124  28.000 107.000  10 -10   55  655
125  80.000 103.000  10 -21 1248 1848
126 140.000  36.000  10 -20  462 1062
127 121.000 112.000  10 -20   66  666
128 137.000   7.000  10 -10  383  983
129 135.000  65.000  10 -27 1115 1715
130  84.000  99.000  10 -32   32  632
131 103.000  86.000  10 -25  791 1391
132 119.000 130.000  10 -20  372  972
133 116.000 132.000  10 -20  467 1067
134  16.000  92.000  10 -10 1195 1795
135   4.000  28.000  10  -9  336  936
136 137.000 101.000  10  -8  437 1037
137  97.000  12.000  10 -40  585 1185
138  50.000 106.000  10 -10 1041 1641
139 125.000  68.000  10 -30  528 1128
140  15.000   9.000  10 -10 1401 2001
141   4.000  44.000  10  -9 1422 2022
142 106.000  10.000  10 -13  955 1555
143  88.000  29.000  10  -9 1881 2481
144  36.000 105.000  10 -10  397  997
145 119.000 114.000  10 -10   65  665
146  32.000 106.000  10 -18  296  896
147 105.000   2.000  10 -13  655 1255
148 103.000  69.000  10 -37   33  633
149 121.000 134.000  10 -10  267  867
150 139.000 110.000  10 -28  526 1126
151   1.000  24.000  10 -10  177  777
152 103.000  82.000  10 -43 1065 1665
153 103.000 119.000  10 -17 1096 1696
154  84.000  88.000  10 -20 1185 1785
155 112.000  13.000  10 -18 1855 2455
156  35.000  90.000  10 -10 1543 2143
157 122.000 131.000  10 -30  320  920
158   8.000  87.000  10 -18 1365 1965
159 119.000 136.000  10 -20  174  774
160 113.000  69.000  10 -10   43  643
161 104.000  54.000  10 -20   37  637
162  86.000  80.000  10 -30 1258 1858
163  13.000  48.000  10 -10 1442 2042
164  83.000  12.000  10 -23  681 1281
165   4.000  30.000  10 -20  384  984
166  50.000 112.000  10 -20  687 1287
167  95.000  35.000  10 -20   43  643
168  10.000 111.000  10 -16 1731 2331
169  18.000  70.000  10 -16 1324 1924
170  66.000  40.000  10 -19   30  630
171  90.000 104.000  10 -30  329  929
172 113.000  45.000  10 -20  956 1556
173 116.000  22.000  10 -10  311  911
174  21.000  48.000  10 -13   53  653
175  15.000   4.000  10 -20  163  763
176 113.000  32.000  10 -12  336  936
177  69.000   6.000  10 -10   92  692
178  31.000 112.000  10  -8  185  785
179  89.000  24.000  10 -20  964 1564
180  15.000  18.000  10 -30 1360 1960
181 112.000  71.000  10 -30   42  642
182  33.000   0.000  10 -19 1690 2290
183   1.000  34.000  10 -20   77  677
184 115.000 134.000  10 -10   78  678
185  35.000 102.000  10 -20  449 1049
186  39.000  13.000  10 -20 1263 1863
187   2.000  28.000  10 -20   79  679
188  37.000 138.000  10 -10  599 1199
189  37.000 125.000  10  -1 1134 1734
190  66.000  82.000  10 -21 1764 2364
191 110.000  99.000  10 -20  971 1571
192 103.000  34.000  10 -20  205  805
193 113.000  35.000  10 -20   55  655
194  36.000  38.000  10 -20 1511 2111
195  36.000  54.000  10 -20 1248 1848
196  36.000 124.000  10 -10  695 1295
197 121.000 123.000  10 -20  788 1388
198 126.000 112.000  10 -34  199  799
199 108.000  30.000  10  -9  143  743
200   0.000  27.000  10 -10  125  725
201  18.000 104.000  10 -40 1107 1707
202  86.000  37.000  10 -16  118  718
203  70.000  70.000   0   0    0 2535
