101 101 1000 1000 1000
  0  70.000  70.000   0   0    0 2535
  1  16.000  62.000  10  15 1576 1713
  2  84.000  36.000  10  10  123  812
  3  79.000  72.000  10  22   21   53
  4  61.000  54.000  10  10   18  440
  5  96.000  26.000  10  10   51  616
  6  85.000 106.000  10  20  145  334
  7   6.000  25.000  10  10  460  702
  8  61.000  48.000  10  20  292  369
  9  97.000  29.000  10  30   49  400
 10 112.000  67.000  10  10  174  606
 11  99.000  28.000  10  30  368  411
 12  19.000  37.000  10  20  360  769
 13  90.000  44.000  10   6  141  398
 14 137.000  96.000  10   9  142  433
 15 103.000 119.000  10  18 1280 1513
 16  20.000  69.000  10  13 1475 1669
 17   2.000  28.000  10  10  156  596
 18 113.000  69.000  10  20  177  505
 19  21.000  48.000  10  10   53  506
 20  86.000  36.000  10  20  152  596
 21 121.000 112.000  10  20  173  539
 22  66.000  40.000  10  20   30  536
 23  87.000  39.000  10  20   35  460
 24  63.000  50.000  10  10  143  415
 25 137.000 101.000  10  12  618  857
 26  70.000  94.000  10  32   24  182
 27 122.000 113.000  10  20  293  510
 28  35.000 102.000  10  10  637  861
 29  91.000 108.000  10  10  273  421
 30   8.000  87.000  10  17 1658 1671
 31  16.000  38.000  10  20  156  699
 32  44.000  36.000  10   9  134  367
 33 135.000  65.000  10   3 1297 1532
 34 102.000  60.000  10  30  384  817
 35  18.000  70.000  10  26 1485 1763
 36  54.000  41.000  10   9 1006 1363
 37  84.000  88.000  10  16 1404 1566
 38  28.000  99.000  10  10  159  249
 39 119.000 114.000  10  20   81  527
 40 118.000 108.000  10  10  431 1088
 41  50.000 112.000  10  18  842 1132
 42  44.000 116.000  10  27   53  491
 43  83.000  12.000  10  29  831 1130
 44 126.000  23.000  10  13 1060 1168
 45  85.000  75.000  10  37   15  249
 46 120.000 136.000  10  10  247  789
 47 105.000   2.000  10   1  848 1062
 48 111.000  66.000  10  20  271  601
 49  84.000  99.000  10  20   35  222
 50  69.000   6.000  10   8   88  695
 51   1.000  24.000  10  10  417  537
 52  31.000 112.000  10  20  398  573
 53 138.000  78.000  10  43  787  952
 54 100.000  99.000  10  17 1199 1313
 55 119.000 130.000  10  20  600  744
 56 137.000   7.000  10  40  652  714
 57  56.000 139.000  10  18 1144 1455
 58 125.000 108.000  10  20  284 1011
 59  21.000 115.000  10  10  182  625
 60 110.000  66.000  10  10  467  493
 61   8.000 138.000  10  10 1010 1440
 62  88.000  35.000  10  20   77  573
 63 116.000 132.000  10  10  746  787
 64  28.000 107.000  10  20  113  528
 65 115.000 134.000  10  30  122  591
 66 116.000  83.000  10  30  687  869
 67  59.000  52.000  10  20  348  429
 68 112.000  71.000  10  20   97  402
 69  20.000  39.000  10  10  557  757
 70  66.000  91.000  10  16   21  391
 71  78.000  63.000  10  19   10  242
 72  92.000 107.000  10  30  155  630
 73 113.000  71.000  10  10  286  300
 74 112.000  13.000   0  27 2038 2282
 75  41.000  36.000  10  13  149  383
 76 121.000 134.000  10  20  311  823
 77 103.000  44.000  10  12  138  199
 78  67.000  55.000  10  10   15  403
 79  64.000 132.000  10   8   62  565
 80 107.000  63.000  10  30  490  583
 81  48.000  47.000  10  19   31  536
 82  62.000  58.000  10  20  134  195
 83  91.000  95.000  10  20  485 1007
 84 113.000  35.000  10   9  231  292
 85 104.000  54.000  10  13  258  283
 86  15.000   4.000  10  23  314  613
 87  59.000  56.000  10  20  266  718
 88 100.000 106.000  10  10  274  655
 89  47.000  83.000  10   1 1327 1334
 90  32.000 106.000  10  10  462  730
 91  89.000  24.000  10  15 1236 1292
 92  86.000  37.000  10  10  351  485
 93   1.000  34.000  10  20   89  534
 94 103.000  69.000  10  30  122  143
 95 108.000  30.000   0  18  385  501
 96  15.000  18.000  10  10 1546 1775
 97 107.000  77.000  10  34   37  529
 98  99.000  34.000  10   9  221  505
 99  17.000  43.000  10  10  226  428
100  26.000 105.000  10  40  121  418
101  60.000  23.000  10  16   58  492
102  36.000  38.000  10 -15 1787 1834
103  97.000  12.000  10 -10  786  984
104 118.000 114.000  10 -22   74  446
105  34.000 108.000  10 -10  538  553
106 140.000  42.000  10 -10  351  574
107  87.000 108.000  10 -20  213  369
108   4.000  30.000  10 -10  596  771
109  57.000  53.000  10 -20  254  620
110 113.000  32.000  10 -30  502  771
111 115.000 124.000  10 -10 1505 1903
112 120.000  14.000  10 -30  889 1299
113  50.000 106.000  10 -20 1163 1520
114  99.000  26.000  10  -6  217  466
115 109.000 139.000  10  -9  492  531
116  86.000  80.000  10 -18 1525 1591
117  33.000   0.000  10 -13 1862 2117
118  18.000 104.000  10 -10 1377 1437
119 133.000 130.000  10 -20  905  994
120  16.000  39.000  10 -10  350  418
121  23.000  39.000  10 -20 1355 1579
122  88.000  29.000  10 -20 2031 2481
123  37.000 138.000  10 -20  695 1103
124  89.000  39.000  10 -20   38  252
125  34.000 104.000  10 -10  496  800
126 101.000   0.000  10 -12 1884 2219
127  94.000 105.000  10 -32  363  696
128 119.000 136.000  10 -20  411  538
129  16.000  92.000  10 -10 1366 1624
130 126.000 112.000  10 -10  428  571
131  10.000 111.000  10 -17 1907 2156
132  35.000  99.000  10 -20  673  929
133  21.000  44.000  10  -9  229  313
134 113.000  45.000  10  -3 1092 1419
135 116.000  22.000  10 -30  468  754
136   4.000  44.000  10 -26 1706 1739
137  30.000  21.000  10  -9 1212 1488
138  80.000 103.000  10 -16 1341 1755
139  82.000 100.000  10 -10  381  573
140  66.000  82.000  10 -20 2029 2099
141 127.000 108.000  10 -10  375  823
142  34.000  72.000  10 -18 2218 2290
143  90.000 101.000  10 -27  417  946
144 106.000  10.000  10 -29 1107 1404
145  13.000  48.000  10 -13 1531 1953
146 122.000 131.000  10 -37  584  655
147 137.000 127.000  10 -10  715  969
148 107.000  25.000  10  -1 1079 1231
149  36.000  54.000  10 -20 1469 1626
150  86.000 102.000  10 -20   35  420
151   4.000  23.000  10  -8  476  584
152   4.000  28.000  10 -10  475  797
153  61.000  59.000  10 -20  534  671
154 103.000  86.000  10 -43  882 1300
155 117.000  92.000  10 -17  998 1385
156 118.000 131.000  10 -20  390 1045
157  92.000  22.000  10 -40  645  995
158  10.000  86.000  10 -18 1592 1812
159 103.000  82.000  10 -20 1188 1542
160  94.000 104.000  10 -10  438  708
161 103.000  34.000  10 -10  250  760
162  19.000 120.000  10 -10 1084 1125
163  98.000  31.000  10 -20  322  562
164  60.000  84.000  10 -10 1925 2048
165 127.000 112.000  10 -20  488  599
166 137.000 137.000  10 -30  326  592
167 109.000  78.000  10 -30  879 1143
168  57.000  59.000  10 -20  295  797
169 109.000 131.000  10 -20  134  445
170  37.000 125.000  10 -10 1164 1703
171  90.000 104.000  10 -16  382  877
172  97.000  28.000  10 -19  185  296
173 123.000 112.000  10 -30  347  548
174 121.000 124.000  10 -10  522  797
175 112.000  13.000  10 -27 2038 2282
176  56.000 129.000  10 -13 1129 1283
177  58.000  95.000  10 -20 1825 2175
178 140.000  36.000  10 -12  521 1004
179  17.000  37.000  10 -10  354  593
180 121.000 110.000  10  -8  622  787
181  84.000  39.000  10 -30  256  783
182  19.000  39.000  10 -19  452  773
183  63.000  57.000  10 -20   14  451
184 125.000  68.000  10 -20  582 1073
185  95.000  35.000  10  -9  167  348
186 119.000 139.000  10 -13  276  568
187  22.000  38.000  10 -23  495  916
188  64.000  61.000  10 -20  373  940
189 110.000  99.000  10 -10 1162 1380
190  35.000  90.000  10  -1 1588 2099
191  36.000 105.000  10 -10  599  795
192  39.000  13.000  10 -15 1491 1636
193  15.000   9.000  10 -10 1482 1920
194  36.000 124.000  10 -20  859 1132
195 121.000 123.000  10 -30 1017 1159
196 108.000  30.000  10 -18  385  501
197  61.000  34.000  10 -10 1869 2032
198 109.000  71.000  10 -34   39  397
199  93.000  36.000  10  -9   41  528
200   0.000  27.000  10 -10  241  609
201 139.000 110.000  10 -40  723  928
202  18.000  38.000  10 -16  474  565
203  70.000  70.000   0   0    0 2535
