314 314 1000 200 1000
  0 150.000 150.000   0   0    0 1496
  1  17.000 205.000  90  20    0 1263
  2 214.000 156.000  90  20    0 1342
  3 121.000 260.000  90  10    0 1293
  4  29.000 277.000  90  10    0 1231
  5  47.000 277.000  90  20    0 1243
  6 160.000 111.000  90  30    0 1366
  7  61.000  70.000  90  30    0 1287
  8 161.000 210.000  90  10    0 1345
  9 129.000  98.000  90  20    0 1350
 10 256.000 239.000  90  10    0 1268
 11 251.000 241.000  90  10    0 1271
 12 106.000 233.000  90  10    0 1313
 13 121.000 170.000  90  30  569  624
 14 122.000 172.000  90  10  468  542
 15 157.000 266.000  90  20    0 1290
 16 157.000  31.000  90  20    0 1287
 17  74.000 109.000  90  40  238  294
 18  12.000 198.000  90  10    0 1260
 19 199.000 126.000  90  10    0 1352
 20  10.000 147.000  90  20    0 1266
 21 168.000 176.000   0  20    0 1375
 22 277.000 104.000  90  20  135  186
 23 144.000 182.000  90  30    0 1374
 24 149.000 285.000  90  10  201  249
 25  61.000 157.000  90  40  428  494
 26 140.000 143.000  90  20    0 1394
 27 203.000 125.000  90  30    0 1348
 28 114.000 164.000  90  20    0 1368
 29 103.000 232.000  90  20    0 1312
 30  87.000  27.000  90  20  383  438
 31  67.000 154.000  90  20  797  864
 32 255.000 132.000  90  10    0 1300
 33 108.000 113.000  90  10    0 1351
 34  86.000 230.000  90  20    0 1304
 35 155.000  28.000  90  10    0 1284
 36 151.000 294.000  90  20  383  446
 37  83.000  30.000  90  30    0 1269
 38 114.000 156.000  90  20  569  632
 39  59.000 236.000  90  20 1026 1075
 40  69.000   4.000  90  20    0 1240
 41  67.000 161.000  90  10   83  151
 42 211.000  61.000  90  20    0 1299
 43 125.000 103.000  90  20    0 1353
 44 146.000  61.000  90  20    0 1317
 45  33.000 142.000  90  20    0 1289
 46  29.000 285.000  90  20  601  674
 47 272.000  38.000  90  30    0 1241
 48 231.000 218.000  90  10  350  405
 49 173.000  76.000  90  20    0 1329
 50 115.000 196.000  90  10   57  120
 51 110.000  79.000  90  20  898  953
 52 227.000 222.000  90  20    0 1301
 53 275.000  97.000  90  10    0 1271
 54 216.000   6.000  90  20  230  269
 55  29.000 148.000  90  20    0 1285
 56 136.000 140.000  90  10  261  327
 57 209.000 127.000  90  10    0 1343
 58 147.000 185.000  90  10  371  435
 59 118.000 163.000  90  30    0 1372
 60 230.000 221.000  90  30  631  692
 61 278.000 128.000  90  10    0 1277
 62  29.000  94.000  90  20    0 1273
 63  25.000  99.000  90  40  379  434
 64 167.000 105.000   0  20    0 1358
 65 214.000 157.000   0  10    0 1342
 66  65.000   6.000  90  10  323  383
 67 167.000 229.000  90  20    0 1326
 68 173.000  13.000  90  10    0 1268
 69 286.000 130.000  90  30    0 1269
 70 239.000  77.000  90  20    0 1291
 71 106.000 237.000  90  20    0 1309
 72 277.000 101.000  90  20    0 1270
 73 215.000   4.000  90  40  319  363
 74  82.000  34.000   0  20    0 1272
 75 169.000 171.000  90  30    0 1378
 76  76.000 111.000  90  20    0 1323
 77 213.000  65.000  90  20  826  869
 78  13.000 265.000  90  20  178  246
 79  36.000  52.000  90  30    0 1256
 80  33.000 285.000  90  10    0 1228
 81 165.000 182.000  90  10  552  613
 82 113.000 202.000  90  10    0 1343
 83 228.000 220.000  90  10    0 1302
 84   9.000 145.000  90  30    0 1265
 85 217.000  21.000  90  30  494  546
 86 255.000 240.000  90  20  476  545
 87 168.000 108.000  90  10  744  809
 88 141.000 100.000  90  10    0 1356
 89 220.000  66.000   0  20    0 1297
 90 285.000 225.000  90  30    0 1252
 91 174.000  79.000  90  20    0 1332
 92 147.000  67.000  90  30    0 1323
 93 160.000 107.000  90  30    0 1362
 94 256.000  54.000  90  30  292  355
 95  53.000 237.000  90  20    0 1276
 96 274.000  97.000  90  10  568  622
 97 285.000 230.000  90  10    0 1250
 98 242.000  73.000  90  20    0 1287
 99 248.000 245.000  90  10    0 1270
100 113.000  50.000  90  20    0 1300
101  25.000  50.000  90  10    0 1246
102  60.000  15.000   0  10    0 1244
103 224.000  79.000  90  30    0 1304
104  86.000  31.000  90  20  200  253
105  67.000 230.000  90  10  536  600
106 147.000  60.000   0  20    0 1316
107 257.000  58.000  90  10    0 1265
108  18.000 206.000  90  10    0 1263
109   0.000 153.000  90  20    0 1256
110 140.000 140.000   0  30    0 1392
111 110.000 107.000  90  20    0 1348
112 170.000 237.000  90  10    0 1317
113 174.000  74.000  90  30    0 1327
114 164.000 103.000  90  10    0 1357
115 236.000 248.000  90  10    0 1276
116 161.000  94.000  90  20   57  119
117 166.000 113.000  90  10    0 1366
118  64.000  55.000  90  20  282  338
119 142.000  57.000  90  10    0 1313
120 136.000 144.000  90  10  358  418
121 230.000 248.000  90  20    0 1280
122 201.000 121.000  90  10    0 1348
123  65.000   4.000  90  30    0 1238
124 164.000 202.000  90  30    0 1353
125 287.000 224.000  90  10    0 1251
126  63.000  59.000  90  20    0 1281
127 121.000 181.000  90  20    0 1364
128 257.000 133.000  90  20    0 1298
129 112.000 201.000   0  20    0 1343
130 272.000  41.000  90  20    0 1243
131 137.000 229.000  90  10  227  311
132 233.000 216.000   0  10    0 1300
133 111.000  52.000  90  20  174  229
134 249.000 133.000  90  10  166  218
135 156.000  26.000  90  10    0 1282
136 238.000  69.000  90  20    0 1287
137 176.000  14.000   0  10  138  174
138 262.000  62.000  90  10    0 1264
139  67.000 216.000  90  10    0 1300
140 261.000 212.000  90  30    0 1279
141  60.000 156.000  90  20    0 1316
142  28.000 103.000  90  10  130  206
143  27.000 100.000  90  10  190  258
144 163.000 200.000   0  10    0 1355
145 106.000  77.000  90  10    0 1321
146 278.000  43.000  90  20    0 1240
147 182.000 238.000  90  10    0 1313
148  65.000  49.000  90  20    0 1274
149 175.000  12.000  90  20    0 1266
150  11.000 265.000  90  10  243  299
151  79.000  30.000  90  30  756  813
152 222.000  83.000  90  20    0 1308
153 261.000 215.000  90  10    0 1278
154 150.000 272.000  90  10    0 1284
155 147.000 178.000  90  10    0 1378
156  93.000 235.000  90  20    0 1304
157 125.000 228.000  90  30    0 1325
158 109.000  42.000  90  10  723  792
159 162.000 203.000  90  30    0 1352
160 179.000  97.000   0  10    0 1346
161 105.000  55.000  90  20    0 1301
162 216.000  62.000  90  20    0 1296
163  51.000 238.000  90  20    0 1274
164 281.000 129.000   0  20    0 1274
165 259.000  58.000  90  30    0 1264
166 136.000 104.000  90  20    0 1358
167 199.000 130.000  90  20    0 1354
168 106.000 108.000  90  20    0 1346
169 110.000  76.000  90  30    0 1322
170 282.000 227.000   0  20    0 1254
171  64.000  59.000  90  30  125  197
172 131.000 228.000  90  20  425  487
173 278.000 176.000   0  20  767  810
174 134.000 147.000  90  20    0 1390
175  52.000 233.000  90  10  460  523
176 165.000 228.000  90  20    0 1327
177  57.000 155.000  90  20    0 1313
178 111.000 153.000  90  10    0 1367
179 229.000 217.000  90  10    0 1303
180 184.000  97.000  90  10    0 1344
181 149.000 282.000  90  10  132  191
182 147.000 285.000  90  10 1046 1102
183  53.000 232.000  90  20  276  339
184 170.000 174.000  90  20  180  244
185  78.000 232.000   0  20    0 1297
186 127.000 101.000  90  20  119  174
187 127.000 232.000  90  10    0 1321
188 179.000   9.000  90  30    0 1263
189 166.000 203.000  90  30  130  168
190 151.000  30.000  90  20  185  240
191 284.000 176.000  90  30  288  353
192 252.000 128.000  90  10    0 1302
193  83.000 236.000  90  10    0 1297
194 223.000  11.000  90  20    0 1249
195 164.000  95.000  90  20    0 1350
196  35.000  56.000  90  10    0 1258
197 128.000  94.000  90  30  314  369
198  30.000 279.000  90  20  328  387
199  31.000 275.000  90  20  172  225
200 233.000 242.000  90  30    0 1283
201  64.000  53.000  90  30    0 1277
202 184.000  98.000  90  10    0 1344
203 140.000 100.000   0  20    0 1356
204 160.000  24.000  90  10    0 1280
205 133.000 225.000  90  30    0 1330
206 129.000 177.000  90  20    0 1372
207  14.000 149.000  90  10  193  260
208  31.000 284.000  90  10    0 1227
209 287.000 226.000  90  10    0 1250
210  55.000 285.000  90  30  793  847
211 216.000 148.000  90  10    0 1340
212 255.000  57.000  90  10    0 1266
213  66.000  54.000  90  20    0 1279
214  81.000 223.000  90  40    0 1306
215 225.000  22.000  90  40    0 1258
216  85.000 228.000  90  10    0 1305
217 232.000 240.000   0  20    0 1285
218 272.000  97.000  90  40    0 1273
219 122.000 259.000  90  20    0 1294
220 154.000  31.000  90  20    0 1287
221  69.000 109.000  90  20  611  675
222 201.000 127.000  90  10  394  466
223 211.000 159.000  90  10    0 1345
224 168.000  96.000   0  10    0 1350
225 162.000 107.000  90  10    0 1362
226  17.000 209.000  90  10    0 1261
227  50.000 285.000  90  10    0 1238
228 174.000  13.000  90  20    0 1267
229  58.000 235.000   0  10  932  985
230 250.000 134.000  90  30  250  317
231  66.000 157.000  90  10    0 1322
232 121.000 255.000  90  30  169  231
233 280.000 180.000  90  20    0 1273
234  78.000 236.000  90  10    0 1294
235  66.000  56.000  90  30    0 1280
236 138.000 101.000  90  20  659  720
237   8.000 265.000  90  20    0 1224
238  37.000  62.000  90  10    0 1263
239 227.000 214.000  90  20  100  144
240  74.000 106.000  90  20    0 1319
241  58.000 231.000  90  10  122  197
242 282.000 134.000  90  30    0 1274
243  52.000  63.000  90  10  473  513
244  65.000  68.000  90  20    0 1288
245 204.000 131.000  90  20  959 1014
246 149.000 294.000  90  10  481  532
247  73.000 225.000  90  20    0 1299
248 154.000  26.000  90  20  452  527
249 255.000 220.000  90  20    0 1280
250  53.000 285.000  90  10  604  673
251  22.000  97.000  90  20  649  731
252 259.000 240.000  90  10    0 1265
253  88.000  31.000  90  10  134  202
254  26.000  99.000  90  10    0 1272
255 250.000 126.000  90  20  827  882
256 123.000  92.000  90  20    0 1343
257  63.000   3.000  90  10  508  566
258  63.000   7.000  90  20  231  290
259 166.000  94.000  90  30  211  274
260 269.000  35.000  90  20    0 1241
261  62.000  53.000   0  10  368  437
262 165.000 113.000  90  20    0 1367
263 281.000 130.000  90  30    0 1274
264 288.000 231.000  90  20  679  734
265 151.000 269.000  90  40    0 1287
266 240.000  71.000  90  30  458  510
267  74.000 113.000   0  20  806  860
268 263.000 215.000  90  20    0 1276
269  25.000 145.000   0  30    0 1281
270 145.000 182.000  90  10    0 1374
271 124.000 264.000   0  30    0 1290
272 235.000 243.000  90  20    0 1281
273 236.000 218.000   0  10    0 1297
274 275.000 182.000  90  10    0 1277
275 102.000 235.000  90  30  340  403
276 212.000   9.000  90  30    0 1252
277  59.000  67.000  90  10  184  243
278  49.000 234.000  90  20    0 1275
279  57.000  68.000  90  10    0 1283
280 277.000 177.000  90  20    0 1277
281  28.000  56.000  90  30    0 1252
282 140.000 228.000  90  20   78  148
283 227.000  80.000  90  30    0 1302
284 216.000  23.000  90  10    0 1263
285 112.000  51.000  90  10  264  322
286  52.000 231.000  90  10  372  427
287 140.000 292.000  90  10    0 1264
288 224.000  77.000  90  20    0 1303
289 173.000  11.000  90  20    0 1266
290 179.000  98.000  90  20    0 1347
291 261.000 217.000  90  10    0 1277
292 115.000 197.000  90  10  590  640
293 123.000 260.000  90  10  826  888
294 138.000 100.000  90  30    0 1355
295 231.000 243.000  90  10    0 1283
296 257.000 210.000  90  10    0 1284
297 212.000 159.000  90  20  397  453
298 286.000 175.000  90  10    0 1268
299 144.000  59.000  90  10    0 1315
300 166.000 226.000  90  30    0 1329
301 175.000 227.000   0  30    0 1326
302 114.000 158.000  90  30    0 1370
303  37.000 280.000   0  20 1064 1133
304 215.000  68.000  90  10    0 1302
305 119.000 253.000  90  20    0 1299
306  16.000 151.000  90  20    0 1272
307 251.000 237.000  90  10  301  350
308 221.000  70.000  90  10    0 1300
309 111.000 110.000  90  10    0 1351
310 150.000  64.000  90  10    0 1320
311 172.000  78.000  90  20  131  200
312  55.000  68.000  90  30    0 1281
313  53.000 288.000  90  20    0 1238
314 168.000 204.000  90  20   56  115
315  13.000 202.000  90 -20    0 1260
316 203.000 156.000  90 -20    0 1353
317 136.000 233.000  90 -10    0 1322
318  70.000 227.000  90 -10    0 1295
319  43.000 286.000  90 -20    0 1233
320 166.000 105.000  90 -30  551  633
321  65.000  69.000  90 -30    0 1289
322 162.000 206.000  90 -10    0 1349
323 140.000 108.000  90 -20    0 1363
324 262.000 241.000  90 -10    0 1262
325 258.000 244.000  90 -10    0 1263
326 104.000 235.000  90 -10    0 1310
327 134.000 146.000  90 -30    0 1390
328 134.000 148.000  90 -10  731  781
329 154.000 266.000  90 -20  172  247
330 143.000  61.000  90 -20    0 1317
331  70.000 109.000  90 -40  521  583
332  16.000 196.000  90 -10    0 1265
333 203.000 128.000  90 -10    0 1349
334   4.000 149.000  90 -20    0 1260
335 168.000 176.000  90 -20    0 1375
336 277.000 100.000  90 -20    0 1270
337 155.000 180.000  90 -30    0 1376
338 148.000 288.000  90 -10  286  350
339  65.000 156.000  90 -40    0 1321
340 109.000 110.000  90 -20    0 1349
341 204.000 129.000  90 -30    0 1349
342 109.000 157.000  90 -20  387  436
343 105.000 230.000  90 -20    0 1315
344  82.000  31.000  90 -20    0 1269
345  71.000 154.000  90 -20    0 1327
346 259.000 126.000  90 -10  633  695
347 108.000 109.000  90 -10    0 1348
348 114.000 198.000  90 -20    0 1346
349 157.000  25.000  90 -10    0 1281
350 143.000 288.000  90 -20    0 1268
351  78.000  33.000  90 -30    0 1269
352 119.000 157.000  90 -20  762  810
353  85.000 224.000  90 -20    0 1308
354  66.000   7.000  90 -20  786  849
355  28.000 144.000  90 -10    0 1284
356 227.000  26.000  90 -20    0 1261
357 131.000  95.000  90 -20    0 1348
358 148.000  61.000  90 -20    0 1317
359  31.000 145.000  90 -20  646  719
360 112.000 199.000  90 -20    0 1344
361 268.000  38.000  90 -30  803  858
362 226.000 221.000  90 -10    0 1302
363 174.000  71.000  90 -20    0 1324
364  81.000 238.000  90 -10    0 1295
365 119.000 104.000  90 -20 1059 1115
366 167.000 176.000  90 -20    0 1375
367 266.000 104.000  90 -10    0 1282
368 221.000   8.000  90 -20    0 1248
369  30.000 148.000  90 -20    0 1286
370 107.000 103.000  90 -10    0 1343
371 206.000 129.000  90 -10    0 1347
372 163.000 180.000  90 -10  646  703
373 116.000 159.000  90 -30    0 1371
374 228.000 223.000  90 -30    0 1300
375 280.000 125.000  90 -10    0 1274
376  19.000 102.000  90 -20    0 1267
377 101.000 110.000  90 -40    0 1343
378 167.000 105.000  90 -20    0 1358
379 214.000 157.000  90 -10    0 1342
380  67.000  10.000  90 -10    0 1244
381 169.000 235.000  90 -20  333  384
382 178.000  10.000  90 -10    0 1264
383 287.000 128.000  90 -30    0 1268
384 240.000  73.000  90 -20    0 1288
385 144.000 173.000  90 -20    0 1383
386 275.000 100.000  90 -20    0 1272
387 218.000   3.000  90 -40    0 1245
388  82.000  34.000  90 -20    0 1272
389 216.000 157.000  90 -30    0 1340
390  75.000 110.000  90 -20    0 1321
391 212.000  62.000  90 -20    0 1299
392   8.000 263.000  90 -20    0 1225
393  37.000  53.000  90 -30    0 1258
394  33.000 283.000  90 -10  881  946
395 159.000 177.000  90 -10    0 1378
396  84.000 236.000  90 -10  258  321
397 167.000 179.000  90 -10    0 1373
398  10.000 150.000  90 -30    0 1266
399 216.000  25.000  90 -30    0 1265
400 257.000 243.000  90 -20    0 1265
401 160.000 108.000  90 -10    0 1363
402 143.000 111.000  90 -10    0 1367
403 220.000  66.000  90 -20    0 1297
404 288.000 228.000  90 -30    0 1248
405 171.000  79.000  90 -20    0 1332
406 153.000  28.000  90 -30    0 1284
407 141.000 137.000  90 -30    0 1391
408 264.000  61.000  90 -30  837  920
409  53.000 234.000  90 -20    0 1278
410 269.000 103.000  90 -10    0 1279
411 283.000 229.000  90 -10    0 1252
412 241.000  71.000  90 -20    0 1286
413 258.000 247.000  90 -10    0 1261
414 113.000  52.000  90 -20    0 1302
415  31.000  55.000  90 -10    0 1254
416  60.000  15.000  90 -10    0 1244
417 220.000  74.000  90 -30  835  878
418  85.000  24.000  90 -20    0 1265
419  68.000 229.000  90 -10    0 1293
420 147.000  60.000  90 -20    0 1316
421 259.000  59.000  90 -10  563  639
422  10.000 198.000  90 -10    0 1258
423  25.000 141.000  90 -20    0 1281
424 140.000 140.000  90 -30    0 1392
425 111.000 112.000  90 -20    0 1352
426 173.000 233.000  90 -10    0 1320
427 176.000  71.000  90 -30    0 1323
428 185.000  98.000  90 -10    0 1344
429 236.000 240.000  90 -10    0 1282
430 173.000  72.000  90 -20    0 1325
431 183.000  99.000  90 -10  671  728
432  70.000  57.000  90 -20    0 1284
433 148.000  60.000  90 -10    0 1316
434 137.000 104.000  90 -10    0 1359
435 235.000 242.000  90 -20    0 1281
436 253.000  57.000  90 -10    0 1268
437  66.000  10.000  90 -30    0 1243
438 150.000 184.000  90 -30    0 1372
439 289.000 225.000  90 -10    0 1249
440  60.000  64.000  90 -20  746  797
441 128.000 172.000  90 -20    0 1375
442 246.000 133.000  90 -20    0 1309
443 112.000 201.000  90 -20    0 1343
444 275.000  32.000  90 -20    0 1235
445 135.000 227.000  90 -10    0 1328
446 233.000 216.000  90 -10    0 1300
447 116.000  49.000  90 -20    0 1300
448 280.000 130.000  90 -10    0 1275
449 161.000  26.000  90 -10    0 1282
450 231.000  70.000  90 -20    0 1293
451 176.000  14.000  90 -10  138  174
452 257.000  59.000  90 -10    0 1266
453  59.000 223.000  90 -10    0 1290
454 227.000 217.000  90 -30 1231 1304
455  63.000 155.000  90 -20    0 1319
456  23.000 103.000  90 -10    0 1271
457  22.000 102.000  90 -10    0 1270
458 163.000 200.000  90 -10    0 1355
459 108.000  80.000  90 -10    0 1325
460 270.000  37.000  90 -20    0 1242
461 177.000 225.000  90 -10    0 1327
462 115.000  42.000  90 -20    0 1293
463 181.000  11.000  90 -20    0 1264
464   1.000 272.000  90 -10  523  589
465  78.000  31.000  90 -30    0 1267
466 223.000  74.000  90 -20    0 1301
467 262.000 211.000  90 -10    0 1279
468 153.000 265.000  90 -10    0 1291
469 149.000 186.000  90 -10    0 1370
470  96.000 237.000  90 -20    0 1304
471 145.000 184.000  90 -30    0 1372
472 114.000  50.000  90 -10    0 1300
473 163.000 202.000  90 -30    0 1353
474 179.000  97.000  90 -10    0 1346
475 114.000  49.000  90 -20    0 1299
476 213.000  61.000  90 -20    0 1297
477  55.000 232.000  90 -20    0 1281
478 281.000 129.000  90 -20    0 1274
479 236.000  72.000  90 -30    0 1290
480 141.000 102.000  90 -20    0 1358
481 202.000 131.000  90 -20 1045 1113
482 109.000 105.000  90 -20    0 1346
483 110.000  74.000  90 -30  528  578
484 282.000 227.000  90 -20    0 1254
485  65.000  56.000  90 -30    0 1280
486 130.000 230.000  90 -20    0 1324
487 278.000 176.000  90 -20  767  810
488 137.000 150.000  90 -20    0 1393
489  64.000 226.000  90 -10    0 1292
490 173.000 224.000  90 -20    0 1329
491  29.000 152.000  90 -20    0 1285
492 132.000 146.000  90 -10    0 1388
493 229.000 219.000  90 -10    0 1302
494 183.000  97.000  90 -10    0 1344
495 140.000 290.000  90 -10    0 1266
496 147.000 281.000  90 -10    0 1275
497  63.000 229.000  90 -20    0 1289
498 215.000 160.000  90 -20    0 1341
499  78.000 232.000  90 -20    0 1297
500 130.000 102.000  90 -20    0 1354
501 126.000 229.000  90 -10  701  769
502 177.000   4.000  90 -30    0 1258
503 149.000 183.000  90 -30    0 1373
504 158.000  27.000  90 -20    0 1283
505 280.000 172.000  90 -30    0 1275
506 218.000 153.000  90 -10    0 1338
507  77.000 233.000  90 -10    0 1296
508 223.000  23.000  90 -20    0 1260
509 211.000  66.000  90 -20    0 1303
510  29.000  55.000  90 -10    0 1253
511 130.000  96.000  90 -30  495  557
512  26.000 282.000  90 -20  507  580
513  30.000 280.000  90 -20  412  485
514 169.000 173.000  90 -30    0 1377
515 115.000  48.000  90 -30  910  989
516 161.000 112.000  90 -10    0 1367
517 140.000 100.000  90 -20    0 1356
518 160.000  27.000  90 -10    0 1283
519 136.000 220.000  90 -30 1079 1142
520 114.000 204.000  90 -20    0 1342
521   8.000 155.000  90 -10    0 1264
522  35.000 282.000  90 -10    0 1231
523 288.000 227.000  90 -10    0 1248
524  59.000 280.000  90 -30    0 1248
525 246.000 137.000  90 -10    0 1310
526 260.000  58.000  90 -10    0 1263
527 106.000  71.000  90 -20    0 1316
528  70.000 225.000  90 -40  254  329
529 218.000  20.000  90 -40  405  452
530  88.000 225.000  90 -10    0 1309
531 232.000 240.000  90 -20    0 1285
532 271.000 101.000  90 -40  750  812
533 116.000 265.000  90 -20    0 1287
534 139.000  58.000  90 -20    0 1314
535  68.000 113.000  90 -20    0 1317
536 204.000 127.000  90 -10  676  735
537 210.000 156.000  90 -10    0 1346
538 168.000  96.000  90 -10    0 1350
539 159.000 110.000  90 -10    0 1365
540   3.000 205.000  90 -10    0 1250
541  52.000 288.000  90 -10  433  475
542 184.000  12.000  90 -20 1042 1094
543  58.000 235.000  90 -10  932  985
544 257.000 137.000  90 -30    0 1299
545  60.000 160.000  90 -10    0 1316
546 119.000 262.000  90 -30    0 1290
547 211.000 150.000  90 -20    0 1345
548 100.000 231.000  90 -10    0 1311
549 107.000  71.000  90 -30    0 1317
550 144.000 100.000  90 -20    0 1356
551  12.000 270.000  90 -20  624  692
552  29.000  57.000  90 -10    0 1254
553 230.000 223.000  90 -20    0 1298
554  70.000 102.000  90 -20    0 1313
555  11.000 207.000  90 -10    0 1256
556 250.000 130.000  90 -30    0 1305
557  59.000  64.000  90 -10  658  703
558 100.000  73.000  90 -20    0 1315
559 202.000 133.000  90 -20 1144 1197
560 144.000 292.000  90 -10    0 1264
561  73.000 226.000  90 -20    0 1298
562 161.000  22.000  90 -20    0 1278
563 258.000 212.000  90 -20  843  894
564  54.000 285.000  90 -10    0 1241
565  23.000 107.000  90 -20 1044 1086
566 258.000 232.000  90 -10 1148 1191
567  86.000  30.000  90 -10  288  346
568  26.000  97.000  90 -10  471  527
569 247.000 132.000  90 -20    0 1308
570 133.000  99.000  90 -20    0 1353
571  66.000   8.000  90 -10    0 1242
572  65.000   5.000  90 -20    0 1238
573 177.000  82.000  90 -30    0 1333
574 269.000  29.000  90 -20    0 1237
575  62.000  53.000  90 -10  368  437
576 181.000 102.000  90 -20    0 1349
577 282.000 137.000  90 -30    0 1274
578 280.000 225.000  90 -20    0 1256
579 153.000 254.000  90 -40    0 1302
580 236.000  66.000  90 -30  637  705
581  74.000 113.000  90 -20  806  860
582 263.000 212.000  90 -20  559  626
583  25.000 145.000  90 -30    0 1281
584 145.000 183.000  90 -10    0 1373
585 124.000 264.000  90 -30    0 1290
586 235.000 241.000  90 -20  748  804
587 236.000 218.000  90 -10    0 1297
588 278.000 177.000  90 -10    0 1276
589 122.000 175.000  90 -30    0 1369
590 217.000  11.000  90 -30    0 1252
591 103.000  78.000  90 -10    0 1321
592  16.000 204.000  90 -20    0 1262
593  55.000  62.000  90 -10    0 1277
594 277.000 172.000  90 -20    0 1278
595  34.000  54.000  90 -30    0 1256
596 131.000 226.000  90 -20    0 1328
597 217.000  69.000  90 -30    0 1301
598 212.000  26.000  90 -10    0 1268
599 105.000  81.000  90 -10    0 1324
600  63.000 233.000  90 -10    0 1286
601 141.000 286.000  90 -10    0 1270
602 222.000  73.000  90 -20  642  703
603 181.000   8.000  90 -20    0 1261
604 175.000 101.000  90 -20    0 1351
605 260.000 214.000  90 -10    0 1279
606 128.000 176.000  90 -10    0 1372
607 126.000 256.000  90 -10    0 1298
608 143.000 101.000  90 -30    0 1357
609 233.000 245.000  90 -10    0 1280
610 227.000 218.000  90 -10    0 1304
611 211.000 157.000  90 -20    0 1345
612 280.000 175.000  90 -10    0 1274
613 148.000  62.000  90 -10  994 1044
614 174.000 228.000  90 -30  722  775
615 175.000 227.000  90 -30    0 1326
616 118.000 156.000  90 -30  668  721
617  37.000 280.000  90 -20 1064 1133
618 213.000  68.000  90 -10    0 1303
619 119.000 267.000  90 -20    0 1285
620   9.000 144.000  90 -20    0 1265
621 254.000 240.000  90 -10  383  457
622 217.000  73.000  90 -10    0 1304
623 113.000 114.000  90 -10    0 1355
624 150.000  56.000  90 -10    0 1312
625 168.000  97.000  90 -20    0 1351
626  62.000  65.000  90 -30    0 1284
627  99.000 242.000  90 -20    0 1301
628 165.000 204.000  90 -20    0 1350
629 150.000 150.000   0   0    0 1496
