317 317 1000 200 1000
  0 150.000 150.000   0   0    0 1496
  1  17.000 205.000  90  20  217  444
  2  47.000 277.000  90  20  163  398
  3 105.000 230.000  90  10   91  301
  4 160.000 111.000  90  30   40  296
  5 143.000 111.000  90  20   39  330
  6 173.000 233.000  90  30  532  775
  7  85.000  24.000  90  20  353  654
  8 277.000 100.000  90  10  177  461
  9 141.000 137.000  90  30   57  339
 10 100.000  73.000  90  20  138  406
 11  61.000  70.000  90  30  119  291
 12 161.000 210.000  90  10  189  487
 13  30.000 280.000  90  20  337  561
 14 129.000  98.000   0  20  508  729
 15  62.000  65.000   0  20  845 1082
 16 256.000 239.000  90  10  476  729
 17   9.000 144.000  90  40  469  725
 18 203.000 156.000  90  20   53  367
 19 251.000 241.000  90  10  156  306
 20 109.000 110.000  90  20  293  554
 21 106.000 233.000  90  10   93  310
 22  22.000 102.000  90  10  755 1003
 23 145.000 184.000  90  10  353  637
 24 121.000 170.000  90  30  454  740
 25  25.000 141.000  90  20  406  584
 26 122.000 172.000  90  10  357  653
 27 157.000 266.000  90  20  116  402
 28  73.000 226.000  90  20  108  403
 29  74.000 109.000  90  40  163  370
 30 199.000 126.000  90  10   54  281
 31  10.000 147.000  90  20  300  528
 32 168.000 176.000   0  20  209  401
 33 277.000 104.000  90  20  135  424
 34  55.000 232.000  90  10  125  341
 35 119.000 262.000  90  20  408  550
 36 149.000 285.000  90  10  135  354
 37 140.000 143.000  90  20   12  356
 38 114.000 164.000  90  20   38  277
 39  87.000  27.000   0  20  294  526
 40 108.000 113.000  90  10  115  360
 41  86.000 230.000  90  20  102  322
 42 226.000 221.000  90  10  871 1184
 43 116.000 159.000  90  10   72  377
 44  83.000  30.000  90  30  449  752
 45 150.000 184.000  90  20  115  322
 46 141.000 102.000  90  10   48  318
 47 114.000 156.000  90  20  466  734
 48 263.000 212.000  90  10  482  703
 49 259.000  59.000  90  10  464  739
 50 113.000 114.000  90  20   51  290
 51  67.000 161.000  90  10   83  343
 52 211.000  61.000  90  20  532  794
 53 125.000 103.000  90  20   53  312
 54 269.000  29.000  90  20  412  688
 55  26.000 282.000  90  20  412  674
 56  29.000 285.000  90  20  513  761
 57 130.000 230.000  90  20  463  634
 58 173.000  72.000  90  10  231  473
 59 162.000 206.000  90  30  296  568
 60 231.000 218.000  90  10  277  479
 61 173.000  76.000  90  20  163  353
 62  66.000   7.000  90  10  711  924
 63 213.000  68.000  90  10  103  349
 64 175.000 101.000  90  20   55  295
 65  96.000 237.000  90  20  628  873
 66 115.000 196.000  90  10   57  286
 67 153.000 265.000  90  30  373  615
 68  29.000 148.000  90  20  225  387
 69 253.000  57.000  90  10  138  356
 70 136.000 140.000  90  10  162  426
 71  59.000  64.000  90  10  616  745
 72  68.000 229.000  90  10  322  630
 73 118.000 163.000  90  30   34  255
 74 230.000 221.000  90  30  545  777
 75  25.000  99.000  90  40  304  508
 76 167.000 105.000  90  20  565  801
 77 214.000 157.000  90  10  478  744
 78  65.000   6.000  90  10  187  519
 79 167.000 229.000  90  20  160  364
 80 173.000  13.000  90  10  200  444
 81 286.000 130.000  90  30  196  447
 82 148.000 288.000  90  30  192  444
 83 239.000  77.000  90  20  115  402
 84 277.000 101.000  90  20  136  401
 85 144.000 292.000  90  20  472  733
 86 215.000   4.000  90  40  246  436
 87 169.000 171.000  90  30   28  351
 88  76.000 111.000   0  20   83  314
 89  13.000 265.000  90  20  178  462
 90 149.000 183.000  90  10   33  236
 91 235.000 242.000   0  10  458  727
 92 159.000 110.000  90  20  115  329
 93 113.000 202.000  90  10  307  545
 94 228.000 220.000   0  10 1021 1220
 95 217.000  21.000  90  30  418  622
 96 161.000 112.000  90  10   39  324
 97 203.000 128.000  90  20  366  678
 98  77.000 233.000  90  20  548  772
 99 133.000  99.000  90  20  608  816
100 202.000 133.000   0  20 1043 1298
101 285.000 225.000  90  30  154  408
102  70.000  57.000   0  20  757  983
103 160.000 107.000  90  30  281  530
104 136.000 233.000  90  10   84  283
105 257.000 137.000  90  20  243  519
106 274.000  97.000  90  10  464  726
107 248.000 245.000  90  10  136  311
108 154.000 266.000  90  40  116  368
109 222.000  73.000  90  20  574  770
110 224.000  79.000  90  30  164  410
111  86.000  31.000  90  20  135  419
112  67.000 230.000   0  10  448  687
113 147.000  60.000  90  20  628  864
114 257.000  58.000  90  10  309  528
115  18.000 206.000   0  10  143  414
116 140.000 140.000  90  30   14  225
117 204.000 129.000  90  20  500  727
118 128.000 172.000  90  20   31  233
119  23.000 107.000   0  10  927 1203
120 170.000 237.000  90  10  309  593
121 206.000 129.000  90  10  813  974
122  65.000  56.000  90  10  133  304
123 161.000  94.000  90  20   57  309
124  64.000  55.000  90  20  224  395
125 142.000  57.000  90  10  267  481
126 174.000  71.000  90  20  312  574
127 136.000 144.000  90  10  272  505
128 230.000 248.000  90  20  126  341
129 201.000 121.000  90  10  112  372
130 257.000  59.000  90  20  385  633
131 287.000 224.000  90  10  169  324
132 121.000 181.000  90  20  176  454
133 257.000 133.000  90  20  367  582
134 272.000  41.000  90  20  163  365
135 110.000  74.000  90  30  437  669
136  70.000 225.000  90  30  169  415
137 233.000 216.000  90  10  349  592
138 111.000  52.000  90  20  105  308
139 249.000 133.000  90  10  100  338
140 126.000 256.000   0  20  836 1067
141 156.000  26.000  90  10  466  696
142 280.000 125.000  90  10  669  904
143  65.000   5.000  90  20  309  579
144 176.000  14.000   0  10  138  317
145  43.000 286.000  90  10  173  449
146 236.000  66.000  90  30  578  763
147  60.000 156.000  90  20  297  442
148 114.000  50.000  90  10  424  711
149  28.000 103.000  90  10  130  343
150  27.000 100.000  90  10  132  370
151 163.000 200.000   0  10  682  918
152  63.000 229.000  90  20  653  860
153 254.000 240.000  90  20  312  527
154  63.000 155.000  90  10  466  642
155 278.000  43.000  90  20  166  391
156  60.000 160.000  90  20   90  361
157 175.000  12.000  90  20  393  619
158 128.000 176.000  90  20   34  281
159 280.000 172.000  90  10  467  735
160  11.000 265.000  90  10  180  442
161  79.000  30.000  90  30  667  902
162 144.000 100.000  90  20  244  401
163 183.000  99.000  90  20  615  784
164 109.000  42.000  90  10  649  865
165 162.000 203.000  90  30  382  668
166 179.000  97.000  90  10  129  354
167 105.000  55.000  90  20  105  334
168  29.000  55.000  90  20  489  751
169 216.000  62.000  90  20  360  596
170  51.000 238.000  90  20  637  906
171 199.000 130.000  90  20   52  267
172 108.000 109.000  90  20  422  609
173 144.000 173.000   0  20  789 1128
174  64.000  59.000  90  30  125  357
175 131.000 228.000  90  20  369  544
176 143.000 101.000  90  10  110  352
177 278.000 176.000  90  20  691  885
178 165.000 228.000  90  20   79  354
179 231.000  70.000  90  10  383  575
180 229.000 217.000  90  10  103  313
181 184.000  97.000  90  10  266  587
182  10.000 150.000  90  10  226  415
183 149.000 282.000  90  10  132  367
184 282.000 137.000  90  10  132  382
185 113.000  52.000  90  10  288  481
186  53.000 232.000  90  20  171  444
187 170.000 174.000  90  20  107  316
188  78.000 232.000  90  20  694  809
189 127.000 101.000  90  20   54  264
190 127.000 232.000  90  10  538  745
191 223.000  23.000  90  10  185  480
192 166.000 203.000  90  30   55  272
193 218.000 153.000  90  10  773 1005
194 151.000  30.000  90  20  120  343
195 284.000 176.000  90  30  230  410
196  28.000 144.000  90  20  478  700
197  83.000 236.000  90  10  264  497
198 223.000  11.000  90  20  544  703
199  35.000  56.000  90  10  148  401
200 183.000  97.000   0  40  195  475
201 104.000 235.000  90  10  372  555
202 128.000  94.000  90  30  203  479
203  31.000 275.000  90  20  172  406
204 105.000  81.000   0  20   82  304
205 160.000  24.000  90  10  645  886
206  13.000 202.000  90  20  379  651
207 247.000 132.000  90  10  947 1138
208 129.000 177.000  90  20  100  334
209  31.000 284.000  90  10  611  848
210 287.000 226.000  90  10  327  536
211 255.000  57.000  90  10  140  326
212  81.000 223.000   0  40  948 1127
213 225.000  22.000  90  40  148  392
214  70.000 102.000  90  30  337  574
215 122.000 259.000  90  20  172  417
216 154.000  31.000  90  20  119  400
217 201.000 127.000  90  10  297  563
218 139.000  58.000  90  20  331  603
219 211.000 159.000   0  10  190  477
220 168.000  96.000  90  10  210  460
221 158.000  27.000   0  10 1036 1235
222 115.000  42.000   0  30  749  957
223 162.000 107.000  90  10  346  649
224  17.000 209.000  90  10  145  419
225  50.000 285.000  90  10  241  480
226 174.000  13.000  90  20  139  382
227 217.000  69.000  90  10  200  375
228  58.000 235.000  90  10  846 1071
229  66.000 157.000  90  10  586  889
230 121.000 255.000  90  30  110  291
231 233.000 245.000  90  10  297  521
232 215.000 160.000  90  10  382  653
233 138.000 101.000   0  20  567  812
234   3.000 205.000  90  10  608  809
235 280.000 225.000   0  20  978 1177
236 169.000 235.000   0  10  232  484
237  37.000  62.000  90  10  143  436
238  29.000  57.000  90  30  235  437
239 259.000 126.000  90  20  528  801
240 227.000 214.000  90  20  100  335
241   1.000 272.000  90  10  438  675
242  74.000 106.000  90  20  226  493
243 132.000 146.000  90  20  470  677
244  58.000 231.000  90  10  122  345
245 157.000  25.000  90  20  567  778
246 288.000 227.000  90  40  384  661
247  52.000  63.000  90  10  359  627
248 167.000 179.000  90  20  396  581
249 169.000 173.000  90  10   29  337
250  52.000 288.000   0  20  345  564
251 149.000 294.000  90  10  358  656
252  73.000 225.000  90  20  107  343
253 154.000  26.000  90  20  385  594
254 255.000 220.000  90  20  126  399
255  53.000 285.000  90  10  498  778
256 259.000 240.000   0  10  919 1223
257  88.000  31.000  90  10  134  316
258  26.000  99.000  90  10  228  402
259 111.000 112.000  90  20   56  233
260 227.000  26.000  90  20  145  361
261  63.000   3.000  90  10  335  738
262  63.000   7.000  90  20  167  428
263 280.000 130.000  90  10  465  737
264 166.000  94.000  90  30  100  385
265 148.000  61.000  90  10  823 1033
266 177.000   4.000  90  10  672  901
267 269.000  35.000   0  20  516  776
268  62.000  53.000  90  10  280  525
269 112.000 199.000  90  20  142  343
270 218.000   3.000  90  30  281  587
271 281.000 130.000  90  30  393  627
272 271.000 101.000   0  10  651  912
273 288.000 231.000  90  20  583  830
274 171.000  79.000  90  20   74  279
275 240.000  71.000  90  30  373  595
276 210.000 156.000  90  20   60  258
277 240.000  73.000  90  20  132  286
278 263.000 215.000  90  20  384  615
279 124.000 264.000   0  30  614  911
280  88.000 225.000  90  20   97  366
281 246.000 137.000  90  10   96  285
282  84.000 236.000  90  10  199  380
283 235.000 243.000  90  20  359  644
284 275.000 182.000  90  10  129  323
285 102.000 235.000  90  30  252  491
286 212.000   9.000  90  30  154  386
287  59.000  67.000  90  10  123  387
288  57.000  68.000  90  10  186  426
289 140.000 228.000  90  20   78  277
290 227.000  80.000  90  30  104  323
291 173.000  11.000  90  20  331  496
292  34.000  54.000   0  30  719  892
293 261.000 217.000  90  10  129  438
294 123.000 260.000  90  10  702 1011
295 231.000 243.000  90  10  123  407
296 257.000 210.000   0  10  824 1097
297 103.000  78.000  90  10   85  356
298 286.000 175.000  90  10  294  530
299  82.000  31.000  90  10  574  810
300 144.000  59.000  90  10  187  374
301 119.000 157.000   0  10  668  904
302 166.000 226.000  90  30   77  285
303 258.000 244.000  90  10  679  896
304  75.000 110.000  90  10   85  349
305 175.000 227.000  90  30  734  946
306 215.000  68.000  90  10  104  371
307 119.000 253.000  90  20  107  298
308  16.000 151.000  90  20  134  366
309 251.000 237.000  90  10  222  429
310  30.000 148.000  90  20  120  373
311 221.000  70.000  90  10  492  667
312 106.000  71.000  90  20  293  444
313 111.000 110.000   0  10  228  435
314 150.000  64.000  90  10   86  346
315 172.000  78.000  90  20   75  297
316 155.000 180.000  90  30   30  294
317 168.000 204.000  90  20   56  255
318  12.000 198.000  90 -20  762 1039
319  55.000 285.000  90 -20  735  906
320 103.000 232.000  90 -10  172  384
321 160.000 108.000  90 -30  179  450
322 141.000 100.000  90 -20  295  535
323 174.000 228.000  90 -30  598  899
324  66.000  10.000  90 -20  877 1123
325 269.000 103.000  90 -10  759  989
326 109.000 105.000  90 -30  800  990
327  69.000   4.000  90 -20  574  873
328 108.000  80.000  90 -30  694  973
329 135.000 227.000  90 -10  234  489
330  37.000 280.000  90 -20  992 1205
331 129.000  98.000  90 -20  508  729
332  62.000  65.000  90 -20  845 1082
333 258.000 232.000  90 -10 1008 1271
334   0.000 153.000  90 -40  662  917
335 212.000 159.000  90 -20  312  537
336 258.000 247.000  90 -10  718 1044
337 106.000 108.000  90 -20  450  766
338 106.000 237.000  90 -10  427  685
339  23.000 103.000  90 -10  864 1077
340 145.000 182.000  90 -10  629  908
341 144.000 182.000  90 -30  570  786
342  33.000 142.000  90 -20  646  907
343 147.000 178.000  90 -10  721 1006
344 150.000 272.000  90 -20  206  406
345  70.000 227.000  90 -20  257  511
346  68.000 113.000  90 -40  593  881
347 203.000 125.000  90 -10  229  444
348   4.000 149.000  90 -20  572  816
349 168.000 176.000  90 -20  209  401
350 275.000  97.000  90 -20  404  604
351   8.000 263.000  90 -10  260  468
352 116.000 265.000  90 -20  445  702
353 147.000 281.000  90 -10 1025 1275
354 134.000 146.000  90 -20  348  614
355  71.000 154.000  90 -20  789 1060
356  87.000  27.000  90 -20  294  526
357 110.000 107.000  90 -10  893 1082
358  49.000 234.000  90 -20  571  783
359 227.000 218.000  90 -10 1057 1304
360 109.000 157.000  90 -10  276  547
361  78.000  31.000  90 -30  774  979
362 147.000 185.000  90 -20  285  522
363 137.000 104.000  90 -10  748 1001
364 118.000 156.000  90 -20  572  817
365 261.000 212.000  90 -10  670  880
366 260.000  58.000  90 -10  647  920
367 101.000 110.000  90 -20  594  812
368  61.000 157.000  90 -10  330  593
369 211.000  66.000  90 -20  847 1032
370 107.000  71.000  90 -20  372  546
371 264.000  61.000  90 -20  750 1007
372  35.000 282.000  90 -20  878 1135
373  33.000 285.000  90 -20  705  938
374 131.000 226.000  90 -20  766 1080
375 176.000  71.000  90 -10  417  653
376 164.000 202.000  90 -30  594  820
377 236.000 218.000  90 -10  436  692
378 174.000  74.000  90 -20  501  756
379  66.000   8.000  90 -10  773 1044
380 213.000  65.000  90 -10  714  980
381 179.000  98.000  90 -20   61  240
382  93.000 235.000  90 -20  701  988
383 112.000 201.000  90 -10  229  439
384 151.000 269.000  90 -30  278  521
385  25.000 145.000  90 -20  291  512
386 256.000  54.000  90 -10  240  408
387 134.000 148.000  90 -10  652  860
388  60.000  64.000  90 -10  646  898
389  53.000 234.000  90 -10  478  688
390  10.000 198.000  90 -30  712  906
391 228.000 223.000  90 -30  737  953
392  29.000  94.000  90 -40  491  694
393 165.000 113.000  90 -20  837 1089
394 216.000 157.000  90 -10  671  918
395  65.000   4.000  90 -10  524  735
396 229.000 219.000  90 -20  149  422
397 181.000  11.000  90 -10  868 1082
398 287.000 128.000  90 -30  336  492
399 140.000 290.000  90 -30  776  990
400 242.000  73.000  90 -20  169  434
401 275.000 100.000  90 -20  302  521
402 141.000 286.000  90 -20  849 1106
403 168.000 108.000  90 -40  626  927
404 167.000 176.000  90 -30  278  513
405  76.000 111.000  90 -20   83  314
406  53.000 237.000  90 -20  739  988
407 149.000 186.000  90 -10  172  449
408 235.000 242.000  90 -10  458  727
409 140.000 108.000  90 -20  891 1048
410 114.000 204.000  90 -10  367  668
411 228.000 220.000  90 -10 1021 1220
412 212.000  26.000  90 -30  643  954
413 168.000  97.000  90 -10  332  520
414 209.000 127.000  90 -20  688  913
415  85.000 224.000  90 -20  817 1069
416 136.000 104.000  90 -20  644  923
417 202.000 133.000  90 -20 1043 1298
418 289.000 225.000  90 -30  251  426
419  70.000  57.000  90 -20  757  983
420 138.000 100.000  90 -30  473  724
421 151.000 294.000  90 -10  320  509
422 255.000 132.000  90 -20  451  683
423 266.000 104.000  90 -10  829 1106
424 255.000 240.000  90 -10  383  638
425 143.000 288.000  90 -40  643  750
426 217.000  73.000  90 -20  841 1059
427 224.000  77.000  90 -30  227  531
428  60.000  15.000  90 -20  162  410
429  67.000 230.000  90 -10  448  687
430 147.000  67.000  90 -20  970 1258
431 268.000  38.000  90 -10  720  941
432  18.000 206.000  90 -10  143  414
433 123.000  92.000  90 -30  125  367
434 204.000 131.000  90 -20  865 1109
435 114.000 158.000  90 -20  186  447
436  23.000 107.000  90 -10  927 1203
437 153.000 254.000  90 -10  451  740
438 202.000 131.000  90 -10  995 1163
439  66.000  56.000  90 -10  657  895
440 164.000  95.000  90 -20   56  300
441  64.000  53.000  90 -20  403  586
442 146.000  61.000  90 -10  568  742
443 177.000  82.000  90 -20  680  955
444 137.000 150.000  90 -10  709  990
445 235.000 241.000  90 -20  628  925
446 222.000  83.000  90 -10   98  383
447 259.000  58.000  90 -20  561  823
448 285.000 230.000  90 -10  665  935
449 145.000 183.000  90 -20  479  694
450 250.000 130.000  90 -20  836 1061
451 272.000  38.000  90 -20  233  479
452 106.000  77.000  90 -30  580  899
453  67.000 216.000  90 -30  920 1173
454 227.000 222.000  90 -10  777 1096
455 113.000  50.000  90 -20  346  607
456 250.000 126.000  90 -10  738  970
457 126.000 256.000  90 -20  836 1067
458 160.000  27.000  90 -10  942 1145
459 216.000 148.000  90 -10  855 1114
460  65.000  69.000  90 -20 1041 1258
461 176.000  14.000  90 -10  138  317
462  53.000 288.000  90 -10  392  698
463 236.000  72.000  90 -30  646  888
464  57.000 155.000  90 -20  157  396
465 116.000  49.000  90 -10  872 1209
466  22.000  97.000  90 -10  600  781
467  19.000 102.000  90 -10  660  913
468 163.000 200.000  90 -10  682  918
469  59.000 223.000  90 -20  824 1068
470 257.000 243.000  90 -20  571  822
471  65.000 156.000  90 -10  543  750
472 270.000  37.000  90 -20  604  871
473  29.000 152.000  90 -20  121  407
474 179.000   9.000  90 -20  561  820
475 114.000 198.000  90 -20   60  281
476 277.000 172.000  90 -10  564  825
477   8.000 265.000  90 -10  328  585
478  78.000  33.000  90 -30  882 1055
479 131.000  95.000  90 -20  309  560
480 181.000 102.000  90 -20  677  910
481 115.000  48.000  90 -10  837 1062
482 163.000 202.000  90 -30  465  768
483 185.000  98.000  90 -10  363  671
484 112.000  51.000  90 -20  169  418
485  65.000  68.000  90 -20  902 1214
486 213.000  61.000  90 -20  433  709
487  63.000 233.000  90 -20  528  798
488 272.000  97.000  90 -20  591  783
489 107.000 103.000  90 -20  671  934
490 144.000 173.000  90 -20  789 1128
491  66.000  54.000  90 -30  580  787
492 126.000 229.000  90 -20  637  833
493 130.000  96.000  90 -10  393  658
494 277.000 177.000  90 -20  875 1066
495 177.000 225.000  90 -20  828 1037
496 220.000  74.000  90 -10  749  965
497 236.000 248.000  90 -10  165  464
498 184.000  98.000  90 -10  495  721
499   8.000 155.000  90 -10  724 1052
500 147.000 285.000  90 -10 1008 1139
501 282.000 134.000  90 -10  132  355
502 114.000  49.000  90 -10  535  783
503  52.000 233.000  90 -20  359  623
504 163.000 180.000  90 -20  572  777
505  85.000 228.000  90 -20  762  936
506 110.000  76.000  90 -20  535  755
507 125.000 228.000  90 -10  716  937
508 218.000  20.000  90 -10  349  508
509 165.000 204.000  90 -30  167  314
510 211.000 150.000  90 -10  937 1223
511 155.000  28.000  90 -20  243  552
512 280.000 175.000  90 -30  355  661
513  31.000 145.000  90 -20  560  806
514  78.000 236.000  90 -10  424  709
515 217.000  11.000  90 -20  592  848
516  31.000  55.000  90 -10  606  819
517 183.000  97.000  90 -40  195  475
518  99.000 242.000  90 -10  527  783
519 130.000 102.000  90 -30  711  902
520  30.000 279.000  90 -20  231  485
521 105.000  81.000  90 -20   82  304
522 157.000  31.000  90 -10 1060 1287
523  11.000 207.000  90 -20  495  725
524 246.000 133.000  90 -10 1011 1255
525 122.000 175.000  90 -20  281  542
526  33.000 283.000  90 -10  764 1063
527 282.000 227.000  90 -10  872 1097
528 275.000  32.000  90 -10  313  593
529  81.000 223.000  90 -40  948 1127
530 216.000  23.000  90 -40  498  727
531  74.000 113.000  90 -30  673  994
532 121.000 260.000  90 -20  276  496
533 153.000  28.000  90 -20  198  412
534 204.000 127.000  90 -10  592  819
535 143.000  61.000  90 -20  443  680
536 211.000 159.000  90 -10  190  477
537 166.000 105.000  90 -10  471  714
538 158.000  27.000  90 -10 1036 1235
539 115.000  42.000  90 -30  749  957
540 140.000 100.000  90 -10  400  612
541  16.000 204.000  90 -10  292  550
542  59.000 280.000  90 -10  824 1009
543 181.000   8.000  90 -20  769  994
544 220.000  66.000  90 -10  240  524
545  59.000 236.000  90 -10  915 1186
546  67.000 154.000  90 -10  706  956
547 119.000 267.000  90 -30  547  787
548 232.000 240.000  90 -10  857 1064
549 214.000 156.000  90 -10  614  791
550 138.000 101.000  90 -20  567  812
551  16.000 196.000  90 -10  890 1100
552 280.000 225.000  90 -20  978 1177
553 169.000 235.000  90 -10  232  484
554  63.000  59.000  90 -10  728 1008
555  28.000  56.000  90 -30  304  551
556 252.000 128.000  90 -20  642  881
557 258.000 212.000  90 -20  739  997
558  12.000 270.000  90 -10  495  820
559  70.000 109.000  90 -20  434  671
560 134.000 147.000  90 -20  506  824
561  29.000 277.000  90 -10  175  407
562 161.000  26.000  90 -20  837 1068
563 288.000 228.000  90 -40  494  733
564  55.000  62.000  90 -10  434  740
565 165.000 182.000  90 -20  478  686
566 159.000 177.000  90 -10  672  867
567  52.000 288.000  90 -20  345  564
568 140.000 292.000  90 -10  675  907
569  64.000 226.000  90 -20  746  954
570 161.000  22.000  90 -20  767  949
571 261.000 215.000  90 -20  189  440
572  54.000 285.000  90 -10  621  838
573 259.000 240.000  90 -10  919 1223
574  67.000  10.000  90 -10  967 1215
575  26.000  97.000  90 -10  400  597
576  55.000  68.000  90 -20  250  545
577 216.000  25.000  90 -20  580  829
578  37.000  53.000  90 -10  881 1099
579  36.000  52.000  90 -20  777 1019
580 281.000 129.000  90 -10  608  777
581 164.000 103.000  90 -30  400  647
582 148.000  62.000  90 -10  907 1131
583 184.000  12.000  90 -10  964 1173
584 269.000  35.000  90 -20  516  776
585  65.000  49.000  90 -10  422  755
586 115.000 197.000  90 -20  479  750
587 221.000   8.000  90 -30  410  650
588 278.000 128.000  90 -30  746 1013
589 271.000 101.000  90 -10  651  912
590 283.000 229.000  90 -20  790  994
591 174.000  79.000  90 -20  636  812
592 238.000  69.000  90 -30  478  677
593 211.000 157.000  90 -20  118  366
594 241.000  71.000  90 -20  249  538
595 262.000 211.000  90 -20  562  806
596 124.000 264.000  90 -30  614  911
597  52.000 231.000  90 -20  312  486
598 250.000 134.000  90 -10  177  389
599  81.000 238.000  90 -10  340  605
600 233.000 242.000  90 -20  751  986
601 280.000 180.000  90 -10  133  386
602 100.000 231.000  90 -30  847 1037
603 216.000   6.000  90 -30  158  425
604  25.000  50.000  90 -10  376  672
605 110.000  79.000  90 -10  805 1046
606 137.000 229.000  90 -20  165  373
607 262.000  62.000  90 -30  847 1093
608 178.000  10.000  90 -20  468  731
609  34.000  54.000  90 -30  719  892
610 260.000 214.000  90 -10  309  503
611 133.000 225.000  90 -10  903 1128
612 236.000 240.000  90 -10  577  793
613 257.000 210.000  90 -10  824 1097
614  86.000  30.000  90 -10  215  419
615 278.000 177.000  90 -10  764  995
616  82.000  34.000  90 -10  934 1190
617 148.000  60.000  90 -10  745  929
618 119.000 157.000  90 -10  668  904
619 182.000 238.000  90 -30  423  682
620 227.000 217.000  90 -10 1127 1304
621  69.000 109.000  90 -10  519  768
622 173.000 224.000  90 -30  908 1146
623 212.000  62.000  90 -10  633  876
624 136.000 220.000  90 -20  976 1246
625   9.000 145.000  90 -20  392  620
626 262.000 241.000  90 -10  843 1112
627  14.000 149.000  90 -20  139  315
628 223.000  74.000  90 -10  636  891
629 119.000 104.000  90 -20  961 1213
630 111.000 110.000  90 -10  228  435
631 150.000  56.000  90 -10   94  356
632 166.000 113.000  90 -20  743 1001
633 111.000 153.000  90 -30  412  599
634 230.000 223.000  90 -20  626  881
635 150.000 150.000   0   0    0 1496
