316 316 1000 200 1000
  0 150.000 150.000   0   0    0 1496
  1  17.000 205.000  90  20  150  510
  2 229.000 219.000  90  10  106  466
  3 214.000 156.000  90  20  522  882
  4 121.000 260.000  90  10  206  566
  5  29.000 277.000  90  10  175  535
  6 105.000 230.000  90  10   91  451
  7 143.000 111.000  90  20   39  399
  8  85.000  24.000  90  20  324  684
  9 166.000 105.000  90  20  412  772
 10 141.000 137.000  90  30   18  378
 11 100.000  73.000   0  20   92  452
 12  61.000  70.000  90  30  119  479
 13  30.000 280.000  90  20  269  629
 14 129.000  98.000   0  20  438  798
 15 256.000 239.000  90  10  422  782
 16 174.000 228.000  90  20  568  928
 17 203.000 156.000  90  20   53  413
 18  22.000 102.000  90  10  699 1059
 19 145.000 184.000  90  10  315  675
 20 121.000 170.000  90  30  417  777
 21  25.000 141.000  90  20  315  675
 22 167.000 176.000  90  20  216  576
 23 126.000 229.000   0  10  555  915
 24  68.000 113.000   0  20  557  917
 25 157.000 266.000  90  20  116  476
 26  73.000 226.000   0  20  108  468
 27 199.000 126.000  90  10   54  414
 28 277.000 104.000  90  20  135  495
 29  55.000 232.000  90  10  125  485
 30 119.000 262.000  90  20  299  659
 31 122.000 175.000   0  30  232  592
 32 144.000 182.000  90  30  498  858
 33 149.000 285.000  90  10  135  495
 34  61.000 157.000  90  40  281  641
 35 140.000 143.000  90  20   12  372
 36 203.000 125.000  90  30  157  517
 37 114.000 164.000  90  20   38  398
 38 108.000  80.000   0  20  653 1013
 39 103.000 232.000  90  20   98  458
 40  87.000  27.000  90  20  230  590
 41 108.000 113.000  90  10   58  418
 42  86.000 230.000  90  20  102  462
 43 226.000 221.000  90  10  848 1208
 44 155.000  28.000  90  10  217  577
 45 151.000 294.000  90  20  235  595
 46  83.000  30.000  90  30  420  780
 47 150.000 184.000  90  20   39  399
 48 141.000 102.000  90  10   48  408
 49 259.000  59.000  90  10  421  781
 50 161.000  26.000  90  10  772 1132
 51 113.000 114.000  90  20   51  411
 52 153.000  28.000  90  10  125  485
 53 211.000  61.000  90  20  483  843
 54 125.000 103.000  90  20   53  413
 55 146.000  61.000  90  20  475  835
 56  29.000 285.000  90  20  457  817
 57 162.000 206.000  90  30  252  612
 58 272.000  38.000  90  30  176  536
 59 231.000 218.000  90  10  198  558
 60 173.000  76.000  90  20   78  438
 61 213.000  68.000   0  10  103  463
 62 175.000 101.000  90  20   55  415
 63 115.000 196.000   0  10   57  417
 64 153.000 265.000  90  30  314  674
 65 253.000  57.000  90  10  138  498
 66 136.000 140.000  90  10  114  474
 67 147.000 185.000  90  10  223  583
 68  81.000 238.000  90  20  293  653
 69  10.000 198.000  90  10  629  989
 70  68.000 229.000  90  10  296  656
 71 118.000 163.000  90  30   34  394
 72  78.000  31.000  90  10  696 1056
 73  25.000  99.000  90  40  226  586
 74  65.000   6.000  90  10  173  533
 75 167.000 229.000  90  20   82  442
 76 286.000 130.000  90  30  141  501
 77 163.000 180.000  90  30  495  855
 78 148.000 288.000  90  30  138  498
 79 239.000  77.000  90  20  115  475
 80 277.000 101.000  90  20  136  496
 81 144.000 292.000  90  20  422  782
 82 215.000   4.000  90  40  161  521
 83 169.000 171.000  90  30   28  388
 84  76.000 111.000  90  20   83  443
 85 213.000  65.000   0  20  667 1027
 86  13.000 265.000  90  20  178  538
 87 149.000 183.000  90  10   33  393
 88 235.000 242.000  90  10  412  772
 89  31.000 145.000  90  30  503  863
 90 159.000 110.000  90  20   42  402
 91 113.000 202.000  90  10  246  606
 92   9.000 145.000  90  30  326  686
 93  86.000  30.000  90  20  137  497
 94 266.000 104.000  90  10  787 1147
 95 217.000  21.000  90  30  340  700
 96 161.000 112.000  90  10   39  399
 97 255.000 240.000  90  20  331  691
 98 203.000 128.000  90  20  342  702
 99 133.000  99.000  90  20  532  892
100  54.000 285.000   0  10  549  909
101 220.000  66.000  90  20  202  562
102 285.000 225.000  90  30  154  514
103 160.000 107.000  90  30  226  586
104  70.000 227.000  90  10  204  564
105 136.000 233.000  90  10   84  444
106 256.000  54.000  90  30  144  504
107 181.000   8.000  90  20  702 1062
108 257.000 137.000  90  20  201  561
109 134.000 146.000  90  10  301  661
110  53.000 237.000   0  20  683 1043
111 160.000 108.000  90  10  135  495
112 242.000  73.000  90  20  121  481
113 248.000 245.000  90  10  136  496
114 154.000 266.000   0  40  116  476
115 113.000  50.000   0  20  297  657
116  25.000  50.000  90  10  344  704
117 143.000  61.000  90  10  382  742
118 222.000  73.000   0  20  492  852
119  60.000  15.000  90  10  162  522
120 224.000  79.000  90  30  107  467
121  86.000  31.000   0  20  135  495
122  67.000 230.000  90  10  388  748
123 147.000  60.000  90  20  566  926
124 262.000 241.000  90  20  798 1158
125  18.000 206.000  90  10  143  503
126   0.000 153.000  90  20  610  970
127 128.000 172.000  90  20   31  391
128 170.000 237.000  90  10  271  631
129  65.000  56.000  90  10  126  486
130 262.000 211.000  90  10  504  864
131 236.000 248.000  90  10  134  494
132 161.000  94.000  90  20   57  417
133  64.000  55.000  90  20  130  490
134 142.000  57.000  90  10  194  554
135 174.000  71.000  90  20  263  623
136 230.000 248.000  90  20  126  486
137 201.000 121.000  90  10   62  422
138 257.000  59.000  90  20  329  689
139 164.000 202.000  90  30  527  887
140 121.000 181.000  90  20  135  495
141 257.000 133.000  90  20  295  655
142 112.000 201.000  90  20  154  514
143 272.000  41.000  90  20  163  523
144 110.000  74.000  90  30  373  733
145 137.000 229.000  90  10   89  449
146  70.000 225.000  90  30  112  472
147  53.000 234.000  90  20  403  763
148 233.000 216.000  90  10  291  651
149 100.000 231.000   0  20  762 1122
150 249.000 133.000  90  10  100  460
151 280.000 125.000   0  10  606  966
152  65.000   5.000  90  20  264  624
153 176.000  14.000  90  10  138  498
154  43.000 286.000  90  10  173  533
155 149.000 186.000  90  20  131  491
156  60.000 156.000  90  20  190  550
157 114.000  50.000  90  10  388  748
158  28.000 103.000  90  10  130  490
159  27.000 100.000  90  10  132  492
160 150.000  56.000  90  20   94  454
161  63.000 155.000  90  10  374  734
162 106.000  77.000  90  10  560  920
163 278.000  43.000  90  20  166  526
164  60.000 160.000  90  20   90  450
165 175.000  12.000  90  20  326  686
166 223.000  74.000  90  10  584  944
167  11.000 265.000  90  10  180  540
168 261.000 215.000  90  10  135  495
169 264.000  61.000   0  20  698 1058
170 183.000  99.000  90  20  520  880
171 150.000 272.000  90  10  126  486
172 179.000  97.000  90  10   61  421
173 105.000  55.000  90  20  105  465
174  29.000  55.000  90  20  440  800
175   8.000 263.000  90  30  184  544
176 199.000 130.000  90  20   52  412
177 108.000 109.000  90  20  335  695
178 282.000 227.000  90  20  804 1164
179  64.000  59.000  90  30  125  485
180 143.000 101.000   0  10   51  411
181 165.000 228.000  90  20   79  439
182  57.000 155.000  90  20   97  457
183 111.000 153.000  90  10  326  686
184 229.000 217.000  90  10  103  463
185  10.000 150.000  90  10  141  501
186 149.000 282.000  90  10  132  492
187 282.000 137.000  90  10  132  492
188  53.000 232.000  90  20  128  488
189 170.000 174.000  90  20   32  392
190 127.000 101.000  90  20   54  414
191 289.000 225.000  90  10  159  519
192 127.000 232.000  90  10  462  822
193 277.000 172.000  90  10  514  874
194 166.000 203.000  90  30   55  415
195 151.000  30.000  90  20  120  480
196 284.000 176.000   0  30  140  500
197 223.000  11.000  90  20  444  804
198 164.000  95.000  90  20   56  416
199 216.000  25.000  90  30  524  884
200 183.000  97.000  90  40  155  515
201 104.000 235.000  90  10  283  643
202  31.000 275.000  90  20  172  532
203  64.000  53.000  90  30  315  675
204 105.000  81.000  90  20   82  442
205  13.000 202.000   0  20  335  695
206 129.000 177.000  90  20   37  397
207  14.000 149.000  90  10  136  496
208  31.000 284.000  90  10  550  910
209 287.000 226.000  90  10  251  611
210  55.000 285.000  90  30  640 1000
211 225.000  22.000  90  40  148  508
212 272.000  97.000  90  40  507  867
213  70.000 102.000  90  30  275  635
214 122.000 259.000  90  20  115  475
215 154.000  31.000  90  20  119  479
216 211.000 159.000  90  10  154  514
217 168.000  96.000  90  10  155  515
218 115.000  42.000  90  30  673 1033
219 162.000 107.000  90  10  318  678
220  17.000 209.000  90  10  145  505
221  50.000 285.000  90  10  180  540
222 174.000  13.000  90  20  139  499
223  58.000 235.000  90  10  779 1139
224 268.000  38.000  90  30  650 1010
225 121.000 255.000  90  30  108  468
226 233.000 245.000  90  10  229  589
227 215.000 160.000  90  10  338  698
228 280.000 180.000  90  20  133  493
229 177.000  82.000  90  30  638  998
230  78.000 236.000  90  10  386  746
231 228.000 223.000  90  10  665 1025
232 173.000 224.000   0  10  847 1207
233 138.000 101.000  90  20  509  869
234 275.000 100.000  90  30  231  591
235  37.000  62.000  90  10  143  503
236  29.000  57.000  90  30  156  516
237 259.000 126.000  90  20  484  844
238 227.000 214.000  90  20  100  460
239   1.000 272.000  90  10  376  736
240  74.000 106.000  90  20  179  539
241 132.000 146.000   0  20  393  753
242  58.000 231.000  90  10  122  482
243 157.000  25.000  90  20  493  853
244 109.000 157.000  90  20  231  591
245 282.000 134.000  90  30  132  492
246  52.000  63.000  90  10  313  673
247  65.000  68.000   0  20  878 1238
248 204.000 131.000  90  20  807 1167
249  52.000 288.000  90  20  274  634
250 241.000  71.000  90  20  213  573
251 255.000 220.000  90  20  126  486
252 111.000 112.000  90  20   54  414
253 250.000 126.000   0  20  674 1034
254 123.000  92.000  90  20   66  426
255 227.000  26.000  90  20  145  505
256  63.000   3.000  90  10  357  717
257  63.000   7.000  90  20  167  527
258 280.000 130.000  90  10  421  781
259 148.000  61.000   0  10  748 1108
260  37.000  53.000  90  10  810 1170
261 177.000   4.000   0  10  606  966
262 269.000  35.000  90  20  466  826
263 185.000  98.000  90  20  337  697
264  62.000  53.000  90  10  223  583
265 288.000 231.000  90  20  527  887
266 204.000 127.000  90  10  525  885
267 171.000  79.000  90  20   74  434
268  29.000 152.000  90  30  121  481
269 240.000  71.000   0  30  304  664
270 210.000 156.000  90  20   60  420
271 240.000  73.000  90  20  118  478
272 263.000 215.000  90  20  319  679
273  88.000 225.000  90  20   97  457
274 246.000 137.000  90  10   96  456
275  84.000 236.000  90  10  109  469
276 235.000 243.000  90  20  321  681
277 275.000 182.000  90  10  129  489
278 102.000 235.000  90  30  191  551
279 212.000   9.000  90  30  154  514
280  26.000  97.000  90  10  319  679
281  59.000  67.000  90  10  123  483
282  57.000  68.000  90  10  126  486
283 217.000  11.000  90  30  540  900
284 140.000 228.000  90  20   78  438
285 227.000  80.000  90  30  104  464
286 112.000  51.000  90  10  113  473
287  64.000 226.000  90  30  670 1030
288  52.000 231.000  90  10  219  579
289 224.000  77.000  90  20  199  559
290 114.000 198.000  90  20   60  420
291 213.000  61.000  90  20  391  751
292 179.000  98.000   0  20   59  419
293 115.000 197.000  90  10  435  795
294 123.000 260.000  90  10  677 1037
295 231.000 243.000  90  10  123  483
296 257.000 210.000  90  10  781 1141
297 212.000 159.000  90  20  245  605
298 103.000  78.000  90  10   85  445
299 286.000 175.000  90  10  232  592
300 144.000  59.000  90  10  101  461
301 166.000 226.000  90  30   77  437
302 163.000 202.000   0  20  436  796
303  75.000 110.000  90  10   85  445
304 114.000 158.000  90  30  136  496
305 250.000 130.000  90  10  768 1128
306 215.000  68.000  90  10  104  464
307 119.000 253.000  90  20  107  467
308 251.000 237.000  90  10  145  505
309  30.000 148.000  90  20  120  480
310 106.000  71.000  90  20  188  548
311 150.000  64.000   0  10   86  446
312 172.000  78.000  90  20   75  435
313  55.000  68.000  90  30  218  578
314 107.000 103.000  90  20  622  982
315 155.000 180.000  90  30   30  390
316 168.000 204.000  90  20   56  416
317  16.000 196.000  90 -20  815 1175
318 236.000 218.000  90 -10  384  744
319 211.000 150.000  90 -20  900 1260
320 119.000 267.000  90 -10  487  847
321  33.000 285.000  90 -10  642 1002
322 106.000 233.000  90 -10   93  453
323 144.000 100.000  90 -20  142  502
324  82.000  34.000  90 -20  882 1242
325 166.000 113.000  90 -20  692 1052
326 131.000  95.000  90 -30  254  614
327 100.000  73.000  90 -20   92  452
328  60.000  64.000  90 -30  592  952
329  26.000 282.000  90 -20  363  723
330 129.000  98.000  90 -20  438  798
331 258.000 247.000  90 -10  701 1061
332 175.000 227.000  90 -20  660 1020
333 280.000 175.000  90 -20  328  688
334  23.000 107.000  90 -10  885 1245
335 147.000 178.000  90 -10  683 1043
336 119.000 157.000  90 -30  606  966
337  28.000 144.000  90 -20  409  769
338 165.000 182.000  90 -20  402  762
339 126.000 229.000  90 -10  555  915
340  68.000 113.000  90 -20  557  917
341 143.000 288.000  90 -20  516  876
342  73.000 226.000  90 -20  108  468
343 275.000  97.000  90 -10  324  684
344 277.000 100.000  90 -20  139  499
345  52.000 233.000  90 -10  311  671
346 126.000 256.000  90 -20  772 1132
347 122.000 175.000  90 -30  232  592
348 145.000 182.000  90 -30  589  949
349 147.000 281.000  90 -10  915 1275
350  65.000 156.000  90 -40  466  826
351 101.000 110.000  90 -20  523  883
352 206.000 129.000  90 -30  714 1074
353  67.000 161.000  90 -20   83  443
354 108.000  80.000  90 -20  653 1013
355  47.000 277.000  90 -20  163  523
356  69.000   4.000  90 -20  543  903
357 111.000 110.000  90 -10  152  512
358  73.000 225.000  90 -20  107  467
359 228.000 220.000  90 -10  940 1300
360 154.000  26.000  90 -10  309  669
361 140.000 290.000  90 -20  703 1063
362  82.000  31.000  90 -30  512  872
363 134.000 147.000  90 -20  485  845
364 111.000  52.000  90 -10  105  465
365 260.000  58.000  90 -10  603  963
366 160.000  27.000  90 -10  864 1224
367 109.000 110.000  90 -20  244  604
368 156.000  26.000  90 -10  401  761
369 212.000  62.000  90 -20  574  934
370 130.000  96.000  90 -20  346  706
371 140.000 108.000  90 -20  789 1149
372  37.000 280.000  90 -20  874 1234
373 162.000 203.000  90 -30  345  705
374 269.000  29.000  90 -30  370  730
375 230.000 221.000  90 -10  481  841
376 148.000  62.000  90 -20  839 1199
377 213.000  68.000  90 -10  103  463
378 174.000  74.000  90 -20  449  809
379 115.000 196.000  90 -10   57  417
380 153.000 254.000  90 -30  415  775
381 255.000  57.000  90 -10  140  500
382 134.000 148.000  90 -10  576  936
383 140.000 140.000  90 -10   14  374
384  96.000 237.000  90 -20  571  931
385  12.000 198.000  90 -10  721 1081
386  81.000 223.000  90 -10  857 1217
387 116.000 159.000  90 -30   44  404
388  78.000  33.000  90 -10  788 1148
389  23.000 103.000  90 -40  791 1151
390  65.000   4.000  90 -10  449  809
391 182.000 238.000  90 -20  373  733
392 281.000 130.000  90 -30  330  690
393 159.000 177.000  90 -30  590  950
394 149.000 294.000  90 -30  327  687
395 181.000 102.000  90 -20  613  973
396 274.000  97.000  90 -20  415  775
397 147.000 285.000  90 -20  894 1254
398 221.000   8.000  90 -40  350  710
399 169.000 173.000  90 -30   29  389
400  74.000 113.000  90 -20  653 1013
401 213.000  65.000  90 -20  667 1027
402   8.000 265.000  90 -20  276  636
403 136.000 144.000  90 -10  208  568
404 232.000 240.000  90 -10  781 1141
405  33.000 142.000  90 -30  596  956
406 168.000  97.000  90 -20  246  606
407 114.000 204.000  90 -10  338  698
408   9.000 144.000  90 -30  417  777
409  79.000  30.000  90 -20  605  965
410 202.000 131.000  90 -10  899 1259
411 216.000  23.000  90 -30  432  792
412 160.000 111.000  90 -10   40  400
413 258.000 244.000  90 -20  608  968
414 209.000 127.000  90 -20  620  980
415 130.000 102.000  90 -20  626  986
416  54.000 285.000  90 -10  549  909
417 216.000  62.000  90 -20  298  658
418 287.000 224.000  90 -30  155  515
419 140.000 100.000  90 -30  326  686
420  85.000 224.000  90 -10  763 1123
421 131.000 226.000  90 -10  743 1103
422 257.000  58.000  90 -30  238  598
423 181.000  11.000  90 -20  795 1155
424 255.000 132.000  90 -20  387  747
425 137.000 150.000  90 -10  670 1030
426  53.000 237.000  90 -20  683 1043
427 138.000 100.000  90 -10  418  778
428 236.000  72.000  90 -20  587  947
429 251.000 241.000  90 -10  135  495
430 154.000 266.000  90 -40  116  476
431 113.000  50.000  90 -20  297  657
432  31.000  55.000  90 -10  532  892
433 116.000  49.000  90 -10  861 1221
434 222.000  73.000  90 -20  492  852
435  66.000   7.000  90 -10  637  997
436 217.000  73.000  90 -30  770 1130
437  86.000  31.000  90 -20  135  495
438  78.000 232.000  90 -10  571  931
439 147.000  67.000  90 -20  934 1294
440 258.000 232.000  90 -20  911 1271
441  16.000 204.000  90 -10  241  601
442   8.000 155.000  90 -20  708 1068
443 128.000 176.000  90 -20   34  394
444 173.000 233.000  90 -10  473  833
445  70.000  57.000  90 -10  690 1050
446 261.000 212.000  90 -10  595  955
447 254.000 240.000  90 -10  240  600
448 166.000  94.000  90 -20   62  422
449  63.000  59.000  90 -20  688 1048
450 139.000  58.000  90 -10  287  647
451 148.000  60.000  90 -20  657 1017
452 257.000 243.000  90 -20  516  876
453 222.000  83.000  90 -10   98  458
454 259.000  58.000  90 -20  512  872
455 163.000 200.000  90 -30  620  980
456 118.000 156.000  90 -20  514  874
457 252.000 128.000  90 -20  582  942
458 145.000 183.000  90 -20  406  766
459 275.000  32.000  90 -20  273  633
460 110.000  79.000  90 -30  745 1105
461 135.000 227.000  90 -10  182  542
462   3.000 205.000  90 -30  529  889
463  63.000 229.000  90 -20  577  937
464 227.000 217.000  90 -10  944 1304
465 100.000 231.000  90 -20  762 1122
466 250.000 134.000  90 -10  103  463
467 280.000 125.000  90 -10  606  966
468  66.000  10.000  90 -20  820 1180
469 173.000  13.000  90 -10  142  502
470 133.000 225.000  90 -10  835 1195
471 169.000 235.000  90 -20  178  538
472  71.000 154.000  90 -20  745 1105
473 114.000  49.000  90 -10  479  839
474  19.000 102.000  90 -10  606  966
475  26.000  99.000  90 -10  135  495
476 178.000  10.000  90 -20  420  780
477  66.000 157.000  90 -10  558  918
478 119.000 104.000  90 -10  907 1267
479 212.000  26.000  90 -20  618  978
480  67.000 154.000  90 -20  651 1011
481 179.000   9.000  90 -20  511  871
482 220.000  74.000  90 -10  677 1037
483  12.000 270.000  90 -10  478  838
484 258.000 212.000  90 -10  688 1048
485 264.000  61.000  90 -20  698 1058
486 174.000  79.000  90 -20  544  904
487 140.000 292.000  90 -10  611  971
488 217.000  69.000  90 -10  108  468
489  88.000  31.000  90 -20  134  494
490  36.000  52.000  90 -20  718 1078
491  49.000 234.000  90 -30  497  857
492 201.000 127.000  90 -20  250  610
493 106.000 108.000  90 -20  428  788
494 259.000 240.000  90 -20  891 1251
495  62.000  65.000  90 -30  784 1144
496 143.000 101.000  90 -10   51  411
497 151.000 269.000  90 -20  220  580
498  29.000 148.000  90 -20  126  486
499 167.000 105.000  90 -10  503  863
500 230.000 223.000  90 -10  573  933
501   4.000 149.000  90 -10  514  874
502 141.000 286.000  90 -10  798 1158
503 281.000 129.000  90 -10  512  872
504  59.000 223.000  90 -20  766 1126
505 260.000 214.000  90 -20  226  586
506 128.000  94.000  90 -20  161  521
507 288.000 228.000  90 -10  434  794
508 125.000 228.000  90 -10  647 1007
509 278.000 177.000  90 -10  699 1059
510 165.000 204.000  90 -30   61  421
511 157.000  31.000  90 -20  927 1287
512 284.000 176.000  90 -30  140  500
513 168.000 108.000  90 -20  596  956
514 216.000 157.000  90 -20  614  974
515 184.000  12.000  90 -30  888 1248
516 184.000  97.000  90 -40  246  606
517 106.000 237.000  90 -10  376  736
518  35.000 282.000  90 -20  826 1186
519  66.000  56.000  90 -30  596  956
520  65.000  49.000  90 -20  409  769
521  13.000 202.000  90 -20  335  695
522 122.000 172.000  90 -20  325  685
523  10.000 147.000  90 -10  234  594
524  33.000 283.000  90 -10  734 1094
525 288.000 227.000  90 -10  343  703
526  59.000 280.000  90 -30  736 1096
527 218.000   3.000  90 -40  254  614
528 271.000 101.000  90 -40  601  961
529  69.000 109.000  90 -30  463  823
530 116.000 265.000  90 -20  393  753
531 160.000  24.000  90 -20  586  946
532 168.000 176.000  90 -10  125  485
533 218.000 153.000  90 -10  709 1069
534 115.000  48.000  90 -30  769 1129
535 141.000 100.000  90 -10  235  595
536  11.000 207.000  90 -10  430  790
537  53.000 288.000  90 -10  365  725
538 173.000  11.000  90 -20  234  594
539  59.000 236.000  90 -10  870 1230
540 262.000  62.000  90 -30  790 1150
541 124.000 264.000  90 -30  582  942
542 235.000 241.000  90 -10  596  956
543 214.000 157.000  90 -10  431  791
544 277.000 177.000  90 -20  790 1150
545 165.000 113.000  90 -30  783 1143
546  85.000 228.000  90 -10  669 1029
547 227.000 218.000  90 -10  944 1304
548 173.000 224.000  90 -10  847 1207
549 136.000 104.000  90 -20  603  963
550 269.000 103.000  90 -30  694 1054
551  35.000  56.000  90 -10  148  508
552  28.000  56.000  90 -30  247  607
553 246.000 133.000  90 -20  949 1309
554 227.000 222.000  90 -20  757 1117
555  51.000 238.000  90 -10  591  951
556  70.000 109.000  90 -20  372  732
557 132.000 146.000  90 -20  393  753
558  30.000 279.000  90 -10  178  538
559 161.000  22.000  90 -20  678 1038
560 164.000 103.000  90 -20  344  704
561 287.000 128.000  90 -30  234  594
562  59.000  64.000  90 -10  501  861
563  65.000  68.000  90 -20  878 1238
564 202.000 133.000  90 -20  991 1351
565  53.000 285.000  90 -20  458  818
566 238.000  69.000  90 -20  397  757
567 261.000 217.000  90 -20  129  489
568 109.000 105.000  90 -20  715 1075
569 250.000 126.000  90 -20  674 1034
570 110.000  76.000  90 -20  465  825
571 218.000  20.000  90 -20  249  609
572  66.000   8.000  90 -10  728 1088
573  67.000  10.000  90 -20  884 1244
574 278.000 128.000  90 -10  700 1060
575 148.000  61.000  90 -10  748 1108
576  65.000  69.000  90 -10  929 1289
577 177.000   4.000  90 -10  606  966
578 270.000  37.000  90 -20  558  918
579 184.000  98.000  90 -20  428  788
580  66.000  54.000  90 -10  504  864
581 285.000 230.000  90 -20  620  980
582 204.000 129.000  90 -10  433  793
583 176.000  71.000  90 -20  355  715
584  25.000 145.000  90 -30  221  581
585 240.000  71.000  90 -30  304  664
586 211.000 157.000  90 -20   62  422
587 236.000  66.000  90 -20  491  851
588 263.000 212.000  90 -20  412  772
589  77.000 233.000  90 -20  480  840
590 216.000 148.000  90 -10  804 1164
591  83.000 236.000  90 -10  200  560
592 233.000 242.000  90 -20  688 1048
593 278.000 176.000  90 -10  608  968
594  99.000 242.000  90 -30  475  835
595 216.000   6.000  90 -30  158  518
596  22.000  97.000  90 -10  510  870
597  34.000  54.000  90 -10  625  985
598  29.000  94.000  90 -10  413  773
599 158.000  27.000  90 -30  923 1283
600 130.000 230.000  90 -20  368  728
601 231.000  70.000  90 -30  299  659
602 109.000  42.000  90 -10  577  937
603  67.000 216.000  90 -30  867 1227
604  63.000 233.000  90 -10  483  843
605 221.000  70.000  90 -20  399  759
606 112.000 199.000  90 -20   62  422
607 211.000  66.000  90 -20  760 1120
608 179.000  98.000  90 -20   59  419
609 144.000 173.000  90 -10  779 1139
610 136.000 220.000  90 -10  931 1291
611 236.000 240.000  90 -10  505  865
612 280.000 225.000  90 -10  896 1256
613 167.000 179.000  90 -20  309  669
614 113.000  52.000  90 -10  205  565
615 280.000 172.000  90 -10  421  781
616 137.000 104.000  90 -10  694 1054
617 177.000 225.000  90 -30  752 1112
618 163.000 202.000  90 -20  436  796
619  74.000 109.000  90 -10   86  446
620 114.000 156.000  90 -30  420  780
621 247.000 132.000  90 -10  862 1222
622 223.000  23.000  90 -10  153  513
623  93.000 235.000  90 -20  664 1024
624 283.000 229.000  90 -10  712 1072
625  16.000 151.000  90 -20  134  494
626 107.000  71.000  90 -20  279  639
627 150.000  64.000  90 -10   86  446
628 173.000  72.000  90 -20  172  532
629  55.000  62.000  90 -30  407  767
630 110.000 107.000  90 -20  807 1167
631 131.000 228.000  90 -30  276  636
632 161.000 210.000  90 -20  158  518
633 150.000 150.000   0   0    0 1496
