314 314 1000 200 1000
  0 150.000 150.000   0   0    0 1496
  1  17.000 205.000  90  20  277  383
  2 229.000 219.000  90  10  224  348
  3 214.000 156.000  90  20  645  760
  4 121.000 260.000  90  10  334  438
  5  29.000 277.000  90  10  219  311
  6  47.000 277.000  90  20  163  320
  7 105.000 230.000  90  10   91  172
  8 160.000 111.000  90  30   91  170
  9 143.000 111.000  90  20   39  146
 10 166.000 105.000  90  20  531  653
 11 141.000 137.000  90  30  132  265
 12  61.000  70.000  90  30  119  253
 13  30.000 280.000  90  20  383  514
 14  62.000  65.000  90  20  896 1032
 15   9.000 144.000  90  40  543  652
 16 203.000 156.000  90  20   53  151
 17 109.000 110.000   0  20  371  477
 18 106.000 233.000  90  10  131  238
 19  22.000 102.000  90  10  806  953
 20 121.000 170.000   0  30  535  659
 21  25.000 141.000  90  20  431  559
 22 167.000 176.000  90  20  331  461
 23 119.000 267.000   0  10  599  735
 24 257.000 243.000  90  10  640  752
 25 157.000 266.000  90  20  116  230
 26  74.000 109.000  90  40  206  327
 27 199.000 126.000  90  10   76  218
 28  10.000 147.000  90  20  362  466
 29 168.000 176.000  90  20  231  379
 30 277.000 104.000  90  20  135  227
 31 119.000 262.000  90  20  431  526
 32 220.000  74.000  90  20  784  930
 33 122.000 175.000  90  30  344  480
 34 144.000 182.000  90  30  622  733
 35 149.000 285.000  90  10  153  298
 36  61.000 157.000  90  40  414  508
 37 140.000 143.000  90  20   12  114
 38 114.000 164.000  90  20   71  186
 39 103.000 232.000  90  20  228  328
 40  87.000  27.000  90  20  353  468
 41  86.000 230.000  90  20  131  254
 42 116.000 159.000  90  10  158  291
 43 155.000  28.000  90  10  345  450
 44 151.000 294.000  90  20  360  469
 45 150.000 184.000  90  20  178  260
 46 141.000 102.000  90  10   74  204
 47 161.000  26.000  90  10  896 1008
 48  69.000   4.000  90  20  657  790
 49  78.000  33.000  90  10  911 1025
 50 113.000 114.000  90  20   51  153
 51 153.000  28.000  90  10  254  357
 52  67.000 161.000  90  10   83  198
 53 125.000 103.000  90  20   53  200
 54 269.000  29.000  90  20  489  611
 55  26.000 282.000  90  20  483  603
 56 173.000  76.000  90  20  192  323
 57 114.000  49.000  90  10  585  733
 58 213.000  68.000  90  10  103  202
 59 175.000 101.000  90  20   55  160
 60  96.000 237.000  90  20  688  814
 61 115.000 196.000  90  10   57  131
 62 275.000  97.000  90  10  456  553
 63 216.000   6.000  90  20  173  326
 64  29.000 148.000  90  20  248  364
 65 253.000  57.000  90  10  138  310
 66  81.000 238.000  90  20  407  538
 67  10.000 198.000  90  10  759  859
 68 118.000 163.000  90  30   34  149
 69 230.000 221.000  90  30  610  713
 70  25.000  99.000  90  40  346  467
 71 260.000 214.000  90  30  361  452
 72 143.000 288.000  90  30  624  768
 73 167.000 229.000  90  20  210  315
 74 148.000 288.000  90  30  263  373
 75 239.000  77.000  90  20  115  219
 76 277.000 101.000  90  20  149  307
 77 215.000   4.000  90  40  272  411
 78 169.000 171.000  90  30   28  164
 79  76.000 111.000   0  20   83  215
 80 213.000  65.000  90  20  787  908
 81  13.000 265.000  90  20  178  305
 82 149.000 183.000  90  10   71  184
 83 221.000   8.000  90  10  460  600
 84 235.000 242.000  90  10  540  644
 85   9.000 145.000   0  30  453  560
 86  86.000  30.000  90  20  251  383
 87 266.000 104.000   0  10  914 1021
 88 161.000 112.000  90  10   39  169
 89 133.000  99.000  90  20  653  771
 90 141.000 100.000  90  10  347  484
 91  54.000 285.000  90  10  683  775
 92 220.000  66.000  90  20  308  456
 93 285.000 225.000  90  30  154  287
 94 159.000 177.000   0  30  712  827
 95 160.000 107.000  90  30  344  467
 96  70.000 227.000  90  10  329  438
 97 136.000 233.000  90  10  111  240
 98 256.000  54.000  90  30  246  402
 99 257.000 137.000  90  20  317  444
100 134.000 146.000  90  10  406  556
101  53.000 237.000  90  20  803  924
102  55.000  62.000  90  20  532  641
103 242.000  73.000  90  20  241  361
104 248.000 245.000  90  10  136  260
105 154.000 266.000  90  40  156  263
106 143.000  61.000  90  10  503  620
107 222.000  73.000  90  20  604  740
108  60.000  15.000  90  10  162  253
109 224.000  79.000  90  30  232  342
110  67.000 230.000  90  10  506  629
111 262.000 241.000  90  20  919 1037
112 257.000  58.000  90  10  362  475
113  18.000 206.000  90  10  186  292
114 204.000 129.000  90  20  550  677
115 128.000 172.000  90  20   31  121
116  23.000 107.000   0  10 1003 1126
117 170.000 237.000  90  10  400  501
118 206.000 129.000  90  10  838  949
119  65.000  56.000  90  10  164  272
120 262.000 211.000  90  10  631  737
121 236.000 248.000  90  10  244  385
122 161.000  94.000  90  20   57  205
123 176.000  71.000  90  20  478  592
124  64.000  55.000  90  20  251  368
125 142.000  57.000  90  10  329  419
126 174.000  71.000   0  20  385  502
127 136.000 144.000  90  10  324  452
128 230.000 248.000  90  20  170  266
129 201.000 121.000  90  10  178  307
130 257.000  59.000  90  20  433  586
131  65.000   4.000  90  30  567  691
132 165.000 204.000  90  20  195  287
133 164.000 202.000  90  30  650  764
134 218.000  20.000  90  20  360  498
135 287.000 224.000   0  10  180  314
136 272.000  41.000  90  20  193  334
137 110.000  74.000  90  30  497  610
138  70.000 225.000   0  30  233  350
139 140.000 290.000  90  20  825  941
140 249.000 133.000  90  10  145  239
141 156.000  26.000  90  10  487  675
142 238.000  69.000  90  20  522  632
143 280.000 125.000  90  10  726  846
144 176.000  14.000  90  10  138  257
145  67.000 216.000   0  10  988 1106
146 140.000 108.000   0  10  915 1024
147  60.000 156.000  90  20  292  447
148 114.000  50.000   0  10  511  624
149  28.000 103.000  90  10  130  257
150  27.000 100.000  90  10  162  286
151  63.000 229.000  90  20  705  809
152 150.000  56.000  90  20  146  223
153 254.000 240.000  90  20  367  472
154 106.000  77.000  90  10  681  799
155 246.000 133.000   0  30 1067 1199
156 278.000  43.000  90  20  166  284
157 182.000 238.000   0  10  471  634
158  60.000 160.000  90  20  121  241
159 175.000  12.000   0  20  443  569
160 128.000 176.000  90  20   65  186
161  11.000 265.000  90  10  217  325
162  79.000  30.000  90  30  736  833
163 144.000 100.000  90  20  255  389
164 222.000  83.000  90  20   98  247
165 183.000  99.000   0  20  645  754
166 150.000 272.000  90  10  251  361
167 125.000 228.000  90  30  754  899
168 179.000  97.000  90  10  176  306
169 105.000  55.000  90  20  105  238
170  29.000  55.000  90  20  547  693
171 216.000  62.000  90  20  429  526
172 259.000  58.000  90  30  629  756
173 199.000 130.000  90  20   52  139
174  64.000  59.000  90  30  125  281
175 278.000 176.000  90  20  736  841
176  70.000 109.000  90  20  499  606
177  52.000 233.000  90  10  429  554
178 165.000 228.000  90  20  109  230
179  57.000 155.000  90  20  217  337
180 229.000 217.000  90  10  131  257
181 149.000 282.000  90  10  132  216
182 282.000 137.000  90  10  132  249
183 130.000  96.000  90  20  472  579
184 113.000  52.000  90  10  319  450
185  53.000 232.000  90  20  254  361
186 127.000 101.000  90  20   64  228
187 289.000 225.000  90  10  279  399
188 127.000 232.000  90  10  582  702
189 179.000   9.000  90  30  636  746
190 166.000 203.000  90  30   89  209
191  35.000 282.000   0  30  955 1057
192 151.000  30.000  90  20  145  279
193 284.000 176.000  90  30  265  375
194  83.000 236.000  90  10  334  427
195 164.000  95.000  90  20   86  215
196 216.000  25.000  90  30  656  752
197 135.000 227.000  90  10  320  403
198  30.000 279.000  90  20  294  422
199  31.000 275.000  90  20  172  308
200  64.000  53.000  90  30  434  555
201 148.000  62.000  90  20  945 1093
202 105.000  81.000  90  20   82  203
203 184.000  98.000  90  10  545  671
204 133.000 225.000   0  30  942 1089
205  14.000 149.000  90  10  170  284
206 287.000 226.000  90  10  372  490
207  66.000  54.000  90  20  612  755
208 225.000  22.000  90  40  179  302
209 154.000  31.000  90  20  119  207
210 168.000  97.000  90  10  345  508
211 201.000 127.000  90  10  371  489
212 139.000  58.000  90  20  409  525
213 211.000 159.000  90  10  272  395
214 168.000  96.000  90  10  279  391
215 181.000  11.000  90  20  917 1033
216 115.000  42.000  90  30  797  910
217  17.000 209.000  90  10  145  271
218  50.000 285.000  90  10  294  426
219 174.000  13.000  90  20  182  280
220 258.000 247.000  90  40  814  947
221 250.000 134.000  90  30  219  347
222 270.000  37.000  90  40  656  819
223 121.000 255.000  90  30  147  254
224 233.000 245.000  90  10  347  471
225 280.000 180.000  90  20  162  287
226  78.000 236.000  90  10  507  625
227 116.000 265.000  90  20  508  638
228 287.000 128.000  90  30  354  474
229 228.000 223.000  90  10  775  915
230 138.000 101.000  90  20  625  753
231 275.000 100.000  90  30  371  451
232   3.000 205.000  90  10  642  776
233   8.000 265.000  90  20  380  533
234 169.000 235.000  90  10  292  425
235  37.000  62.000  90  10  143  265
236  29.000  57.000  90  30  276  396
237 259.000 126.000  90  20  595  733
238 227.000 214.000  90  20  100  209
239   1.000 272.000  90  10  503  609
240  74.000 106.000  90  20  313  406
241 132.000 146.000  90  20  525  622
242  58.000 231.000  90  10  122  280
243 109.000 157.000  90  20  356  466
244 282.000 134.000  90  30  187  264
245 169.000 173.000  90  10   69  171
246  52.000 288.000  90  20  404  505
247  73.000 225.000  90  20  107  210
248 154.000  26.000   0  20  443  535
249 255.000 220.000  90  20  126  249
250  22.000  97.000  90  20  611  770
251  88.000  31.000  90  10  134  298
252 111.000 112.000  90  20   92  196
253 123.000  92.000   0  20  192  300
254 227.000  26.000  90  20  145  244
255  63.000   3.000  90  10  480  594
256 230.000 223.000  90  10  690  817
257  63.000   7.000  90  20  204  318
258 211.000 157.000  90  20  207  276
259 101.000 110.000  90  10  648  758
260 112.000 199.000   0  20  183  301
261 281.000 130.000  90  30  445  575
262 271.000 101.000  90  10  707  856
263 288.000 231.000  90  20  639  774
264 171.000  79.000  90  20   74  168
265  67.000  10.000   0  30 1011 1172
266  29.000 152.000  90  30  121  237
267 240.000  71.000  90  30  404  564
268 210.000 156.000  90  20   90  210
269 263.000 215.000  90  20  441  558
270  25.000 145.000  90  30  342  460
271 145.000 182.000  90  10  701  837
272  88.000 225.000  90  20   97  201
273 246.000 137.000  90  10   96  262
274 236.000 218.000  90  10  489  639
275 275.000 182.000  90  10  129  235
276 102.000 235.000  90  30  312  431
277 212.000   9.000  90  30  154  254
278  59.000  67.000  90  10  150  277
279  57.000  68.000  90  10  244  367
280  28.000  56.000  90  30  369  486
281 140.000 228.000  90  20   78  223
282 112.000  51.000  90  10  222  364
283  52.000 231.000  90  10  339  459
284 224.000  77.000  90  20  336  423
285 114.000 204.000  90  20  464  572
286 288.000 228.000  90  10  557  670
287 173.000  11.000  90  20  367  461
288 114.000 198.000  90  20   77  224
289  34.000  54.000  90  30  764  847
290 145.000 183.000   0  10  527  646
291 179.000  98.000  90  20   80  221
292 261.000 217.000  90  10  176  270
293 231.000 243.000  90  10  123  266
294 212.000 159.000  90  20  374  476
295 103.000  78.000  90  10  115  236
296 286.000 175.000  90  10  343  481
297  82.000  31.000   0  10  644  740
298 119.000 157.000   0  10  695  876
299 166.000 226.000  90  30   77  206
300 163.000 202.000   0  20  554  678
301  75.000 110.000  90  10  106  245
302 215.000  68.000  90  10  132  258
303 119.000 253.000  90  20  107  223
304  16.000 151.000  90  20  134  293
305 251.000 237.000  90  10  268  382
306 106.000  71.000  90  20  310  427
307 111.000 110.000  90  10  290  374
308 150.000  64.000  90  10   86  170
309 172.000  78.000  90  20   92  239
310  55.000  68.000  90  30  338  457
311 107.000 103.000  90  20  749  855
312 155.000 180.000  90  30   30  169
313  53.000 288.000  90  20  479  611
314 168.000 204.000  90  20   56  164
315  16.000 204.000  90 -20  373  470
316 227.000 218.000  90 -10 1164 1261
317 211.000 150.000  90 -20  996 1163
318 123.000 260.000  90 -10  808  905
319  31.000 284.000  90 -10  672  788
320  43.000 286.000  90 -20  187  339
321 106.000 237.000  90 -10  496  616
322 160.000 108.000  90 -30  260  369
323 143.000 101.000  90 -20  160  302
324 168.000 108.000  90 -20  717  835
325 136.000 140.000  90 -30  219  369
326  63.000  59.000  90 -30  804  932
327  33.000 283.000  90 -20  851  977
328  65.000  68.000  90 -20 1004 1113
329   4.000 149.000  90 -40  629  760
330 218.000 153.000  90 -20  823  955
331 109.000 110.000  90 -20  371  477
332  99.000 242.000  90 -10  608  702
333  23.000 103.000  90 -10  911 1031
334 121.000 170.000  90 -30  535  659
335  33.000 142.000  90 -20  702  851
336 167.000 179.000  90 -20  421  557
337 119.000 267.000  90 -10  599  735
338 258.000 244.000  90 -10  743  832
339 151.000 269.000  90 -20  340  459
340  70.000 102.000  90 -40  408  503
341 204.000 127.000  90 -10  655  755
342   8.000 155.000  90 -20  833  943
343 163.000 180.000  90 -20  611  739
344 277.000 100.000  90 -20  267  372
345 126.000 256.000  90 -20  882 1022
346 217.000  73.000  90 -20  890 1010
347 122.000 172.000  90 -30  458  551
348 144.000 173.000  90 -30  888 1029
349 147.000 285.000  90 -10 1003 1144
350  66.000 157.000  90 -40  681  795
351 140.000 140.000  90 -20   41  169
352 111.000 153.000  90 -20  433  579
353 104.000 235.000  90 -20  396  531
354  83.000  30.000  90 -20  567  634
355  84.000 236.000  90 -20  244  335
356 114.000 158.000  90 -10  263  369
357 158.000  27.000  90 -10 1064 1208
358 144.000 292.000  90 -20  546  659
359 147.000 185.000  90 -20  343  464
360 140.000 100.000  90 -10  429  583
361 157.000  31.000  90 -10 1179 1281
362  66.000   7.000  90 -20  768  867
363  82.000  34.000  90 -10 1007 1118
364 108.000 113.000  90 -20  187  289
365 160.000  24.000  90 -10  689  843
366  63.000 155.000  90 -10  485  624
367 131.000  95.000  90 -20  376  493
368 269.000  35.000  90 -20  589  702
369  33.000 285.000  90 -20  752  892
370 174.000  74.000  90 -20  565  692
371 115.000  48.000  90 -10  893 1005
372 217.000  69.000  90 -10  220  356
373 184.000  97.000  90 -20  383  469
374 100.000 231.000  90 -20  884 1000
375 112.000 201.000  90 -10  261  408
376 274.000  97.000  90 -10  535  655
377 218.000   3.000  90 -20  363  506
378  31.000 145.000  90 -20  618  748
379 255.000  57.000  90 -10  171  290
380  85.000 224.000  90 -20  889  998
381  16.000 196.000  90 -10  919 1072
382 118.000 156.000  90 -30  644  745
383 227.000 217.000  90 -30 1200 1304
384  29.000  94.000  90 -40  533  653
385 263.000 212.000  90 -30  554  631
386 140.000 292.000  90 -30  729  854
387 173.000 233.000  90 -20  586  721
388 141.000 286.000  90 -30  910 1045
389 240.000  73.000  90 -20  160  259
390 272.000  97.000  90 -20  628  746
391 217.000  11.000  90 -40  689  750
392 170.000 174.000  90 -30  156  268
393  76.000 111.000  90 -20   83  215
394 211.000  66.000  90 -20  882  998
395  51.000 238.000  90 -20  710  833
396 149.000 186.000  90 -10  242  379
397 166.000 113.000  90 -10  807  936
398 232.000 240.000  90 -10  900 1021
399   9.000 145.000  90 -30  453  560
400  85.000  24.000  90 -20  459  548
401 266.000 104.000  90 -10  914 1021
402 159.000 110.000  90 -10  163  282
403 130.000 102.000  90 -20  733  880
404 138.000 100.000  90 -10  525  671
405  81.000 223.000  90 -10  980 1094
406 212.000  62.000  90 -20  687  822
407 283.000 229.000  90 -30  827  957
408 159.000 177.000  90 -30  712  827
409 162.000 107.000  90 -30  447  549
410  68.000 229.000  90 -10  406  547
411 131.000 228.000  90 -10  382  530
412 259.000  59.000  90 -30  525  678
413 257.000 133.000  90 -20  409  541
414 134.000 147.000  90 -10  612  718
415  58.000 235.000  90 -20  895 1022
416  60.000  64.000  90 -20  723  820
417 241.000  71.000  90 -20  343  444
418 251.000 241.000  90 -10  158  304
419 153.000 265.000  90 -40  429  559
420 148.000  60.000  90 -10  793  882
421 223.000  74.000  90 -20  704  823
422  65.000   5.000  90 -10  402  487
423 231.000  70.000  90 -30  436  523
424  63.000 233.000  90 -10  597  728
425 258.000 232.000  90 -20 1102 1237
426 264.000  61.000  90 -10  830  927
427  11.000 207.000  90 -10  537  684
428 204.000 131.000  90 -20  929 1044
429 129.000 177.000  90 -20  160  273
430  23.000 107.000  90 -10 1003 1126
431 177.000 225.000  90 -10  871  994
432 202.000 131.000  90 -10 1021 1136
433  66.000  56.000  90 -10  706  845
434 261.000 212.000  90 -10  731  820
435 236.000 240.000  90 -10  634  736
436 165.000 113.000  90 -20  900 1026
437 177.000  82.000  90 -20  744  892
438  65.000  49.000  90 -20  536  641
439 148.000  61.000  90 -10  867  989
440 174.000  71.000  90 -20  385  502
441 137.000 150.000  90 -10  778  922
442 235.000 241.000  90 -20  719  834
443 203.000 125.000  90 -10  283  391
444 262.000  62.000  90 -20  899 1041
445  66.000   8.000  90 -30  853  964
446 162.000 203.000  90 -20  466  583
447 163.000 200.000  90 -30  727  872
448 216.000  23.000  90 -20  556  669
449 287.000 224.000  90 -10  180  314
450 275.000  32.000  90 -20  377  529
451 108.000  80.000  90 -30  787  880
452  70.000 225.000  90 -30  233  350
453 147.000 281.000  90 -20 1097 1239
454 252.000 128.000  90 -10  691  833
455 161.000  22.000  90 -10  782  935
456 236.000  72.000  90 -20  715  819
457 250.000 130.000  90 -10  889 1008
458 178.000  10.000  90 -10  525  674
459  67.000 216.000  90 -10  988 1106
460 140.000 108.000  90 -10  915 1024
461  65.000 156.000  90 -20  585  707
462 114.000  50.000  90 -10  511  624
463  26.000  97.000  90 -10  444  553
464  26.000  99.000  90 -10  262  369
465  64.000 226.000  90 -20  799  902
466 147.000  60.000  90 -20  683  810
467 256.000 239.000  90 -20  540  664
468 110.000  79.000  90 -10  878  972
469 246.000 133.000  90 -30 1067 1199
470 272.000  38.000  90 -20  301  411
471 182.000 238.000  90 -10  471  634
472  67.000 154.000  90 -20  777  884
473 175.000  12.000  90 -20  443  569
474 121.000 181.000  90 -20  264  366
475   8.000 263.000  90 -10  292  436
476  78.000  31.000  90 -30  829  923
477 137.000 104.000  90 -20  821  927
478 227.000  80.000  90 -20  126  262
479 183.000  99.000  90 -20  645  754
480 153.000 254.000  90 -10  515  676
481 131.000 226.000  90 -30  850  995
482 185.000  98.000  90 -10  461  574
483 111.000  52.000  90 -20  150  254
484  31.000  55.000  90 -20  651  773
485 211.000  61.000  90 -20  593  733
486 260.000  58.000  90 -30  728  839
487 209.000 127.000  90 -20  760  840
488  62.000  53.000  90 -30  352  453
489 278.000 177.000  90 -20  822  937
490  74.000 113.000  90 -20  791  875
491  59.000 223.000  90 -10  864 1028
492 173.000 224.000  90 -20  962 1092
493  71.000 154.000  90 -20  853  997
494 231.000 218.000  90 -10  318  438
495 149.000 294.000  90 -10  455  558
496 286.000 130.000  90 -10  249  394
497 129.000  98.000  90 -20  570  666
498 113.000  50.000  90 -10  418  536
499  53.000 234.000  90 -20  521  645
500 128.000  94.000  90 -20  285  397
501 288.000 227.000  90 -10  463  582
502 126.000 229.000  90 -10  664  807
503 181.000   8.000  90 -30  838  926
504 161.000 210.000  90 -30  274  401
505  35.000 282.000  90 -30  955 1057
506 157.000  25.000  90 -20  626  719
507 277.000 177.000  90 -30  906 1034
508  77.000 233.000  90 -10  606  714
509 166.000  94.000  90 -20  206  278
510 212.000  26.000  90 -30  729  868
511 130.000 230.000  90 -10  487  609
512  29.000 285.000  90 -20  582  692
513  37.000 280.000  90 -20 1031 1167
514 119.000 104.000  90 -30 1014 1159
515 147.000  67.000  90 -20 1061 1168
516 110.000  76.000  90 -20  579  711
517 181.000 102.000  90 -10  729  857
518 133.000 225.000  90 -30  942 1089
519   0.000 153.000  90 -10  727  853
520 285.000 230.000  90 -10  753  847
521  70.000  57.000  90 -20  809  930
522 223.000  23.000  90 -40  267  398
523 160.000  27.000  90 -20 1002 1085
524 164.000 103.000  90 -10  464  583
525 203.000 128.000  90 -10  450  594
526 146.000  61.000  90 -20  591  718
527 215.000 160.000  90 -10  458  578
528 167.000 105.000  90 -10  625  742
529 184.000  12.000  90 -20 1019 1118
530 116.000  49.000  90 -30  991 1091
531  13.000 202.000  90 -10  434  597
532  53.000 285.000  90 -10  563  713
533 173.000  13.000  90 -20  253  391
534 259.000 240.000  90 -40 1007 1136
535 255.000 132.000  90 -30  510  625
536 268.000  38.000  90 -40  777  884
537 136.000 220.000  90 -30 1044 1177
538 233.000 242.000  90 -10  795  941
539 280.000 175.000  90 -20  453  563
540  78.000 232.000  90 -10  697  805
541 124.000 264.000  90 -20  701  824
542 281.000 129.000  90 -30  639  746
543 227.000 222.000  90 -10  865 1008
544 136.000 104.000  90 -20  715  851
545 202.000 133.000  90 -30 1097 1245
546  12.000 198.000  90 -10  837  964
547  12.000 270.000  90 -20  610  706
548 175.000 227.000  90 -10  779  900
549  35.000  56.000  90 -10  170  309
550  36.000  52.000  90 -30  852  944
551 250.000 126.000  90 -20  792  916
552 233.000 216.000  90 -20  421  521
553  59.000 236.000  90 -10  990 1111
554  69.000 109.000  90 -20  589  698
555 134.000 148.000  90 -20  705  808
556  55.000 232.000  90 -10  145  287
557 114.000 156.000  90 -20  539  662
558 280.000 130.000  90 -30  542  659
559 165.000 182.000  90 -10  537  627
560  55.000 285.000  90 -20  749  891
561  73.000 226.000  90 -20  122  274
562 154.000  26.000  90 -20  443  535
563 261.000 215.000  90 -20  259  371
564  19.000 102.000  90 -20  706  866
565  86.000  31.000  90 -10  162  291
566 108.000 109.000  90 -20  448  583
567 123.000  92.000  90 -20  192  300
568 217.000  21.000  90 -20  445  594
569  66.000  10.000  90 -10  946 1054
570 228.000 220.000  90 -10 1047 1193
571  65.000   6.000  90 -20  293  414
572 214.000 157.000  90 -20  544  679
573 110.000 107.000  90 -10  926 1048
574 112.000 199.000  90 -20  183  301
575 278.000 128.000  90 -30  819  941
576 269.000 103.000  90 -10  814  935
577 282.000 227.000  90 -20  912 1057
578 173.000  72.000  90 -20  298  405
579  67.000  10.000  90 -30 1011 1172
580  30.000 148.000  90 -30  157  273
581 236.000  66.000  90 -30  617  724
582 216.000 148.000  90 -20  911 1057
583 257.000 210.000  90 -20  899 1023
584  28.000 144.000  90 -30  535  643
585 147.000 178.000  90 -10  810  916
586  85.000 228.000  90 -20  783  915
587 247.000 132.000  90 -10  981 1104
588 226.000 221.000  90 -10  950 1106
589 277.000 172.000  90 -10  633  756
590  93.000 235.000  90 -30  782  907
591 223.000  11.000  90 -30  554  693
592  65.000  69.000  90 -10 1090 1209
593  52.000  63.000  90 -10  419  568
594  25.000  50.000  90 -30  458  589
595 137.000 229.000  90 -20  219  319
596 109.000  42.000  90 -10  692  822
597  49.000 234.000  90 -10  613  740
598 221.000  70.000  90 -20  522  636
599 115.000 197.000  90 -20  561  669
600 280.000 225.000  90 -10 1013 1142
601 177.000   4.000  90 -20  717  855
602 113.000 202.000  90 -20  376  476
603  37.000  53.000  90 -30  924 1056
604 145.000 183.000  90 -10  527  646
605 183.000  97.000  90 -20  256  414
606 258.000 212.000  90 -10  800  937
607 235.000 243.000  90 -10  444  558
608 216.000 157.000  90 -20  736  852
609 100.000  73.000  90 -10  214  329
610 280.000 172.000  90 -10  533  669
611  82.000  31.000  90 -10  644  740
612 119.000 157.000  90 -10  695  876
613 174.000 228.000  90 -30  687  809
614 163.000 202.000  90 -20  554  678
615  68.000 113.000  90 -10  678  797
616 213.000  61.000  90 -10  512  629
617 122.000 259.000  90 -20  243  347
618  10.000 150.000  90 -20  259  382
619 255.000 240.000  90 -10  466  556
620 107.000  71.000  90 -20  411  507
621 106.000 108.000  90 -10  524  691
622 144.000  59.000  90 -10  221  340
623 174.000  79.000  90 -20  680  767
624  59.000  64.000  90 -30  634  727
625 109.000 105.000  90 -20  836  954
626 145.000 184.000  90 -30  451  540
627  59.000 280.000  90 -20  861  971
628 162.000 206.000  90 -20  353  510
629 150.000 150.000   0   0    0 1496
