314 314 1000 200 1000
  0 150.000 150.000   0   0    0 1496
  1  17.000 205.000  90  20    0 1263
  2 153.000 254.000  90  20    0 1302
  3 214.000 156.000  90  20    0 1342
  4 121.000 260.000   0  10  358  414
  5  47.000 277.000  90  20  163  210
  6 105.000 230.000  90  10   91  155
  7 143.000 111.000  90  20   39  100
  8 277.000 100.000  90  10    0 1270
  9 166.000 105.000  90  20  551  633
 10 141.000 137.000  90  30  163  233
 11 100.000  73.000  90  20    0 1315
 12 129.000  98.000   0  20  582  655
 13 256.000 239.000  90  10  575  629
 14 203.000 156.000  90  20   53  107
 15 251.000 241.000  90  10    0 1271
 16 106.000 233.000  90  10    0 1313
 17 126.000 229.000  90  10  701  769
 18 119.000 267.000  90  10  635  698
 19  68.000 113.000  90  20  698  776
 20 257.000 243.000  90  10  661  731
 21 157.000 266.000  90  20    0 1290
 22  73.000 226.000  90  20    0 1298
 23  74.000 109.000  90  40  238  294
 24 199.000 126.000  90  10  118  175
 25  31.000  55.000  90  20    0 1254
 26  10.000 147.000  90  20    0 1266
 27 277.000 104.000  90  20  135  186
 28 149.000 285.000  90  10  201  249
 29  61.000 157.000  90  40  428  494
 30 140.000 143.000  90  20    0 1394
 31 203.000 125.000  90  30    0 1348
 32 114.000 164.000  90  20    0 1368
 33 108.000  80.000  90  20  803  863
 34 103.000 232.000  90  20  252  305
 35  87.000  27.000  90  20  383  438
 36  67.000 154.000  90  20  797  864
 37 255.000 132.000  90  10  530  604
 38 108.000 113.000  90  10  214  262
 39  86.000 230.000  90  20  155  231
 40 155.000  28.000  90  10    0 1284
 41 151.000 294.000  90  20  383  446
 42  83.000  30.000  90  30    0 1269
 43 150.000 184.000  90  20    0 1372
 44 114.000 156.000  90  20  569  632
 45  59.000 236.000  90  20 1026 1075
 46  69.000   4.000   0  20    0 1240
 47  78.000  33.000  90  10    0 1269
 48  16.000 204.000  90  10    0 1262
 49 153.000  28.000  90  10    0 1284
 50  67.000 161.000  90  10   83  151
 51 211.000  61.000  90  20    0 1299
 52 125.000 103.000  90  20   53  131
 53 269.000  29.000  90  20    0 1237
 54  33.000 142.000  90  20    0 1289
 55  26.000 282.000  90  20  507  580
 56  29.000 285.000  90  20  601  674
 57 231.000 218.000  90  10  350  405
 58 173.000  76.000  90  20    0 1329
 59 175.000 101.000  90  20    0 1351
 60 115.000 196.000  90  10   57  120
 61 227.000 222.000  90  20    0 1301
 62 275.000  97.000  90  10  470  539
 63 216.000   6.000  90  20  230  269
 64  29.000 148.000  90  20  277  336
 65 137.000 104.000  90  30    0 1359
 66 253.000  57.000  90  10  138  186
 67 136.000 140.000   0  10  261  327
 68 236.000 240.000  90  30    0 1282
 69 147.000 185.000  90  10  371  435
 70  81.000 238.000  90  20    0 1295
 71  10.000 198.000  90  10    0 1258
 72 230.000 221.000  90  30  631  692
 73  29.000  94.000  90  20  561  624
 74  25.000  99.000  90  40  379  434
 75  65.000   6.000  90  10  323  383
 76 260.000 214.000  90  30    0 1279
 77 167.000 229.000  90  20    0 1326
 78 286.000 130.000  90  30    0 1269
 79 239.000  77.000  90  20  115  181
 80 169.000 171.000  90  30   28   93
 81  76.000 111.000  90  20    0 1323
 82 213.000  65.000  90  20  826  869
 83  13.000 265.000   0  20  178  246
 84 149.000 183.000  90  10   95  159
 85  33.000 285.000  90  10    0 1228
 86  31.000 145.000   0  30  646  719
 87 159.000 110.000  90  20    0 1365
 88 113.000 202.000  90  10  395  457
 89   9.000 145.000  90  30    0 1265
 90 217.000  21.000  90  30  494  546
 91 161.000 112.000  90  10   39   88
 92 255.000 240.000  90  20  476  545
 93  77.000 233.000  90  20    0 1296
 94 168.000 108.000   0  10  744  809
 95 141.000 100.000  90  10    0 1356
 96  54.000 285.000  90  10  706  752
 97 285.000 225.000  90  30    0 1252
 98 174.000  79.000   0  20    0 1332
 99  70.000  57.000  90  20    0 1284
100 160.000 107.000  90  30    0 1362
101 136.000 233.000  90  10  148  203
102 256.000  54.000  90  30  292  355
103  53.000 237.000   0  20  825  901
104 285.000 230.000  90  10  763  837
105  55.000  62.000  90  20    0 1277
106 160.000 108.000  90  10  294  336
107 248.000 245.000  90  10    0 1270
108 154.000 266.000  90  40  172  247
109 113.000  50.000  90  20  452  501
110  25.000  50.000  90  10  496  551
111 143.000  61.000  90  10  531  593
112  60.000  15.000  90  10    0 1244
113 224.000  79.000  90  30    0 1304
114  86.000  31.000  90  20  200  253
115 147.000  60.000  90  20    0 1316
116  23.000 107.000  90  10 1044 1086
117 170.000 237.000  90  10    0 1317
118 206.000 129.000  90  10    0 1347
119 236.000 248.000  90  10  290  338
120 161.000  94.000  90  20   57  119
121 166.000 113.000  90  10    0 1366
122 176.000  71.000  90  20  513  557
123  64.000  55.000  90  20  282  338
124 142.000  57.000  90  10  338  410
125  66.000   8.000  90  20  872  945
126 174.000  71.000  90  20  420  466
127 280.000 175.000  90  30    0 1274
128 178.000  10.000  90  20  563  636
129 230.000 248.000  90  20  189  248
130 201.000 121.000  90  10  207  278
131 257.000  59.000  90  20  484  535
132 165.000 204.000  90  20    0 1350
133 134.000 148.000  90  20  731  781
134 164.000 202.000  90  30  677  737
135 218.000  20.000  90  20  405  452
136 287.000 224.000  90  10    0 1251
137 112.000 201.000  90  20  306  363
138 272.000  41.000  90  20  230  297
139 110.000  74.000  90  30  528  578
140 137.000 229.000  90  10  227  311
141  70.000 225.000  90  30  254  329
142 233.000 216.000  90  10    0 1300
143 100.000 231.000  90  20    0 1311
144 140.000 290.000  90  20    0 1266
145 111.000  52.000   0  20  174  229
146 249.000 133.000  90  10  166  218
147 212.000  26.000  90  30    0 1268
148 156.000  26.000  90  10    0 1282
149 238.000  69.000  90  20    0 1287
150 176.000  14.000  90  10  138  174
151  59.000 223.000  90  20  914  977
152 261.000 212.000  90  30  754  796
153 149.000 186.000  90  20    0 1370
154  28.000 103.000  90  10  130  206
155  27.000 100.000  90  10  190  258
156 150.000  56.000   0  20  156  212
157  63.000 155.000  90  10    0 1319
158 106.000  77.000   0  10    0 1321
159 227.000 217.000   0  10 1231 1304
160 278.000  43.000  90  20    0 1240
161  65.000  49.000  90  20  559  619
162  60.000 160.000  90  20    0 1316
163 223.000  74.000  90  10    0 1301
164 128.000 176.000  90  20    0 1372
165 235.000 241.000   0  30  748  804
166  11.000 265.000  90  10  243  299
167  79.000  30.000   0  30  756  813
168 144.000 100.000  90  20    0 1356
169 222.000  83.000  90  20   98  158
170 261.000 215.000  90  10    0 1278
171 264.000  61.000  90  20  837  920
172 150.000 272.000  90  10  261  352
173 147.000 178.000   0  10  836  890
174 125.000 228.000  90  30    0 1325
175 162.000 203.000  90  30    0 1352
176 105.000  55.000  90  20  105  177
177 259.000  58.000  90  30  663  721
178 199.000 130.000   0  20    0 1354
179 108.000 109.000  90  20    0 1348
180 106.000 108.000  90  20  586  630
181 282.000 227.000   0  20    0 1254
182  64.000  59.000  90  30  125  197
183 131.000 228.000  90  20  425  487
184 278.000 176.000  90  20  767  810
185   4.000 149.000  90  20  660  729
186  52.000 233.000  90  10  460  523
187 165.000 228.000  90  20  145  194
188 231.000  70.000   0  10    0 1293
189 229.000 217.000  90  10    0 1303
190 149.000 282.000  90  10  132  191
191 282.000 137.000  90  10  132  203
192 130.000  96.000  90  20  495  557
193  53.000 232.000  90  20  276  339
194 170.000 174.000  90  20  180  244
195  78.000 232.000   0  20    0 1297
196 223.000  23.000  90  10  297  368
197 179.000   9.000  90  30  661  720
198 177.000 225.000  90  10    0 1327
199 277.000 172.000  90  10    0 1278
200 166.000 203.000  90  30  130  168
201 218.000 153.000  90  10  862  915
202 151.000  30.000  90  20  185  240
203 284.000 176.000  90  30  288  353
204  28.000 144.000  90  20    0 1284
205 164.000  95.000  90  20  129  172
206  35.000  56.000  90  10    0 1258
207 135.000 227.000  90  10    0 1328
208 183.000  97.000  90  40  312  359
209  60.000  64.000  90  10  746  797
210  30.000 279.000  90  20  328  387
211  31.000 275.000  90  20  172  225
212 233.000 242.000  90  30  841  896
213 148.000  62.000  90  20  994 1044
214 130.000 102.000  90  20    0 1354
215 184.000  98.000  90  10    0 1344
216 160.000  24.000  90  10    0 1280
217 133.000 225.000   0  30    0 1330
218  14.000 149.000  90  10  193  260
219  55.000 285.000  90  30  793  847
220 255.000  57.000  90  10    0 1266
221  66.000  54.000  90  20  658  710
222 225.000  22.000  90  40    0 1258
223 272.000  97.000  90  40    0 1273
224 122.000 259.000  90  20    0 1294
225  69.000 109.000   0  20  611  675
226 201.000 127.000  90  10  394  466
227 139.000  58.000  90  20    0 1314
228 211.000 159.000  90  10  307  361
229 181.000  11.000  90  20    0 1264
230 115.000  42.000  90  30  822  884
231  17.000 209.000  90  10    0 1261
232 174.000  13.000  90  20    0 1267
233 250.000 134.000  90  30  250  317
234 270.000  37.000  90  40    0 1242
235  12.000 270.000  90  20  624  692
236 121.000 255.000  90  30  169  231
237 280.000 180.000  90  20    0 1273
238  78.000 236.000  90  10    0 1294
239 138.000 101.000  90  20  659  720
240 275.000 100.000  90  30  375  447
241   3.000 205.000  90  10    0 1250
242   8.000 265.000  90  20    0 1224
243 169.000 235.000  90  10  333  384
244  37.000  62.000  90  10    0 1263
245 259.000 126.000  90  20  633  695
246 227.000 214.000  90  20  100  144
247   1.000 272.000  90  10  523  589
248  74.000 106.000  90  20  323  395
249  58.000 231.000  90  10  122  197
250 258.000 232.000  90  20 1148 1191
251 109.000 157.000  90  20  387  436
252 282.000 134.000  90  30  192  259
253 288.000 227.000  90  40  486  560
254  52.000  63.000  90  10  473  513
255  52.000 288.000  90  20  433  475
256 149.000 294.000  90  10  481  532
257 154.000  26.000  90  20  452  527
258 255.000 220.000  90  20  126  171
259 211.000  66.000  90  10    0 1303
260  22.000  97.000  90  20  649  731
261  88.000  31.000  90  10  134  202
262 123.000  92.000  90  20  219  272
263 227.000  26.000  90  20    0 1261
264  63.000   3.000  90  10  508  566
265  63.000   7.000  90  20  231  290
266 280.000 130.000  90  10  568  633
267 116.000  49.000  90  30 1003 1078
268 166.000  94.000  90  30  211  274
269 101.000 110.000  90  10  674  731
270 236.000  72.000  90  20    0 1290
271  62.000  53.000  90  10  368  437
272 112.000 199.000  90  20  218  267
273 218.000   3.000  90  30    0 1245
274 281.000 130.000  90  30    0 1274
275 271.000 101.000   0  10  750  812
276 171.000  79.000  90  20   74  141
277 151.000 269.000  90  40  374  426
278  29.000 152.000  90  30    0 1285
279 240.000  73.000  90  20  178  240
280 263.000 215.000  90  20    0 1276
281 124.000 264.000  90  30  731  794
282  88.000 225.000  90  20    0 1309
283 246.000 137.000  90  10    0 1310
284 102.000 235.000  90  30  340  403
285  59.000  67.000  90  10  184  243
286  49.000 234.000  90  20  640  713
287 140.000 228.000  90  20   78  148
288 216.000  23.000   0  10    0 1263
289 112.000  51.000  90  10  264  322
290  52.000 231.000  90  10  372  427
291 140.000 292.000  90  10  760  823
292 224.000  77.000  90  20    0 1303
293 114.000 204.000  90  20    0 1342
294 288.000 228.000  90  10  577  651
295  34.000  54.000  90  30    0 1256
296 179.000  98.000  90  20    0 1347
297 261.000 217.000  90  10    0 1277
298 231.000 243.000  90  10    0 1283
299 212.000 159.000  90  20  397  453
300 103.000  78.000  90  10  149  202
301 119.000 157.000  90  10  762  810
302 175.000 227.000   0  30    0 1326
303 250.000 130.000  90  10  917  979
304  37.000 280.000   0  20 1064 1133
305 215.000  68.000  90  10    0 1302
306 119.000 253.000  90  20    0 1299
307  16.000 151.000  90  20  134  192
308 251.000 237.000   0  10  301  350
309 221.000  70.000  90  10    0 1300
310 111.000 110.000  90  10    0 1351
311 150.000  64.000  90  10    0 1320
312  55.000  68.000   0  30  361  435
313 155.000 180.000  90  30    0 1376
314 168.000 204.000  90  20   56  115
315  13.000 202.000  90 -20    0 1260
316 174.000 228.000  90 -20  722  775
317 211.000 157.000  90 -20    0 1345
318 121.000 260.000  90 -10  358  414
319  53.000 285.000  90 -20  604  673
320 106.000 237.000  90 -10    0 1309
321 127.000 101.000  90 -20  119  174
322 269.000 103.000  90 -10    0 1279
323 167.000 105.000  90 -20  643  724
324 136.000 144.000  90 -30  358  418
325 107.000  71.000  90 -20  427  492
326 129.000  98.000  90 -20  582  655
327 258.000 247.000  90 -10    0 1261
328 202.000 131.000  90 -20 1045 1113
329 254.000 240.000  90 -10  383  457
330  96.000 237.000  90 -10  725  777
331 145.000 184.000  90 -10    0 1372
332 123.000 260.000  90 -10  826  888
333  74.000 113.000  90 -20  806  860
334 259.000 240.000  90 -10 1038 1104
335 144.000 182.000  90 -20  649  707
336  73.000 225.000  90 -20    0 1299
337  70.000 109.000  90 -40  521  583
338 204.000 127.000  90 -10  676  735
339  37.000  53.000  90 -20  956 1023
340  57.000 155.000  90 -20    0 1313
341 277.000 101.000  90 -20    0 1270
342 148.000 288.000  90 -10  286  350
343  71.000 154.000  90 -40    0 1327
344 109.000 110.000  90 -20    0 1349
345 203.000 128.000  90 -30    0 1349
346 111.000 153.000  90 -20    0 1367
347 110.000  79.000  90 -20  898  953
348 104.000 235.000  90 -20  429  497
349  78.000  31.000  90 -20    0 1267
350 137.000 150.000  90 -20    0 1393
351 252.000 128.000  90 -10  742  781
352 107.000 103.000  90 -10    0 1343
353  84.000 236.000  90 -20  258  321
354 154.000  31.000  90 -10    0 1287
355 147.000 285.000  90 -20 1046 1102
356  82.000  31.000  90 -30    0 1269
357 121.000 170.000  90 -20  569  624
358 116.000 159.000  90 -20    0 1371
359  55.000 232.000  90 -20    0 1281
360  69.000   4.000  90 -20    0 1240
361  82.000  34.000  90 -10 1030 1094
362  16.000 196.000  90 -10  960 1031
363 157.000  25.000  90 -10    0 1281
364  60.000 156.000  90 -10    0 1316
365 213.000  61.000  90 -20    0 1297
366 106.000  71.000  90 -20  335  402
367 269.000  35.000  90 -20    0 1241
368  30.000 148.000  90 -20  181  250
369  58.000 235.000  90 -20  932  985
370  63.000 233.000  90 -20    0 1286
371 230.000 223.000  90 -10    0 1298
372 174.000  74.000  90 -20    0 1327
373 160.000 111.000  90 -20    0 1366
374 114.000 198.000  90 -10  127  173
375 226.000 221.000  90 -20    0 1302
376 266.000 104.000  90 -10    0 1282
377 212.000   9.000  90 -20    0 1252
378  25.000 141.000  90 -20    0 1281
379 140.000 100.000  90 -30    0 1356
380 259.000  59.000  90 -10  563  639
381 136.000 140.000  90 -10  261  327
382 232.000 240.000  90 -30    0 1285
383 132.000 146.000  90 -10    0 1388
384  85.000 228.000  90 -20    0 1305
385  12.000 198.000  90 -10    0 1260
386 227.000 218.000  90 -30 1180 1245
387  23.000 103.000  90 -20    0 1271
388  26.000  97.000  90 -40  471  527
389  66.000   7.000  90 -10  786  849
390 258.000 212.000  90 -30  843  894
391 166.000 226.000  90 -20    0 1329
392 257.000 137.000  90 -30    0 1299
393 241.000  71.000  90 -20    0 1286
394 216.000 148.000  90 -30  951 1018
395  75.000 110.000  90 -20    0 1321
396 162.000 107.000  90 -20    0 1362
397  13.000 265.000  90 -20  178  246
398 122.000 172.000  90 -10  468  542
399  35.000 282.000  90 -10    0 1231
400  31.000 145.000  90 -30  646  719
401 212.000  62.000  90 -20    0 1299
402 128.000 172.000  90 -10    0 1375
403   9.000 144.000  90 -30    0 1265
404 177.000   4.000  90 -30    0 1258
405 183.000  99.000  90 -10  671  728
406 262.000 241.000  90 -20    0 1262
407  83.000 236.000  90 -20    0 1297
408 168.000 108.000  90 -10  744  809
409 143.000 101.000  90 -10    0 1357
410  59.000 280.000  90 -10    0 1248
411 289.000 225.000  90 -30    0 1249
412 174.000  79.000  90 -20    0 1332
413  65.000  56.000  90 -20    0 1280
414 164.000 103.000  90 -30    0 1357
415 127.000 232.000  90 -10    0 1321
416 257.000  58.000  90 -30    0 1265
417  53.000 237.000  90 -20  825  901
418 283.000 229.000  90 -10    0 1252
419  62.000  65.000  90 -20  939  988
420 216.000  62.000  90 -10    0 1296
421 258.000 244.000  90 -10    0 1263
422 153.000 265.000  90 -40    0 1291
423 109.000  42.000  90 -20  723  792
424  29.000  57.000  90 -10    0 1254
425 133.000  99.000  90 -10    0 1353
426  67.000  10.000  90 -10 1061 1122
427 222.000  73.000  90 -30  642  703
428  85.000  24.000  90 -20  470  537
429 131.000  95.000  90 -20    0 1348
430 134.000 146.000  90 -10    0 1390
431 182.000 238.000  90 -10  526  580
432 204.000 131.000  90 -10  959 1014
433 233.000 245.000  90 -10    0 1280
434 160.000  27.000  90 -20    0 1283
435 165.000 113.000  90 -10  941  985
436 148.000  61.000  90 -20  900  957
437  64.000  53.000  90 -20    0 1277
438 144.000  59.000  90 -10    0 1315
439  66.000  10.000  90 -20  977 1024
440 173.000  72.000  90 -20    0 1325
441 277.000 177.000  90 -30  946  994
442 181.000   8.000  90 -20    0 1261
443 235.000 243.000  90 -20  477  526
444 204.000 129.000  90 -10    0 1349
445 260.000  58.000  90 -20    0 1263
446 159.000 177.000  90 -20    0 1378
447 134.000 147.000  90 -20    0 1390
448 163.000 200.000  90 -30    0 1355
449 184.000  12.000  90 -20 1042 1094
450 287.000 226.000  90 -10  391  472
451 122.000 175.000  90 -20    0 1369
452 272.000  38.000  90 -20  330  383
453 119.000 104.000  90 -30 1059 1115
454 136.000 220.000  90 -10 1079 1142
455  70.000 227.000  90 -30    0 1295
456 229.000 219.000  90 -10    0 1302
457  81.000 223.000  90 -20 1009 1065
458 141.000 286.000  90 -20    0 1270
459 111.000  52.000  90 -20  174  229
460 246.000 133.000  90 -10 1105 1162
461 215.000   4.000  90 -30  319  363
462 158.000  27.000  90 -10    0 1283
463 236.000  66.000  90 -20  637  705
464 173.000  13.000  90 -10    0 1268
465  68.000 229.000  90 -20    0 1293
466 167.000 176.000  90 -30    0 1375
467 140.000 140.000  90 -20    0 1392
468  19.000 102.000  90 -10  756  816
469  26.000  99.000  90 -10  293  338
470 150.000  56.000  90 -20  156  212
471 114.000 158.000  90 -10    0 1370
472 106.000  77.000  90 -10    0 1321
473 227.000 217.000  90 -10 1231 1304
474 275.000  32.000  90 -20    0 1235
475  63.000  59.000  90 -20    0 1281
476  66.000 157.000  90 -20    0 1322
477 217.000  73.000  90 -10    0 1304
478 129.000 177.000  90 -20  190  244
479 235.000 241.000  90 -30  748  804
480   8.000 263.000  90 -10    0 1225
481  79.000  30.000  90 -30  756  813
482 141.000 102.000  90 -20    0 1358
483 220.000  66.000  90 -20  363  401
484 263.000 212.000  90 -10  559  626
485 242.000  73.000  90 -20    0 1287
486 145.000 182.000  90 -10    0 1374
487 147.000 178.000  90 -10  836  890
488 145.000 183.000  90 -30    0 1373
489 165.000 182.000  90 -30  552  613
490 114.000  49.000  90 -20    0 1299
491 262.000  62.000  90 -30    0 1264
492 199.000 130.000  90 -20    0 1354
493 110.000 107.000  90 -20    0 1348
494 109.000 105.000  90 -20    0 1346
495 282.000 227.000  90 -20    0 1254
496  59.000  64.000  90 -30  658  703
497 130.000 230.000  90 -20    0 1324
498 278.000 177.000  90 -20  854  904
499   0.000 153.000  90 -20  756  823
500  64.000 226.000  90 -10    0 1292
501 161.000 210.000  90 -20    0 1345
502 231.000  70.000  90 -10    0 1293
503 228.000 223.000  90 -10  819  871
504 144.000 292.000  90 -10  577  627
505 287.000 128.000  90 -10    0 1268
506 136.000 104.000  90 -20  759  808
507  53.000 288.000  90 -20  512  579
508 216.000 157.000  90 -20    0 1340
509  78.000 232.000  90 -20    0 1297
510 217.000  11.000  90 -10    0 1252
511 161.000  22.000  90 -30    0 1278
512 167.000 179.000  90 -10    0 1373
513 280.000 172.000  90 -10    0 1275
514 163.000 202.000  90 -30    0 1353
515 210.000 156.000  90 -10    0 1346
516 148.000  60.000  90 -20    0 1316
517 286.000 175.000  90 -30    0 1268
518  25.000 145.000  90 -20    0 1281
519 168.000  96.000  90 -20    0 1350
520  29.000  55.000  90 -10    0 1253
521 131.000 226.000  90 -10  886  960
522 185.000  98.000  90 -40    0 1344
523  61.000  70.000  90 -10    0 1287
524  30.000 280.000  90 -20  412  485
525  51.000 238.000  90 -20    0 1274
526 169.000 173.000  90 -30    0 1377
527 147.000  67.000  90 -20    0 1323
528 140.000 108.000  90 -20  937 1002
529 181.000 102.000  90 -10  773  814
530 161.000  26.000  90 -10    0 1282
531 133.000 225.000  90 -30    0 1330
532  10.000 150.000  90 -10  296  346
533  43.000 286.000  90 -30    0 1233
534 184.000  97.000  90 -10    0 1344
535  66.000  56.000  90 -20  746  806
536 221.000   8.000  90 -40    0 1248
537 202.000 133.000  90 -40 1144 1197
538 116.000 265.000  90 -20    0 1287
539  69.000 109.000  90 -20  611  675
540 209.000 127.000  90 -10  771  829
541 110.000  76.000  90 -20    0 1322
542 215.000 160.000  90 -10  488  548
543 173.000  11.000  90 -20    0 1266
544 113.000  52.000  90 -30    0 1302
545  18.000 206.000  90 -10  210  267
546 175.000  12.000  90 -20    0 1266
547 250.000 126.000  90 -30  827  882
548 268.000  38.000  90 -40  803  858
549  29.000 277.000  90 -20    0 1231
550 119.000 262.000  90 -30    0 1290
551 275.000 182.000  90 -20    0 1277
552  85.000 224.000  90 -10    0 1308
553 138.000 100.000  90 -20    0 1355
554 274.000  97.000  90 -30  568  622
555  11.000 207.000  90 -10  579  642
556  31.000 284.000  90 -20    0 1227
557 173.000 224.000  90 -10    0 1329
558  28.000  56.000  90 -10    0 1252
559 247.000 132.000  90 -20    0 1308
560 228.000 220.000  90 -20    0 1302
561  33.000 283.000  90 -10  881  946
562  70.000 102.000  90 -20    0 1313
563  63.000 229.000  90 -10    0 1289
564 236.000 218.000  90 -20    0 1297
565 118.000 156.000  90 -20  668  721
566 281.000 129.000  90 -30    0 1274
567 288.000 231.000  90 -40  679  734
568  65.000  68.000  90 -10 1030 1087
569  50.000 285.000  90 -20    0 1238
570 143.000 288.000  90 -10  667  726
571 157.000  31.000  90 -20    0 1287
572 257.000 210.000  90 -20    0 1284
573 177.000  82.000  90 -10    0 1333
574  22.000 102.000  90 -20    0 1270
575  86.000  30.000  90 -10  288  346
576 128.000  94.000  90 -20  314  369
577 223.000  11.000  90 -20  587  660
578  65.000   5.000  90 -10    0 1238
579  65.000   4.000  90 -20    0 1238
580 278.000 128.000  90 -10    0 1277
581 114.000  50.000  90 -30    0 1300
582 168.000  97.000  90 -30  393  459
583 113.000 114.000  90 -10    0 1355
584 227.000  80.000  90 -20    0 1302
585  65.000  69.000  90 -10    0 1289
586 115.000 197.000  90 -20  590  640
587 216.000  25.000  90 -30    0 1265
588 280.000 125.000  90 -30    0 1274
589 271.000 101.000  90 -10  750  812
590 172.000  78.000  90 -20  131  200
591 144.000 173.000  90 -40    0 1383
592  65.000 156.000  90 -30    0 1321
593 240.000  71.000  90 -20  458  510
594 168.000 176.000  90 -20    0 1375
595 126.000 256.000  90 -30  921  983
596  67.000 230.000  90 -20  536  600
597 257.000 133.000  90 -10  448  501
598  93.000 235.000  90 -30  819  869
599  57.000  68.000  90 -10  267  344
600  67.000 216.000  90 -20    0 1300
601 173.000 233.000  90 -20    0 1320
602 216.000  23.000  90 -10    0 1263
603 115.000  48.000  90 -10  910  989
604  53.000 234.000  90 -10  555  611
605 147.000 281.000  90 -10 1146 1190
606 220.000  74.000  90 -20  835  878
607 121.000 181.000  90 -20    0 1364
608 280.000 225.000  90 -10 1050 1105
609  36.000  52.000  90 -30    0 1256
610 179.000  97.000  90 -20    0 1346
611 262.000 211.000  90 -10    0 1279
612 235.000 242.000  90 -10  561  624
613 214.000 157.000  90 -20    0 1342
614 105.000  81.000  90 -10    0 1324
615 118.000 163.000  90 -10    0 1372
616 175.000 227.000  90 -30    0 1326
617 211.000 150.000  90 -10    0 1345
618  37.000 280.000  90 -20 1064 1133
619 213.000  68.000  90 -10    0 1303
620  99.000 242.000  90 -20    0 1301
621   8.000 155.000  90 -20    0 1264
622 251.000 237.000  90 -10  301  350
623 217.000  69.000  90 -10    0 1301
624 111.000 112.000  90 -10    0 1352
625 146.000  61.000  90 -10  623  687
626  55.000  68.000  90 -30  361  435
627 163.000 180.000  90 -30  646  703
628 162.000 206.000  90 -20    0 1349
629 150.000 150.000   0   0    0 1496
