314 314 1000 200 1000
  0 150.000 150.000   0   0    0 1496
  1 214.000 156.000  90  20  672  732
  2 121.000 260.000  90  10  358  414
  3  29.000 277.000  90  10    0 1231
  4  47.000 277.000  90  20  163  210
  5 105.000 230.000  90  10   91  155
  6 160.000 111.000  90  30    0 1366
  7  63.000 233.000  90  20  629  696
  8 143.000 111.000  90  20   39  100
  9 173.000 233.000  90  30    0 1320
 10  85.000  24.000   0  20  470  537
 11 277.000 100.000  90  10  286  353
 12 141.000 137.000  90  30  163  233
 13  61.000  70.000  90  30  119  180
 14  30.000 280.000  90  20  412  485
 15 203.000 156.000  90  20   53  107
 16 251.000 241.000  90  10  197  265
 17 109.000 110.000  90  20  390  457
 18  22.000 102.000  90  10    0 1270
 19  25.000 141.000  90  20    0 1281
 20 167.000 176.000  90  20    0 1375
 21 126.000 229.000  90  10  701  769
 22 257.000 243.000  90  10  661  731
 23 157.000 266.000  90  20    0 1290
 24  73.000 226.000  90  20  174  222
 25  74.000 109.000  90  40  238  294
 26 199.000 126.000  90  10  118  175
 27  10.000 147.000  90  20    0 1266
 28 277.000 104.000  90  20  135  186
 29  55.000 232.000  90  10    0 1281
 30 119.000 262.000  90  20    0 1290
 31 220.000  74.000   0  20  835  878
 32 122.000 175.000  90  30  381  442
 33 144.000 182.000  90  30  649  707
 34 203.000 125.000  90  30    0 1348
 35 114.000 164.000  90  20  104  153
 36 103.000 232.000  90  20  252  305
 37  87.000  27.000  90  20  383  438
 38  67.000 154.000  90  20  797  864
 39 255.000 132.000  90  10  530  604
 40 108.000 113.000  90  10  214  262
 41  86.000 230.000  90  20  155  231
 42 116.000 159.000   0  10    0 1371
 43 155.000  28.000  90  10    0 1284
 44 151.000 294.000  90  20  383  446
 45 114.000 156.000  90  20  569  632
 46 161.000  26.000  90  10  926  978
 47  69.000   4.000  90  20    0 1240
 48  16.000 204.000  90  10  396  446
 49 113.000 114.000  90  20    0 1355
 50 153.000  28.000  90  10    0 1284
 51  67.000 161.000  90  10   83  151
 52 125.000 103.000  90  20   53  131
 53 130.000 230.000  90  20    0 1324
 54 173.000  72.000  90  10    0 1325
 55 231.000 218.000  90  10  350  405
 56 173.000  76.000  90  20  237  278
 57 175.000 101.000  90  20   55   95
 58 115.000 196.000  90  10   57  120
 59 227.000 222.000   0  20  903  971
 60 216.000   6.000  90  20  230  269
 61 253.000  57.000   0  10  138  186
 62 283.000 229.000  90  20  870  914
 63 236.000 240.000  90  30  656  714
 64 147.000 185.000  90  10  371  435
 65  81.000 238.000  90  20  452  494
 66 118.000 163.000  90  30    0 1372
 67 167.000 105.000   0  20  643  724
 68  65.000   6.000  90  10  323  383
 69 260.000 214.000  90  30  379  434
 70 143.000 288.000  90  30  667  726
 71 167.000 229.000  90  20    0 1326
 72 173.000  13.000  90  10    0 1268
 73 286.000 130.000  90  30    0 1269
 74  33.000 283.000  90  10  881  946
 75 148.000 288.000  90  30  286  350
 76 239.000  77.000  90  20  115  181
 77 106.000 237.000  90  20    0 1309
 78 277.000 101.000  90  20  196  260
 79 144.000 292.000  90  20  577  627
 80 215.000   4.000  90  40  319  363
 81 169.000 171.000  90  30   28   93
 82  76.000 111.000  90  20   83  157
 83 213.000  65.000  90  20  826  869
 84  13.000 265.000  90  20  178  246
 85 149.000 183.000  90  10   95  159
 86  36.000  52.000  90  30    0 1256
 87  33.000 285.000  90  10    0 1228
 88 165.000 182.000  90  10  552  613
 89 235.000 242.000  90  10  561  624
 90  31.000 145.000   0  30  646  719
 91 159.000 110.000  90  20  183  262
 92  86.000  30.000  90  20  288  346
 93 266.000 104.000  90  10    0 1282
 94 217.000  21.000  90  30  494  546
 95 161.000 112.000  90  10   39   88
 96 255.000 240.000  90  20  476  545
 97 141.000 100.000  90  10    0 1356
 98 220.000  66.000  90  20  363  401
 99 285.000 225.000  90  30  154  220
100 147.000  67.000   0  30    0 1323
101  70.000  57.000  90  20  837  902
102 159.000 177.000   0  30  736  803
103 136.000 233.000  90  10  148  203
104 257.000 137.000  90  20  356  405
105 134.000 146.000  90  10  454  508
106  53.000 237.000  90  20  825  901
107  55.000  62.000  90  20    0 1277
108 248.000 245.000  90  10  136  193
109 154.000 266.000  90  40  172  247
110 113.000  50.000  90  20  452  501
111  25.000  50.000  90  10  496  551
112  60.000  15.000  90  10    0 1244
113  86.000  31.000  90  20  200  253
114 262.000 241.000  90  20    0 1262
115 257.000  58.000  90  10    0 1265
116  18.000 206.000  90  10  210  267
117 140.000 140.000  90  30    0 1392
118 204.000 129.000  90  20  580  647
119 128.000 172.000  90  20    0 1375
120 174.000  74.000  90  30  609  649
121 164.000 103.000  90  10    0 1357
122  65.000  56.000  90  10  184  253
123 161.000  94.000  90  20   57  119
124 176.000  71.000  90  20  513  557
125  64.000  55.000  90  20  282  338
126 142.000  57.000  90  10  338  410
127 280.000 175.000  90  30  483  534
128 136.000 144.000  90  10  358  418
129 230.000 248.000  90  20  189  248
130 201.000 121.000  90  10  207  278
131 257.000  59.000  90  20  484  535
132  65.000   4.000  90  30    0 1238
133 165.000 204.000  90  20  209  272
134 218.000  20.000   0  20  405  452
135  63.000  59.000  90  20  839  897
136 272.000  41.000  90  20  230  297
137  70.000 225.000  90  30  254  329
138 111.000  52.000  90  20  174  229
139 249.000 133.000  90  10  166  218
140 156.000  26.000  90  10    0 1282
141  65.000   5.000  90  20    0 1238
142 176.000  14.000  90  10  138  174
143  59.000 223.000   0  20  914  977
144 261.000 212.000  90  30  754  796
145 149.000 186.000  90  20  279  342
146 236.000  66.000  90  30  637  705
147  60.000 156.000  90  20  342  397
148  28.000 103.000  90  10  130  206
149  27.000 100.000  90  10  190  258
150 150.000  56.000  90  20  156  212
151 254.000 240.000  90  20  383  457
152 106.000  77.000  90  10  707  772
153 278.000  43.000  90  20  166  221
154  60.000 160.000  90  20    0 1316
155 223.000  74.000  90  10  734  794
156 235.000 241.000  90  30  748  804
157  11.000 265.000  90  10  243  299
158 222.000  83.000  90  20   98  158
159 261.000 215.000  90  10    0 1278
160 264.000  61.000  90  20  837  920
161 150.000 272.000  90  10  261  352
162 125.000 228.000  90  30  803  851
163 109.000  42.000   0  10  723  792
164 162.000 203.000  90  30    0 1352
165 105.000  55.000  90  20  105  177
166   8.000 263.000  90  30    0 1225
167 259.000  58.000  90  30  663  721
168 108.000 109.000  90  20    0 1348
169 110.000  76.000  90  30  611  679
170 144.000 173.000   0  20    0 1383
171  64.000  59.000  90  30  125  197
172 131.000 228.000  90  20  425  487
173 143.000 101.000  90  10  208  254
174   4.000 149.000  90  20  660  729
175 165.000 228.000  90  20  145  194
176  57.000 155.000  90  20  246  307
177 231.000  70.000  90  10  439  519
178 229.000 217.000  90  10  159  228
179 184.000  97.000  90  10  402  451
180  10.000 150.000  90  10  296  346
181 149.000 282.000  90  10  132  191
182 282.000 137.000  90  10  132  203
183 130.000  96.000  90  20  495  557
184  53.000 232.000  90  20  276  339
185 170.000 174.000  90  20  180  244
186 127.000 101.000  90  20  119  174
187 289.000 225.000  90  10    0 1249
188 179.000   9.000  90  30  661  720
189 177.000 225.000   0  10    0 1327
190 277.000 172.000  90  10  667  722
191 151.000  30.000   0  20  185  240
192 284.000 176.000  90  30  288  353
193 252.000 128.000  90  10  742  781
194  83.000 236.000  90  10    0 1297
195 164.000  95.000  90  20  129  172
196 275.000  32.000  90  20  429  477
197  35.000  56.000  90  10  206  273
198 104.000 235.000  90  10  429  497
199  30.000 279.000  90  20  328  387
200  31.000 275.000  90  20  172  225
201  64.000  53.000  90  30  465  525
202 148.000  62.000  90  20  994 1044
203 105.000  81.000  90  20   82  154
204 184.000  98.000  90  10  575  642
205 140.000 100.000  90  20    0 1356
206  13.000 202.000  90  20  484  547
207 247.000 132.000   0  10    0 1308
208 227.000 218.000  90  20 1180 1245
209 129.000 177.000  90  20  190  244
210  14.000 149.000  90  10  193  260
211 287.000 226.000  90  10  391  472
212  55.000 285.000  90  30  793  847
213 255.000  57.000  90  10    0 1266
214 225.000  22.000  90  40  217  263
215  85.000 228.000  90  10    0 1305
216 272.000  97.000   0  40    0 1273
217 122.000 259.000  90  20    0 1294
218 154.000  31.000  90  20  119  182
219  69.000 109.000  90  20  611  675
220 139.000  58.000  90  20  434  500
221 211.000 159.000   0  10  307  361
222 115.000  42.000  90  30  822  884
223 162.000 107.000  90  10    0 1362
224  17.000 209.000  90  10    0 1261
225  50.000 285.000  90  10    0 1238
226  19.000 102.000   0  30  756  816
227 174.000  13.000   0  20    0 1267
228 217.000  69.000  90  10    0 1301
229  58.000 235.000  90  10  932  985
230 250.000 134.000  90  30  250  317
231  66.000 157.000  90  10  706  769
232  12.000 270.000  90  20  624  692
233 121.000 255.000   0  30  169  231
234 233.000 245.000  90  10    0 1280
235 215.000 160.000  90  10  488  548
236 280.000 180.000   0  20    0 1273
237 116.000 265.000  90  20  549  598
238 287.000 128.000  90  30    0 1268
239 228.000 223.000  90  10  819  871
240 138.000 101.000  90  20  659  720
241   3.000 205.000  90  10  680  738
242 280.000 225.000   0  20 1050 1105
243 169.000 235.000  90  10  333  384
244  37.000  62.000  90  10    0 1263
245  29.000  57.000  90  30    0 1254
246 227.000 214.000  90  20  100  144
247  74.000 106.000  90  20  323  395
248  58.000 231.000  90  10  122  197
249 282.000 134.000  90  30  192  259
250  52.000  63.000  90  10  473  513
251 204.000 131.000  90  20  959 1014
252  52.000 288.000   0  20  433  475
253 149.000 294.000  90  10  481  532
254 241.000  71.000  90  20  359  427
255 154.000  26.000  90  20  452  527
256 255.000 220.000  90  20  126  171
257  53.000 285.000  90  10  604  673
258  22.000  97.000  90  20  649  731
259  88.000  31.000  90  10  134  202
260  26.000  99.000  90  10  293  338
261 123.000  92.000  90  20  219  272
262 227.000  26.000  90  20  145  205
263 166.000  94.000  90  30  211  274
264 211.000 157.000  90  20  201  282
265 177.000   4.000  90  10    0 1258
266 269.000  35.000  90  20    0 1241
267 101.000 110.000  90  10  674  731
268 112.000 199.000  90  20  218  267
269 218.000   3.000  90  30    0 1245
270 281.000 130.000  90  30    0 1274
271 271.000 101.000  90  10  750  812
272 204.000 127.000  90  10  676  735
273 131.000  95.000   0  20    0 1348
274 171.000  79.000  90  20   74  141
275  67.000  10.000   0  30 1061 1122
276  29.000 152.000  90  30  121  200
277 240.000  73.000  90  20  178  240
278  88.000 225.000  90  20   97  146
279  84.000 236.000  90  10  258  321
280 236.000 218.000  90  10  542  587
281 275.000 182.000  90  10  129  188
282 102.000 235.000  90  30  340  403
283  59.000  67.000  90  10  184  243
284 140.000 228.000  90  20   78  148
285 216.000  23.000  90  10  575  649
286 112.000  51.000  90  10  264  322
287 278.000 177.000  90  20  854  904
288  52.000 231.000  90  10  372  427
289 224.000  77.000  90  20    0 1303
290 288.000 228.000  90  10  577  651
291 173.000  11.000  90  20  385  442
292 114.000 198.000  90  20  127  173
293 213.000  61.000  90  20  538  604
294 179.000  98.000  90  20    0 1347
295 261.000 217.000  90  10  189  257
296 231.000 243.000  90  10    0 1283
297 212.000 159.000  90  20  397  453
298 103.000  78.000  90  10  149  202
299  82.000  31.000  90  10  662  722
300 144.000  59.000  90  10  255  306
301 166.000 226.000  90  30   77  123
302 258.000 244.000   0  10  749  827
303 163.000 202.000  90  20  601  632
304  75.000 110.000   0  10  150  201
305 175.000 227.000  90  30  815  864
306 215.000  68.000  90  10    0 1302
307 119.000 253.000  90  20  107  169
308  16.000 151.000  90  20  134  192
309  30.000 148.000  90  20  181  250
310 106.000  71.000  90  20  335  402
311 111.000 110.000  90  10  298  366
312 150.000  64.000  90  10   86  143
313  55.000  68.000  90  30  361  435
314 168.000 204.000  90  20   56  115
315 211.000 150.000  90 -20    0 1345
316 136.000 220.000  90 -10 1079 1142
317  29.000 285.000  90 -10  601  674
318  43.000 286.000  90 -20  231  296
319 106.000 233.000  90 -10  159  211
320 168.000  97.000  90 -30  393  459
321  64.000 226.000  90 -20    0 1292
322 144.000 100.000  90 -20  296  348
323 155.000 180.000  90 -30    0 1376
324  85.000  24.000  90 -20  470  537
325 275.000  97.000  90 -10  470  539
326 134.000 147.000  90 -30  631  699
327  57.000  68.000  90 -30  267  344
328  31.000 284.000  90 -20  700  759
329 210.000 156.000  90 -20  125  176
330 251.000 237.000  90 -10  301  350
331 106.000 108.000  90 -20  586  630
332  23.000 107.000  90 -10 1044 1086
333  28.000 144.000  90 -20  563  616
334 174.000 228.000  90 -20  722  775
335 131.000 226.000  90 -10  886  960
336 258.000 232.000  90 -10 1148 1191
337 153.000 254.000  90 -20    0 1302
338  63.000 229.000  90 -20  724  789
339  70.000 109.000  90 -40  521  583
340 201.000 127.000  90 -10  394  466
341   9.000 144.000  90 -20  569  626
342 274.000  97.000  90 -20  568  622
343  52.000 233.000  90 -10  460  523
344 119.000 267.000  90 -20  635  698
345 220.000  74.000  90 -20  835  878
346 121.000 170.000  90 -30  569  624
347 147.000 178.000  90 -30  836  890
348 206.000 129.000  90 -30    0 1347
349 114.000 158.000  90 -20    0 1370
350  93.000 235.000  90 -20  819  869
351  78.000  33.000  90 -20  944  992
352 111.000 153.000  90 -20    0 1367
353 250.000 130.000  90 -10  917  979
354 107.000 103.000  90 -10    0 1343
355  78.000 236.000  90 -20    0 1294
356 116.000 159.000  90 -10    0 1371
357 160.000  27.000  90 -10    0 1283
358 140.000 290.000  90 -20    0 1266
359 119.000 157.000  90 -20  762  810
360 157.000  31.000  90 -10 1200 1260
361  66.000   7.000  90 -20  786  849
362  12.000 198.000  90 -10    0 1260
363 111.000 112.000  90 -20  118  170
364 158.000  27.000  90 -10    0 1283
365  71.000 154.000  90 -10    0 1327
366 133.000  99.000  90 -20    0 1353
367 127.000 232.000  90 -20  612  672
368 174.000  79.000  90 -10    0 1332
369 228.000 220.000  90 -10 1088 1152
370 174.000  71.000  90 -20  420  466
371 217.000  11.000  90 -20    0 1252
372 113.000 202.000  90 -10  395  457
373 227.000 222.000  90 -20  903  971
374 212.000   9.000  90 -20    0 1252
375 253.000  57.000  90 -10  138  186
376 282.000 227.000  90 -20    0 1254
377 169.000 173.000  90 -30    0 1377
378 145.000 182.000  90 -10  726  812
379 128.000 176.000  90 -20    0 1372
380 109.000 157.000  90 -30  387  436
381 167.000 105.000  90 -20  643  724
382  66.000   8.000  90 -10  872  945
383 262.000 211.000  90 -30    0 1279
384 140.000 292.000  90 -30  760  823
385 161.000 210.000  90 -20    0 1345
386 181.000  11.000  90 -10    0 1264
387 280.000 130.000  90 -30  568  633
388  85.000 224.000  90 -10    0 1308
389 141.000 286.000  90 -30    0 1270
390 242.000  73.000  90 -20  273  330
391  99.000 242.000  90 -20  628  681
392 275.000 100.000  90 -20  375  447
393 147.000 285.000  90 -20 1046 1102
394 223.000  11.000  90 -40  587  660
395 168.000 176.000  90 -30    0 1375
396  70.000 102.000  90 -20  422  488
397 185.000  98.000  90 -20    0 1344
398   8.000 265.000  90 -20    0 1224
399 150.000 184.000  90 -10  194  243
400  37.000  53.000  90 -30  956 1023
401  35.000 282.000  90 -10  981 1031
402 163.000 180.000  90 -10  646  703
403 232.000 240.000  90 -10  922  999
404  31.000 145.000  90 -30  646  719
405 160.000 108.000  90 -20  294  336
406  83.000  30.000  90 -20    0 1269
407 202.000 133.000  90 -10 1144 1197
408 179.000  97.000  90 -30    0 1346
409 168.000 108.000  90 -10  744  809
410 259.000 240.000  90 -20 1038 1104
411 136.000 104.000  90 -10  759  808
412 216.000  62.000  90 -20    0 1296
413 287.000 224.000  90 -30    0 1251
414 147.000  67.000  90 -30    0 1323
415 119.000 104.000  90 -20 1059 1115
416 159.000 177.000  90 -30  736  803
417 135.000 227.000  90 -10  327  396
418 259.000 126.000  90 -20  633  695
419 137.000 150.000  90 -10    0 1393
420  70.000 227.000  90 -20    0 1295
421  65.000  69.000  90 -20    0 1289
422 258.000 247.000  90 -10    0 1261
423 151.000 269.000  90 -40  374  426
424 114.000  50.000  90 -20  535  600
425  34.000  54.000  90 -10  781  830
426  63.000   7.000  90 -10  231  290
427  78.000  31.000  90 -20  849  904
428 233.000 216.000  90 -20    0 1300
429 259.000  59.000  90 -10  563  639
430  17.000 205.000  90 -10  306  355
431 136.000 140.000  90 -30  261  327
432 202.000 131.000  90 -20 1045 1113
433  67.000 230.000  90 -20  536  600
434 168.000  96.000  90 -30    0 1350
435 166.000 105.000  90 -10  551  633
436  66.000  56.000  90 -10  746  806
437 183.000  97.000  90 -20  312  359
438 177.000  82.000  90 -20    0 1333
439  65.000  49.000  90 -20  559  619
440 148.000  61.000  90 -10  900  957
441 280.000 172.000  90 -30  563  639
442 134.000 148.000  90 -10  731  781
443 170.000 237.000  90 -20    0 1317
444 203.000 128.000  90 -10  498  546
445 260.000  58.000  90 -20  743  823
446  63.000   3.000  90 -30  508  566
447 162.000 206.000  90 -20  403  461
448 218.000  20.000  90 -20  405  452
449  65.000  68.000  90 -20 1030 1087
450 272.000  38.000  90 -20  330  383
451  68.000 229.000  90 -30    0 1293
452 116.000  49.000  90 -20 1003 1078
453 257.000 133.000  90 -10  448  501
454 160.000  24.000  90 -10  735  797
455  66.000  10.000  90 -20  977 1024
456 178.000  10.000  90 -10  563  636
457  59.000 223.000  90 -20  914  977
458 257.000 210.000  90 -30  925  997
459 145.000 183.000  90 -20  558  615
460 236.000  72.000  90 -30  735  799
461  61.000 157.000  90 -20  428  494
462  25.000  99.000  90 -10  379  434
463  26.000  97.000  90 -10  471  527
464 143.000  61.000  90 -20  531  593
465 256.000 239.000  90 -20  575  629
466 110.000  79.000  90 -10  898  953
467 269.000  29.000  90 -20  520  579
468  65.000 156.000  90 -20  611  682
469 217.000  73.000  90 -10    0 1304
470 233.000 242.000  90 -30  841  896
471   1.000 272.000  90 -10  523  589
472 224.000  79.000  90 -20  248  326
473 258.000 212.000  90 -10  843  894
474 227.000  80.000  90 -20    0 1302
475 153.000 265.000  90 -10  464  525
476 145.000 184.000  90 -30    0 1372
477 109.000  42.000  90 -10  723  792
478 164.000 202.000  90 -30  677  737
479 114.000  49.000  90 -20    0 1299
480  51.000 238.000  90 -30  741  802
481 262.000  62.000  90 -30  937 1003
482 109.000 105.000  90 -20  862  927
483 108.000  80.000  90 -30  803  863
484 144.000 173.000  90 -20    0 1383
485  62.000  53.000  90 -30  368  437
486 133.000 225.000  90 -20  983 1048
487 138.000 100.000  90 -10  565  631
488   8.000 155.000  90 -20  858  919
489 121.000 181.000  90 -20  280  350
490  63.000 155.000  90 -20  518  591
491 222.000  73.000  90 -10  642  703
492 229.000 219.000  90 -10  253  319
493 165.000 113.000  90 -10  941  985
494   0.000 153.000  90 -10  756  823
495 149.000 285.000  90 -10  201  249
496 278.000 128.000  90 -10  852  908
497 129.000  98.000  90 -20  582  655
498  53.000 234.000  90 -20  555  611
499 167.000 179.000  90 -20  461  517
500 128.000  94.000  90 -20  314  369
501 288.000 231.000  90 -10  679  734
502 181.000   8.000  90 -30  852  911
503 177.000 225.000  90 -10    0 1327
504 278.000 176.000  90 -10  767  810
505 151.000  30.000  90 -20  185  240
506 277.000 177.000  90 -30  946  994
507 246.000 133.000  90 -10 1105 1162
508  81.000 223.000  90 -10 1009 1065
509 183.000  99.000  90 -20  671  728
510 270.000  37.000  90 -20  705  771
511  29.000  55.000  90 -10    0 1253
512  96.000 237.000  90 -10  725  777
513  37.000 280.000  90 -20 1064 1133
514  26.000 282.000  90 -20  507  580
515  66.000  54.000  90 -30  658  710
516 141.000 102.000  90 -20    0 1358
517 110.000  74.000  90 -20  528  578
518 181.000 102.000  90 -10  773  814
519 140.000 108.000  90 -20  937 1002
520  16.000 196.000  90 -20  960 1031
521 247.000 132.000  90 -10    0 1308
522 227.000 217.000  90 -20 1231 1304
523 118.000 156.000  90 -20  668  721
524   9.000 145.000  90 -10    0 1265
525 288.000 227.000  90 -10  486  560
526  59.000 280.000  90 -30  882  951
527 256.000  54.000  90 -10  292  355
528 216.000  25.000  90 -40  689  720
529 114.000 204.000  90 -10    0 1342
530 272.000  97.000  90 -40    0 1273
531 126.000 256.000  90 -20  921  983
532 157.000  25.000  90 -20  640  705
533  68.000 113.000  90 -20  698  776
534 146.000  61.000  90 -20  623  687
535 211.000 159.000  90 -10  307  361
536 115.000  48.000  90 -30  910  989
537 160.000 107.000  90 -10    0 1362
538  11.000 207.000  90 -10  579  642
539  53.000 288.000  90 -10  512  579
540  19.000 102.000  90 -30  756  816
541 174.000  13.000  90 -20    0 1267
542 211.000  61.000  90 -10  629  697
543  73.000 225.000  90 -10    0 1299
544 250.000 126.000  90 -30  827  882
545 132.000 146.000  90 -10    0 1388
546  67.000 216.000  90 -20 1011 1082
547 121.000 255.000  90 -30  169  231
548 236.000 248.000  90 -10  290  338
549 218.000 153.000  90 -10  862  915
550 280.000 180.000  90 -20    0 1273
551 124.000 264.000  90 -20  731  794
552 246.000 137.000  90 -30    0 1310
553 226.000 221.000  90 -10    0 1302
554 137.000 104.000  90 -20  840  909
555  10.000 198.000  90 -10  784  834
556 280.000 225.000  90 -20 1050 1105
557 182.000 238.000  90 -10  526  580
558  28.000  56.000  90 -10    0 1252
559  31.000  55.000  90 -30    0 1254
560 230.000 223.000  90 -20  722  784
561  74.000 113.000  90 -20  806  860
562  49.000 234.000  90 -10  640  713
563 281.000 129.000  90 -30    0 1274
564  60.000  64.000  90 -10  746  797
565 199.000 130.000  90 -20    0 1354
566  52.000 288.000  90 -20  433  475
567 147.000 281.000  90 -10 1146 1190
568 238.000  69.000  90 -20  549  605
569 161.000  22.000  90 -20  831  886
570 263.000 215.000  90 -20    0 1276
571  54.000 285.000  90 -10  706  752
572  23.000 103.000  90 -20  930 1011
573  79.000  30.000  90 -10  756  813
574  29.000  94.000  90 -10  561  624
575 130.000 102.000  90 -20  764  848
576 223.000  23.000  90 -20  297  368
577 166.000 113.000  90 -30  846  898
578 216.000 148.000  90 -20  951 1018
579 184.000  12.000  90 -10 1042 1094
580 268.000  38.000  90 -20  803  858
581 110.000 107.000  90 -10  957 1017
582 115.000 197.000  90 -20  590  640
583 221.000   8.000  90 -30    0 1248
584 280.000 125.000  90 -30    0 1274
585 269.000 103.000  90 -10  846  902
586 209.000 127.000  90 -10  771  829
587 131.000  95.000  90 -20    0 1348
588 172.000  78.000  90 -20  131  200
589  67.000  10.000  90 -30 1061 1122
590  29.000 148.000  90 -30  277  336
591 240.000  71.000  90 -20  458  510
592  78.000 232.000  90 -20  719  784
593  77.000 233.000  90 -10    0 1296
594 230.000 221.000  90 -10  631  692
595 286.000 175.000  90 -10    0 1268
596 100.000 231.000  90 -30    0 1311
597  59.000  64.000  90 -10  658  703
598 137.000 229.000  90 -20  227  311
599 212.000  26.000  90 -10  766  830
600 113.000  52.000  90 -10  364  405
601 216.000 157.000  90 -20    0 1340
602  59.000 236.000  90 -10 1026 1075
603 221.000  70.000  90 -20    0 1300
604 285.000 230.000  90 -10  763  837
605 175.000  12.000  90 -20    0 1266
606 112.000 201.000  90 -20  306  363
607 211.000  66.000  90 -20    0 1303
608 213.000  68.000  90 -20    0 1303
609 263.000 212.000  90 -10  559  626
610 235.000 243.000  90 -10  477  526
611 214.000 157.000  90 -20    0 1342
612 100.000  73.000  90 -10    0 1315
613  82.000  34.000  90 -10 1030 1094
614 147.000  60.000  90 -10    0 1316
615 122.000 172.000  90 -30  468  542
616 258.000 244.000  90 -10  749  827
617 163.000 200.000  90 -20  772  827
618  75.000 110.000  90 -10  150  201
619 173.000 224.000  90 -30    0 1329
620 212.000  62.000  90 -10    0 1299
621 123.000 260.000  90 -20  826  888
622  33.000 142.000  90 -20    0 1289
623  25.000 145.000  90 -20  374  429
624 107.000  71.000  90 -20  427  492
625 140.000 143.000  90 -10    0 1394
626 148.000  60.000  90 -10    0 1316
627  62.000  65.000  90 -30  939  988
628 166.000 203.000  90 -20  130  168
629 150.000 150.000   0   0    0 1496
