306 306 1000 700 1000
  0 150.000 150.000   0   0    0 3815
  1 248.000  45.000  90  20 1835 2475
  2 227.000 221.000  90  10 1731 2371
  3  58.000 230.000  90  10 1526 2166
  4 243.000  35.000  90  10 2218 2858
  5  30.000  28.000  90  30 1086 1726
  6 108.000  27.000  90  30  935 1575
  7 279.000  44.000  90  10  398 1038
  8  97.000  40.000  90  20  274  914
  9  18.000  52.000  90  20 1409 2049
 10 272.000  21.000  90  20 1604 2244
 11  64.000  30.000  90  20  389 1029
 12 141.000 231.000  90  20   81  721
 13  50.000 104.000  90  20  623 1263
 14  83.000 219.000  90  20   96  736
 15 141.000 210.000  90  20   60  700
 16 117.000 262.000  90  20 2049 2689
 17  91.000  49.000  90  20 1238 1878
 18  41.000  46.000  90  10 2104 2744
 19 182.000 233.000  90  20 2197 2837
 20 239.000 181.000  90  20   94  734
 21 140.000 231.000  90  20   81  721
 22 142.000  82.000  90  20  901 1541
 23 102.000  51.000  90  30  110  750
 24   6.000 146.000  90  20 1634 2274
 25 244.000 235.000   0  10 2239 2879
 26 125.000  23.000  90  10 2056 2696
 27  92.000  52.000  90  20  113  753
 28  75.000  28.000  90  30 1133 1773
 29 224.000 155.000  90  20  712 1352
 30 170.000 116.000  90  20  203  843
 31  83.000 105.000  90  20  225  865
 32  28.000 122.000  90  30  125  765
 33  25.000 150.000  90  20 1251 1891
 34  34.000  50.000  90  20 2006 2646
 35 186.000 196.000  90  10   58  698
 36 252.000  60.000  90  20  380 1020
 37  97.000  10.000  90  20 1726 2366
 38 239.000 262.000  90  20 2570 3210
 39 101.000  29.000  90  30 2137 2777
 40 139.000 244.000  90  20  629 1269
 41 231.000 170.000  90  10 1800 2440
 42  84.000 114.000  90  10 2510 3150
 43  74.000 109.000  90  40 1896 2536
 44 222.000 160.000  90  20  616 1256
 45  38.000 163.000  90  30 2802 3442
 46 203.000 200.000  90  10  303  943
 47  19.000 137.000  90  10  195  835
 48 263.000 248.000  90  10  701 1341
 49  29.000 137.000  90  20 1057 1697
 50 125.000  39.000  90  10  113  753
 51 252.000  37.000  90  20 2931 3571
 52 192.000 251.000  90  40  761 1401
 53 143.000   6.000   0  20 2820 3460
 54 151.000 228.000  90  10   78  718
 55 214.000 210.000   0  10 2808 3448
 56 276.000  38.000  90  10  211  851
 57 281.000 187.000  90  40 1452 2092
 58 264.000 250.000  90  20  884 1524
 59 160.000 111.000   0  20 3045 3685
 60 108.000 103.000  90  10   63  703
 61  78.000 128.000  90  30   75  715
 62 263.000 195.000  90  30 1154 1794
 63 233.000 160.000  90  10  812 1452
 64  52.000  59.000  90  20 2952 3592
 65 134.000 279.000   0  30 1745 2385
 66 207.000 183.000  90  30   65  705
 67 264.000  64.000  90  20  853 1493
 68 270.000 178.000  90  20 2140 2780
 69  39.000 129.000  90  10 1388 2028
 70 116.000  21.000  90  10  556 1196
 71 152.000 245.000  90  10   95  735
 72  91.000 104.000  90  10   74  714
 73 168.000 287.000  90  10 1335 1975
 74  71.000 222.000  90  20 2381 3021
 75  87.000 237.000  90  20  245  885
 76   9.000 136.000  90  10  573 1213
 77 233.000 228.000  90  20 2624 3264
 78 264.000 181.000  90  10  959 1599
 79  23.000 144.000  90  10  867 1507
 80 275.000  31.000  90  10  800 1440
 81 206.000 171.000  90  30   59  699
 82  56.000 117.000  90  30 1095 1735
 83  15.000 138.000  90  20  383 1023
 84  56.000  43.000  90  20  686 1326
 85 203.000 217.000  90  10   85  725
 86 201.000 154.000  90  40  899 1539
 87 183.000 140.000  90  10 1596 2236
 88  74.000 248.000  90  20  550 1190
 89  32.000 128.000  90  20  120  760
 90 255.000  64.000  90  30  656 1296
 91  99.000  32.000  90  20  554 1194
 92 176.000 136.000  90  10 1694 2334
 93 256.000  15.000  90  20 1407 2047
 94  87.000 234.000  90  30  152  792
 95 255.000 187.000  90  30  767 1407
 96 207.000 203.000  90  20   77  717
 97  81.000 223.000  90  10 2100 2740
 98 221.000 203.000  90  10 2708 3348
 99 100.000  34.000  90  20  371 1011
100 130.000  38.000  90  40  113  753
101  62.000 122.000  90  20  907 1547
102 180.000 183.000  90  10   44  684
103 212.000 190.000  90  10  220  860
104  61.000 232.000  90  20 1620 2260
105  64.000 234.000  90  10 1714 2354
106 171.000 143.000  90  20   22  662
107  49.000  46.000  90  10  784 1424
108  64.000 134.000  90  10  434 1074
109 153.000  88.000  90  20   62  702
110 199.000 214.000  90  10   80  720
111 204.000 189.000  90  20   66  706
112 160.000  84.000  90  40   66  706
113  87.000 105.000  90  30  131  771
114 236.000 213.000  90  10 1448 2088
115 239.000 201.000  90  30 2236 2876
116 274.000 195.000  90  30 1255 1895
117 230.000 182.000  90  10 2244 2884
118  63.000  89.000  90  20  733 1373
119  57.000  40.000  90  10  593 1233
120  70.000  66.000  90  10  116  756
121 196.000 191.000  90  30   61  701
122 182.000 144.000  90  20 1502 2142
123 223.000 213.000  90  30  342  982
124  59.000 110.000  90  30  522 1162
125 193.000 175.000  90  20  970 1610
126 161.000  62.000  90  20 1512 2152
127 167.000 256.000  90  20  258  898
128 177.000 132.000  90  20 1788 2428
129  78.000 223.000  90  30 2193 2833
130 236.000  65.000  90  40  273  913
131  42.000 240.000  90  30 1133 1773
132 115.000  25.000  90  10  746 1386
133  62.000  44.000  90  20  285  925
134 143.000 236.000  90  10   86  726
135 197.000 178.000  90  20  693 1333
136  56.000 132.000  90  30  623 1263
137  37.000 149.000  90  10 1789 2429
138 196.000 129.000  90  20  784 1424
139  26.000 161.000  90  20 2413 3053
140 268.000  43.000  90  10 1059 1699
141 153.000  64.000  90  10 1791 2431
142  96.000  17.000  90  10 1629 2269
143 169.000 134.000  90  20   95  735
144 242.000 205.000  90  30  107  747
145 160.000 244.000  90  30   94  734
146 221.000 213.000  90  20  250  890
147  34.000  55.000  90  20 1721 2361
148 173.000  73.000  90  10  504 1144
149 139.000 262.000  90  10  921 1561
150 196.000 158.000  90  30 1560 2200
151  97.000  28.000   0  40  649 1289
152 171.000 253.000  90  10 1519 2159
153 157.000  88.000  90  10   62  702
154 268.000  49.000  90  20  155  795
155 229.000 217.000  90  20 1637 2277
156 239.000 177.000  90  20 1608 2248
157 141.000 266.000  90  20 1015 1655
158 225.000  70.000  90  10  109  749
159 249.000  44.000  90  10 1926 2566
160 155.000  60.000  90  10 1885 2525
161 228.000  62.000  90  20  117  757
162  73.000 104.000  90  20  325  965
163 284.000 184.000  90  20 1546 2186
164 196.000 178.000  90  10  784 1424
165 265.000 211.000  90  10  371 1011
166 214.000  51.000   0  10 2814 3454
167  85.000 222.000  90  30   97  737
168 233.000 189.000  90  10 1411 2051
169 116.000 272.000  90  20 1949 2589
170 143.000 108.000  90  10   42  682
171  57.000 126.000  90  20  811 1451
172 267.000 255.000  90  20 1409 2049
173 230.000  59.000  90  10  121  761
174 133.000   1.000  90  20 2628 3268
175 197.000 174.000  90  10 1064 1704
176 247.000 243.000  90  30 2141 2781
177 220.000 171.000  90  10  515 1155
178  96.000 110.000  90  10   67  707
179 116.000  18.000  90  20 1956 2596
180  47.000 118.000  90  20 1195 1835
181 209.000 184.000  90  20   68  708
182 278.000 179.000  90  10 1854 2494
183 166.000 261.000  90  10  353  993
184  67.000 142.000  90  20  155  795
185 283.000 195.000  90  30 1354 1994
186 242.000 263.000  90  10 2477 3117
187 222.000 196.000  90  10 1216 1856
188  13.000  66.000  90  10 1514 2154
189 193.000 224.000  90  40 2396 3036
190 122.000  24.000  90  20  460 1100
191 261.000  49.000  90  40  150  790
192 153.000 241.000  90  10   91  731
193 208.000 191.000  90  10  403 1043
194 252.000  50.000  90  30 1557 2197
195 268.000  19.000  90  20 1510 2150
196 228.000 200.000  90  10 2519 3159
197 270.000  25.000  90  10 1789 2429
198 175.000  84.000  90  10  312  952
199 178.000 127.000  90  10  585 1225
200 245.000  42.000  90  30 2120 2760
201 259.000 212.000  90  10  274  914
202  18.000 151.000  90  30 1348 1988
203 284.000  30.000  90  20  701 1341
204 179.000  59.000  90  10 2280 2920
205 217.000 219.000  90  10  152  792
206 246.000 187.000  90  10  102  742
207 149.000  82.000  90  20  804 1444
208 207.000 209.000  90  10   82  722
209  79.000 238.000  90  20  343  983
210 266.000  33.000  90  20 1984 2624
211  12.000 133.000  90  20  479 1119
212 180.000 227.000  90  30 2010 2650
213 261.000  45.000  90  40  962 1602
214 256.000 197.000  90  20  477 1117
215  22.000 126.000  90  20  130  770
216  74.000  62.000  90  10  116  756
217 236.000  53.000  90  10  129  769
218 116.000  35.000  90  10  174  814
219  28.000 147.000  90  20 1157 1797
220 143.000 250.000  90  20  818 1458
221 157.000  62.000  90  30 1606 2246
222  89.000  57.000  90  20  111  751
223 231.000 236.000  90  10 2812 3452
224 114.000  27.000  90  20  839 1479
225 178.000 118.000  90  30  486 1126
226  31.000  48.000  90  10 1912 2552
227 245.000 240.000  90  20  130  770
228 252.000  62.000  90  10  472 1112
229 227.000 187.000  90  20 1021 1661
230  89.000 102.000  90  30 1699 2339
231 216.000 192.000  90  40  822 1462
232  58.000 161.000   0  30 2188 2828
233 165.000  69.000  90  20  603 1243
234   3.000 149.000  90  20 1729 2369
235  99.000  53.000  90  20  109  749
236 276.000  22.000  90  20  899 1539
237  83.000 218.000  90  30   95  735
238 132.000 253.000  90  10 2720 3360
239 243.000 252.000  90  20 1889 2529
240 258.000 213.000  90  20  486 1126
241 149.000 130.000  90  10   20  660
242 149.000 244.000  90  20  343  983
243 129.000  41.000  90  10  111  751
244 295.000 254.000  90  40 1098 1738
245  95.000 104.000  90  20   71  711
246 168.000 237.000  90  30 1814 2454
247  53.000 243.000  90  20 1031 1671
248 172.000 249.000  90  30 1613 2253
249 239.000 174.000  90  20 1701 2341
250 182.000 130.000  90  10  680 1320
251 259.000 235.000  90  10  189  829
252 196.000 194.000  90  20  203  843
253  98.000  33.000  90  10  463 1103
254 131.000 254.000  90  10 2629 3269
255 232.000 220.000  90  10  107  747
256 215.000 168.000   0  30 2134 2774
257 262.000 237.000  90  20  600 1240
258 250.000 234.000  90  10  130  770
259  75.000  85.000  90  20  929 1569
260 178.000 247.000  90  30 1325 1965
261  89.000  24.000  90  20 1438 2078
262 238.000 231.000   0  10  119  759
263 226.000 164.000  90  10  910 1550
264  66.000 139.000  90  20  248  888
265 176.000 232.000  90  10 1914 2554
266 198.000 182.000  90  20 2571 3211
267  70.000 131.000  90  30   82  722
268 165.000 269.000  90  20  451 1091
269 222.000 197.000  90  20  920 1560
270 220.000 187.000  90  30  319  959
271 251.000 222.000  90  20  294  934
272 108.000 131.000   0  10 2997 3637
273   3.000  34.000  90  20 1204 1844
274 273.000  18.000  90  20 1208 1848
275  87.000 114.000  90  10 2417 3057
276  87.000  10.000  90  30 1464 2104
277 122.000  32.000  90  20  362 1002
278 150.000 240.000  90  30  438 1078
279 259.000  71.000  90  20  754 1394
280 264.000 249.000  90  20  793 1433
281 196.000 192.000  90  20  111  751
282 191.000 215.000  90  10 3009 3649
283 262.000  50.000  90  30  150  790
284  59.000 243.000   0  30  935 1575
285  78.000 114.000  90  10   80  720
286  76.000  59.000  90  20  117  757
287 154.000  78.000  90  10  707 1347
288  63.000 135.000  90  30  343  983
289 158.000 136.000  90  10   16  656
290 176.000 117.000  90  40  393 1033
291  73.000  49.000  90  10  183  823
292  93.000  77.000  90  30 1219 1859
293  70.000 133.000  90  20   81  721
294 170.000 255.000  90  10 1427 2067
295  77.000  11.000  90  30 1331 1971
296 270.000  23.000  90  30 1697 2337
297  14.000 160.000  90  30 2217 2857
298 204.000 171.000  90  10 1850 2490
299 195.000 253.000  90  10  668 1308
300 145.000  63.000  90  20 1304 1944
301 241.000 209.000  90  10  166  806
302 123.000  44.000  90  20  109  749
303  86.000 232.000  90  10  104  744
304 177.000 160.000  90  10 1360 2000
305 253.000  64.000  90  20  564 1204
306 117.000  14.000  90  10 1862 2502
307 227.000  32.000  90 -20 2507 3147
308 236.000 224.000  90 -10 2343 2983
309  68.000 211.000  90 -10 2763 3403
310 226.000  56.000  90 -10 2711 3351
311  28.000  52.000  90 -30 1817 2457
312  92.000  23.000  90 -30 1531 2171
313 290.000  49.000  90 -10  500 1140
314  77.000  25.000  90 -20 1227 1867
315  39.000  57.000  90 -20 2298 2938
316 261.000  39.000  90 -20 2740 3380
317  53.000  28.000  90 -20  490 1130
318 144.000 250.000  90 -20  727 1367
319  92.000  90.000  90 -20 1413 2053
320  61.000 237.000  90 -20  839 1479
321 136.000 272.000  90 -20 1553 2193
322 137.000 256.000  90 -20 2442 3082
323 105.000  21.000  90 -20 2038 2678
324  44.000  51.000  90 -10 2200 2840
325 169.000 221.000  90 -20 2602 3242
326 251.000 180.000  90 -20 2529 3169
327 142.000 242.000  90 -20  536 1176
328 160.000  56.000  90 -20 1981 2621
329  78.000  39.000  90 -30  941 1581
330   3.000 159.000  90 -20 1920 2560
331 244.000 235.000  90 -10 2239 2879
332 141.000   3.000  90 -10 2726 3366
333  76.000  30.000  90 -20 1041 1681
334  96.000  13.000  90 -30 1365 2005
335 199.000 179.000  90 -20  600 1240
336 163.000 150.000  90 -20 2552 3192
337  86.000 133.000  90 -20 2308 2948
338   0.000 166.000  90 -30 2017 2657
339   7.000 144.000  90 -20 1542 2182
340  56.000  57.000  90 -20 2867 3507
341 193.000 194.000  90 -10   61  701
342 248.000  48.000  90 -20 1651 2291
343  96.000   6.000  90 -20 1564 2204
344 191.000 188.000  90 -20 3030 3670
345 103.000  35.000  90 -30 2233 2873
346 122.000 246.000  90 -20 2985 3625
347 182.000 178.000  90 -10 2950 3590
348  87.000 112.000  90 -10 2604 3244
349  59.000 124.000  90 -40 2008 2648
350 223.000 177.000  90 -20 1013 1653
351  68.000 164.000  90 -30 2686 3326
352 229.000 186.000  90 -10 1114 1754
353   0.000 169.000  90 -10 2110 2750
354 246.000 254.000  90 -10 1983 2623
355  43.000 153.000  90 -20 1989 2629
356 124.000  10.000  90 -10 2340 2980
357 167.000 110.000  90 -20 2975 3615
358 182.000 245.000  90 -40 1231 1871
359 143.000   6.000  90 -20 2820 3460
360 152.000 247.000  90 -10  249  889
361 214.000 210.000  90 -10 2808 3448
362 266.000  28.000  90 -10 1164 1804
363 232.000 199.000  90 -40 2425 3065
364 267.000 265.000  90 -20 1218 1858
365 160.000 111.000  90 -20 3045 3685
366  45.000  44.000  90 -10  878 1518
367  30.000 150.000  90 -30 1886 2526
368 272.000 185.000  90 -30 2043 2683
369 209.000 173.000  90 -10 2036 2676
370  50.000  80.000  90 -20 2963 3603
371 134.000 279.000  90 -30 1745 2385
372 219.000 174.000  90 -30  422 1062
373 256.000  38.000  90 -20 1269 1909
374 225.000 201.000  90 -20 2354 2994
375  52.000 153.000  90 -10 2288 2928
376 125.000   9.000  90 -10 2431 3071
377 184.000 267.000  90 -10  560 1200
378  90.000  86.000  90 -10 1319 1959
379 125.000 253.000  90 -10 2151 2791
380  78.000 213.000  90 -20 2863 3503
381  69.000 239.000  90 -20  650 1290
382  24.000 141.000  90 -10  960 1600
383 220.000 231.000  90 -20 2978 3618
384 266.000 172.000  90 -10 2237 2877
385  17.000 152.000  90 -10 1439 2079
386 292.000  18.000  90 -10 1005 1645
387 253.000 198.000  90 -30  570 1210
388  47.000 141.000  90 -30 1686 2326
389  20.000 146.000  90 -20  773 1413
390  48.000  36.000  90 -20  977 1617
391 238.000 203.000  90 -10 1258 1898
392 173.000 144.000  90 -40 2072 2712
393 172.000 148.000  90 -10 2256 2896
394  67.000 237.000  90 -20  743 1383
395  37.000 165.000  90 -20 2710 3350
396 162.000 141.000  90 -30 2651 3291
397  83.000  35.000  90 -20  845 1485
398 175.000 142.000  90 -10 1979 2619
399 264.000  39.000  90 -20 2552 3192
400  57.000 235.000  90 -30 1238 1878
401 260.000 180.000  90 -30  865 1505
402 237.000 222.000  90 -20 2435 3075
403  66.000 211.000  90 -10 2671 3311
404 207.000 201.000  90 -10 2909 3549
405 110.000  47.000  90 -20 2432 3072
406 115.000   2.000  90 -40 1835 2475
407  34.000 135.000  90 -20 1486 2126
408 189.000 232.000  90 -10 2995 3635
409 218.000 197.000  90 -10  727 1367
410  72.000 234.000  90 -20 1902 2542
411  78.000 222.000  90 -10 2284 2924
412 171.000 141.000  90 -20   22  662
413  41.000  63.000  90 -10 2579 3219
414  57.000 119.000  90 -10 1003 1643
415 170.000  89.000  90 -20  125  765
416 236.000 210.000  90 -10 1355 1995
417 250.000 264.000  90 -20 2269 2909
418 169.000  56.000  90 -40 2179 2819
419  75.000  89.000  90 -30  835 1475
420 245.000 233.000  90 -10 2041 2681
421 233.000 224.000  90 -30 2530 3170
422 283.000 180.000  90 -30 1759 2399
423 185.000 180.000  90 -10 2856 3496
424  87.000  96.000  90 -20 1511 2151
425  53.000  57.000  90 -10 2951 3591
426  71.000 126.000  90 -10 2202 2842
427 251.000 186.000  90 -30  672 1312
428 189.000 138.000  90 -20 1403 2043
429 227.000 211.000  90 -30  526 1166
430  76.000 110.000  90 -30 1804 2444
431 191.000 172.000  90 -20 1160 1800
432 165.000  83.000  90 -20 2768 3408
433 188.000 244.000  90 -20  951 1591
434 172.000 146.000  90 -20 2164 2804
435  65.000 217.000  90 -30 2575 3215
436 252.000  44.000  90 -40 1461 2101
437  57.000 232.000  90 -30 1331 1971
438 106.000  34.000  90 -10 1032 1672
439  49.000  57.000  90 -20 2679 3319
440 146.000 270.000  90 -10 1453 2093
441 162.000 157.000  90 -20 2455 3095
442  55.000 126.000  90 -30  719 1359
443  43.000 155.000  90 -10 2081 2721
444 187.000 165.000  90 -20 1102 1742
445  23.000 163.000  90 -20 2606 3246
446 241.000  46.000  90 -10 2025 2665
447 156.000  63.000  90 -10 1697 2337
448 126.000  20.000  90 -10 2149 2789
449 177.000 114.000  90 -20  300  940
450 287.000 246.000  90 -30  997 1637
451 162.000 246.000  90 -30  149  789
452 235.000 219.000  90 -20 1829 2469
453  37.000  63.000  90 -20 2485 3125
454 179.000  62.000  90 -10 2373 3013
455 153.000 256.000  90 -10 1121 1761
456 208.000 174.000  90 -30 1945 2585
457  97.000  28.000  90 -40  649 1289
458 135.000 270.000  90 -10 1646 2286
459 176.000  82.000  90 -10  405 1045
460 272.000  41.000  90 -20 2268 2908
461 251.000 219.000  90 -20 1935 2575
462 258.000 169.000  90 -20 2426 3066
463 132.000 262.000  90 -20 2252 2892
464 238.000  62.000  90 -10  180  820
465 240.000  38.000  90 -10 2312 2952
466 171.000  58.000  90 -10 2471 3111
467 271.000  32.000  90 -20 2079 2719
468  71.000 102.000  90 -20  418 1058
469 299.000 177.000  90 -20 1653 2293
470 195.000 168.000  90 -10 1660 2300
471 255.000 178.000  90 -10 2027 2667
472 214.000  51.000  90 -10 2814 3454
473  65.000 233.000  90 -30 1805 2445
474 254.000 157.000  90 -10 1916 2556
475 137.000 255.000  90 -20 2533 3173
476 111.000  22.000  90 -10  651 1291
477  42.000 123.000  90 -20 1292 1932
478 244.000 251.000  90 -20 1798 2438
479 266.000  49.000  90 -10  153  793
480 141.000  33.000  90 -20 2968 3608
481 191.000 168.000  90 -10 1254 1894
482 214.000 239.000  90 -30 2976 3616
483 202.000 178.000  90 -10  507 1147
484  80.000  84.000  90 -10 1024 1664
485 122.000   5.000  90 -20 2526 3166
486  50.000 139.000  90 -20 1593 2233
487 202.000 169.000  90 -20 1757 2397
488 243.000 199.000  90 -10 2141 2781
489 193.000 250.000  90 -10  853 1493
490  20.000 155.000  90 -20 2315 2955
491 196.000 190.000  90 -30 3015 3655
492 235.000 260.000  90 -10 2664 3304
493 237.000 203.000  90 -10 2329 2969
494  49.000  56.000  90 -10 2770 3410
495 163.000 223.000  90 -40 2698 3338
496 101.000  31.000  90 -20 1128 1768
497 257.000  41.000  90 -40 2834 3474
498 163.000 256.000  90 -10  164  804
499 239.000 188.000  90 -10 1507 2147
500 247.000  46.000  90 -30 1744 2384
501 271.000  34.000  90 -20 2171 2811
502 223.000 204.000  90 -10 2615 3255
503 262.000  32.000  90 -10 1890 2530
504 153.000  74.000  90 -10 1408 2048
505 184.000 163.000  90 -10 1196 1836
506 234.000  38.000  90 -30 2408 3048
507 264.000 194.000  90 -10 1062 1702
508   1.000 152.000  90 -30 1822 2462
509 263.000  12.000  90 -20 1309 1949
510 164.000  79.000  90 -10 2674 3314
511 225.000 213.000  90 -10  434 1074
512 245.000 197.000  90 -10  105  745
513 131.000  70.000  90 -20 1007 1647
514 218.000 208.000  90 -10  626 1266
515  80.000 255.000  90 -20  450 1090
516 266.000  37.000  90 -20 2644 3284
517   6.000 139.000  90 -20  668 1308
518 165.000 187.000  90 -30 3046 3686
519 153.000 144.000  90 -40 2751 3391
520 259.000 202.000  90 -20 1147 1787
521  17.000 134.000  90 -20  289  929
522  68.000  57.000  90 -10  123  763
523 284.000  12.000  90 -10 1105 1745
524 138.000  17.000  90 -10 2952 3592
525  65.000 152.000  90 -20 2583 3223
526 154.000 257.000  90 -20 1212 1852
527 168.000  49.000  90 -30 2082 2722
528 123.000  63.000  90 -20 2543 3183
529 226.000 232.000  90 -10 2908 3548
530 135.000  23.000  90 -20 2958 3598
531 191.000 151.000  90 -30 1300 1940
532  40.000  60.000  90 -10 2391 3031
533 231.000 235.000  90 -20 2721 3361
534 225.000  51.000  90 -10 2616 3256
535 238.000 170.000  90 -20 2636 3276
536 109.000 126.000  90 -30 2902 3542
537 225.000 191.000  90 -40 1312 1952
538  58.000 161.000  90 -30 2188 2828
539 141.000  55.000  90 -20 1205 1845
540  26.000 168.000  90 -20 2510 3150
541  97.000  45.000  90 -20  179  819
542 163.000 114.000  90 -20 3047 3687
543  53.000 225.000  90 -30 1429 2069
544 133.000 246.000  90 -10 2907 3547
545 241.000 276.000  90 -20 2374 3014
546 273.000 184.000  90 -20 1951 2591
547 165.000  85.000  90 -10 2860 3500
548 131.000 261.000  90 -20 2344 2984
549 124.000  13.000  90 -10 2247 2887
550 231.000 260.000  90 -40 2758 3398
551  86.000  83.000  90 -20 1120 1760
552 178.000 240.000  90 -30 1714 2354
553  62.000 221.000  90 -20 2480 3120
554 180.000 231.000  90 -30 2104 2744
555 210.000 181.000  90 -20 2469 3109
556 190.000 157.000  90 -10 1463 2103
557 269.000 257.000  90 -10 1317 1957
558 205.000 191.000  90 -20  123  763
559  92.000  28.000  90 -10  744 1384
560 115.000 235.000  90 -10 2994 3634
561 261.000 255.000  90 -10 1597 2237
562 215.000 168.000  90 -30 2134 2774
563 250.000 247.000  90 -20 1701 2341
564 244.000 260.000  90 -10 2172 2812
565  70.000 128.000  90 -20 2109 2749
566 182.000 236.000  90 -30 2290 2930
567 104.000  15.000  90 -20 1666 2306
568 238.000 231.000  90 -10  119  759
569 192.000 176.000  90 -10  878 1518
570  42.000 147.000  90 -20  108  748
571 178.000 218.000  90 -10 2503 3143
572 186.000 181.000  90 -20 2765 3405
573  53.000 145.000  90 -30 2386 3026
574 184.000 245.000  90 -20 1139 1779
575 234.000 216.000  90 -20 1542 2182
576 192.000 185.000  90 -30 2668 3308
577 252.000 218.000  90 -20  388 1028
578 108.000 131.000  90 -10 2997 3637
579  31.000  63.000  90 -20 1622 2262
580 263.000  43.000  90 -20 2457 3097
581  92.000 114.000  90 -10 2699 3339
582 114.000  43.000  90 -30 2337 2977
583 111.000  10.000  90 -20 1765 2405
584 132.000 248.000  90 -30 2815 3455
585 258.000  44.000  90 -20 1365 2005
586 248.000 255.000  90 -20 2075 2715
587 263.000 169.000  90 -20 2331 2971
588 173.000 180.000  90 -10 3048 3688
589 285.000  30.000  90 -30  610 1250
590  59.000 243.000  90 -30  935 1575
591  86.000 100.000  90 -10 1605 2245
592  52.000  80.000  90 -20 2965 3605
593 135.000  65.000  90 -10 1103 1743
594  60.000 143.000  90 -30 2483 3123
595 173.000  87.000  90 -10  219  859
596 176.000 140.000  90 -40 1887 2527
597  13.000  51.000  90 -10 1314 1954
598  99.000 124.000  90 -30 2801 3441
599  62.000 132.000  90 -20  527 1167
600 134.000 273.000  90 -10 1841 2481
601 104.000  18.000  90 -30 1945 2585
602 264.000  42.000  90 -30 2366 3006
603  71.000 159.000  90 -30 2781 3421
604 174.000 155.000  90 -10 2353 2993
605 185.000 241.000  90 -10 1045 1685
606 170.000  69.000  90 -20 2573 3213
607 262.000 257.000  90 -10 1505 2145
608 116.000  34.000  90 -20  265  905
609  78.000 234.000  90 -10 1998 2638
610 192.000 152.000  90 -10  998 1638
611 278.000  42.000  90 -20  306  946
612 150.000  16.000  90 -10 2922 3562
613 150.000 150.000   0   0    0 3815
