304 304 1000 700 1000
  0 150.000 150.000   0   0    0 3815
  1 227.000 221.000  90  10    0 3621
  2 253.000 198.000  90  20  810  970
  3  55.000 126.000  90  30    0 3628
  4 131.000  70.000  90  20 1247 1407
  5  97.000  45.000  90  20  419  579
  6  30.000  28.000  90  30    0 3554
  7 108.000  27.000  90  30    0 3596
  8 279.000  44.000  90  10  638  798
  9  18.000  52.000  90  20    0 3561
 10 272.000  21.000  90  20 1844 2004
 11  64.000  30.000  90  20  629  789
 12 141.000 231.000  90  20    0 3644
 13  50.000 104.000  90  20    0 3615
 14  83.000 219.000  90  20  106  266
 15 141.000 210.000  90  20   60  220
 16 260.000 180.000  90  10    0 3611
 17  91.000  49.000  90  20    0 3609
 18 239.000 181.000  90  20   94  254
 19 177.000 114.000  90  10  540  700
 20  34.000 135.000  90  20 1726 1886
 21 140.000 231.000  90  20    0 3644
 22 142.000  82.000  90  20    0 3657
 23 102.000  51.000  90  30  110  270
 24 238.000  62.000  90  10    0 3601
 25   6.000 146.000  90  20 1874 2034
 26 244.000 235.000  90  10 2479 2639
 27  92.000  52.000  90  20  320  480
 28 136.000 272.000  90  30    0 3603
 29  75.000  28.000  90  30 1373 1533
 30 123.000  63.000  90  10    0 3634
 31 170.000 116.000  90  20    0 3686
 32 240.000  38.000  90  10    0 3582
 33  28.000 122.000  90  30  237  397
 34  25.000 150.000  90  20    0 3600
 35  34.000  50.000  90  20    0 3572
 36 186.000 196.000  90  10   69  229
 37 239.000 262.000  90  20    0 3582
 38  71.000 102.000  90  10  658  818
 39 101.000  29.000  90  30 2377 2537
 40 103.000  35.000  90  20    0 3601
 41  84.000 114.000  90  10 2750 2910
 42  74.000 109.000   0  40 2136 2296
 43 222.000 160.000  90  20  856 1016
 44  17.000 134.000  90  20    0 3592
 45 203.000 200.000  90  10    0 3653
 46  19.000 137.000  90  10  435  595
 47 263.000 248.000  90  10    0 3576
 48  29.000 137.000  90  20    0 3604
 49  53.000 145.000  90  20    0 3628
 50 125.000  39.000  90  10  314  474
 51  65.000 233.000  90  20 2045 2205
 52 287.000 246.000  90  40    0 3558
 53 192.000 251.000  90  40 1001 1161
 54 151.000 228.000  90  10   78  238
 55  62.000 132.000  90  20  767  927
 56 214.000 210.000  90  10    0 3638
 57 276.000  38.000  90  10    0 3557
 58 264.000 250.000  90  20 1124 1284
 59 225.000 213.000  90  10    0 3628
 60 160.000 111.000  90  20 3312 3472
 61 135.000 270.000  90  20 1886 2046
 62 108.000 103.000  90  10   63  223
 63 263.000 195.000  90  30    0 3604
 64 207.000 183.000  90  30   82  242
 65 264.000  64.000  90  20 1093 1253
 66  86.000 100.000  90  20    0 3644
 67  49.000  56.000  90  10 3010 3170
 68 141.000  55.000  90  20 1445 1605
 69 152.000 245.000  90  10    0 3630
 70 266.000 172.000  90  20    0 3607
 71  68.000  57.000  90  50  324  484
 72  91.000 104.000  90  10  277  437
 73 182.000 236.000   0  40 2530 2690
 74 168.000 287.000  90  10    0 3587
 75  71.000 222.000  90  20 2621 2781
 76  87.000 237.000  90  20    0 3618
 77  48.000  36.000  90  10    0 3573
 78 264.000 181.000  90  10    0 3607
 79  57.000 232.000  90  40    0 3602
 80 275.000  31.000  90  10    0 3553
 81  42.000 147.000  90  10  108  268
 82  15.000 138.000  90  20  623  783
 83 226.000  56.000  90  20    0 3605
 84 248.000  48.000  90  10    0 3584
 85  37.000  63.000  90  10 2725 2885
 86 189.000 138.000  90  20    0 3685
 87 203.000 217.000  90  10  288  448
 88 201.000 154.000  90  40 1139 1299
 89  74.000 248.000  90  20    0 3601
 90  32.000 128.000  90  20  140  300
 91 255.000  64.000  90  30    0 3590
 92 264.000  42.000  90  20 2606 2766
 93 266.000  28.000  90  10    0 3557
 94   6.000 139.000  90  30  908 1068
 95 256.000  15.000  90  20 1647 1807
 96 244.000 251.000  90  20 2038 2198
 97 221.000 203.000  90  10 2948 3108
 98  69.000 239.000  90  10  890 1050
 99  96.000   6.000  90  10 1804 1964
100 180.000 183.000  90  10   44  204
101  64.000 234.000  90  10    0 3605
102 171.000 143.000  90  20  146  306
103  64.000 134.000  90  10  674  834
104 153.000  88.000  90  20    0 3663
105 199.000 214.000  90  10  193  353
106 204.000 189.000  90  20    0 3659
107 160.000  84.000  90  40  264  424
108  87.000 105.000  90  30  371  531
109 236.000 213.000  90  10    0 3619
110 239.000 201.000  90  30    0 3623
111 274.000 195.000  90  30    0 3594
112 230.000 182.000  90  10    0 3639
113  63.000  89.000  90  20    0 3619
114 196.000 191.000  90  30    0 3664
115 223.000 213.000  90  30    0 3629
116  13.000  51.000  90  10 1554 1714
117 180.000 231.000  90  30 2344 2504
118 160.000  56.000   0  30 2221 2381
119 122.000   5.000  90  10    0 3578
120 231.000 235.000  90  20    0 3608
121 167.000 256.000  90  20    0 3618
122 177.000 132.000  90  20    0 3693
123 220.000 231.000  90  10    0 3618
124 223.000 177.000  90  10    0 3648
125 115.000  25.000  90  10    0 3596
126  62.000  44.000  90  20    0 3588
127 218.000 208.000  90  20  866 1026
128 162.000 157.000  90  20    0 3712
129 197.000 178.000  90  20    0 3671
130 269.000 257.000  90  10 1557 1717
131 184.000 163.000  90  30    0 3689
132  56.000 132.000  90  30  863 1023
133 273.000 184.000  90  20 2191 2351
134  57.000 119.000  90  20    0 3627
135  78.000  39.000  90  30    0 3593
136  37.000 149.000  90  10 2029 2189
137 142.000 242.000  90  10  776  936
138 266.000  49.000  90  10  256  416
139 268.000  43.000  90  10    0 3566
140 153.000  64.000  90  10 2031 2191
141  72.000 234.000  90  10    0 3611
142 237.000 222.000  90  20 2675 2835
143 169.000 134.000  90  20    0 3701
144 242.000 205.000  90  30  312  472
145 160.000 244.000  90  30    0 3631
146 221.000 213.000  90  20  490  650
147 139.000 262.000  90  10 1161 1321
148  97.000  28.000  90  40  889 1049
149 135.000  65.000  90  20    0 3639
150 157.000  88.000  90  10  169  329
151 268.000  49.000  90  20  348  508
152 229.000 217.000  90  20    0 3622
153  71.000 126.000  90  20    0 3643
154 225.000  70.000  90  10    0 3616
155  76.000  30.000  90  20    0 3585
156 176.000 140.000  90  20 2127 2287
157 202.000 178.000  90  10  747  907
158 153.000 256.000  90  10    0 3619
159  31.000  63.000  90  20 1862 2022
160  73.000 104.000  90  20  565  725
161 115.000   2.000  90  40 2075 2235
162 111.000  22.000  90  40    0 3592
163 266.000  37.000  90  20    0 3564
164 250.000 247.000  90  20 1941 2101
165  85.000 222.000  90  30    0 3628
166 143.000 108.000  90  10    0 3683
167 278.000  42.000  90  10  546  706
168 163.000 256.000  90  10    0 3619
169 191.000 168.000  90  20    0 3681
170 267.000 255.000  90  20 1649 1809
171 109.000 126.000  90  10    0 3678
172 230.000  59.000   0  10    0 3604
173 197.000 174.000   0  10 1304 1464
174  92.000  90.000  90  10 1653 1813
175 220.000 171.000  90  10  755  915
176  96.000 110.000  90  10    0 3658
177  47.000 118.000  90  20    0 3618
178 209.000 184.000  90  20  174  334
179 170.000  69.000  90  20    0 3642
180 166.000 261.000  90  10  593  753
181 251.000 219.000  90  20    0 3603
182  67.000 142.000  90  20  395  555
183   0.000 166.000  90  20 2257 2417
184  52.000  80.000  90  30    0 3605
185 152.000 247.000  90  10    0 3628
186 283.000 195.000  90  30    0 3585
187  92.000  23.000  90  20 1771 1931
188  13.000  66.000  90  10 1754 1914
189 132.000 248.000  90  30    0 3626
190 178.000 240.000  90  30    0 3631
191  45.000  44.000  90  10 1118 1278
192 162.000 246.000  90  20    0 3629
193 126.000  20.000  90  20 2389 2549
194 122.000  24.000  90  20  700  860
195 261.000  49.000  90  40  150  310
196 153.000 241.000  90  10    0 3634
197 208.000 191.000  90  10    0 3654
198 252.000  50.000  90  30    0 3583
199 195.000 168.000  90  20    0 3677
200 182.000 245.000  90  20    0 3625
201 228.000 200.000  90  10    0 3633
202 174.000 155.000  90  20    0 3701
203 270.000  25.000  90  10    0 3552
204 261.000 255.000  90  20    0 3573
205  18.000 151.000  90  30 1588 1748
206 284.000  30.000  90  20    0 3546
207 179.000  59.000  90  10 2520 2680
208  96.000  13.000  90  20    0 3578
209 149.000  82.000  90  20 1044 1204
210 207.000 209.000  90  10   94  254
211  79.000 238.000  90  20  583  743
212 124.000  10.000  90  20    0 3583
213 134.000 273.000  90  10 2081 2241
214  22.000 126.000  90  20  334  494
215  24.000 141.000  90  20 1200 1360
216  74.000  62.000  90  10  132  292
217  28.000 147.000  90  20    0 3603
218 143.000 250.000  90  20    0 3625
219 157.000  62.000  90  30 1846 2006
220  89.000  57.000  90  20    0 3614
221 114.000  27.000  90  20 1079 1239
222 178.000 118.000  90  30    0 3683
223 255.000 178.000  90  30 2267 2427
224 225.000  51.000  90  30    0 3601
225 104.000  15.000  90  10    0 3583
226 252.000  62.000  90  10  712  872
227 227.000 187.000  90  20    0 3640
228  89.000 102.000  90  30 1939 2099
229 216.000 192.000  90  40    0 3647
230 264.000 194.000  90  20    0 3603
231 191.000 172.000  90  20    0 3679
232  87.000 112.000  90  10    0 3652
233 199.000 179.000  90  30    0 3669
234  83.000 218.000  90  30    0 3630
235 243.000 252.000  90  20 2129 2289
236 149.000 244.000  90  20  583  743
237 129.000  41.000  90  10    0 3614
238 178.000 218.000  90  20 2743 2903
239  53.000 243.000  90  20 1271 1431
240 239.000 188.000  90  30 1747 1907
241 259.000 235.000  90  10  429  589
242 235.000 260.000  90  40 2904 3064
243 196.000 194.000  90  20  443  603
244  98.000  33.000  90  10  703  863
245 232.000 220.000  90  10  107  267
246 215.000 168.000  90  30    0 3658
247 292.000  18.000  90  30 1245 1405
248 262.000 237.000  90  20  840 1000
249 178.000 247.000  90  30    0 3625
250  59.000 124.000  90  10 2248 2408
251  89.000  24.000  90  20 1678 1838
252  78.000 222.000   0  20    0 3624
253 226.000 164.000  90  10 1150 1310
254 105.000  21.000  90  30    0 3589
255 196.000 190.000  90  20    0 3665
256 210.000 181.000   0  10 2709 2869
257  70.000 131.000  90  30    0 3643
258 165.000 269.000  90  20  691  851
259 222.000 197.000  90  20    0 3640
260 220.000 187.000  90  30    0 3646
261 251.000 222.000  90  20    0 3601
262 285.000  30.000  90  30  850 1010
263  61.000 237.000  90  10    0 3601
264 229.000 186.000  90  20    0 3639
265 223.000 204.000  90  20 2855 3015
266 122.000  32.000  90  20  602  762
267 150.000 240.000  90  30    0 3635
268 259.000  71.000  90  20    0 3591
269  53.000  28.000  90  10    0 3570
270 259.000 202.000  90  40    0 3605
271 264.000 249.000  90  20    0 3575
272 263.000  43.000  90  30 2697 2857
273 196.000 192.000  90  20  351  511
274 171.000 141.000  90  30    0 3703
275  53.000 225.000  90  10    0 3603
276 137.000 256.000  90  20 2682 2842
277 262.000  50.000  90  30    0 3575
278 245.000 197.000  90  20  214  374
279 232.000 199.000  90  30    0 3630
280  78.000 114.000  90  10   80  240
281  76.000  59.000  90  20    0 3608
282 154.000  78.000  90  10    0 3653
283 158.000 136.000  90  10   41  201
284 132.000 262.000  90  10    0 3612
285  73.000  49.000  90  10  423  583
286 185.000 180.000  90  30    0 3679
287  92.000  28.000  90  20    0 3590
288  20.000 155.000   0  20    0 3595
289 192.000 185.000  90  20 2908 3068
290  80.000  84.000  90  20 1264 1424
291  93.000  77.000  90  30 1459 1619
292 191.000 151.000  90  30 1540 1700
293  77.000  11.000  90  30    0 3568
294  14.000 160.000  90  30 2457 2617
295  70.000 128.000  90  20    0 3643
296 111.000  10.000  90  10 2005 2165
297 195.000 253.000  90  10    0 3613
298 145.000  63.000  90  20 1544 1704
299 243.000 199.000  90  10    0 3620
300 241.000 209.000  90  10  406  566
301   7.000 144.000  90  30    0 3582
302  86.000 232.000  90  10    0 3621
303 177.000 160.000  90  10    0 3697
304 253.000  64.000  90  20  804  964
305 236.000 224.000  90 -10 2583 2743
306 283.000 180.000  90 -20 1999 2159
307  71.000 159.000  90 -30 3021 3181
308 175.000  84.000  90 -20    0 3655
309 141.000  33.000  90 -20    0 3608
310  41.000  46.000  90 -30 2344 2504
311 104.000  18.000  90 -30    0 3586
312 268.000  19.000  90 -10 1750 1910
313  41.000  63.000  90 -20 2819 2979
314 252.000  37.000  90 -20 3171 3331
315  57.000  40.000  90 -20  833  993
316 171.000 253.000  90 -20 1759 1919
317  42.000 123.000  90 -20 1532 1692
318  68.000 211.000  90 -20 3003 3163
319 143.000 236.000  90 -20    0 3639
320 218.000 197.000  90 -10    0 3643
321 143.000   6.000  90 -20    0 3581
322 235.000 219.000  90 -20 2069 2229
323 176.000 117.000  90 -10  633  793
324  52.000 153.000  90 -20 2528 2688
325 189.000 232.000  90 -20    0 3635
326 179.000  62.000  90 -20    0 3633
327  97.000  40.000  90 -30  514  674
328 252.000  44.000  90 -10 1701 1861
329  26.000 161.000  90 -20 2653 2813
330 231.000 236.000  90 -10    0 3607
331 100.000  34.000  90 -20  611  771
332 134.000 279.000  90 -30    0 3596
333 135.000  23.000  90 -30 3361 3521
334 123.000  44.000  90 -10  109  269
335 170.000  89.000  90 -20    0 3661
336 234.000  38.000  90 -10    0 3585
337   9.000 136.000  90 -30  813  973
338  50.000 139.000  90 -20    0 3625
339  40.000  60.000  90 -20    0 3583
340 239.000 174.000  90 -10 1941 2101
341 214.000 239.000  90 -20 3344 3504
342  50.000  80.000  90 -10    0 3603
343 165.000  83.000  90 -30 3008 3168
344 110.000  47.000  90 -20    0 3615
345 108.000 131.000  90 -10    0 3679
346  74.000 109.000  90 -40 2136 2296
347 204.000 171.000  90 -20 2090 2250
348   3.000 159.000  90 -20    0 3578
349 191.000 188.000  90 -10 3350 3510
350  12.000 133.000  90 -10  719  879
351 241.000 276.000  90 -10    0 3570
352  60.000 143.000  90 -20 2723 2883
353  65.000 152.000  90 -20    0 3640
354  99.000  53.000  90 -10    0 3616
355  78.000 213.000  90 -20 3103 3263
356 244.000 260.000  90 -40 2412 2572
357 125.000 253.000  90 -40 2391 2551
358 184.000 245.000  90 -10    0 3625
359  37.000 165.000  90 -20 2950 3110
360 207.000 203.000  90 -10    0 3648
361 276.000  22.000  90 -10    0 3546
362 262.000 257.000  90 -20    0 3571
363 196.000 129.000  90 -10    0 3675
364 149.000 130.000  90 -20    0 3705
365 122.000 246.000  90 -20 3248 3408
366  31.000  48.000  90 -10 2152 2312
367 237.000 203.000  90 -30 2569 2729
368 212.000 190.000  90 -30    0 3652
369 249.000  44.000  90 -20 2166 2326
370  92.000 114.000  90 -20 2939 3099
371  70.000  66.000  90 -10    0 3609
372 153.000  74.000  90 -20 1648 1808
373 176.000 232.000  90 -10 2154 2314
374 258.000 169.000  90 -20    0 3616
375  95.000 104.000  90 -50    0 3654
376  75.000  85.000  90 -10 1169 1329
377 182.000 236.000  90 -40 2530 2690
378 188.000 244.000  90 -10    0 3624
379  62.000 221.000  90 -20 2720 2880
380  59.000 243.000  90 -20 1175 1335
381  34.000  55.000  90 -10    0 3576
382 270.000 178.000  90 -10    0 3602
383  61.000 232.000  90 -40 1860 2020
384 227.000  32.000  90 -10    0 3585
385  26.000 168.000  90 -10 2750 2910
386   1.000 152.000  90 -20    0 3576
387 236.000  53.000  90 -20    0 3596
388 272.000  41.000  90 -10 2508 2668
389  49.000  57.000  90 -10    0 3588
390 176.000 136.000  90 -20    0 3696
391 227.000 211.000  90 -10  766  926
392 192.000 152.000  90 -40 1238 1398
393  58.000 230.000  90 -20    0 3604
394  20.000 146.000  90 -20    0 3595
395 241.000  46.000  90 -30    0 3587
396 252.000  60.000  90 -20    0 3589
397 261.000  39.000  90 -10 2980 3140
398  23.000 144.000  90 -30    0 3598
399 266.000  33.000  90 -20    0 3561
400 193.000 224.000  90 -20    0 3640
401 182.000 178.000  90 -10    0 3683
402  78.000 223.000  90 -10 2433 2593
403  97.000  10.000  90 -10 1966 2126
404 231.000 170.000  90 -10    0 3642
405  65.000 217.000  90 -10    0 3617
406 219.000 174.000  90 -20    0 3652
407  43.000 155.000  90 -10    0 3618
408 156.000  63.000  90 -20 1937 2097
409 239.000 177.000  90 -10    0 3632
410 183.000 140.000  90 -20 1836 1996
411 236.000  65.000  90 -40  513  673
412  83.000 105.000  90 -30  465  625
413 245.000 240.000  90 -10    0 3595
414 238.000 203.000  90 -30 1498 1658
415 284.000 184.000  90 -30 1786 1946
416 233.000 160.000  90 -10    0 3642
417  86.000  83.000  90 -20    0 3633
418 205.000 191.000  90 -30    0 3657
419 224.000 155.000  90 -30    0 3651
420  53.000  57.000  90 -10 3200 3360
421 182.000 233.000  90 -30    0 3637
422 160.000  56.000  90 -30 2221 2381
423 133.000   1.000  90 -10 2868 3028
424 217.000 219.000  90 -20    0 3629
425 170.000 255.000  90 -20    0 3619
426 173.000  73.000  90 -20    0 3645
427 193.000 194.000  90 -10    0 3664
428 259.000 212.000  90 -10    0 3600
429 116.000  35.000  90 -10    0 3606
430  52.000  59.000  90 -20 3292 3452
431 251.000 180.000  90 -20 2769 2929
432 196.000 178.000  90 -20    0 3672
433 173.000 144.000  90 -20 2312 2472
434 250.000 264.000  90 -10    0 3574
435 182.000 144.000  90 -30 1742 1902
436  68.000 164.000  90 -30 2926 3086
437 272.000 185.000  90 -20    0 3599
438  39.000 129.000  90 -20 1628 1788
439 124.000  13.000  90 -30 2487 2647
440  58.000 161.000  90 -10 2428 2588
441 185.000 241.000  90 -10    0 3628
442 273.000  18.000  90 -10 1448 1608
443 228.000  62.000  90 -10    0 3608
444 169.000  56.000  90 -10    0 3630
445  81.000 223.000  90 -10 2340 2500
446 226.000 232.000  90 -20    0 3614
447 167.000 110.000  90 -20    0 3682
448 233.000 228.000  90 -30    0 3612
449 117.000 262.000  90 -30 2289 2449
450 225.000 191.000  90 -20 1552 1712
451 172.000 249.000  90 -10 1853 2013
452  83.000  35.000  90 -40 1085 1245
453 168.000  49.000  90 -20 2322 2482
454 261.000  45.000  90 -10 1202 1362
455 284.000  12.000  90 -20    0 3533
456 233.000 224.000  90 -20 2770 2930
457  66.000 139.000  90 -20  488  648
458 182.000 130.000  90 -10    0 3688
459 141.000   3.000  90 -20    0 3578
460 172.000 148.000  90 -20 2496 2656
461 153.000 144.000  90 -10 2991 3151
462 180.000 227.000  90 -10 2250 2410
463  39.000  57.000  90 -20    0 3581
464  76.000 110.000  90 -20 2044 2204
465 125.000  23.000  90 -40 2296 2456
466 165.000  85.000  90 -40    0 3659
467 243.000  35.000  90 -20    0 3578
468 247.000 243.000  90 -20    0 3591
469  80.000 255.000  90 -30    0 3599
470 214.000  51.000  90 -10    0 3608
471 290.000  49.000  90 -10    0 3553
472 165.000 187.000  90 -10 3390 3550
473 175.000 142.000  90 -20 2219 2379
474 242.000 263.000  90 -20    0 3580
475  87.000  96.000  90 -10 1751 1911
476 230.000  59.000  90 -10    0 3604
477 197.000 174.000  90 -10 1304 1464
478  62.000 122.000  90 -10    0 3633
479 208.000 174.000  90 -10 2185 2345
480  87.000 114.000  90 -10 2657 2817
481  38.000 163.000  90 -20    0 3613
482 281.000 187.000  90 -20 1692 1852
483 176.000  82.000  90 -20    0 3653
484 115.000 235.000  90 -10    0 3634
485 252.000 218.000  90 -20  628  788
486  59.000 110.000  90 -20    0 3626
487  47.000 141.000  90 -20    0 3622
488  75.000  89.000  90 -30 1075 1235
489 169.000 221.000  90 -10 2842 3002
490 299.000 177.000  90 -30    0 3574
491  96.000  17.000  90 -20 1869 2029
492  28.000  52.000  90 -10 2057 2217
493 133.000 246.000  90 -30 3147 3307
494 168.000 237.000  90 -30    0 3637
495   3.000  34.000  90 -10 1444 1604
496 193.000 250.000  90 -20    0 3617
497 125.000   9.000  90 -20 2671 2831
498 116.000  34.000  90 -20    0 3605
499 271.000  34.000  90 -40 2411 2571
500 141.000 266.000  90 -10    0 3609
501 163.000 150.000  90 -10 2792 2952
502 248.000  45.000  90 -30    0 3582
503 196.000 158.000  90 -20 1800 1960
504 132.000 253.000  90 -20    0 3621
505 246.000 187.000  90 -10    0 3623
506 190.000 157.000  90 -20 1703 1863
507 264.000  39.000  90 -10 2792 2952
508 231.000 260.000  90 -20    0 3589
509   0.000 169.000  90 -30    0 3574
510 270.000  23.000  90 -20 1937 2097
511 173.000  87.000  90 -10    0 3658
512 114.000  43.000  90 -20 2577 2737
513 165.000  69.000  90 -20    0 3643
514 245.000 233.000  90 -10    0 3599
515  67.000 237.000  90 -20  983 1143
516 138.000  17.000  90 -20    0 3592
517 116.000 272.000  90 -10    0 3599
518  23.000 163.000  90 -20 2846 3006
519  17.000 152.000  90 -20    0 3592
520  44.000  51.000  90 -10 2440 2600
521  30.000 150.000  90 -20    0 3605
522 144.000 250.000  90 -20  967 1127
523 171.000  58.000  90 -30 2711 2871
524  99.000  32.000  90 -20    0 3597
525 106.000  34.000  90 -20 1272 1432
526 161.000  62.000  90 -30 1752 1912
527 263.000 169.000  90 -30 2571 2731
528 271.000  32.000  90 -30 2319 2479
529 101.000  31.000  90 -10    0 3597
530 247.000  46.000  90 -10 1984 2144
531 255.000 187.000  90 -20 1007 1167
532  86.000 133.000  90 -30 2548 2708
533 278.000 179.000  90 -40 2094 2254
534 225.000 201.000  90 -20 2594 2754
535 256.000 197.000  90 -20  717  877
536  99.000 124.000  90 -10 3041 3201
537 172.000 146.000  90 -30 2404 2564
538  87.000 234.000  90 -30  392  552
539 248.000 255.000  90 -20 2315 2475
540 154.000 257.000  90 -20    0 3618
541 130.000  38.000  90 -10    0 3612
542 163.000 223.000  90 -20    0 3651
543  57.000 235.000  90 -20 1478 1638
544 251.000 186.000  90 -30    0 3618
545 267.000 265.000  90 -10    0 3561
546 191.000 215.000  90 -40    0 3649
547 187.000 165.000  90 -20    0 3686
548 150.000  16.000  90 -10 3162 3322
549 250.000 234.000  90 -10  330  490
550 186.000 181.000  90 -30 3005 3165
551 263.000  12.000  90 -30    0 3547
552 295.000 254.000  90 -20    0 3547
553 146.000 270.000  90 -30 1693 1853
554  57.000 126.000  90 -10    0 3629
555 117.000  14.000  90 -20 2102 2262
556  78.000 222.000  90 -20    0 3624
557 206.000 171.000  90 -10    0 3666
558  87.000  10.000  90 -30    0 3572
559 192.000 176.000  90 -20 1118 1278
560 210.000 181.000  90 -10 2709 2869
561  43.000 153.000  90 -30    0 3618
562 184.000 267.000  90 -20  800  960
563 222.000 196.000  90 -20 1456 1616
564 233.000 189.000  90 -30    0 3634
565 258.000 213.000  90 -20    0 3600
566 262.000  32.000  90 -30    0 3563
567  66.000 211.000  90 -10 2911 3071
568 254.000 157.000  90 -20    0 3621
569 207.000 201.000  90 -20 3149 3309
570 116.000  21.000  90 -20  796  956
571 139.000 244.000  90 -30  869 1029
572 256.000  38.000  90 -20 1509 1669
573  56.000  43.000  90 -10  926 1086
574 236.000 210.000  90 -40    0 3621
575 246.000 254.000  90 -20 2223 2383
576 245.000  42.000  90 -30    0 3582
577 193.000 175.000  90 -20    0 3676
578 202.000 169.000  90 -30    0 3670
579  78.000 234.000  90 -10 2238 2398
580 137.000 255.000  90 -20    0 3620
581 257.000  41.000  90 -30    0 3573
582 265.000 211.000  90 -20    0 3595
583 238.000 170.000  90 -30 2876 3036
584  63.000 135.000  90 -10  583  743
585  49.000  46.000  90 -20 1024 1184
586 163.000 114.000  90 -10    0 3687
587 178.000 127.000  90 -10    0 3689
588 131.000 254.000  90 -10 2869 3029
589  56.000  57.000  90 -10    0 3593
590 162.000 141.000  90 -30 2891 3051
591  77.000  25.000  90 -20 1467 1627
592  20.000 155.000  90 -20    0 3595
593 173.000 180.000  90 -20 3289 3449
594  90.000  86.000  90 -20 1559 1719
595  78.000 128.000  90 -30    0 3650
596 209.000 173.000  90 -30    0 3662
597 164.000  79.000  90 -30 2914 3074
598  70.000 133.000  90 -30    0 3644
599  56.000 117.000  90 -20    0 3626
600 116.000  18.000  90 -10 2196 2356
601 131.000 261.000  90 -10    0 3613
602 155.000  60.000  90 -20 2125 2285
603 238.000 231.000  90 -10    0 3606
604 234.000 216.000  90 -10 1782 1942
605   3.000 149.000  90 -30 1969 2129
606  42.000 240.000  90 -10    0 3585
607 198.000 182.000  90 -10    0 3668
608 258.000  44.000  90 -20    0 3574
609 150.000 150.000   0   0    0 3815
