304 304 1000 700 1000
  0 150.000 150.000   0   0    0 3815
  1 165.000  85.000  90  10 2972 3388
  2 253.000 198.000  90  20  520 1261
  3  55.000 126.000  90  30  550 1529
  4 131.000  70.000  90  20 1061 1593
  5 243.000  35.000  90  10 2093 2982
  6  97.000  45.000  90  20  341  656
  7  30.000  28.000  90  30 1038 1775
  8 279.000  44.000  90  10  402 1033
  9  97.000  40.000  90  20  379  809
 10  18.000  52.000  90  20 1403 2054
 11 141.000 231.000  90  20   81 1250
 12  83.000 219.000  90  20   96 1103
 13 141.000 210.000  90  20   60  383
 14 173.000  87.000  90  20  411  667
 15 117.000 262.000  90  20 2103 2634
 16  91.000  49.000  90  20 1156 1960
 17 176.000  82.000  90  10  217 1233
 18 239.000 181.000  90  20   94  759
 19 177.000 114.000  90  10  435  805
 20 140.000 231.000  90  20   81  902
 21 102.000  51.000  90  30  110  486
 22 238.000  62.000  90  10  171  828
 23 244.000 235.000  90  10 2177 2942
 24 262.000 257.000  90  20 1542 2108
 25 224.000 155.000  90  20  645 1418
 26 170.000 116.000  90  20   42 1003
 27  28.000 122.000  90  30  125  538
 28 262.000  32.000  90  10 1872 2547
 29  67.000 237.000  90  10  830 1295
 30  34.000  50.000  90  20 2147 2504
 31 186.000 196.000  90  10   58  583
 32  97.000  10.000  90  20 1747 2344
 33  71.000 102.000  90  10  665  811
 34 139.000 244.000  90  20  606 1293
 35  84.000 114.000  90  10 2323 3338
 36 222.000 160.000  90  20  771 1101
 37 125.000   9.000  90  10 2618 2884
 38  17.000 134.000  90  20  199 1018
 39 203.000 200.000  90  10  385  861
 40  19.000 137.000  90  10  449  581
 41 171.000  58.000  90  20 2668 2914
 42 125.000  39.000   0  10  113  906
 43  65.000 233.000  90  20 1711 2539
 44 192.000 251.000  90  40  870 1293
 45 151.000 228.000  90  10   78  883
 46  62.000 132.000  90  20  578 1115
 47  49.000  57.000  90  20 2551 3447
 48 264.000 250.000  90  20  989 1419
 49 193.000 250.000  90  10 1049 1297
 50 225.000 213.000  90  10  354 1153
 51 173.000 144.000  90  20 2268 2516
 52 160.000 111.000   0  20 2778 3685
 53 135.000 270.000  90  20 1479 2453
 54 108.000 103.000  90  10   63  476
 55  78.000 128.000  90  30   75  641
 56 233.000 160.000  90  10  848 1417
 57 207.000 183.000  90  30   65  706
 58 264.000  64.000  90  20 1108 1237
 59  17.000 152.000  90  20 1457 2062
 60 270.000 178.000  90  20 2415 2504
 61 116.000  21.000  90  10  648 1104
 62  28.000  52.000  90  20 1638 2637
 63 254.000 157.000  90  20 1862 2610
 64 141.000  55.000  90  20 1279 1771
 65 152.000 245.000  90  10  340  416
 66  68.000  57.000  90  50  123 1070
 67  91.000 104.000  90  10  105  610
 68  75.000  89.000  90  20  782 1529
 69  87.000 237.000  90  20  188  942
 70   9.000 136.000  90  10  805  981
 71  48.000  36.000  90  10 1167 1427
 72 264.000 181.000  90  10  801 1758
 73 227.000  32.000  90  40 2450 3205
 74  57.000 232.000  90  40 1393 1910
 75 275.000  31.000  90  10  941 1299
 76 206.000 171.000  90  30   59  459
 77  42.000 147.000  90  10  108  441
 78  15.000 138.000  90  20  234 1172
 79 248.000  48.000  90  10 1750 2193
 80  37.000  63.000  90  10 2645 2966
 81  62.000 221.000  90  30 2352 3248
 82 203.000 217.000  90  10   85  978
 83 170.000  89.000  90  10  225  665
 84 258.000 169.000  90  20 2399 3094
 85 183.000 140.000  90  10 1676 2157
 86  74.000 248.000  90  20  740 1000
 87  32.000 128.000  90  20  120  925
 88 227.000 211.000  90  10  481 1211
 89  47.000 141.000  90  10 1533 2480
 90 255.000  64.000  90  30  718 1234
 91 264.000  42.000  90  20 2313 3059
 92 266.000  28.000  90  10 1356 1613
 93   6.000 139.000  90  30  770 1206
 94  87.000 234.000  90  30  105  954
 95 244.000 251.000  90  20 1704 2531
 96 234.000 216.000  90  10 1628 2095
 97 207.000 203.000  90  20   77  966
 98  69.000 239.000  90  10  646 1294
 99 100.000  34.000  90  20  564  817
100 130.000  38.000  90  40  154  445
101  96.000   6.000  90  10 1668 2100
102 180.000 183.000  90  10   44  270
103 171.000 143.000  90  20  123  328
104  49.000  46.000  90  10  700 1508
105 168.000  49.000  90  30 2258 2546
106 153.000  88.000  90  20   86  223
107 199.000 214.000  90  10   80 1017
108 204.000 189.000  90  20  314  388
109 160.000  84.000  90  40   91  597
110  87.000 105.000  90  30  218  684
111 236.000 213.000  90  10 1346 2190
112 274.000 195.000  90  30 1570 1579
113 264.000  39.000  90  20 2473 3271
114 258.000  44.000  90  30 1440 1930
115  57.000  40.000  90  10  473 1353
116  70.000  66.000  90  10  116 1019
117 196.000 191.000  90  30   79  602
118 182.000 144.000  90  20 1741 1903
119 223.000 213.000  90  30  477  847
120  13.000  51.000  90  10 1320 1948
121  59.000 110.000  90  30  478 1206
122 160.000  56.000  90  30 1966 2637
123 101.000  31.000  90  30 1364 1532
124 167.000 256.000  90  20  430  726
125 236.000  65.000  90  40  276  911
126  42.000 240.000  90  30 1118 1788
127 223.000 177.000  90  10 1050 1617
128 115.000  25.000  90  10  723 1409
129  62.000  44.000  90  20  426  785
130 218.000 208.000  90  20  849 1043
131 272.000 185.000  90  10 1958 2768
132  56.000 132.000  90  30  650 1236
133 193.000 194.000  90  30   61  636
134  52.000 153.000  90  30 2548 2667
135 185.000 241.000  90  40  970 1760
136  78.000  39.000  90  30  713 1810
137 142.000 242.000  90  10  683 1029
138 266.000  49.000  90  10  153  628
139 153.000  64.000  90  10 1921 2301
140 169.000 134.000  90  20   24  950
141 242.000 205.000  90  30  217  567
142 160.000 244.000  90  30   94  975
143  34.000  55.000  90  20 1712 2369
144  65.000 217.000  90  10 2614 3176
145 236.000 224.000  90  30 2291 3035
146 173.000  73.000  90  10  529 1119
147 139.000 262.000  90  10  892 1589
148 196.000 158.000  90  30 1632 2128
149  97.000  28.000  90  40  703 1235
150 171.000 253.000  90  10 1658 2021
151 157.000  88.000  90  10   62  576
152 268.000  49.000  90  20  155  888
153 229.000 217.000  90  20 1762 2152
154 225.000  70.000  90  10  109  798
155 249.000  44.000  90  10 1892 2601
156  76.000  30.000  90  20 1019 1703
157 238.000 203.000  90  20  987 2169
158 202.000 178.000  90  10  529 1125
159 153.000 256.000  90  10 1087 1794
160  31.000  63.000  90  20 1672 2213
161 228.000  62.000  90  20  117 1177
162 218.000 197.000  90  10  715 1378
163 256.000  38.000  90  20 1293 1885
164 196.000 178.000  90  10  875 1332
165 233.000 189.000   0  10 1721 1740
166 143.000 108.000  90  10   42  168
167 278.000  42.000  90  10  461  790
168 163.000 256.000  90  10  119  849
169 137.000 255.000  90  10 2553 3152
170  57.000 126.000  90  20  957 1306
171 230.000  59.000  90  10  121  624
172 247.000 243.000  90  30 2144 2778
173 220.000 171.000  90  10  565 1105
174  96.000 110.000  90  10   67  768
175 209.000 173.000  90  10 2128 2583
176  47.000 118.000  90  20 1248 1782
177 209.000 184.000  90  20   68 1323
178  86.000  83.000  90  30  974 1907
179 166.000 261.000  90  10  521  824
180 251.000 219.000  90  20 2090 2420
181 169.000 221.000  90  10 2458 3387
182 106.000  34.000  90  10  920 1783
183  67.000 142.000  90  20  210  740
184  78.000 213.000   0  20 2747 3619
185   0.000 166.000  90  20 2163 2511
186 283.000 195.000  90  30 1299 2048
187  92.000  23.000  90  20 1567 2136
188 132.000 248.000  90  30 3083 3188
189 271.000  32.000  90  20 2236 2562
190 178.000 240.000  90  30 1954 2114
191  45.000  44.000  90  10  712 1685
192 162.000 246.000  90  20  326  613
193 244.000 260.000  90  20 2296 2687
194 261.000  49.000  90  40  150 1023
195 153.000 241.000  90  10   91  817
196 208.000 191.000  90  10  355 1090
197 268.000  19.000  90  20 1602 2058
198 263.000 169.000  90  20 2218 3085
199 175.000  84.000  90  10  370  894
200 261.000 255.000  90  20 1532 2302
201 178.000 127.000  90  10  480 1329
202 217.000 219.000  90  10  204  740
203  96.000  13.000  90  20 1367 2003
204 116.000  34.000  90  20  120 1156
205 184.000 245.000  90  20 1069 1849
206 207.000 209.000  90  10  142  206
207 225.000 201.000  90  20 2234 3113
208  12.000 133.000  90  20  385 1213
209 134.000 273.000  90  10 1773 2548
210 175.000 142.000   0  10 2016 2582
211 261.000  45.000  90  40  742 1823
212 125.000 253.000  90  30 2044 2898
213  22.000 126.000  90  20  130 1229
214  43.000 153.000  90  30 2015 2603
215  74.000  62.000  90  10  116  827
216 236.000  53.000  90  10  260  540
217 143.000 250.000  90  20  603 1674
218  89.000  57.000   0  20  111  956
219 231.000 236.000  90  10 2893 3371
220 247.000  46.000   0  10 1673 2454
221 225.000 191.000  90  10 1304 1961
222 178.000 118.000  90  30  247 1365
223 245.000 240.000  90  20  130  954
224  89.000 102.000   0  30 1618 2419
225 216.000 192.000  90  40  754 1530
226 264.000 194.000  90  20 1060 1704
227 191.000 172.000  90  20 1223 1737
228 199.000 179.000  90  30  583 1257
229   3.000 149.000  90  20 1740 2357
230  99.000  53.000  90  20  109  740
231  83.000 218.000  90  30   95  467
232 243.000 252.000  90  20 1853 2566
233 258.000 213.000  90  20  559 1053
234 149.000 130.000  90  10   20  837
235 251.000 186.000  90  10  736 1249
236 129.000  41.000  90  10  111  914
237  95.000 104.000  90  20   71  819
238 202.000 169.000  90  20 1949 2205
239  77.000  25.000  90  20 1151 1943
240  42.000 123.000  90  20 1242 1982
241  43.000 155.000  90  20 2042 2760
242 239.000 174.000  90  20 1644 2397
243 182.000 130.000  90  10  568 1431
244 235.000 260.000  90  40 2645 3324
245 196.000 194.000  90  20   63 1048
246  98.000  33.000  90  10  645  921
247 232.000 220.000  90  10  107  841
248 292.000  18.000  90  30 1169 1481
249 262.000 237.000  90  20  696 1145
250 250.000 234.000  90  10  130  730
251  59.000 124.000  90  10 2026 2629
252 219.000 174.000  90  30  486  998
253 238.000 231.000  90  10  119  823
254  66.000 139.000  90  20  251  885
255 105.000  21.000  90  30 1790 2926
256 176.000 232.000  90  10 1812 2656
257  70.000 131.000  90  30   82 1218
258 165.000 269.000  90  20  522 1019
259 236.000 210.000  90  30  943 2407
260 220.000 187.000  90  30  349  930
261 273.000  18.000  90  20 1218 1837
262 223.000 204.000  90  20 2575 3296
263  87.000  10.000  90  30 1421 2147
264 122.000  32.000  90  20  262 1101
265 150.000 240.000  90  30  686  830
266 259.000  71.000  90  20  795 1353
267 231.000 260.000  90  30 2838 3318
268  53.000  28.000  90  10  551 1069
269 259.000 202.000  90  40 1250 1684
270 264.000 249.000  90  20  849 1376
271 263.000  43.000  90  30 2591 2963
272 196.000 192.000  90  20  218  645
273 171.000 141.000  90  30   90  545
274  53.000 225.000  90  10 1519 1979
275 262.000  50.000  90  30  150 1067
276  59.000 243.000  90  30  880 1630
277  57.000 235.000  90  10 1278 1838
278 245.000 197.000  90  20  105  937
279   1.000 152.000  90  20 1782 2502
280  78.000 114.000  90  10   80  507
281  76.000  59.000  90  20  117 1238
282 154.000  78.000  90  10  369 1686
283 158.000 136.000  90  10   16  566
284 176.000 117.000  90  40  141 1286
285  73.000  49.000  90  10  330  676
286  26.000 168.000  90  20 2533 3127
287  92.000  28.000  90  20  629 1498
288 208.000 174.000  90  10 2145 2385
289  80.000  84.000  90  20  935 1754
290 141.000   3.000  90  10 2903 3189
291  93.000  77.000  90  30 1193 1886
292 170.000 255.000  90  10 1604 1889
293 191.000 151.000  90  30 1492 1747
294 270.000  23.000  90  30 1703 2331
295  14.000 160.000  90  30 1991 3083
296  70.000 128.000  90  20 2174 2685
297 195.000 253.000  90  10  653 1323
298 243.000 199.000  90  10 2411 2511
299 241.000 209.000  90  10  199  774
300 123.000  44.000  90  20  109  921
301  86.000 232.000  90  10  158  602
302 205.000 191.000  90  20   68 1039
303 253.000  64.000  90  20  668 1101
304 117.000  14.000  90  10 1892 2472
305 167.000 110.000  90 -10 3077 3513
306 256.000 197.000  90 -20  305 1289
307  29.000 137.000  90 -30  956 1797
308 170.000  69.000  90 -20 2631 3155
309 226.000  56.000  90 -10 2899 3163
310  41.000  63.000  90 -20 2546 3252
311  49.000  56.000  90 -30 2807 3374
312 252.000  50.000  90 -10 1563 2190
313 124.000  13.000  90 -20 2366 2768
314  52.000  59.000  90 -20 3181 3563
315 141.000 266.000  90 -20  882 1789
316  80.000 255.000  90 -20  686  855
317 152.000 247.000  90 -20  190  948
318 153.000  74.000  90 -20 1444 2011
319 132.000 253.000  90 -20 2849 3231
320  86.000 100.000  90 -20 1571 2280
321 142.000  82.000  90 -10  718 1723
322 252.000 218.000  90 -20  456  960
323 187.000 165.000  90 -10 1244 1601
324 116.000 272.000  90 -20 2137 2400
325  92.000  52.000  90 -30  189  612
326 276.000  22.000  90 -10  708 1730
327 233.000 224.000  90 -10 2626 3074
328 246.000 254.000  90 -20 2011 2594
329 192.000 152.000  90 -20  995 1641
330 145.000  63.000  90 -20 1334 1913
331  71.000 159.000  90 -30 2898 3304
332 266.000  33.000  90 -10 2143 2465
333  78.000 222.000  90 -10 2316 2892
334  40.000  60.000  90 -20 2334 3087
335 227.000 187.000  90 -10  986 1696
336 115.000   2.000  90 -20 1865 2445
337  50.000 104.000  90 -10  732 1154
338 146.000 270.000  90 -20 1298 2249
339  92.000 114.000  90 -10 2609 3430
340 197.000 178.000  90 -20  567 1458
341 138.000  17.000  90 -10 2851 3592
342  28.000 147.000  90 -20 1281 1672
343 221.000 213.000  90 -10  173  966
344   3.000 159.000  90 -10 2022 2458
345 153.000 144.000  90 -20 3007 3134
346 125.000  39.000  90 -10  113  906
347  78.000 234.000  90 -20 2178 2459
348 182.000 245.000  90 -40 1108 1994
349 143.000 236.000  90 -10  110  425
350  50.000 139.000  90 -20 1636 2190
351  99.000 124.000  90 -20 2609 3633
352 269.000 257.000  90 -20 1236 2038
353 178.000 218.000  90 -10 2494 3151
354 232.000 199.000  90 -10 2519 2971
355 172.000 146.000  90 -20 2281 2687
356 160.000 111.000  90 -20 2778 3685
357 132.000 262.000  90 -20 1928 3217
358  90.000  86.000  90 -10 1238 2040
359  70.000 133.000  90 -30   81  949
360 185.000 180.000  90 -10 2878 3474
361 226.000 164.000  90 -30  718 1742
362 225.000  51.000  90 -20 2674 3198
363   0.000 169.000  90 -20 2040 2821
364 163.000 150.000  90 -20 2518 3226
365 123.000  63.000  90 -10 2412 3314
366  31.000  48.000  90 -20 1952 2513
367 162.000 157.000  90 -20 2163 3388
368 157.000  62.000  90 -20 1794 2057
369 149.000 244.000  90 -10  314 1013
370  92.000  90.000  90 -50 1502 1964
371  57.000 119.000  90 -10 1081 1565
372  56.000 117.000  90 -20 1334 1497
373  79.000 238.000  90 -20  542  784
374  20.000 146.000  90 -10  552 1634
375  44.000  51.000  90 -10 2235 2805
376 273.000 184.000  90 -10 1791 2752
377 165.000  83.000  90 -40 2604 3572
378  64.000 234.000  90 -40 1606 2462
379 284.000  12.000  90 -10 1241 1609
380 245.000 233.000  90 -30 2310 2411
381   7.000 144.000  90 -10 1436 2288
382  24.000 141.000  90 -20  905 1655
383 241.000  46.000  90 -10 1865 2824
384  56.000  57.000  90 -10 2752 3593
385  66.000 211.000  90 -30 2522 3459
386 229.000 186.000  90 -10 1332 1537
387 149.000  82.000  90 -10  657 1590
388 251.000 180.000  90 -20 2796 2903
389 172.000 148.000  90 -10 2358 2794
390  61.000 237.000  90 -20 1081 1236
391  23.000 144.000  90 -20  789 1585
392 222.000 196.000  90 -10 1200 1873
393  37.000 149.000  90 -10 1569 2649
394 290.000  49.000  90 -30  487 1153
395 257.000  41.000  90 -20 2924 3385
396 272.000  41.000  90 -10 2167 3008
397  18.000 151.000  90 -30 1110 2225
398  78.000 223.000  90 -30 2269 2757
399 241.000 276.000  90 -20 2237 3150
400 231.000 235.000  90 -10 2821 3260
401 259.000 235.000  90 -20  225  792
402  61.000 232.000  90 -10 1789 2091
403 122.000   5.000  90 -20 2698 2995
404  75.000  28.000  90 -40 1308 1597
405 111.000  10.000  90 -10 1788 2382
406 239.000 188.000  90 -10 1726 1927
407 184.000 163.000  90 -20 1299 1733
408  76.000 110.000  90 -10 1701 2547
409 169.000  56.000  90 -30 2160 2838
410 110.000  47.000  90 -20 2466 3038
411 239.000 201.000  90 -10 1994 3117
412 212.000 190.000  90 -20  460  621
413 122.000  24.000  90 -40  521 1039
414  83.000 105.000  90 -30  439  651
415 220.000 231.000  90 -10 3153 3496
416 266.000 172.000  90 -30 2239 2876
417 261.000  39.000  90 -20 2763 3356
418 252.000  44.000  90 -30 1709 1853
419  64.000  30.000  90 -10  313 1105
420  87.000 114.000  90 -10 2575 2900
421 177.000 160.000  90 -30 1368 1993
422 189.000 138.000  90 -20 1194 2252
423 228.000 200.000  90 -30 2540 3138
424  41.000  46.000  90 -10 1801 3047
425  86.000 133.000  90 -30 2337 2920
426 179.000  59.000  90 -30 2219 2980
427  96.000  17.000  90 -30 1763 2134
428 178.000 247.000  90 -20 1390 1901
429 156.000  63.000  90 -40 1715 2320
430  72.000 234.000  90 -30 2029 2415
431 190.000 157.000  90 -10 1695 1872
432 101.000  29.000  90 -10 2345 2568
433  52.000  80.000  90 -20 2533 3605
434 239.000 177.000  90 -20 1466 2389
435 238.000 170.000  90 -10 2825 3086
436  60.000 143.000  90 -30 2486 3119
437 255.000 187.000  90 -30  964 1210
438  58.000 161.000  90 -30 2052 2964
439 182.000 236.000  90 -40 2182 3038
440  83.000  35.000  90 -30  604 1726
441 115.000 235.000  90 -10 3013 3634
442 285.000  30.000  90 -10  733 1127
443 179.000  62.000  90 -10 2329 3056
444 268.000  43.000  90 -20 1082 1676
445 259.000 212.000  90 -30  163 1026
446 168.000 237.000  90 -30 1871 2397
447  53.000  57.000  90 -20 2968 3591
448  68.000 211.000  90 -10 2779 3387
449 196.000 190.000  90 -30 3012 3658
450 155.000  60.000  90 -10 1962 2447
451 134.000 279.000  90 -10 1665 2465
452 215.000 168.000  90 -30 2181 2727
453 116.000  18.000  90 -40 1912 2640
454 136.000 272.000  90 -10 1569 2178
455 108.000  27.000  90 -10  834 1675
456 284.000  30.000  90 -20  933 1108
457 226.000 232.000  90 -20 3018 3439
458 165.000  69.000  90 -10  614 1232
459 234.000  38.000  90 -10 2472 2983
460 135.000  23.000  90 -20 3076 3598
461 235.000 219.000  90 -20 1882 2417
462 283.000 180.000  90 -10 1767 2392
463 154.000 257.000  90 -10 1434 1630
464  39.000  57.000  90 -20 2037 3198
465 252.000  60.000  90 -20  136 1566
466 222.000 197.000  90 -10  792 1688
467 163.000 114.000  90 -20 3424 3549
468 176.000 136.000  90 -10 1899 2129
469 233.000 189.000  90 -10 1721 1740
470 124.000  10.000  90 -10 2052 3267
471 256.000  15.000  90 -10 1428 2027
472 184.000 267.000  90 -10  708 1053
473 133.000 246.000  90 -10 3034 3421
474  39.000 129.000  90 -20 1285 2131
475 245.000  42.000  90 -10 2251 2630
476 191.000 188.000  90 -30 2223 3670
477 198.000 182.000  90 -10 2633 3148
478  63.000  89.000  90 -10  823 1284
479 210.000 181.000  90 -10 2708 2870
480  30.000 150.000  90 -20 2072 2340
481 204.000 171.000  90 -20 1833 2507
482  74.000 109.000  90 -30 1914 2518
483 182.000 233.000  90 -10 2222 2813
484 207.000 201.000  90 -20 2946 3511
485 165.000 187.000  90 -10 3324 3615
486 104.000  15.000  90 -10 1465 2506
487  34.000 135.000  90 -20 1551 2061
488  78.000 213.000  90 -20 2747 3619
489  26.000 161.000  90 -20 2288 3178
490 299.000 177.000  90 -30 1762 2183
491 104.000  18.000  90 -20 1718 2812
492 122.000 246.000  90 -30 2957 3625
493 266.000  37.000  90 -20 2878 3050
494 193.000 224.000  90 -30 2489 2944
495  56.000  43.000  90 -10  766 1247
496 163.000 223.000  90 -20 2890 3147
497 191.000 215.000  90 -20 2991 3649
498 276.000  38.000  90 -40  355  708
499 172.000 249.000  90 -10 1545 2322
500 246.000 187.000  90 -10  102  915
501 271.000  34.000  90 -20 2284 2697
502 174.000 155.000  90 -20 2145 3202
503 161.000  62.000  90 -10 1649 2014
504 248.000 255.000  90 -20 2044 2747
505 192.000 176.000  90 -10  812 1585
506 295.000 254.000  90 -10  964 1872
507 125.000  23.000  90 -20 2054 2698
508 116.000  35.000  90 -20  362  627
509 180.000 227.000  90 -20 2137 2524
510 263.000 248.000  90 -10  974 1068
511 192.000 185.000  90 -20 2645 3331
512   6.000 146.000  90 -20 1362 2547
513 131.000 261.000  90 -10 2215 3112
514 175.000 142.000  90 -10 2016 2582
515 248.000  45.000  90 -40 1895 2416
516 137.000 256.000  90 -30 2495 3028
517  25.000 150.000  90 -20 1135 2006
518  68.000 164.000  90 -30 2924 3088
519  75.000  85.000  90 -10  923 1576
520 252.000  62.000  90 -10  388 1195
521 144.000 250.000  90 -20  750 1345
522  89.000  57.000  90 -20  111  956
523 214.000 210.000  90 -10 2746 3510
524 247.000  46.000  90 -10 1673 2454
525 255.000 178.000  90 -10 2004 2691
526 176.000 140.000  90 -30 1921 2492
527 239.000 262.000  90 -20 2445 3335
528  89.000 102.000  90 -30 1618 2419
529 260.000 180.000  90 -40  718 1652
530 284.000 184.000  90 -20 1747 1985
531 191.000 168.000  90 -20 1187 1962
532 162.000 141.000  90 -30 2892 3050
533  23.000 163.000  90 -20 2623 3229
534   3.000  34.000  90 -20 1204 1844
535  85.000 222.000  90 -30   99  462
536 242.000 263.000  90 -20 2453 3141
537 265.000 211.000  90 -20  384  997
538 114.000  27.000  90 -10 1027 1291
539 281.000 187.000  90 -10 1455 2088
540 143.000   6.000  90 -10 2412 3581
541  73.000 104.000  90 -20  306  984
542 186.000 181.000  90 -20 3057 3112
543  77.000  11.000  90 -20 1362 1939
544  53.000 145.000  90 -20 2408 3003
545  65.000 152.000  90 -20 2867 2940
546 231.000 170.000  90 -20 1865 2375
547 196.000 129.000  90 -10  800 1408
548 214.000 239.000  90 -40 3276 3573
549 263.000 195.000  90 -20  962 1986
550  99.000  32.000  90 -10  545 1203
551 287.000 246.000  90 -10 1057 1576
552 263.000  12.000  90 -30 1291 1968
553 267.000 265.000  90 -20 1143 1933
554 250.000 264.000  90 -10 2185 2993
555 108.000 131.000  90 -10 3065 3568
556 197.000 174.000  90 -30  964 1803
557 267.000 255.000  90 -10 1393 2066
558  64.000 134.000  90 -20  551  957
559 114.000  43.000  90 -30 2614 2699
560 180.000 231.000  90 -10 2153 2696
561  63.000 135.000  90 -30  416  909
562 188.000 244.000  90 -20  896 1645
563 233.000 228.000  90 -30 2745 3143
564 201.000 154.000  90 -30  831 1608
565 252.000  37.000  90 -20 2991 3511
566 221.000 203.000  90 -20 2595 3461
567 133.000   1.000  90 -30 2640 3255
568  89.000  24.000  90 -20 1331 2186
569 131.000 254.000  90 -30 2508 3389
570 240.000  38.000  90 -20 2240 3024
571 173.000 180.000  90 -30 2767 3688
572  13.000  66.000  90 -10 1725 1943
573 237.000 222.000  90 -40 2542 2969
574 250.000 247.000  90 -20 1785 2256
575 214.000  51.000  90 -30 2783 3485
576 278.000 179.000  90 -20 1806 2542
577 177.000 132.000  90 -30 1703 2514
578  71.000 222.000  90 -10 2504 2897
579 272.000  21.000  90 -30 1560 2288
580  58.000 230.000  90 -30 1692 2001
581  81.000 223.000  90 -10 2241 2599
582 227.000 221.000  90 -20 1788 2314
583  38.000 163.000  90 -20 2431 3613
584  62.000 122.000  90 -10  953 1501
585  87.000  96.000  90 -20 1627 2035
586 111.000  22.000  90 -10  520 1422
587 135.000  65.000  90 -10 1278 1569
588 193.000 175.000  90 -40 1116 1463
589  50.000  80.000  90 -10 2715 3603
590  37.000 165.000  90 -20 2723 3337
591 126.000  20.000  90 -20 2189 2750
592 182.000 178.000  90 -10 3123 3417
593 109.000 126.000  90 -20 2925 3519
594 141.000  33.000  90 -10 3340 3608
595  87.000 112.000  90 -30 2452 3396
596 168.000 287.000  90 -10 1224 2087
597 230.000 182.000  90 -30 2290 2838
598 270.000  25.000  90 -30 1836 2383
599  20.000 155.000  90 -30 2119 3150
600  71.000 126.000  90 -20 2298 2745
601 189.000 232.000  90 -10 2817 3635
602 237.000 203.000  90 -10 2415 2883
603 251.000 222.000  90 -10  389  839
604 103.000  35.000  90 -20 2264 2842
605  53.000 243.000  90 -10 1081 1622
606 195.000 168.000  90 -20 1604 2356
607 164.000  79.000  90 -20 2598 3391
608 150.000  16.000  90 -10 2889 3591
609 150.000 150.000   0   0    0 3815
