307 307 1000 700 1000
  0 150.000 150.000   0   0    0 3815
  1 253.000 198.000  90  20  726 1055
  2  55.000 126.000  90  30  634 1444
  3 131.000  70.000  90  20  912 1742
  4  97.000  45.000  90  20  117  960
  5 279.000  44.000  90  10  166 1283
  6  97.000  40.000  90  20  406  781
  7  18.000  52.000  90  20 1576 1882
  8 272.000  21.000  90  20 1368 2481
  9  64.000  30.000  90  20  457  961
 10 141.000 231.000  90  20   81  845
 11  50.000 104.000  90  20  384 1503
 12 182.000 178.000   0  20 2990 3550
 13  66.000 211.000   0  10 1861 3622
 14  83.000 219.000  90  20   96  950
 15 141.000 210.000  90  20   60  583
 16 173.000  87.000  90  20  127  951
 17 260.000 180.000  90  10  591 1780
 18 117.000 262.000   0  20 1774 2964
 19  91.000  49.000  90  20 1235 1881
 20 239.000 181.000  90  20   94  401
 21  34.000 135.000  90  20 1512 2101
 22 140.000 231.000  90  20   81  317
 23 142.000  82.000  90  20  852 1589
 24 102.000  51.000  90  30  110 1429
 25 238.000  62.000  90  10  315  685
 26 261.000  39.000  90  20 2826 3294
 27 125.000  23.000  90  10 1993 2760
 28  92.000  52.000  90  20  113  731
 29 136.000 272.000  90  30 1504 2243
 30  75.000  28.000  90  30  680 2225
 31 224.000 155.000  90  20  321 1742
 32 154.000 257.000  90  10  975 2089
 33  83.000 105.000  90  20  290  801
 34  34.000  50.000  90  20 1879 2773
 35 186.000 196.000  90  10   58  841
 36  71.000 102.000  90  10  125 1351
 37 139.000 244.000  90  20  345 1553
 38 222.000 160.000  90  20  234 1639
 39 237.000 203.000  90  20 2039 3259
 40  17.000 134.000  90  20  358  860
 41 203.000 200.000  90  10  178 1067
 42  19.000 137.000  90  10  131 1173
 43 263.000 248.000  90  10  528 1514
 44  80.000 255.000  90  10  655  885
 45 125.000  39.000  90  10  160  629
 46   0.000 169.000  90  20 2155 2706
 47 287.000 246.000  90  40 1176 1457
 48 192.000 251.000  90  40  885 1278
 49 143.000   6.000   0  20 2878 3401
 50 151.000 228.000  90  10   78  995
 51 271.000  34.000  90  20 2109 2872
 52  62.000 132.000  90  20  306 1388
 53 214.000 210.000  90  10 2321 3638
 54  60.000 143.000  90  20 2789 2816
 55 138.000  17.000  90  10 3222 3466
 56 264.000 250.000  90  20  860 1548
 57 193.000 250.000  90  10  669 1676
 58 225.000 213.000  90  10  335 1172
 59 173.000 144.000  90  20 2075 2709
 60 135.000 270.000  90  20 1426 2505
 61 108.000 103.000  90  10   63  961
 62  78.000 128.000  90  30   75 1203
 63 233.000 160.000  90  10  727 1538
 64  52.000  59.000  90  20 2726 3592
 65 134.000 279.000  90  30 1581 2548
 66 207.000 183.000  90  30   65  497
 67 153.000 144.000   0  30 2815 3326
 68 270.000 178.000  90  20 1995 2925
 69  86.000 100.000  90  20 1828 2023
 70  49.000  56.000  90  10 2626 3554
 71  39.000 129.000  90  10 1194 2222
 72  28.000  52.000  90  20 1813 2462
 73 141.000  55.000  90  20 1169 1881
 74 266.000 172.000  90  20 1991 3123
 75  68.000  57.000  90  50  123 1175
 76  91.000 104.000  90  10   74 1044
 77 299.000 177.000  90  20 1657 2288
 78  71.000 222.000  90  20 2099 3302
 79  87.000 237.000  90  20  405  726
 80   9.000 136.000  90  10  415 1372
 81 264.000 181.000  90  10  909 1650
 82  57.000 232.000  90  40 1331 1971
 83  23.000 144.000  90  10  877 1496
 84 275.000  31.000  90  10  673 1566
 85 206.000 171.000  90  30   59  920
 86  42.000 147.000  90  10  108 1107
 87  56.000  43.000  90  20  734 1278
 88 203.000 217.000  90  10   85  697
 89 170.000  89.000  90  10  250  641
 90 258.000 169.000  90  20 2584 2909
 91 201.000 154.000  90  40  962 1476
 92  71.000 159.000   0  10 2770 3432
 93  74.000 248.000  90  20  639 1101
 94  32.000 128.000  90  20  120  481
 95 227.000 211.000  90  10  299 1394
 96 255.000  64.000  90  30  775 1178
 97 266.000  28.000  90  10 1124 1845
 98   6.000 139.000  90  30  919 1057
 99 256.000  15.000  90  20 1446 2009
100 290.000  49.000  90  10  672  968
101 207.000 203.000  90  20   77  862
102  81.000 223.000  90  10 1849 2990
103 234.000  38.000  90  20 2286 3169
104 221.000 203.000  90  10 2555 3500
105  69.000 239.000  90  10  571 1369
106 100.000  34.000  90  20  152 1229
107 130.000  38.000  90  40  280  319
108  62.000 122.000  90  20  839 1615
109  96.000   6.000  90  10 1556 2212
110 180.000 183.000  90  10   44  976
111 212.000 190.000  90  10   73 1316
112  64.000 234.000  90  10 1935 2133
113 171.000 143.000  90  20   22  671
114  49.000  46.000  90  10  545 1662
115  64.000 134.000  90  10  378 1130
116 153.000  88.000  90  20   62  368
117 199.000 214.000  90  10  127  420
118  90.000  86.000  90  30 1062 2216
119  87.000 105.000  90  30   77 1610
120 274.000 195.000  90  30 1189 1961
121  57.000  40.000  90  10  291 1535
122  70.000  66.000  90  10  116  760
123 196.000 191.000  90  30   61 1031
124 223.000 213.000  90  30  175 1148
125 189.000 232.000  90  10 2941 3635
126 180.000 231.000  90  30 2017 2831
127 161.000  62.000  90  20 1649 2014
128 101.000  31.000  90  30 1232 1664
129 177.000 132.000  90  20 1970 2246
130 236.000  65.000  90  40  300  887
131  42.000 240.000  90  30 1087 1819
132 153.000  74.000  90  10 1060 2395
133 220.000 231.000  90  10 3226 3423
134 115.000  25.000  90  10  723 1410
135  62.000  44.000  90  20  372  838
136 143.000 236.000  90  10   86 1014
137 197.000 178.000  90  20  578 1448
138  83.000  35.000  90  20  778 1553
139  56.000 132.000  90  30  512 1374
140 273.000 184.000  90  20 1914 2628
141  78.000  39.000  90  30  760 1762
142  37.000 149.000  90  10 1914 2305
143 196.000 129.000  90  20  696 1511
144 266.000  49.000  90  10  153  861
145 144.000 250.000  90  10  737 1358
146 153.000  64.000  90  10 1722 2500
147  96.000  17.000  90  10 1548 2349
148 169.000 134.000  90  20   24  996
149 242.000 205.000  90  30  107 1211
150 160.000 244.000  90  30   94  724
151 236.000 224.000  90  30 2345 2981
152 196.000 158.000  90  30 1322 2437
153 157.000  88.000  90  10   62  874
154 229.000 217.000  90  20 1721 2192
155 141.000 266.000  90  20  464 2207
156 225.000  70.000  90  10  109  764
157 249.000  44.000  90  10 1920 2572
158 155.000  60.000  90  10 1953 2456
159 202.000 178.000  90  10   59 1667
160 153.000 256.000  90  10 1043 1838
161  31.000  63.000  90  20 1749 2135
162 228.000  62.000  90  20  117 1015
163 115.000   2.000  90  40 1473 2838
164 233.000 224.000  90  10 2835 2864
165 256.000  38.000  90  20  940 2238
166 196.000 178.000  90  10  508 1699
167 265.000 211.000  90  10  130 1663
168 257.000  41.000  90  10 2634 3573
169 233.000 189.000  90  10 1444 2018
170 143.000 108.000  90  10   42  862
171 278.000  42.000  90  10  167 1141
172 163.000 256.000  90  10  106 1206
173 137.000 255.000  90  10 2439 3266
174 267.000 255.000  90  20 1330 2129
175 230.000  59.000  90  10  121 1813
176  92.000  90.000  90  10 1556 1911
177  96.000 110.000  90  10   67  761
178 116.000  18.000  90  20 1987 2564
179  47.000 118.000  90  20 1060 1970
180 209.000 184.000  90  20   68  631
181 114.000  43.000  90  20 1937 3376
182  86.000  83.000  90  30 1368 1512
183 166.000 261.000  90  10  205 1141
184 251.000 219.000  90  20 1808 2702
185 106.000  34.000  90  10  880 1823
186  67.000 142.000  90  20   83 1461
187   0.000 166.000  90  20 1996 2679
188 242.000 263.000  90  10 2019 3575
189  92.000  23.000  90  20 1708 1995
190 271.000  32.000  90  20 1763 3035
191  45.000  44.000  90  10  575 1821
192 162.000 246.000  90  20   96 1310
193 244.000 260.000  90  20 2294 2689
194 122.000  24.000  90  20  539 1021
195 261.000  49.000  90  40  150 1134
196 208.000 191.000  90  10  687  758
197 252.000  50.000   0  30 1433 2320
198 195.000 168.000  90  20 1445 2515
199 228.000 200.000  90  10 2590 3088
200 175.000  84.000  90  10  501  763
201 261.000 255.000  90  20 1367 2468
202  23.000 163.000  90  20 2548 3304
203 178.000 127.000  90  10  548 1261
204 259.000 212.000  90  10  319  869
205 217.000 219.000  90  10   96  959
206 116.000  34.000  90  20  120 1064
207 246.000 187.000  90  10  102 1401
208 184.000 245.000  90  20 1239 1679
209 149.000  82.000  90  20  751 1496
210 248.000 255.000  90  40 2092 2698
211  79.000 238.000  90  20  336  990
212 266.000  33.000  90  20 1730 2877
213  12.000 133.000  90  20  638  960
214  24.000 141.000  90  20  769 1792
215 192.000 152.000  90  30  834 1803
216  74.000  62.000  90  10  116  963
217 236.000  53.000  90  10  129  737
218 116.000  35.000  90  10  119 1961
219  28.000 147.000  90  20  902 2052
220 157.000  62.000  90  30 1533 2318
221  89.000  57.000  90  20  222  387
222 247.000  46.000  90  10 1771 2356
223 225.000 191.000  90  10  995 2269
224 114.000  27.000  90  20  239 2078
225 178.000 118.000  90  30  253 1359
226 255.000 178.000  90  30 2027 2668
227 245.000 240.000  90  20  130 1203
228 188.000 244.000  90  10  851 1690
229 227.000 187.000  90  20 1124 1558
230  89.000 102.000  90  30 1644 2393
231 216.000 192.000  90  40  530 1755
232 264.000 194.000  90  20 1042 1722
233 191.000 172.000  90  20 1076 1884
234 199.000 179.000  90  30  534 1307
235  99.000  53.000  90  20  109  460
236  83.000 218.000  90  30   95 1078
237 132.000 253.000  90  10 2833 3247
238 258.000 213.000  90  20  221 1391
239 149.000 130.000  90  10   20 1098
240 251.000 186.000  90  10  366 1619
241 149.000 244.000  90  20  432  895
242 295.000 254.000  90  40 1405 1432
243  95.000 104.000  90  20   71  786
244 178.000 218.000  90  20 2404 3241
245  53.000 243.000  90  20 1076 1627
246  42.000 123.000  90  20 1076 2148
247 172.000 249.000  90  30 1422 2445
248 239.000 188.000  90  30 1540 2113
249 259.000 235.000  90  10  138 1298
250 163.000 150.000   0  10 2488 3256
251 196.000 194.000  90  20  222  825
252  98.000  33.000  90  10  158 1408
253 232.000 220.000  90  10  107 1180
254 292.000  18.000  90  30  473 2177
255 250.000 234.000  90  10  130 1090
256  75.000  85.000  90  20  624 1874
257 178.000 247.000  90  30 1156 2134
258  59.000 124.000  90  10 1790 2866
259 219.000 174.000  90  30  281 1203
260 238.000 231.000  90  10  119  613
261 176.000 232.000  90  10 1995 2472
262  70.000 131.000  90  30   82 1019
263 165.000 269.000  90  20  372 1169
264 222.000 197.000  90  20  771 1709
265 220.000 187.000  90  30   79 1520
266 251.000 222.000  90  20  124 1164
267  61.000 237.000  90  10  437 1880
268 229.000 186.000  90  20  854 2014
269   3.000  34.000   0  20 1224 1824
270 273.000  18.000  90  20 1168 1888
271 150.000 240.000  90  30  743  772
272 259.000  71.000  90  20  585 1563
273 231.000 260.000   0  30 2786 3370
274  53.000  28.000  90  10  741  880
275 284.000  12.000  90  10 1049 1801
276 263.000  43.000   0  30 2513 3041
277 196.000 192.000  90  20   62 1443
278 171.000 141.000  90  30   22  762
279  53.000 225.000  90  10 1468 2030
280  99.000 124.000  90  10 2726 3517
281 262.000  50.000  90  30  150  671
282 245.000 197.000  90  20  105  608
283  78.000 114.000  90  10   80  485
284  76.000  59.000  90  20  236  375
285  63.000 135.000   0  30  425  901
286 158.000 136.000  90  10   16 1110
287 104.000  18.000  90  10 1536 2994
288 176.000 117.000  90  40   71 1355
289  73.000  49.000  90  10  127 1143
290  92.000  28.000  90  20 1055 1072
291 192.000 185.000   0  20 2162 3671
292  93.000  77.000  90  30  948 2131
293  70.000 133.000  90  20   81 1034
294 170.000 255.000  90  10 1332 2161
295  14.000 160.000  90  30 2223 2850
296  70.000 128.000  90  20 2274 2585
297 111.000  10.000  90  10 1859 2310
298 195.000 253.000  90  10  861 1114
299 241.000 209.000  90  10  190  782
300 123.000  44.000  90  20  109  822
301   7.000 144.000  90  30 1430 2295
302  86.000 232.000  90  10  287  473
303 205.000 191.000  90  20  236  651
304  30.000 150.000  90  10 1623 2790
305 177.000 160.000  90  10 1246 2115
306 253.000  64.000  90  20  508 1261
307 187.000 165.000   0  10  872 1972
308 284.000 184.000  90 -20 1569 2163
309  29.000 137.000  90 -30 1010 1744
310  76.000 110.000  90 -20 1643 2606
311  97.000  28.000  90 -20  546 1391
312 276.000  38.000  90 -10  168 1414
313  77.000  11.000  90 -20 1308 1994
314  40.000  60.000  90 -20 2587 2834
315 264.000  39.000  90 -20 2062 3566
316  44.000  51.000  90 -20 2383 2656
317 152.000 245.000  90 -20   95 1305
318 171.000  58.000  90 -20 2390 3193
319 182.000 178.000  90 -20 2990 3550
320  66.000 211.000  90 -10 1861 3622
321  85.000 222.000  90 -20   97 1735
322 165.000 187.000  90 -20 2924 3686
323 165.000  69.000  90 -20  701 1145
324 283.000 180.000  90 -10 1667 2491
325 117.000 262.000  90 -20 1774 2964
326  74.000 109.000  90 -20 1962 2471
327 281.000 187.000  90 -20 1367 2176
328  50.000 139.000  90 -20 1797 2028
329 142.000 242.000  90 -20  165 1547
330  71.000 126.000  90 -20 2396 2647
331 122.000  32.000  90 -30  631  733
332 252.000  60.000  90 -10  213 1186
333 252.000  37.000  90 -20 2750 3573
334 126.000  20.000  90 -10 1937 3001
335  77.000  25.000  90 -20  905 2189
336 131.000 261.000  90 -30 2572 2756
337  87.000  10.000  90 -30 1298 2270
338 231.000 170.000  90 -20 1803 2436
339 171.000 253.000  90 -10 1634 2045
340  73.000 104.000  90 -20   89 1557
341  41.000  63.000  90 -20 1709 3586
342 218.000 208.000  90 -10  909  982
343 165.000  83.000  90 -10 2787 3390
344 139.000 262.000  90 -20  424 2057
345 198.000 182.000  90 -20 2513 3269
346 207.000 201.000  90 -20 3102 3355
347  68.000 164.000  90 -20 2038 3642
348 162.000 157.000  90 -10 2543 3007
349  17.000 152.000  90 -10 1246 2272
350 267.000 265.000  90 -10  751 2325
351  78.000 223.000  90 -10 2202 2823
352 145.000  63.000  90 -10 1100 2147
353  26.000 161.000  90 -20 2293 3173
354 244.000 251.000  90 -40 1372 2864
355 122.000 246.000  90 -40 3034 3623
356 143.000   6.000  90 -20 2878 3401
357 153.000 241.000  90 -10   91  638
358 266.000  37.000  90 -20 2535 3393
359  43.000 153.000  90 -20 2103 2516
360 191.000 188.000  90 -10 2508 3670
361  86.000 133.000  90 -20 2241 3015
362 141.000  33.000  90 -10 2960 3608
363 250.000 247.000  90 -20 1651 2391
364 182.000 245.000  90 -10  876 2227
365 231.000 236.000  90 -10 2345 3607
366 172.000 146.000  90 -20 2200 2768
367 133.000 246.000  90 -20 3038 3417
368  76.000  30.000  90 -10  817 1905
369  66.000 139.000  90 -30   84 1156
370 251.000 180.000  90 -10 2219 3479
371  50.000  80.000  90 -20 2838 3603
372 131.000 254.000  90 -30 2729 3169
373 204.000 189.000  90 -30  218  484
374 153.000 144.000  90 -30 2815 3326
375 230.000 182.000  90 -20 1947 3181
376 160.000  56.000  90 -20 2178 2425
377 108.000 131.000  90 -10 2714 3679
378  53.000 145.000  90 -10 2241 3170
379  41.000  46.000  90 -20 1676 3173
380 240.000  38.000  90 -20 2335 2929
381 263.000 169.000  90 -20 2264 3039
382  13.000  66.000  90 -50 1710 1958
383 165.000  85.000  90 -10 2808 3552
384 225.000 201.000  90 -20 2412 2935
385  68.000 211.000  90 -20 2769 3396
386  67.000 237.000  90 -20  753 1372
387   6.000 146.000  90 -10 1596 2312
388 223.000 204.000  90 -10 2798 3073
389  65.000 233.000  90 -40 1951 2299
390  20.000 155.000  90 -10 1959 3310
391 276.000  22.000  90 -10  790 1647
392 218.000 197.000  90 -30  661 1432
393  22.000 126.000  90 -10  163  665
394  49.000  57.000  90 -20 2626 3372
395 221.000 213.000  90 -10  171  968
396  34.000  55.000  90 -10 1806 2275
397 185.000 180.000  90 -20 2624 3679
398 191.000 151.000  90 -40 1225 2015
399  71.000 159.000  90 -10 2770 3432
400  59.000 243.000  90 -20  807 1704
401  15.000 138.000  90 -20  424  983
402 234.000 216.000  90 -10 1388 2336
403 264.000  64.000  90 -30  915 1431
404 262.000  32.000  90 -10 1783 2637
405   1.000 152.000  90 -30 1718 2566
406 225.000  51.000  90 -20 2321 3552
407 285.000  30.000  90 -10  504 1356
408 207.000 209.000  90 -20   82 1040
409  65.000 217.000  90 -10 2836 2953
410 227.000  32.000  90 -20 2375 3280
411 196.000 190.000  90 -10 2985 3665
412  61.000 232.000  90 -10 1725 2156
413 133.000   1.000  90 -20 2602 3293
414 156.000  63.000  90 -40 1502 2532
415  56.000 117.000  90 -20 1081 1749
416 117.000  14.000  90 -10 1996 2367
417 193.000 194.000  90 -10   61  671
418 220.000 171.000  90 -10  365 1305
419  78.000 222.000  90 -10 2580 2627
420 222.000 196.000  90 -20 1464 1608
421  56.000  57.000  90 -10 2935 3440
422  57.000 126.000  90 -10 1014 1248
423 173.000  73.000  90 -20   94 1554
424 231.000 235.000  90 -10 2654 3428
425 169.000  56.000  90 -30 1796 3203
426  63.000  89.000  90 -30  553 1554
427 272.000 185.000  90 -30 1990 2736
428  30.000  28.000  90 -10 1258 1555
429  53.000  57.000  90 -10 2187 3591
430 215.000 168.000  90 -30 1915 2993
431 244.000 235.000  90 -30 2359 2759
432 191.000 215.000  90 -10 2922 3649
433 180.000 227.000  90 -30 1921 2740
434 243.000  35.000  90 -20 2285 2791
435  96.000  13.000  90 -30  944 2426
436 175.000 142.000  90 -20 2007 2590
437 261.000  45.000  90 -40 1080 1484
438  78.000 213.000  90 -30 2454 3630
439 154.000  78.000  90 -10  668 1386
440 173.000 180.000  90 -10 2924 3688
441 111.000  22.000  90 -10  769 1174
442  52.000  80.000  90 -20 2422 3605
443 152.000 247.000  90 -10   97 1308
444 184.000 163.000  90 -20  856 2176
445 122.000   5.000  90 -20 2320 3373
446  57.000 119.000  90 -30  847 1799
447 239.000 201.000  90 -20 2340 2772
448 150.000  16.000  90 -30 2468 3591
449  58.000 161.000  90 -10 2000 3015
450 189.000 138.000  90 -20 1158 2287
451 268.000  49.000  90 -10  155  958
452 146.000 270.000  90 -10 1228 2319
453 168.000  49.000  90 -10 2127 2677
454 123.000  63.000  90 -10 2744 2982
455 177.000 114.000  90 -20  261  979
456 256.000 197.000  90 -30  203 1392
457 167.000 256.000  90 -30  107 1453
458 233.000 228.000  90 -30 2448 3440
459 172.000 148.000  90 -30 2345 2806
460 176.000  82.000  90 -10  427 1023
461 245.000 233.000  90 -20 1565 3157
462 182.000 233.000  90 -20 2040 2995
463 270.000  25.000  90 -10 1556 2662
464 245.000  42.000  90 -10 2184 2696
465 160.000 111.000  90 -10 2952 3685
466 239.000 177.000  90 -10 1849 2006
467 168.000 237.000  90 -10 1913 2355
468  87.000 114.000  90 -20 2414 3061
469 258.000  44.000  90 -20 1098 2271
470 125.000   9.000  90 -40 2153 3350
471 226.000 232.000  90 -10 2714 3614
472 162.000 141.000  90 -20 2623 3319
473 174.000 155.000  90 -10 2569 2778
474 283.000 195.000  90 -10 1345 2002
475 163.000 114.000  90 -10 2921 3687
476 227.000 221.000  90 -10 1688 2415
477 129.000  41.000  90 -10  178  234
478 263.000  12.000  90 -10  985 2274
479 132.000 262.000  90 -10 2194 2950
480 116.000 272.000  90 -10 1613 2925
481 247.000 243.000  90 -20 1899 3023
482 241.000  46.000  90 -10 2026 2664
483 179.000  59.000  90 -10 2235 2964
484  59.000 110.000  90 -10  829  855
485 135.000  23.000  90 -20 2584 3598
486  52.000 153.000  90 -20 2441 2775
487 239.000 174.000  90 -20 1726 2316
488 110.000  47.000  90 -20 1937 3567
489  87.000  96.000  90 -30 1486 2176
490 185.000 241.000  90 -10 1063 1667
491 237.000 222.000  90 -20 2311 3199
492 103.000  35.000  90 -10 2164 2942
493  28.000 122.000  90 -20  200  433
494  37.000 165.000  90 -20 2544 3516
495 235.000 260.000  90 -10 2649 3320
496 104.000  15.000  90 -20 1746 2225
497 264.000  42.000  90 -20 2032 3339
498  37.000  63.000  90 -10 2288 3323
499 168.000 287.000  90 -20 1036 2274
500 214.000 239.000  90 -20 2698 3616
501  89.000  24.000  90 -20 1399 2117
502 167.000 110.000  90 -40 2964 3626
503 278.000 179.000  90 -10 1857 2491
504 252.000  50.000  90 -30 1433 2320
505 209.000 173.000  90 -20 2050 2662
506 186.000 181.000  90 -10 2661 3509
507  92.000 114.000  90 -10 2722 3317
508 250.000 264.000  90 -20 1898 3279
509  38.000 163.000  90 -20 2222 3613
510 202.000 169.000  90 -10 1635 2518
511 262.000 237.000  90 -10  494 1347
512 236.000 210.000  90 -10  937 2413
513  97.000  10.000  90 -20 1423 2668
514 263.000 195.000  90 -10 1019 1928
515 134.000 273.000  90 -20 1714 2607
516 135.000  65.000  90 -20 1098 1748
517 241.000 276.000  90 -40 2368 3020
518  72.000 234.000  90 -20 1991 2454
519 252.000  44.000  90 -20 1394 2168
520   3.000 159.000  90 -20 1751 2728
521  20.000 146.000  90 -20  508 1679
522 182.000 144.000  90 -30 1148 2497
523  48.000  36.000  90 -10 1198 1395
524 252.000  62.000  90 -10  355 1229
525 116.000  21.000  90 -10  719 1033
526  25.000 150.000  90 -20 1534 1608
527 214.000  51.000  90 -30 2456 3608
528  99.000  32.000  90 -20  261 1488
529 226.000  56.000  90 -10 2822 3240
530 210.000 181.000  90 -10 2123 3455
531 105.000  21.000  90 -20 1864 2851
532 176.000 136.000  90 -30 1235 2793
533 254.000 157.000  90 -30 1882 2591
534 246.000 254.000  90 -20 2047 2558
535 137.000 256.000  90 -10 2103 3420
536 226.000 164.000  90 -20 1086 1375
537 170.000  69.000  90 -30 2411 3375
538 183.000 140.000  90 -40 1125 2707
539 243.000 199.000  90 -20 2211 2712
540 190.000 157.000  90 -20 1426 2141
541 197.000 174.000  90 -30 1141 1626
542 108.000  27.000  90 -20  762 1748
543  87.000 234.000  90 -30  105 1095
544 115.000 235.000  90 -10 2388 3634
545 262.000 257.000  90 -20 1450 2199
546 160.000  84.000  90 -10  334  353
547 255.000 187.000  90 -10  736 1437
548 143.000 250.000  90 -20  588 1688
549 239.000 262.000  90 -40 2679 3100
550 164.000  79.000  90 -20 2663 3325
551 169.000 221.000  90 -20 2632 3212
552  78.000 234.000  90 -20 2018 2618
553  47.000 141.000  90 -20 1809 2203
554 163.000 223.000  90 -30 2214 3651
555 238.000 203.000  90 -30 1383 1772
556 264.000 249.000  90 -10  589 1636
557 163.000 150.000  90 -10 2488 3256
558 192.000 176.000  90 -20  532 1864
559 124.000  10.000  90 -10 1956 3364
560 236.000 213.000  90 -10 1398 2138
561 268.000  19.000  90 -30 1586 2073
562 252.000 218.000  90 -10  481  935
563  80.000  84.000  90 -20  951 1738
564 132.000 248.000  90 -30 2720 3550
565  84.000 114.000  90 -10 2393 3268
566 191.000 168.000  90 -30 1020 2128
567 269.000 257.000  90 -10  864 2410
568 193.000 224.000  90 -10 2433 2999
569  65.000 152.000  90 -30 2690 3117
570 184.000 267.000  90 -20  490 1271
571 223.000 177.000  90 -20  927 1739
572 193.000 175.000  90 -30  982 1598
573 243.000 252.000  90 -20 2047 2372
574  62.000 221.000  90 -10 2445 3155
575 235.000 219.000  90 -20 1745 2553
576   3.000  34.000  90 -20 1224 1824
577 272.000  41.000  90 -20 2124 3052
578 178.000 240.000  90 -30 1377 2690
579 268.000  43.000  90 -20 1090 1668
580 231.000 260.000  90 -30 2786 3370
581  31.000  48.000  90 -10 1422 3043
582 270.000  23.000  90 -10 1573 2462
583 263.000  43.000  90 -30 2513 3041
584 204.000 171.000  90 -20 2040 2299
585 182.000 130.000  90 -30  481 1518
586  58.000 230.000  90 -10 1388 2304
587 109.000 126.000  90 -10 2965 3479
588 284.000  30.000  90 -30  798 1243
589 232.000 199.000  90 -20 2126 3364
590  75.000  89.000  90 -10  796 1514
591  13.000  51.000  90 -20 1163 2104
592  63.000 135.000  90 -30  425  901
593 170.000 116.000  90 -10   39 1452
594 101.000  29.000  90 -10 2306 2608
595 176.000 140.000  90 -40 1948 2466
596  39.000  57.000  90 -10 2464 2771
597 124.000  13.000  90 -20 2300 2833
598 192.000 185.000  90 -20 2162 3671
599 179.000  62.000  90 -30 2254 3131
600  43.000 155.000  90 -20 1844 2959
601 182.000 236.000  90 -10 2249 2972
602  26.000 168.000  90 -30 2234 3426
603  87.000 112.000  90 -20 2693 3154
604 141.000   3.000  90 -10 2274 3578
605 125.000 253.000  90 -10 2260 2682
606 259.000 202.000  90 -10 1027 1907
607 248.000  45.000  90 -20 2001 2309
608   3.000 149.000  90 -30 1423 2674
609  57.000 235.000  90 -10 1204 1913
610 238.000 170.000  90 -20 2506 3405
611  18.000 151.000  90 -10 1409 1927
612 208.000 174.000  90 -10 1979 2550
613 248.000  48.000  90 -20 1693 2250
614 187.000 165.000  90 -10  872 1972
615 150.000 150.000   0   0    0 3815
