302 302 1000 700 1000
  0 150.000 150.000   0   0    0 3815
  1 227.000 221.000  90  10 1971 2131
  2 253.000 198.000  90  20  810  970
  3  97.000  45.000  90  20  419  579
  4  30.000  28.000  90  30    0 3554
  5 279.000  44.000  90  10  638  798
  6  97.000  40.000  90  20  514  674
  7  18.000  52.000  90  20    0 3561
  8 226.000 232.000  90  20 3148 3308
  9  50.000 104.000  90  20  863 1023
 10  66.000 211.000   0  10 2911 3071
 11  83.000 219.000  90  20  106  266
 12 141.000 210.000  90  20   60  220
 13 173.000  87.000  90  20    0 3658
 14 260.000 180.000  90  10 1105 1265
 15 117.000 262.000  90  20 2289 2449
 16 176.000  82.000  90  10  645  805
 17  41.000  46.000  90  10 2344 2504
 18 182.000 233.000  90  20    0 3637
 19 239.000 181.000  90  20   94  254
 20  34.000 135.000  90  20 1726 1886
 21 142.000  82.000  90  20 1141 1301
 22 102.000  51.000  90  30  110  270
 23 238.000  62.000  90  10  420  580
 24  92.000  52.000  90  20  320  480
 25 262.000 257.000  90  20    0 3571
 26 170.000 116.000  90  20  443  603
 27 154.000 257.000  90  10    0 3618
 28 240.000  38.000  90  10 2552 2712
 29  83.000 105.000  90  20  465  625
 30 262.000  32.000  90  10    0 3563
 31  67.000 237.000  90  10  983 1143
 32 186.000 196.000  90  10   69  229
 33 252.000  60.000  90  20  620  780
 34  71.000 102.000  90  10  658  818
 35 139.000 244.000  90  20  869 1029
 36  74.000 109.000  90  40 2136 2296
 37 222.000 160.000  90  20  856 1016
 38 203.000 200.000  90  10    0 3653
 39  19.000 137.000  90  10  435  595
 40  29.000 137.000  90  20    0 3604
 41  80.000 255.000  90  10  690  850
 42  53.000 145.000   0  20    0 3628
 43 125.000  39.000  90  10  314  474
 44   0.000 169.000  90  20    0 3574
 45  65.000 233.000  90  20 2045 2205
 46 287.000 246.000  90  40    0 3558
 47 192.000 251.000  90  40 1001 1161
 48 143.000   6.000  90  20    0 3581
 49 151.000 228.000  90  10   78  238
 50 214.000 210.000  90  10    0 3638
 51 276.000  38.000  90  10  451  611
 52  49.000  57.000  90  20 2919 3079
 53 281.000 187.000  90  40 1692 1852
 54 264.000 250.000  90  20 1124 1284
 55 173.000 144.000  90  20 2312 2472
 56 135.000 270.000   0  20 1886 2046
 57 108.000 103.000  90  10   63  223
 58  78.000 128.000  90  30  104  264
 59 263.000 195.000  90  30    0 3604
 60 134.000 279.000  90  30 1985 2145
 61 207.000 183.000  90  30   82  242
 62 264.000  64.000  90  20 1093 1253
 63  17.000 152.000  90  20    0 3592
 64 270.000 178.000  90  20 2380 2540
 65  49.000  56.000  90  10 3010 3170
 66  39.000 129.000  90  10 1628 1788
 67 116.000  21.000  90  10  796  956
 68 254.000 157.000  90  20    0 3621
 69 141.000  55.000  90  20 1445 1605
 70 141.000  33.000  90  20    0 3608
 71 241.000 276.000  90  20 2614 2774
 72 266.000 172.000  90  20    0 3607
 73  68.000  57.000  90  50  324  484
 74  91.000 104.000  90  10  277  437
 75 299.000 177.000  90  20 1893 2053
 76 168.000 287.000  90  10    0 3587
 77   9.000 136.000  90  10  813  973
 78  48.000  36.000  90  10    0 3573
 79 264.000 181.000  90  10 1199 1359
 80 227.000  32.000  90  40    0 3585
 81  57.000 232.000  90  40    0 3602
 82 275.000  31.000  90  10 1040 1200
 83 206.000 171.000  90  30   59  219
 84  42.000 147.000  90  10  108  268
 85  15.000 138.000  90  20  623  783
 86  56.000  43.000  90  20  926 1086
 87 170.000  89.000  90  10  365  525
 88 258.000 169.000  90  20    0 3616
 89 201.000 154.000  90  40 1139 1299
 90  86.000 133.000  90  30 2548 2708
 91  32.000 128.000  90  20  140  300
 92 245.000 233.000  90  20 2281 2441
 93 227.000 211.000  90  10  766  926
 94   6.000 139.000  90  30  908 1068
 95 272.000  41.000  90  20 2508 2668
 96  87.000 234.000  90  30  392  552
 97 244.000 251.000  90  20 2038 2198
 98 290.000  49.000  90  10  740  900
 99 207.000 203.000  90  20   77  237
100  81.000 223.000  90  10 2340 2500
101 100.000  34.000  90  20  611  771
102 130.000  38.000  90  40    0 3612
103  62.000 122.000  90  20 1147 1307
104  96.000   6.000  90  10 1804 1964
105 180.000 183.000  90  10   44  204
106 212.000 190.000  90  10  460  620
107  64.000 234.000  90  10    0 3605
108 171.000 143.000  90  20  146  306
109  49.000  46.000  90  10 1024 1184
110  64.000 134.000  90  10  674  834
111 199.000 214.000  90  10  193  353
112  90.000  86.000  90  30 1559 1719
113  87.000 105.000  90  30  371  531
114 274.000 195.000  90  30 1495 1655
115  57.000  40.000  90  10  833  993
116  70.000  66.000  90  10  116  276
117  68.000 164.000  90  20 2926 3086
118 182.000 144.000  90  20 1742 1902
119 223.000 213.000  90  30  582  742
120  59.000 110.000  90  30  762  922
121 193.000 175.000  90  20 1210 1370
122 160.000  56.000  90  30 2221 2381
123 101.000  31.000  90  30 1368 1528
124  42.000 240.000  90  30 1373 1533
125 153.000  74.000  90  10 1648 1808
126 220.000 231.000  90  10    0 3618
127 192.000 176.000  90  20 1118 1278
128 223.000 177.000  90  10    0 3648
129 218.000 208.000  90  20  866 1026
130 143.000 236.000  90  10    0 3639
131  56.000 132.000  90  30  863 1023
132 193.000 194.000  90  30    0 3664
133  78.000  39.000  90  30    0 3593
134 196.000 129.000  90  20 1024 1184
135 142.000 242.000  90  10  776  936
136 266.000  49.000  90  10  256  416
137 268.000  43.000  90  10 1299 1459
138 153.000  64.000  90  10 2031 2191
139  96.000  17.000  90  10 1869 2029
140 169.000 134.000  90  20  335  495
141 242.000 205.000  90  30  312  472
142 160.000 244.000  90  30  296  456
143  34.000  55.000  90  20    0 3576
144 173.000  73.000  90  10    0 3645
145 196.000 158.000  90  30 1800 1960
146  97.000  28.000  90  40  889 1049
147 135.000  65.000  90  20    0 3639
148  20.000 146.000  90  20 1013 1173
149 157.000  88.000  90  10  169  329
150 268.000  49.000  90  20  348  508
151 249.000  44.000  90  10 2166 2326
152 155.000  60.000  90  10 2125 2285
153 176.000 140.000  90  20 2127 2287
154 191.000 188.000  90  20 3350 3510
155 202.000 178.000  90  10  747  907
156  73.000 104.000  90  20  565  725
157 233.000 224.000  90  10 2770 2930
158 256.000  38.000  90  20 1509 1669
159 146.000 270.000  90  30 1693 1853
160 265.000 211.000  90  10    0 3595
161 111.000  22.000  90  40    0 3592
162  85.000 222.000  90  30    0 3628
163 116.000 272.000  90  20 2189 2349
164 143.000 108.000  90  10   42  202
165 163.000 256.000  90  10    0 3619
166  40.000  60.000  90  10    0 3583
167 191.000 168.000  90  20    0 3681
168 137.000 255.000  90  10    0 3620
169  57.000 126.000  90  20 1051 1211
170 267.000 255.000  90  20 1649 1809
171 247.000 243.000  90  30 2381 2541
172  92.000  90.000  90  10 1653 1813
173 220.000 171.000  90  10  755  915
174  96.000 110.000  90  10   87  247
175 116.000  18.000  90  20 2196 2356
176 110.000  47.000  90  20 2672 2832
177 209.000 173.000  90  10 2276 2436
178  47.000 118.000  90  20    0 3618
179 209.000 184.000  90  20  174  334
180 170.000  69.000  90  20    0 3642
181 278.000 179.000  90  10 2094 2254
182  86.000  83.000  90  30 1360 1520
183 166.000 261.000  90  10  593  753
184 184.000 267.000  90  10  800  960
185 251.000 219.000  90  20    0 3603
186 106.000  34.000  90  10 1272 1432
187  67.000 142.000  90  20  395  555
188 152.000 247.000  90  10  489  649
189  92.000  23.000  90  20 1771 1931
190 162.000 246.000  90  20    0 3629
191 122.000  24.000  90  20  700  860
192 261.000  49.000  90  40  150  310
193 153.000 241.000  90  10    0 3634
194 195.000 168.000  90  20 1900 2060
195 238.000 170.000  90  30 2876 3036
196 174.000 155.000  90  20 2593 2753
197 270.000  25.000  90  10    0 3552
198 175.000  84.000  90  10  552  712
199 261.000 255.000  90  20    0 3573
200 178.000 127.000  90  10    0 3689
201 217.000 219.000  90  10  392  552
202 116.000  34.000  90  20  505  665
203 246.000 187.000  90  10  113  273
204 207.000 209.000  90  10   94  254
205 248.000 255.000  90  40 2315 2475
206  79.000 238.000  90  20  583  743
207 124.000  10.000  90  20 2580 2740
208 225.000 201.000  90  20 2594 2754
209 266.000  33.000  90  20 2224 2384
210 134.000 273.000  90  10 2081 2241
211 164.000  79.000  90  10 2914 3074
212 261.000  45.000  90  40 1202 1362
213 256.000 197.000  90  20  717  877
214  22.000 126.000  90  20  334  494
215  24.000 141.000  90  20 1200 1360
216  74.000  62.000  90  10  132  292
217 236.000  53.000  90  10    0 3596
218 116.000  35.000  90  10    0 3606
219  28.000 147.000  90  20    0 3603
220 143.000 250.000  90  20 1058 1218
221  89.000  57.000  90  20  224  384
222 247.000  46.000  90  10 1984 2144
223 114.000  27.000  90  20 1079 1239
224 178.000 118.000  90  30  726  886
225  31.000  48.000  90  10 2152 2312
226 252.000  62.000  90  10  712  872
227 216.000 192.000  90  40 1062 1222
228  58.000 161.000  90  30 2428 2588
229 199.000 179.000  90  30  840 1000
230  99.000  53.000  90  20    0 3616
231 276.000  22.000  90  20    0 3546
232 250.000 264.000  90  10 2509 2669
233  83.000 218.000  90  30    0 3630
234 149.000 130.000  90  10    0 3705
235 251.000 186.000  90  10  912 1072
236 149.000 244.000  90  20  583  743
237 129.000  41.000  90  10    0 3614
238 178.000 218.000  90  20 2743 2903
239 168.000 237.000  90  30 2054 2214
240  39.000  57.000  90  30 2538 2698
241  77.000  25.000  90  20 1467 1627
242  53.000 243.000  90  20 1271 1431
243  42.000 123.000  90  20 1532 1692
244 172.000 249.000  90  30 1853 2013
245 239.000 188.000  90  30 1747 1907
246 259.000 235.000  90  10  429  589
247 252.000  44.000  90  20 1701 1861
248 235.000 260.000  90  40 2904 3064
249 196.000 194.000  90  20  443  603
250 232.000 220.000  90  10  107  267
251 215.000 168.000  90  30 2374 2534
252 292.000  18.000  90  30 1245 1405
253 250.000 234.000  90  10  330  490
254 178.000 247.000  90  30 1565 1725
255 252.000 218.000  90  10  628  788
256 238.000 231.000  90  10  130  290
257  78.000 222.000  90  20 2524 2684
258 176.000 232.000  90  10 2154 2314
259  70.000 131.000  90  30  203  363
260 165.000 269.000   0  20  691  851
261 222.000 197.000  90  20 1160 1320
262 251.000 222.000  90  20    0 3601
263 285.000  30.000  90  30  850 1010
264 108.000 131.000  90  10    0 3679
265 273.000  18.000  90  20 1448 1608
266  87.000  10.000  90  30    0 3572
267 150.000 240.000  90  30  678  838
268  53.000  28.000  90  10  730  890
269 264.000 249.000  90  20 1033 1193
270 263.000  43.000  90  30 2697 2857
271 196.000 192.000  90  20  351  511
272 171.000 141.000  90  30  238  398
273  53.000 225.000  90  10    0 3603
274  99.000 124.000  90  10 3041 3201
275 262.000  50.000  90  30    0 3575
276  59.000 243.000  90  30 1175 1335
277   1.000 152.000  90  20    0 3576
278  78.000 114.000  90  10   80  240
279  76.000  59.000  90  20  225  385
280 267.000 265.000  90  10    0 3561
281  63.000 135.000  90  30  583  743
282 158.000 136.000  90  10   41  201
283 132.000 262.000  90  10    0 3612
284 176.000 117.000  90  40  633  793
285  73.000  49.000  90  10  423  583
286 185.000 180.000  90  30 3096 3256
287  92.000  28.000  90  20  984 1144
288  20.000 155.000  90  20    0 3595
289 192.000 185.000  90  20 2908 3068
290  93.000  77.000  90  30 1459 1619
291  70.000 133.000  90  20  295  455
292  77.000  11.000  90  30 1571 1731
293 270.000  23.000  90  30 1937 2097
294  70.000 128.000  90  20    0 3643
295 283.000 180.000  90  20 1999 2159
296 204.000 171.000  90  10 2090 2250
297 111.000  10.000  90  10 2005 2165
298 235.000 219.000  90  10 2069 2229
299 243.000 199.000  90  10    0 3620
300 123.000  44.000  90  20  109  269
301 253.000  64.000  90  20  804  964
302 117.000  14.000  90  10 2102 2262
303 178.000 240.000  90 -10    0 3631
304 255.000 187.000  90 -20 1007 1167
305 205.000 191.000  90 -20    0 3657
306  37.000  63.000  90 -30 2725 2885
307 284.000  30.000  90 -10    0 3546
308 196.000 190.000  90 -20 3255 3415
309  13.000  66.000  90 -20 1754 1914
310 214.000 239.000  90 -20 3344 3504
311  17.000 134.000  90 -20    0 3592
312  66.000 211.000  90 -10 2911 3071
313  69.000 239.000  90 -20  890 1050
314 152.000 245.000  90 -20  298  458
315 157.000  62.000  90 -20 1846 2006
316 236.000 210.000  90 -10 1595 1755
317 115.000 235.000  90 -20    0 3634
318 165.000  69.000  90 -10  843 1003
319  50.000  80.000  90 -10 3403 3563
320 163.000 223.000  90 -20 2938 3098
321 229.000 217.000  90 -20 1877 2037
322  30.000 150.000  90 -20    0 3605
323 131.000  70.000  90 -20 1247 1407
324 258.000  44.000  90 -30    0 3574
325 259.000  71.000  90 -10  994 1154
326  98.000  33.000  90 -20  703  863
327 236.000 224.000  90 -20 2583 2743
328 190.000 157.000  90 -20 1703 1863
329 131.000 261.000  90 -10    0 3613
330 226.000  56.000  90 -10 2951 3111
331   6.000 146.000  90 -20 1874 2034
332 228.000 200.000  90 -10    0 3633
333  61.000 237.000  90 -10    0 3601
334 197.000 178.000  90 -10    0 3671
335 248.000  48.000  90 -20    0 3584
336   3.000 149.000  90 -10 1969 2129
337 122.000 246.000  90 -20 3248 3408
338  59.000 124.000  90 -40 2248 2408
339 221.000 203.000  90 -20 2948 3108
340 173.000 180.000  90 -10 3289 3449
341  12.000 133.000  90 -10  719  879
342  26.000 161.000  90 -20 2653 2813
343  78.000 213.000  90 -10 3103 3263
344  53.000 145.000  90 -20    0 3628
345 108.000  27.000  90 -10 1175 1335
346  38.000 163.000  90 -20 3042 3202
347  72.000 234.000  90 -20    0 3611
348 269.000 257.000  90 -40 1557 1717
349 185.000 241.000  90 -40 1285 1445
350 135.000  23.000  90 -20 3361 3521
351 167.000 256.000  90 -10  498  658
352 222.000 196.000  90 -10 1456 1616
353 266.000  28.000  90 -10    0 3557
354  52.000  59.000  90 -20 3292 3452
355 231.000 170.000  90 -40    0 3642
356 250.000 247.000  90 -20 1941 2101
357 153.000 144.000  90 -20 2991 3151
358 135.000 270.000  90 -20 1886 2046
359  26.000 168.000  90 -10 2750 2910
360  56.000 117.000  90 -30 1335 1495
361 273.000 184.000  90 -30 2191 2351
362 137.000 256.000  90 -30 2682 2842
363 220.000 187.000  90 -30  559  719
364 163.000 114.000  90 -20 3407 3567
365  23.000 163.000  90 -20 2846 3006
366 233.000 160.000  90 -20    0 3642
367  56.000  57.000  90 -10    0 3593
368  43.000 153.000  90 -10 2229 2389
369 133.000   1.000  90 -10 2868 3028
370 237.000 203.000  90 -20 2569 2729
371 160.000 111.000  90 -20 3312 3472
372 153.000  88.000  90 -20    0 3663
373 193.000 250.000  90 -20    0 3617
374 182.000 130.000  90 -20    0 3688
375  97.000  10.000  90 -50 1966 2126
376  14.000 160.000  90 -10 2457 2617
377 263.000 169.000  90 -20 2571 2731
378 171.000 253.000  90 -10 1759 1919
379  75.000  89.000  90 -10 1075 1235
380  13.000  51.000  90 -10 1554 1714
381 238.000 203.000  90 -10 1498 1658
382 255.000 178.000  90 -40 2267 2427
383  58.000 230.000  90 -40    0 3604
384 257.000  41.000  90 -10 3074 3234
385 223.000 204.000  90 -30 2855 3015
386  87.000  96.000  90 -10 1751 1911
387  87.000 114.000  90 -20 2657 2817
388  34.000  50.000  90 -20    0 3572
389 156.000  63.000  90 -10 1937 2097
390 218.000 197.000  90 -20    0 3643
391 202.000 169.000  90 -40 1997 2157
392  87.000 112.000  90 -30 2844 3004
393  28.000 122.000  90 -20  237  397
394 195.000 253.000  90 -20    0 3613
395 259.000 212.000  90 -10    0 3600
396  89.000 102.000  90 -30 1939 2099
397 228.000  62.000  90 -20    0 3608
398  78.000 234.000  90 -30 2238 2398
399 246.000 254.000  90 -20 2223 2383
400 264.000  39.000  90 -10 2792 2952
401 264.000 194.000  90 -20 1302 1462
402  78.000 223.000  90 -10 2433 2593
403 239.000 201.000  90 -20 2476 2636
404 125.000  23.000  90 -40 2296 2456
405  43.000 155.000  90 -20    0 3618
406 114.000  43.000  90 -10 2577 2737
407 175.000 142.000  90 -10 2219 2379
408 227.000 187.000  90 -10 1261 1421
409  65.000 217.000  90 -10 2815 2975
410 214.000  51.000  90 -20 3054 3214
411   3.000  34.000  90 -10 1444 1604
412  37.000 149.000  90 -10 2029 2189
413 225.000 213.000  90 -10    0 3628
414  92.000 114.000  90 -30 2939 3099
415   7.000 144.000  90 -30    0 3582
416 284.000 184.000  90 -30 1786 1946
417  45.000  44.000  90 -10 1118 1278
418  62.000  44.000  90 -10    0 3588
419  71.000 159.000  90 -20 3021 3181
420 172.000 146.000  90 -20 2404 2564
421 283.000 195.000  90 -30    0 3585
422   3.000 159.000  90 -30 2160 2320
423 191.000 172.000  90 -20 1400 1560
424 168.000  49.000  90 -30 2322 2482
425 125.000   9.000  90 -30 2671 2831
426  61.000 232.000  90 -30 1860 2020
427 171.000  58.000  90 -10 2711 2871
428 191.000 215.000  90 -10 3489 3649
429 162.000 141.000  90 -20 2891 3051
430 225.000 191.000  90 -10 1552 1712
431 239.000 177.000  90 -20 1848 2008
432 144.000 250.000  90 -10  967 1127
433  55.000 126.000  90 -30    0 3628
434 196.000 191.000  90 -30    0 3664
435  91.000  49.000  90 -30 1478 1638
436 191.000 151.000  90 -20 1540 1700
437 139.000 262.000  90 -10 1161 1321
438 264.000  42.000  90 -10 2606 2766
439 248.000  45.000  90 -10 2075 2235
440 179.000  59.000  90 -10 2520 2680
441 124.000  13.000  90 -10 2487 2647
442 236.000  65.000  90 -20  513  673
443 241.000 209.000  90 -30  406  566
444 188.000 244.000  90 -30    0 3624
445  31.000  63.000  90 -20 1862 2022
446 149.000  82.000  90 -10 1044 1204
447 210.000 181.000  90 -30 2709 2869
448 105.000  21.000  90 -40 2278 2438
449 179.000  62.000  90 -20 2613 2773
450  80.000  84.000  90 -20 1264 1424
451 145.000  63.000  90 -10 1544 1704
452 271.000  32.000  90 -20 2319 2479
453 241.000  46.000  90 -10    0 3587
454 169.000  56.000  90 -10 2419 2579
455 172.000 148.000  90 -20 2496 2656
456 177.000 160.000  90 -20    0 3697
457 184.000 163.000  90 -10 1436 1596
458  18.000 151.000  90 -20 1588 1748
459 231.000 235.000  90 -10 2961 3121
460 245.000  42.000  90 -20 2360 2520
461 125.000 253.000  90 -30 2391 2551
462 177.000 132.000  90 -10    0 3693
463  99.000  32.000  90 -40    0 3597
464  87.000 237.000  90 -30  485  645
465 133.000 246.000  90 -20 3147 3307
466 160.000  84.000  90 -10  264  424
467 182.000 245.000  90 -10    0 3625
468  28.000  52.000  90 -10 2057 2217
469 183.000 140.000  90 -20 1836 1996
470 132.000 248.000  90 -10 3055 3215
471  57.000 119.000  90 -20    0 3627
472 244.000 235.000  90 -20 2479 2639
473 245.000 240.000  90 -30    0 3595
474  86.000 100.000  90 -10 1845 2005
475 233.000 189.000  90 -10 1651 1811
476  95.000 104.000  90 -10  183  343
477 150.000  16.000  90 -20 3162 3322
478 123.000  63.000  90 -20    0 3634
479 162.000 157.000  90 -10    0 3712
480  65.000 152.000  90 -20 2823 2983
481 204.000 189.000  90 -20  271  431
482 165.000  83.000  90 -20 3008 3168
483 224.000 155.000  90 -10    0 3651
484  76.000 110.000  90 -30 2044 2204
485 169.000 221.000  90 -10 2842 3002
486 170.000 255.000  90 -10 1667 1827
487 259.000 202.000  90 -20    0 3605
488  89.000  24.000  90 -10 1678 1838
489  62.000 132.000  90 -20  767  927
490 141.000 266.000  90 -10    0 3609
491 122.000   5.000  90 -20 2766 2926
492 189.000 232.000  90 -20    0 3635
493 126.000  20.000  90 -20 2389 2549
494 284.000  12.000  90 -40    0 3533
495 153.000 256.000  90 -10    0 3619
496 219.000 174.000  90 -20    0 3652
497 189.000 138.000  90 -30    0 3685
498 163.000 150.000  90 -20 2792 2952
499 261.000  39.000  90 -10 2980 3140
500 154.000  78.000  90 -10  947 1107
501 233.000 228.000  90 -20    0 3612
502 278.000  42.000  90 -10  546  706
503 221.000 213.000  90 -10  490  650
504 122.000  32.000  90 -20  602  762
505 245.000 197.000  90 -10  214  374
506 203.000 217.000  90 -10  288  448
507 242.000 263.000  90 -40 2717 2877
508  74.000 248.000  90 -20    0 3601
509 138.000  17.000  90 -20 3264 3424
510 207.000 201.000  90 -20 3149 3309
511 271.000  34.000  90 -20 2411 2571
512 141.000 231.000  90 -10    0 3644
513 165.000  85.000  90 -10    0 3659
514 187.000 165.000  90 -40    0 3686
515 184.000 245.000  90 -20    0 3625
516  75.000  85.000  90 -20 1169 1329
517  23.000 144.000  90 -20    0 3598
518  64.000  30.000  90 -10  629  789
519 230.000  59.000  90 -10    0 3604
520 232.000 199.000  90 -10    0 3630
521  25.000 150.000  90 -20 1491 1651
522 132.000 253.000  90 -20    0 3621
523 208.000 191.000  90 -20    0 3654
524 225.000  51.000  90 -10    0 3601
525 104.000  15.000  90 -20 1906 2066
526 226.000 164.000  90 -30 1150 1310
527  44.000  51.000  90 -10 2440 2600
528 266.000  37.000  90 -10    0 3564
529 239.000 174.000  90 -40 1941 2101
530  52.000 153.000  90 -30 2528 2688
531 176.000 136.000  90 -30 1934 2094
532 252.000  50.000  90 -20 1797 1957
533 268.000  19.000  90 -20 1750 1910
534 239.000 262.000  90 -10    0 3582
535  86.000 232.000  90 -30    0 3621
536 161.000  62.000  90 -10 1752 1912
537 236.000 213.000  90 -10    0 3619
538 136.000 272.000  90 -20 1793 1953
539 115.000  25.000  90 -10  986 1146
540 165.000 187.000  90 -20 3390 3550
541 193.000 224.000  90 -30 2636 2796
542  53.000  57.000  90 -30 3200 3360
543 115.000   2.000  90 -20 2075 2235
544  71.000 222.000  90 -20 2621 2781
545  47.000 141.000  90 -20 1926 2086
546 182.000 236.000  90 -30 2530 2690
547 229.000 186.000  90 -30    0 3639
548 295.000 254.000  90 -10    0 3547
549 167.000 110.000  90 -20 3215 3375
550 231.000 260.000  90 -40 2998 3158
551 197.000 174.000  90 -20 1304 1464
552 263.000 248.000  90 -10    0 3576
553 198.000 182.000  90 -30 2811 2971
554 272.000  21.000  90 -30 1844 2004
555 243.000 252.000  90 -10 2129 2289
556 180.000 231.000  90 -30 2344 2504
557 258.000 213.000  90 -10  726  886
558 262.000 237.000  90 -10  840 1000
559  68.000 211.000  90 -20 3003 3163
560 180.000 227.000  90 -10 2250 2410
561  66.000 139.000  90 -30  488  648
562 165.000 269.000  90 -20  691  851
563 230.000 182.000  90 -20 2484 2644
564 272.000 185.000  90 -20 2283 2443
565 263.000  12.000  90 -30    0 3547
566  41.000  63.000  90 -10 2819 2979
567 256.000  15.000  90 -20 1647 1807
568 101.000  29.000  90 -30 2377 2537
569 131.000 254.000  90 -30 2869 3029
570  52.000  80.000  90 -10    0 3605
571 237.000 222.000  90 -20 2675 2835
572 252.000  37.000  90 -30 3171 3331
573 196.000 178.000  90 -20    0 3672
574 243.000  35.000  90 -30    0 3578
575  62.000 221.000  90 -10 2720 2880
576 109.000 126.000  90 -10 3142 3302
577 234.000  38.000  90 -30 2648 2808
578  57.000 235.000  90 -30 1478 1638
579   0.000 166.000  90 -20 2257 2417
580  63.000  89.000  90 -10    0 3619
581  76.000  30.000  90 -20 1281 1441
582 231.000 236.000  90 -10    0 3607
583  50.000 139.000  90 -30    0 3625
584 177.000 114.000  90 -10  540  700
585 140.000 231.000  90 -10    0 3644
586 192.000 152.000  90 -40 1238 1398
587  83.000  35.000  90 -10 1085 1245
588 182.000 178.000  90 -30 3190 3350
589  75.000  28.000  90 -20 1373 1533
590  37.000 165.000  90 -20 2950 3110
591 186.000 181.000  90 -20 3005 3165
592  71.000 126.000  90 -30 2442 2602
593  60.000 143.000  90 -20 2723 2883
594 103.000  35.000  90 -30    0 3601
595 225.000  70.000  90 -30    0 3616
596  84.000 114.000  90 -20 2750 2910
597 251.000 180.000  90 -20 2769 2929
598 208.000 174.000  90 -10 2185 2345
599 141.000   3.000  90 -10    0 3578
600 244.000 260.000  90 -10 2412 2572
601 234.000 216.000  90 -10 1782 1942
602  96.000  13.000  90 -20 1605 1765
603 255.000  64.000  90 -20  896 1056
604 104.000  18.000  90 -10    0 3586
605 150.000 150.000   0   0    0 3815
