304 304 1000 700 1000
  0 150.000 150.000   0   0    0 3815
  1 248.000  45.000  90  20 1995 2315
  2  55.000 126.000  90  30  879 1199
  3 131.000  70.000  90  20 1167 1487
  4 243.000  35.000  90  10 2378 2698
  5  97.000  45.000  90  20  339  659
  6  30.000  28.000  90  30 1246 1566
  7 108.000  27.000  90  30 1095 1415
  8 279.000  44.000  90  10  558  878
  9 141.000 231.000  90  20   81  401
 10  68.000 211.000  90  40 2923 3243
 11  83.000 219.000  90  20   96  416
 12 141.000 210.000  90  20   60  380
 13 173.000  87.000  90  20  379  699
 14 260.000 180.000  90  10 1025 1345
 15  91.000  49.000  90  20 1398 1718
 16 239.000 181.000  90  20   94  414
 17 177.000 114.000  90  10  460  780
 18  34.000 135.000  90  20 1646 1966
 19 140.000 231.000  90  20   81  401
 20 102.000  51.000  90  30  110  430
 21 238.000  62.000  90  10  340  660
 22 261.000  39.000  90  20 2900 3220
 23   6.000 146.000   0  20 1794 2114
 24 244.000 235.000  90  10 2399 2719
 25 125.000  23.000  90  10 2216 2536
 26  92.000  52.000  90  20  240  560
 27 262.000 257.000  90  20 1665 1985
 28 123.000  63.000   0  10 2703 3023
 29 224.000 155.000  90  20  872 1192
 30 170.000 116.000  90  20  363  683
 31 240.000  38.000  90  10 2472 2792
 32  83.000 105.000  90  20  385  705
 33  28.000 122.000  90  30  157  477
 34  67.000 237.000  90  10  903 1223
 35  34.000  50.000  90  20 2166 2486
 36 186.000 196.000  90  10   58  378
 37 252.000  60.000  90  20  540  860
 38  71.000 102.000  90  10  578  898
 39 103.000  35.000  90  20 2393 2713
 40 139.000 244.000  90  20  789 1109
 41 237.000 203.000  90  20 2489 2809
 42  17.000 134.000  90  20  449  769
 43 203.000 200.000  90  10  463  783
 44  19.000 137.000  90  10  355  675
 45 263.000 248.000  90  10  861 1181
 46  29.000 137.000  90  20 1217 1537
 47  80.000 255.000  90  10  610  930
 48 190.000 157.000  90  10 1623 1943
 49 125.000  39.000  90  10  234  554
 50   0.000 169.000  90  20 2270 2590
 51  65.000 233.000  90  20 1965 2285
 52 151.000 228.000  90  10   78  398
 53  62.000 132.000  90  20  687 1007
 54 214.000 210.000  90  10 2968 3288
 55 264.000 250.000  90  20 1044 1364
 56 108.000 103.000  90  10   63  383
 57  78.000 128.000  90  30   75  395
 58 134.000 279.000  90  30 1905 2225
 59 207.000 183.000  90  30   65  385
 60  86.000 100.000  90  20 1765 2085
 61 254.000 157.000  90  20 2076 2396
 62 141.000  55.000  90  20 1365 1685
 63 152.000 245.000  90  10  218  538
 64  91.000 104.000  90  10  197  517
 65 299.000 177.000  90  20 1813 2133
 66 168.000 287.000  90  10 1495 1815
 67  48.000  36.000  90  10 1137 1457
 68 264.000 181.000  90  10 1119 1439
 69  57.000 232.000  90  40 1491 1811
 70 275.000  31.000  90  10  960 1280
 71 206.000 171.000  90  30   59  379
 72  42.000 147.000  90  10  108  428
 73  15.000 138.000  90  20  543  863
 74 248.000  48.000  90  10 1811 2131
 75 189.000 138.000  90  20 1563 1883
 76 203.000 217.000  90  10  208  528
 77 170.000  89.000  90  10  285  605
 78 183.000 140.000   0  10 1756 2076
 79  74.000 248.000  90  20  710 1030
 80  32.000 128.000  90  20  120  440
 81 227.000 211.000  90  10  686 1006
 82 255.000  64.000  90  30  816 1136
 83 266.000  28.000  90  10 1324 1644
 84  99.000  32.000  90  20  714 1034
 85 272.000  41.000  90  20 2428 2748
 86 256.000  15.000  90  20 1567 1887
 87  87.000 234.000  90  30  312  632
 88 246.000 254.000  90  30 2143 2463
 89 255.000 187.000   0  30  927 1247
 90 234.000 216.000  90  10 1702 2022
 91 207.000 203.000  90  20   77  397
 92  69.000 239.000  90  10  810 1130
 93 100.000  34.000  90  20  531  851
 94 130.000  38.000  90  40  139  459
 95  62.000 122.000  90  20 1067 1387
 96  96.000   6.000  90  10 1724 2044
 97 180.000 183.000  90  10   44  364
 98 212.000 190.000  90  10  380  700
 99 171.000 143.000  90  20   66  386
100  49.000  46.000  90  10  944 1264
101 153.000  88.000  90  20   62  382
102 199.000 214.000  90  10  113  433
103 204.000 189.000  90  20  191  511
104 160.000  84.000  90  40  184  504
105  87.000 105.000  90  30  291  611
106 236.000 213.000  90  10 1608 1928
107 274.000 195.000  90  30 1415 1735
108  87.000  96.000  90  30 1671 1991
109 230.000 182.000  90  10 2404 2724
110  63.000  89.000  90  20  893 1213
111  70.000  66.000  90  10  116  436
112 182.000 144.000  90  20 1662 1982
113 223.000 213.000  90  30  502  822
114  13.000  51.000  90  10 1474 1794
115  59.000 110.000  90  30  682 1002
116 193.000 175.000  90  20 1130 1450
117 160.000  56.000  90  30 2141 2461
118  44.000  51.000  90  30 2360 2680
119 167.000 256.000  90  20  418  738
120 236.000  65.000  90  40  433  753
121 169.000  56.000  90  10 2339 2659
122 153.000  74.000  90  10 1568 1888
123 192.000 176.000  90  20 1038 1358
124 115.000  25.000  90  10  906 1226
125  62.000  44.000  90  20  445  765
126 218.000 208.000  90  20  786 1106
127 143.000 236.000  90  10  108  428
128 272.000 185.000  90  10 2203 2523
129 269.000 257.000  90  10 1477 1797
130 184.000 163.000  90  30 1356 1676
131  56.000 132.000  90  30  783 1103
132 193.000 194.000  90  30   86  406
133  65.000 152.000  90  10 2743 3063
134  57.000 119.000  90  20 1163 1483
135 185.000 241.000  90  40 1205 1525
136  78.000  39.000  90  30 1101 1421
137 196.000 129.000  90  20  944 1264
138  26.000 161.000  90  20 2573 2893
139 142.000 242.000  90  10  696 1016
140 266.000  49.000  90  10  176  496
141 268.000  43.000  90  10 1219 1539
142 144.000 250.000  90  10  887 1207
143  72.000 234.000   0  10 2062 2382
144  96.000  17.000  90  10 1789 2109
145 169.000 134.000  90  20  255  575
146 242.000 205.000  90  30  232  552
147 160.000 244.000  90  30  216  536
148 221.000 213.000  90  20  410  730
149  34.000  55.000  90  20 1881 2201
150  65.000 217.000  90  10 2735 3055
151 236.000 224.000  90  30 2503 2823
152 173.000  73.000  90  10  664  984
153  97.000  28.000  90  40  809 1129
154 156.000  63.000  90  40 1857 2177
155  20.000 146.000  90  20  933 1253
156 171.000 253.000  90  10 1679 1999
157 157.000  88.000  90  10   89  409
158 268.000  49.000  90  20  268  588
159 229.000 217.000  90  20 1797 2117
160 239.000 177.000  90  20 1768 2088
161 141.000 266.000  90  20 1175 1495
162 225.000  70.000  90  10  109  429
163  76.000  30.000  90  20 1201 1521
164 172.000 148.000  90  20 2416 2736
165 176.000 140.000  90  20 2047 2367
166 202.000 178.000  90  10  667  987
167 153.000 256.000  90  10 1281 1601
168  31.000  63.000  90  20 1782 2102
169 228.000  62.000  90  20  117  437
170  73.000 104.000  90  20  485  805
171 284.000 184.000  90  20 1706 2026
172 233.000 224.000  90  10 2690 3010
173 146.000 270.000  90  30 1613 1933
174 265.000 211.000  90  10  531  851
175 111.000  22.000  90  40  811 1131
176 143.000 108.000  90  10   42  362
177 278.000  42.000  90  10  466  786
178 163.000 256.000  90  10  324  644
179 137.000 255.000  90  10 2693 3013
180  57.000 126.000  90  20  971 1291
181 230.000  59.000  90  10  142  462
182 197.000 174.000  90  10 1224 1544
183 133.000 246.000   0  30 3067 3387
184 247.000 243.000  90  30 2301 2621
185 220.000 171.000  90  10  675  995
186  96.000 110.000  90  10   67  387
187 116.000  18.000  90  20 2116 2436
188 110.000  47.000  90  20 2592 2912
189 209.000 184.000  90  20   94  414
190 170.000  69.000  90  20 2733 3053
191  86.000  83.000  90  30 1280 1600
192 166.000 261.000  90  10  513  833
193 251.000 219.000  90  20 2095 2415
194 106.000  34.000  90  10 1192 1512
195  67.000 142.000  90  20  315  635
196   0.000 166.000  90  20 2177 2497
197 283.000 195.000  90  30 1514 1834
198 222.000 196.000  90  10 1376 1696
199  13.000  66.000  90  10 1674 1994
200 271.000  32.000  90  20 2239 2559
201  45.000  44.000  90  10 1038 1358
202 162.000 246.000  90  20  309  629
203 126.000  20.000  90  20 2309 2629
204 193.000 224.000  90  40 2556 2876
205 261.000  49.000  90  40  150  470
206 153.000 241.000  90  10  124  444
207 195.000 168.000  90  20 1820 2140
208 268.000  19.000  90  20 1670 1990
209 182.000 245.000  90  20 1391 1711
210 270.000  25.000  90  10 1949 2269
211 175.000  84.000  90  10  472  792
212 259.000 212.000  90  10  434  754
213 284.000  30.000  90  20  861 1181
214 217.000 219.000  90  10  312  632
215  96.000  13.000  90  20 1525 1845
216 116.000  34.000  90  20  425  745
217 246.000 187.000  90  10  102  422
218 184.000 245.000  90  20 1299 1619
219 149.000  82.000  90  20  964 1284
220 207.000 209.000  90  10   82  402
221 248.000 255.000  90  40 2235 2555
222  79.000 238.000  90  20  503  823
223  12.000 133.000  90  20  639  959
224 175.000 142.000  90  10 2139 2459
225 261.000  45.000  90  40 1122 1442
226 256.000 197.000  90  20  637  957
227  22.000 126.000  90  20  254  574
228  24.000 141.000  90  20 1120 1440
229  74.000  62.000  90  10  116  436
230 236.000  53.000  90  10  240  560
231 116.000  35.000  90  10  334  654
232  28.000 147.000  90  20 1317 1637
233 143.000 250.000  90  20  978 1298
234  89.000  57.000  90  20  144  464
235 225.000 191.000  90  10 1472 1792
236 178.000 118.000  90  30  646  966
237 225.000  51.000  90  30 2776 3096
238 163.000 223.000   0  20 2858 3178
239 245.000 240.000  90  20  152  472
240 252.000  62.000  90  10  632  952
241 188.000 244.000  90  10 1111 1431
242 264.000 194.000  90  20 1222 1542
243 199.000 179.000  90  30  760 1080
244   3.000 149.000  90  20 1889 2209
245  99.000  53.000  90  20  109  429
246 276.000  22.000  90  20 1059 1379
247 250.000 264.000  90  10 2429 2749
248  83.000 218.000  90  30   95  415
249 243.000 252.000  90  20 2049 2369
250 149.000 130.000  90  10   20  340
251 149.000 244.000  90  20  503  823
252 129.000  41.000  90  10  111  431
253 295.000 254.000  90  40 1258 1578
254  95.000 104.000  90  20  103  423
255  77.000  25.000  90  20 1387 1707
256  42.000 123.000  90  20 1452 1772
257 259.000 235.000  90  10  349  669
258 252.000  44.000  90  20 1621 1941
259 196.000 194.000  90  20  363  683
260  98.000  33.000  90  10  623  943
261 232.000 220.000  90  10  107  427
262 262.000 237.000  90  20  760 1080
263 250.000 234.000  90  10  250  570
264  75.000  85.000  90  20 1089 1409
265 219.000 174.000  90  30  582  902
266 238.000 231.000  90  10  119  439
267 226.000 164.000  90  10 1070 1390
268  66.000 139.000  90  20  408  728
269 176.000 232.000  90  10 2074 2394
270 210.000 181.000  90  10 2629 2949
271 198.000 182.000   0  20 2731 3051
272  70.000 131.000  90  30  123  443
273 165.000 269.000  90  20  611  931
274 222.000 197.000  90  20 1080 1400
275 220.000 187.000  90  30  479  799
276 285.000  30.000  90  30  770 1090
277  61.000 237.000  90  10  999 1319
278   3.000  34.000  90  20 1364 1684
279 223.000 204.000  90  20 2775 3095
280 150.000 240.000  90  30  598  918
281  53.000  28.000  90  10  650  970
282 284.000  12.000  90  10 1265 1585
283 264.000 249.000  90  20  953 1273
284 196.000 192.000  90  20  271  591
285 171.000 141.000  90  30  158  478
286  53.000 225.000  90  10 1589 1909
287  57.000 235.000  90  10 1398 1718
288 245.000 197.000  90  20  134  454
289  78.000 114.000  90  10   80  400
290  76.000  59.000  90  20  145  465
291 154.000  78.000  90  10  867 1187
292 124.000  13.000  90  20 2407 2727
293  63.000 135.000  90  30  503  823
294 158.000 136.000  90  10   16  336
295  73.000  49.000  90  10  343  663
296  80.000  84.000  90  20 1184 1504
297  70.000 133.000  90  20  215  535
298  70.000 128.000  90  20 2269 2589
299 111.000  10.000  90  10 1925 2245
300 241.000 209.000  90  10  326  646
301 123.000  44.000  90  20  109  429
302  86.000 232.000  90  10  220  540
303 205.000 191.000  90  20  283  603
304 187.000 165.000  90  10 1262 1582
305 214.000  51.000  90 -20 2974 3294
306  86.000 133.000  90 -30 2468 2788
307 135.000  65.000  90 -20 1263 1583
308 163.000 114.000  90 -10 3327 3647
309  97.000  40.000  90 -20  434  754
310  31.000  48.000  90 -30 2072 2392
311 117.000  14.000  90 -30 2022 2342
312 264.000  42.000  90 -10 2526 2846
313 139.000 262.000  90 -20 1081 1401
314  78.000 213.000  90 -40 3023 3343
315  85.000 222.000  90 -20  120  440
316 132.000 253.000  90 -20 2880 3200
317 145.000  63.000  90 -20 1464 1784
318 163.000 150.000  90 -10 2712 3032
319  74.000 109.000  90 -20 2056 2376
320 236.000 210.000  90 -20 1515 1835
321 178.000 127.000  90 -10  745 1065
322  50.000 139.000  90 -20 1753 2073
323 132.000 262.000  90 -20 2412 2732
324 105.000  21.000  90 -30 2198 2518
325 256.000  38.000  90 -10 1429 1749
326 252.000  37.000  90 -20 3091 3411
327   6.000 146.000  90 -20 1794 2114
328 173.000 180.000  90 -10 3209 3529
329 138.000  17.000  90 -10 3184 3504
330  56.000  57.000  90 -20 3027 3347
331 244.000 260.000  90 -20 2332 2652
332 123.000  63.000  90 -10 2703 3023
333 182.000 178.000  90 -20 3110 3430
334 176.000 117.000  90 -20  553  873
335 227.000  32.000  90 -10 2667 2987
336  84.000 114.000  90 -20 2670 2990
337  23.000 144.000  90 -30 1027 1347
338  58.000 230.000  90 -10 1686 2006
339  40.000  60.000  90 -20 2551 2871
340 196.000 190.000  90 -10 3175 3495
341 259.000  71.000  90 -20  914 1234
342  75.000  89.000  90 -10  995 1315
343 114.000  43.000  90 -20 2497 2817
344 154.000 257.000  90 -20 1372 1692
345 207.000 201.000  90 -20 3069 3389
346   9.000 136.000  90 -20  733 1053
347 202.000 169.000  90 -10 1917 2237
348  38.000 163.000  90 -10 2962 3282
349 261.000 255.000  90 -10 1757 2077
350   7.000 144.000  90 -20 1702 2022
351  78.000 223.000  90 -10 2353 2673
352 204.000 171.000  90 -10 2010 2330
353 115.000   2.000  90 -10 1995 2315
354  26.000 168.000  90 -20 2670 2990
355  81.000 223.000  90 -20 2260 2580
356 182.000 236.000  90 -10 2450 2770
357  37.000 149.000  90 -20 1949 2269
358 191.000 188.000  90 -10 3270 3590
359 235.000 260.000  90 -20 2824 3144
360  92.000  28.000  90 -10  904 1224
361  47.000 118.000  90 -30 1355 1675
362 131.000 261.000  90 -30 2504 2824
363 273.000 184.000  90 -30 2111 2431
364 108.000 131.000  90 -20 3157 3477
365 232.000 199.000  90 -20 2585 2905
366 171.000  58.000  90 -20 2631 2951
367 115.000 235.000  90 -10 3271 3591
368  87.000 112.000  90 -10 2764 3084
369 263.000 169.000  90 -20 2491 2811
370 116.000 272.000  90 -10 2109 2429
371  18.000  52.000  90 -10 1569 1889
372 263.000 195.000  90 -10 1314 1634
373  62.000 221.000  90 -40 2640 2960
374 292.000  18.000  90 -10 1165 1485
375 185.000 180.000  90 -30 3016 3336
376  18.000 151.000  90 -10 1508 1828
377  25.000 150.000  90 -20 1411 1731
378 226.000  56.000  90 -10 2871 3191
379 176.000 136.000  90 -20 1854 2174
380 255.000 178.000  90 -10 2187 2507
381 179.000  59.000  90 -10 2440 2760
382 183.000 140.000  90 -10 1756 2076
383  42.000 240.000  90 -20 1293 1613
384   6.000 139.000  90 -20  828 1148
385 228.000 200.000  90 -10 2679 2999
386 258.000  44.000  90 -30 1525 1845
387 249.000  44.000  90 -10 2086 2406
388  87.000  10.000  90 -20 1624 1944
389 266.000  37.000  90 -20 2804 3124
390 245.000  42.000  90 -20 2280 2600
391  61.000 232.000  90 -30 1780 2100
392 241.000 276.000  90 -30 2534 2854
393 255.000 187.000  90 -30  927 1247
394 245.000 233.000  90 -10 2201 2521
395 239.000 262.000  90 -20 2730 3050
396  78.000 222.000  90 -10 2444 2764
397  75.000  28.000  90 -20 1293 1613
398 141.000  33.000  90 -40 3288 3608
399  43.000 155.000  90 -20 2241 2561
400 124.000  10.000  90 -10 2500 2820
401 197.000 178.000  90 -10  853 1173
402 266.000 172.000  90 -10 2397 2717
403 233.000 160.000  90 -20  972 1292
404  52.000  59.000  90 -10 3212 3532
405 161.000  62.000  90 -20 1672 1992
406 218.000 197.000  90 -10  887 1207
407 278.000 179.000  90 -20 2014 2334
408 179.000  62.000  90 -40 2533 2853
409  59.000 124.000  90 -30 2168 2488
410 231.000 236.000  90 -10 2972 3292
411 251.000 180.000  90 -30 2689 3009
412  71.000 126.000  90 -30 2362 2682
413 186.000 181.000  90 -10 2925 3245
414  93.000  77.000  90 -20 1379 1699
415  39.000  57.000  90 -10 2458 2778
416 173.000 144.000  90 -20 2232 2552
417 225.000 213.000  90 -30  594  914
418  52.000  80.000  90 -10 3285 3605
419  92.000  90.000  90 -30 1573 1893
420 196.000 158.000  90 -20 1720 2040
421 165.000  83.000  90 -30 2928 3248
422  37.000  63.000  90 -30 2645 2965
423 195.000 253.000  90 -20  828 1148
424 201.000 154.000  90 -40 1059 1379
425 165.000  85.000  90 -10 3020 3340
426 153.000  64.000  90 -10 1951 2271
427 209.000 173.000  90 -20 2196 2516
428 114.000  27.000  90 -10  999 1319
429  53.000  57.000  90 -20 3120 3440
430 233.000 189.000  90 -20 1571 1891
431 152.000 247.000  90 -10  409  729
432 258.000 169.000  90 -10 2586 2906
433 244.000 251.000  90 -10 1958 2278
434 162.000 157.000  90 -30 2615 2935
435  47.000 141.000  90 -30 1846 2166
436 196.000 191.000  90 -30  180  500
437  68.000 164.000  90 -10 2846 3166
438  52.000 153.000  90 -20 2448 2768
439 178.000 247.000  90 -40 1485 1805
440  89.000 102.000  90 -30 1859 2179
441 192.000 152.000  90 -20 1158 1478
442  71.000 159.000  90 -20 2941 3261
443 136.000 272.000  90 -10 1713 2033
444 262.000  32.000  90 -10 2050 2370
445 234.000  38.000  90 -10 2568 2888
446 135.000 270.000  90 -10 1806 2126
447  72.000 234.000  90 -10 2062 2382
448 101.000  29.000  90 -10 2297 2617
449 182.000 130.000  90 -20  840 1160
450 258.000 213.000  90 -30  646  966
451 193.000 250.000  90 -30 1013 1333
452 216.000 192.000  90 -20  982 1302
453  49.000  56.000  90 -20 2930 3250
454  66.000 211.000  90 -10 2831 3151
455 231.000 235.000  90 -30 2881 3201
456 164.000  79.000  90 -10 2834 3154
457  92.000  23.000  90 -40 1691 2011
458 155.000  60.000  90 -40 2045 2365
459   1.000 152.000  90 -20 1982 2302
460 182.000 233.000  90 -10 2357 2677
461 165.000  69.000  90 -10  763 1083
462 276.000  38.000  90 -20  371  691
463 237.000 222.000  90 -20 2595 2915
464 243.000 199.000  90 -20 2301 2621
465 132.000 248.000  90 -20 2975 3295
466 262.000  50.000  90 -10  150  470
467  89.000  24.000  90 -20 1598 1918
468 162.000 141.000  90 -20 2811 3131
469 153.000 144.000  90 -20 2911 3231
470 177.000 160.000  90 -10 1520 1840
471 137.000 256.000  90 -10 2602 2922
472  50.000  80.000  90 -20 3283 3603
473 290.000  49.000  90 -20  660  980
474  50.000 104.000  90 -20  783 1103
475 270.000 178.000  90 -20 2300 2620
476 233.000 228.000  90 -10 2784 3104
477 125.000 253.000  90 -30 2311 2631
478 238.000 203.000  90 -10 1418 1738
479  97.000  10.000  90 -40 1886 2206
480 141.000   3.000  90 -10 2886 3206
481 270.000  23.000  90 -10 1857 2177
482 180.000 231.000  90 -10 2264 2584
483 122.000 246.000  90 -10 3168 3488
484  56.000 117.000  90 -20 1255 1575
485 247.000  46.000  90 -10 1904 2224
486 215.000 168.000  90 -10 2294 2614
487 133.000 246.000  90 -30 3067 3387
488 226.000 232.000  90 -30 3068 3388
489 227.000 187.000  90 -10 1181 1501
490  99.000 124.000  90 -10 2961 3281
491 150.000  16.000  90 -20 3082 3402
492 109.000 126.000  90 -20 3062 3382
493 208.000 191.000  90 -20  563  883
494 160.000 111.000  90 -20 3232 3552
495  87.000 114.000  90 -30 2577 2897
496 192.000 251.000  90 -10  921 1241
497 191.000 215.000  90 -20 3329 3649
498 143.000   6.000  90 -10 2980 3300
499  43.000 153.000  90 -20 2149 2469
500  14.000 160.000  90 -20 2377 2697
501 283.000 180.000  90 -30 1919 2239
502 225.000 201.000  90 -10 2514 2834
503  49.000  57.000  90 -10 2839 3159
504 264.000  39.000  90 -20 2712 3032
505  41.000  63.000  90 -10 2739 3059
506 184.000 267.000  90 -20  720 1040
507 135.000  23.000  90 -20 3278 3598
508 178.000 218.000  90 -40 2663 2983
509 273.000  18.000  90 -40 1368 1688
510 169.000 221.000  90 -10 2762 3082
511 174.000 155.000  90 -20 2513 2833
512 263.000  43.000  90 -20 2617 2937
513 178.000 240.000  90 -20 1874 2194
514 257.000  41.000  90 -10 2994 3314
515 157.000  62.000  90 -10 1766 2086
516 220.000 231.000  90 -10 3164 3484
517 271.000  34.000  90 -20 2331 2651
518 239.000 188.000  90 -10 1667 1987
519 133.000   1.000  90 -20 2788 3108
520 101.000  31.000  90 -20 1288 1608
521 259.000 202.000  90 -10 1307 1627
522 168.000 237.000  90 -20 1974 2294
523 168.000  49.000  90 -20 2242 2562
524 231.000 170.000  90 -10 1960 2280
525 214.000 239.000  90 -40 3264 3584
526  59.000 243.000  90 -20 1095 1415
527  37.000 165.000  90 -20 2870 3190
528 172.000 146.000  90 -10 2324 2644
529 252.000  50.000  90 -40 1717 2037
530 227.000 221.000  90 -20 1891 2211
531  17.000 152.000  90 -20 1599 1919
532   3.000 159.000  90 -20 2080 2400
533  57.000  40.000  90 -10  753 1073
534 264.000  64.000  90 -10 1013 1333
535 116.000  21.000  90 -10  716 1036
536  20.000 155.000  90 -20 2475 2795
537 131.000 254.000  90 -20 2789 3109
538  83.000  35.000  90 -20 1005 1325
539 239.000 174.000  90 -10 1861 2181
540 191.000 151.000  90 -30 1460 1780
541 167.000 110.000  90 -30 3135 3455
542 163.000 223.000  90 -20 2858 3178
543 189.000 232.000  90 -20 3315 3635
544 253.000  64.000  90 -10  724 1044
545 172.000 249.000  90 -10 1773 2093
546 281.000 187.000  90 -20 1612 1932
547 191.000 172.000  90 -30 1320 1640
548  23.000 163.000  90 -20 2766 3086
549 104.000  18.000  90 -20 2105 2425
550 272.000  21.000  90 -20 1764 2084
551 242.000 263.000  90 -10 2637 2957
552  87.000 237.000  90 -30  405  725
553 165.000 187.000  90 -20 3310 3630
554 176.000  82.000  90 -10  565  885
555 134.000 273.000  90 -20 2001 2321
556 122.000  32.000  90 -10  522  842
557 267.000 265.000  90 -40 1378 1698
558  64.000  30.000  90 -20  549  869
559 104.000  15.000  90 -20 1826 2146
560  53.000 145.000  90 -20 2546 2866
561 250.000 247.000  90 -10 1861 2181
562 241.000  46.000  90 -20 2185 2505
563 191.000 168.000  90 -20 1414 1734
564  77.000  11.000  90 -10 1491 1811
565 231.000 260.000  90 -10 2918 3238
566 267.000 255.000  90 -20 1569 1889
567 251.000 222.000  90 -10  454  774
568  76.000 110.000  90 -20 1964 2284
569 223.000 177.000  90 -30 1173 1493
570 252.000 218.000  90 -10  548  868
571 229.000 186.000  90 -10 1274 1594
572  60.000 143.000  90 -20 2643 2963
573 180.000 227.000  90 -10 2170 2490
574 192.000 185.000  90 -10 2828 3148
575 198.000 182.000  90 -20 2731 3051
576  30.000 150.000  90 -30 2046 2366
577 170.000 255.000  90 -20 1587 1907
578 239.000 201.000  90 -20 2396 2716
579 238.000 170.000  90 -30 2796 3116
580 266.000  33.000  90 -30 2144 2464
581  64.000 234.000  90 -10 1874 2194
582  41.000  46.000  90 -20 2264 2584
583 221.000 203.000  90 -20 2868 3188
584 117.000 262.000  90 -30 2209 2529
585  56.000  43.000  90 -10  846 1166
586 263.000  12.000  90 -10 1469 1789
587 287.000 246.000  90 -20 1157 1477
588 196.000 178.000  90 -20  944 1264
589 222.000 160.000  90 -30  776 1096
590  78.000 234.000  90 -10 2158 2478
591  71.000 222.000  90 -10 2541 2861
592 253.000 198.000  90 -20  730 1050
593  64.000 134.000  90 -10  594  914
594  68.000  57.000  90 -20  244  564
595 142.000  82.000  90 -10 1061 1381
596 125.000   9.000  90 -20 2591 2911
597  39.000 129.000  90 -30 1548 1868
598 177.000 132.000  90 -10 1948 2268
599  28.000  52.000  90 -10 1977 2297
600  90.000  86.000  90 -20 1479 1799
601  58.000 161.000  90 -20 2348 2668
602  92.000 114.000  90 -20 2859 3179
603 122.000   5.000  90 -10 2686 3006
604 235.000 219.000  90 -10 1989 2309
605 122.000  24.000  90 -20  620  940
606  53.000 243.000  90 -10 1191 1511
607 251.000 186.000  90 -20  832 1152
608 208.000 174.000  90 -10 2105 2425
609 150.000 150.000   0   0    0 3815
