313 313 1000 200 1000
  0 150.000 150.000   0   0    0 1206
  1 174.000 238.000  10  21    0 1105
  2 166.000 123.000  10  14   31   41
  3 287.000 293.000  10  14    0  998
  4  47.000 203.000  10  29    0 1081
  5 152.000  29.000  10  10  909  919
  6  86.000 216.000  10  25    0 1105
  7 148.000 157.000  10  24    7   17
  8 175.000 107.000  10  17    0 1147
  9  17.000   0.000  10  11  587  597
 10  96.000  86.000  10  12    0 1113
 11 184.000 277.000  10  17    0 1065
 12  72.000 286.000   0  17    0 1040
 13 176.000 235.000  10  33    0 1108
 14  37.000  14.000  10  19  253  263
 15   1.000  11.000  10  34  490  500
 16  74.000 117.000  10  24  814  824
 17 170.000  53.000  10  21    0 1097
 18 154.000 101.000  10  21    0 1147
 19  75.000 191.000  10  12    0 1111
 20  99.000 105.000  10   4    0 1128
 21   6.000 168.000  10  21    0 1051
 22 254.000  87.000  10   7    0 1075
 23 268.000 113.000  10  22    0 1073
 24 159.000  89.000  10  22    0 1135
 25 175.000 294.000  10  16    0 1050
 26  57.000   7.000  10  25    0 1026
 27 106.000 243.000  10  22    0 1094
 28 207.000  20.000  10  13    0 1055
 29 289.000 143.000  10  23    0 1057
 30 166.000 194.000  10   7  108  118
 31 295.000 123.000  10  29  780  790
 32  85.000  62.000  10   3    0 1087
 33 208.000 235.000  10  22    0 1094
 34 151.000 133.000  10  23   17   27
 35 222.000 100.000  10  18  736  746
 36 152.000  77.000  10  10    0 1123
 37 225.000 192.000  10  26    0 1111
 38  63.000 170.000  10  19    0 1107
 39 106.000 168.000   0  21    0 1149
 40  73.000  81.000  10  15    0 1093
 41 112.000  43.000  10  42    0 1083
 42 259.000 187.000  10  35    0 1081
 43 153.000  61.000  10  12    0 1107
 44 211.000 174.000  10  33    0 1131
 45 226.000 248.000  10  17    0 1072
 46  52.000 165.000  10  18  297  307
 47  54.000 136.000  10   9  260  270
 48  34.000 150.000  10  15    0 1080
 49  37.000 258.000  10  11    0 1040
 50 192.000 150.000  10   6   42   52
 51  61.000 138.000  10   9    0 1107
 52 183.000  88.000  10  35    0 1126
 53 122.000 127.000   0   1    0 1160
 54 126.000 266.000  10  27    0 1078
 55 165.000 179.000  10  19    0 1164
 56  19.000 290.000  10  12    0 1005
 57  30.000 243.000  10   6  296  306
 58 172.000 198.000  10  29    0 1144
 59 256.000 286.000  10  31    0 1024
 60  15.000  52.000   0  21    0 1030
 61 234.000 107.000   0  24    0 1102
 62 108.000 162.000  10  24  637  647
 63 188.000  69.000  10  15    0 1107
 64 242.000  70.000  10  22    0 1075
 65  93.000 165.000  10  13    0 1138
 66  44.000 286.000  10  37    0 1024
 67  47.000 121.000  10  19  112  122
 68  30.000 145.000  10  23    0 1076
 69 289.000 130.000   0  27    0 1056
 70 159.000 266.000  10   2    0 1080
 71 198.000 159.000  10  23    0 1148
 72 155.000  93.000  10  33  148  158
 73  34.000   5.000  10  16    0 1011
 74 278.000 178.000  10  17    0 1065
 75 276.000  28.000  10   9    0 1021
 76  63.000 130.000   0  21    0 1107
 77 199.000 213.000  10  13    0 1117
 78 274.000   6.000  10  41    0 1006
 79 107.000 174.000  10  21   49   59
 80 156.000 182.000  10  20    0 1164
 81 272.000 211.000  10   8    0 1060
 82 153.000 226.000   0  18    0 1120
 83 250.000 194.000  10   4    0 1087
 84 243.000 136.000  10  46    0 1102
 85 221.000 145.000  10   9    0 1125
 86  52.000 109.000  10  30  106  116
 87  88.000 190.000  10  12  908  918
 88 175.000 123.000  10  23    0 1160
 89 124.000 174.000  10  22    0 1161
 90 271.000 105.000  10  42  627  637
 91 139.000  31.000  10  15    0 1077
 92 183.000  44.000  10  17  119  129
 93  45.000 190.000  10  35    0 1084
 94 145.000  38.000  10  10  252  262
 95 125.000 168.000  10  27    0 1166
 96 237.000 171.000  10  17    0 1107
 97 250.000 124.000  10   4  143  153
 98  29.000 139.000  10  25    0 1075
 99 217.000 138.000  10   5    0 1128
100 126.000  42.000   0  23    0 1086
101 136.000  68.000  10  19    0 1113
102  64.000  91.000   0  29    0 1092
103 148.000  28.000  10  17  346  356
104 126.000 127.000  10  40   33   43
105 259.000  14.000  10  18  749  759
106  60.000 176.000  10  19    0 1103
107  15.000  88.000  10  12    0 1048
108 209.000 246.000  10  26    0 1084
109 275.000 263.000  10  33    0 1028
110 167.000 171.000  10   9    0 1169
111 236.000  27.000  10  21    0 1046
112 243.000 191.000  10  16  101  111
113 136.000 295.000  10  18    0 1051
114 157.000  84.000   0  19    0 1130
115 162.000  92.000  10   2    0 1137
116 133.000 153.000  10  32   17   27
117 150.000 185.000  10  22    0 1161
118 151.000 113.000   0   4  356  366
119  71.000 294.000  10  18    0 1032
120 136.000 241.000   0  11    0 1104
121  15.000 178.000  10   9    0 1059
122  41.000 279.000  10  11    0 1028
123  96.000  96.000  10  33    0 1120
124 230.000 128.000  10  21    0 1114
125 198.000 100.000  10  25    0 1127
126 137.000 212.000  10  12    0 1133
127   8.000 227.000  10  33  187  197
128 189.000  41.000  10  12    0 1081
129 176.000 263.000  10   5    0 1081
130 220.000  43.000  10  28    0 1069
131 150.000  67.000  10  29    0 1113
132 117.000 155.000  10  22    0 1163
133 113.000   4.000  10  31    0 1046
134 114.000 259.000  10   5    0 1082
135  38.000  74.000  10  16    0 1061
136 139.000 250.000  10  17    0 1096
137 163.000 150.000  10  15   13   23
138 112.000 161.000  10  11   39   49
139 127.000  77.000  10  11    0 1120
140 131.000 222.000  10  21    0 1122
141  43.000  62.000  10  14    0 1058
142  96.000 199.000   0  16    0 1124
143 121.000 116.000  10  23  511  521
144  25.000 119.000  10  17  178  188
145 262.000  14.000  10  21    0 1020
146 239.000  84.000  10  17    0 1086
147 107.000 281.000  10  16  137  147
148 183.000 282.000  10  42    0 1060
149 186.000  26.000  10  25    0 1067
150 175.000 281.000  10  17    0 1063
151 118.000  38.000  10  27  223  233
152 189.000 201.000  10  21    0 1132
153 250.000  49.000  10  11  489  499
154 109.000 299.000  10  24    0 1042
155 128.000 225.000  10   5    0 1118
156  12.000  10.000  10  22    0 1000
157  11.000 176.000  10  13    0 1055
158 271.000 106.000  10  22    0 1068
159 158.000 140.000  10   5   12   22
160  75.000 265.000  10  14    0 1059
161 116.000 240.000  10  17    0 1100
162 272.000 183.000  10  12    0 1070
163  27.000 255.000   0   5    0 1035
164 203.000 166.000  10  20 1000 1010
165  94.000  93.000  10  19    0 1117
166 248.000 280.000  10  27    0 1034
167  57.000 127.000  10  20    0 1101
168  16.000  22.000  10  24    0 1011
169  75.000 127.000  10  37    0 1118
170   9.000 239.000  10  20    0 1030
171 247.000  86.000  10  21  222  232
172 248.000  41.000  10  11    0 1050
173 102.000 173.000  10  15   53   63
174 246.000 166.000  10  18    0 1099
175   5.000 189.000  10   5  156  166
176 216.000  40.000  10  41  162  172
177  44.000 223.000  10  22    0 1068
178  24.000  76.000  10  23  507  517
179 255.000 203.000  10  32    0 1079
180  94.000  12.000  10  20  484  494
181  14.000 165.000  10   7    0 1060
182 266.000 203.000  10   6    0 1069
183 114.000 117.000  10  31    0 1148
184  48.000 141.000   0  25    0 1094
185  12.000 275.000  10  18    0 1010
186   8.000 200.000  10  21    0 1046
187 253.000  69.000  10  20    0 1065
188 147.000  43.000  10  14  113  123
189 180.000 114.000  10   9    0 1150
190 250.000 228.000  10  22    0 1070
191  57.000 192.000  10  33    0 1094
192 166.000  99.000  10  19   53   63
193 179.000 123.000   0   4    0 1157
194 208.000 297.000  10   8    0 1038
195 241.000 298.000  10  27    0 1023
196 276.000  66.000  10  17    0 1045
197 111.000  40.000  10  22    0 1080
198 172.000   2.000  10   9  612  622
199 125.000 278.000  10  16    0 1066
200 186.000 228.000  10   5    0 1111
201 191.000  49.000  10  12    0 1087
202 102.000  81.000  10  12   84   94
203 135.000  38.000  10  19    0 1083
204 124.000 299.000  10   9    0 1045
205  36.000 212.000  10   4    0 1067
206  89.000  61.000  10  14    0 1089
207  60.000  72.000  10   2    0 1077
208 182.000 146.000  10   3  818  828
209 223.000 198.000  10  24    0 1109
210  11.000 242.000  10  16  527  537
211 244.000  13.000  10  10    0 1030
212 274.000  66.000   0  21  185  195
213 294.000  64.000   0  32  493  503
214   8.000   4.000  10  29  203  213
215 141.000 120.000  10  21   31   41
216  78.000 246.000  10  27    0 1076
217 180.000  98.000  10   3    0 1136
218 239.000 295.000  10  11    0 1026
219  80.000 131.000  10  14    0 1124
220 152.000 258.000  10  35    0 1088
221 181.000 297.000  10  10    0 1046
222 206.000 130.000  10  26   59   69
223 180.000 106.000  10  19    0 1143
224 148.000   8.000  10  13  196  206
225 235.000  31.000  10  18    0 1050
226 157.000  12.000  10  11    0 1058
227 172.000 225.000  10  13    0 1118
228  57.000 125.000  10  23    0 1100
229  51.000 217.000  10  36    0 1077
230 236.000 108.000  10  16    0 1101
231 224.000 229.000  10  16    0 1088
232 208.000 117.000   0  15    0 1130
233 176.000  72.000  10   6  584  594
234 159.000 287.000  10  21    0 1059
235  25.000  64.000   0  10    0 1045
236 135.000 210.000  10  12    0 1135
237 277.000  41.000  10  14    0 1029
238 159.000  41.000  10  11    0 1087
239  99.000  73.000  10  22    0 1104
240  72.000  89.000  10  13  563  573
241 229.000 188.000  10   7    0 1109
242 232.000 121.000  10  15    0 1110
243  98.000 129.000  10   2   56   66
244 139.000 270.000  10  15    0 1076
245 181.000 277.000   0  15    0 1066
246 159.000 300.000  10  15  150  160
247 105.000 252.000  10  25  111  121
248  76.000 280.000  10  27  495  505
249 213.000 119.000  10  25  739  749
250  37.000  36.000  10  26    0 1036
251  81.000 219.000  10  27    0 1099
252 283.000  65.000  10  27    0 1039
253 229.000  25.000  10  17  503  513
254  87.000 183.000  10  17    0 1125
255 234.000 213.000  10  15    0 1091
256 139.000 206.000  10  18    0 1139
257 114.000 211.000  10  10  449  459
258   5.000 195.000  10  18    0 1045
259 177.000 281.000  10  16  436  446
260  80.000  35.000  10  31    0 1062
261   3.000 135.000  10   7    0 1049
262  58.000 240.000  10  20    0 1068
263 173.000  64.000  10  12    0 1107
264  93.000 117.000  10  15    0 1131
265  80.000  86.000   0  32  610  620
266 125.000 136.000  10   5    0 1168
267 211.000  62.000  10   8  107  117
268 230.000 135.000  10  15    0 1115
269  20.000 245.000  10  28    0 1035
270 220.000 182.000  10  13    0 1120
271 300.000  44.000  10   3    0 1013
272   9.000  63.000  10  13    0 1031
273  53.000 141.000  10  16    0 1099
274 208.000 208.000  10  16  116  126
275 126.000 233.000  10  20    0 1110
276 271.000 145.000  10  26    0 1075
277   7.000  31.000  10  29    0 1010
278 107.000  39.000  10   9  351  361
279 110.000 145.000  10   8    0 1156
280  25.000  14.000  10  15  223  233
281 297.000 213.000  10  21  704  714
282 117.000 178.000  10  19  776  786
283  40.000 192.000  10  30    0 1079
284 116.000 245.000  10  37    0 1096
285 266.000  39.000  10   6    0 1036
286 128.000 155.000  10  11   22   32
287 279.000 189.000  10  30    0 1062
288 135.000 139.000  10  12    0 1178
289 284.000  72.000  10  17    0 1041
290 132.000 297.000  10  40  174  184
291  43.000  52.000  10  31    0 1051
292  72.000  36.000  10   7    0 1058
293 228.000  41.000   0  16    0 1062
294 202.000 161.000  10  16   53   63
295 299.000 153.000  10  12  420  430
296 202.000 292.000  10  10    0 1045
297 238.000 206.000  10  22    0 1092
298 238.000 103.000  10  16  732  742
299 194.000  11.000  10  14    0 1051
300 264.000  35.000  10  25    0 1035
301 211.000 239.000  10  20    0 1089
302 191.000 234.000  10   9   93  103
303  64.000 170.000   0  17    0 1108
304 117.000 168.000  10  14   37   47
305  82.000  35.000  10  12  133  143
306 285.000 283.000  10  22    0 1007
307 122.000  96.000  10  19    0 1136
308 119.000 183.000   0   6    0 1151
309 214.000 234.000  10  21    0 1091
310 148.000 299.000  10  15    0 1047
311   2.000  81.000  10  32    0 1033
312 157.000 276.000  10  18  126  136
313  37.000 126.000  10  19  164  174
314 165.000 256.000  10 -21  597  607
315 225.000  73.000  10 -14    0 1089
316 296.000 279.000  10 -14    0 1002
317  42.000 221.000  10 -29  306  316
318 157.000  50.000  10 -10  957  967
319  67.000 175.000  10 -25    0 1110
320 120.000 155.000  10 -24    0 1166
321 173.000 152.000  10 -17    0 1173
322  26.000   0.000  10 -11    0 1002
323 102.000  76.000  10 -12  853  863
324 212.000 270.000  10 -17  602  612
325  72.000 286.000  10 -17    0 1040
326 162.000 250.000  10 -33  206  216
327  69.000  90.000  10 -19  786  796
328  29.000   8.000  10 -34  761  771
329  69.000 134.000  10 -24    0 1114
330 159.000  42.000  10 -21    0 1088
331 170.000  93.000  10 -21    0 1136
332  72.000 180.000  10 -12    0 1113
333 103.000  81.000  10  -4    0 1113
334   3.000 119.000  10 -21    0 1046
335 246.000  93.000  10  -7    0 1085
336 289.000  79.000  10 -22    0 1040
337 176.000 153.000  10 -22    0 1170
338 203.000 283.000  10 -16    0 1053
339  51.000   2.000  10 -25    0 1018
340 147.000 152.000  10 -22    0 1193
341 220.000  18.000  10 -13    0 1047
342 291.000 148.000  10 -23  646  656
343 210.000 236.000  10  -7    0 1092
344 262.000 164.000  10 -29    0 1084
345  88.000  49.000  10  -3    0 1078
346 136.000 228.000  10 -22  367  377
347 199.000  28.000  10 -23    0 1065
348 189.000 197.000  10 -18    0 1135
349 149.000  98.000  10 -10    0 1144
350 229.000 179.000  10 -26  252  262
351  47.000 143.000  10 -19    0 1093
352 106.000 168.000  10 -21    0 1149
353  26.000  27.000  10 -15    0 1022
354 123.000  76.000  10 -42    0 1118
355 263.000 193.000  10 -35    0 1076
356 156.000  57.000  10 -12    0 1103
357 283.000 144.000  10 -33    0 1063
358 261.000 232.000  10 -17  509  519
359  47.000 153.000  10 -18  777  787
360  30.000 149.000  10  -9    0 1076
361  37.000 149.000  10 -15    0 1083
362  60.000 287.000  10 -11    0 1033
363 227.000  62.000  10  -6    0 1080
364  76.000 160.000  10  -9    0 1122
365 173.000  72.000  10 -35    0 1115
366 122.000 127.000  10  -1    0 1160
367 127.000 266.000  10 -27    0 1078
368 207.000 149.000  10 -19    0 1139
369   4.000 294.000  10 -12    0  991
370  25.000 191.000  10  -6    0 1065
371 167.000 193.000  10 -29    0 1150
372 238.000 294.000  10 -31    0 1028
373  15.000  52.000  10 -21    0 1030
374 234.000 107.000  10 -24    0 1102
375 102.000 155.000  10 -24    0 1148
376 180.000  93.000  10 -15    0 1132
377 260.000  64.000  10 -22    0 1057
378 139.000 146.000  10 -13    0 1185
379  59.000 287.000  10 -37    0 1032
380  28.000 124.000  10 -19    0 1072
381  18.000 151.000  10 -23    0 1064
382 289.000 130.000  10 -27    0 1056
383 157.000 254.000  10  -2    0 1092
384 246.000 133.000  10 -23    0 1099
385 205.000  44.000  10 -33    0 1077
386  82.000 100.000  10 -16    0 1112
387 289.000 209.000  10 -17    0 1045
388 279.000  36.000  10  -9    0 1024
389  63.000 130.000  10 -21    0 1107
390 241.000 208.000  10 -13    0 1089
391 296.000  15.000  10 -41    0  998
392   9.000 122.000  10 -21    0 1053
393 285.000 285.000  10 -20    0 1006
394 251.000 195.000  10  -8    0 1086
395 153.000 226.000  10 -18    0 1120
396 296.000 235.000  10  -4    0 1028
397 206.000 121.000  10 -46    0 1133
398 234.000 146.000  10  -9    0 1112
399   4.000  97.000  10 -30    0 1041
400 133.000 187.000  10 -12    0 1156
401 182.000  81.000  10 -23    0 1120
402  83.000 188.000  10 -22    0 1119
403 288.000 127.000  10 -42  720  730
404 139.000  33.000  10 -15    0 1079
405 183.000  23.000  10 -17    0 1065
406  15.000 219.000  10 -35    0 1045
407 136.000  50.000  10 -10    0 1096
408  46.000 155.000  10 -27  765  775
409 219.000 152.000  10 -17  969  979
410 282.000 104.000  10  -4  281  291
411  28.000 141.000  10 -25    0 1074
412 201.000 175.000  10  -5    0 1140
413 126.000  42.000  10 -23    0 1086
414 149.000  76.000  10 -19  810  820
415  64.000  91.000  10 -29    0 1092
416 140.000  18.000  10 -17    0 1064
417 158.000  83.000  10 -40    0 1129
418 296.000  17.000  10 -18    0  999
419  97.000 232.000  10 -19  943  953
420   1.000  81.000  10 -12    0 1032
421 189.000 240.000  10 -26    0 1098
422 274.000 256.000  10 -33    0 1033
423 230.000 150.000  10  -9  672  682
424 232.000  45.000  10 -21  822  832
425 296.000 252.000  10 -16  799  809
426 140.000 294.000  10 -18    0 1052
427 157.000  84.000  10 -19    0 1130
428 164.000 108.000  10  -2    0 1152
429  14.000 204.000  10 -32    0 1050
430 148.000 172.000  10 -22    0 1174
431 151.000 113.000  10  -4  356  366
432  75.000 269.000  10 -18  818  828
433 136.000 241.000  10 -11    0 1104
434  14.000 177.000  10  -9    0 1058
435   4.000 296.000  10 -11    0  990
436  51.000  63.000  10 -33    0 1065
437 246.000 123.000  10 -21    0 1097
438 230.000  80.000  10 -25    0 1090
439 140.000 214.000  10 -12    0 1132
440  37.000 159.000  10 -33    0 1083
441 212.000  45.000  10 -12  639  649
442 157.000 221.000  10  -5    0 1125
443 208.000  47.000  10 -28    0 1078
444 132.000  16.000  10 -29    0 1061
445 100.000 138.000  10 -22    0 1145
446 116.000  14.000  10 -31    0 1056
447 159.000 199.000  10  -5    0 1147
448  31.000  68.000  10 -16    0 1052
449 143.000 244.000  10 -17    0 1102
450 227.000 192.000  10 -15    0 1109
451  40.000 181.000  10 -11    0 1082
452 129.000  77.000  10 -11    0 1121
453 143.000 223.000  10 -21  413  423
454  61.000  84.000  10 -14  343  353
455  96.000 199.000  10 -16    0 1124
456 129.000  83.000  10 -23    0 1126
457  56.000 116.000  10 -17    0 1097
458 281.000   8.000  10 -21    0 1003
459 206.000 157.000  10 -17    0 1140
460 158.000 291.000  10 -16    0 1055
461 194.000 234.000  10 -42    0 1102
462 200.000  26.000  10 -25    0 1063
463 178.000 263.000  10 -17    0 1080
464 103.000   8.000  10 -27    0 1047
465 188.000 198.000  10 -21    0 1135
466 267.000  29.000  10 -11    0 1028
467 108.000 298.000  10 -24    0 1043
468 119.000 214.000  10  -5    0 1125
469   9.000  30.000  10 -22    0 1011
470  11.000 185.000  10 -13    0 1053
471 280.000 158.000  10 -22    0 1066
472 183.000  80.000  10  -5    0 1119
473 121.000 246.000  10 -14    0 1096
474  84.000 231.000  10 -17  555  565
475 265.000 197.000  10 -12  331  341
476  27.000 255.000  10  -5    0 1035
477 203.000 183.000  10 -20    0 1134
478 110.000  83.000  10 -19    0 1118
479 184.000 237.000  10 -27    0 1103
480  59.000 113.000  10 -20    0 1098
481 109.000  61.000  10 -24    0 1099
482  80.000 133.000  10 -37    0 1124
483  24.000 261.000  10 -20    0 1029
484 274.000 136.000  10 -21  814  824
485 297.000  43.000  10 -11    0 1015
486  69.000 208.000  10 -15    0 1097
487 298.000 135.000  10 -18  910  920
488  11.000 191.000  10  -5    0 1052
489 231.000  28.000  10 -41    0 1050
490  56.000 212.000  10 -22    0 1084
491 101.000 114.000  10 -23    0 1136
492 241.000 183.000  10 -32  853  863
493 107.000  29.000  10 -20    0 1068
494   1.000 145.000  10  -7    0 1047
495 241.000 218.000  10  -6    0 1083
496 108.000  80.000  10 -31    0 1115
497  48.000 141.000  10 -25    0 1094
498  40.000 236.000  10 -18    0 1057
499  18.000 196.000  10 -21  442  452
500 262.000  80.000  10 -20    0 1064
501 143.000  67.000  10 -14    0 1113
502 181.000 145.000  10  -9  772  782
503 228.000 217.000  10 -22    0 1094
504  18.000 184.000  10 -33    0 1060
505 183.000  43.000  10 -19    0 1085
506 179.000 123.000  10  -4    0 1157
507 209.000 269.000  10  -8  456  466
508 215.000 295.000  10 -27    0 1038
509 265.000  78.000  10 -17  716  726
510 110.000  31.000  10 -22  373  383
511 195.000   9.000  10  -9    0 1048
512 147.000 240.000  10 -16    0 1106
513 207.000 237.000  10  -5    0 1092
514 203.000  36.000  10 -12    0 1071
515  90.000  44.000  10 -12    0 1075
516 139.000 110.000  10 -19    0 1155
517 120.000 241.000  10  -9    0 1101
518  23.000 218.000  10  -4  159  169
519  72.000  20.000  10 -14    0 1045
520  85.000  75.000  10  -2    0 1097
521 162.000 148.000  10  -3    0 1184
522 238.000 214.000  10 -24    0 1088
523  15.000 259.000  10 -16    0 1023
524 229.000  40.000  10 -10    0 1061
525 274.000  66.000  10 -21  185  195
526 294.000  64.000  10 -32  493  503
527  15.000   2.000  10 -29    0  996
528 150.000 104.000  10 -21    0 1150
529  92.000 241.000  10 -27  777  787
530 271.000   8.000  10  -3    0 1010
531 213.000 299.000  10 -11    0 1035
532 109.000 148.000  10 -14    0 1155
533 151.000 172.000  10 -35    0 1174
534 208.000 290.000  10 -10  315  325
535 205.000 130.000  10 -26    0 1138
536 184.000 102.000  10 -19    0 1138
537 217.000  43.000  10 -13    0 1070
538 209.000  84.000  10 -18    0 1108
539 227.000   5.000  10 -11    0 1032
540 161.000 242.000  10 -13  886  896
541  57.000 123.000  10 -23    0 1100
542  76.000 221.000  10 -36  730  740
543 201.000 122.000  10 -16    0 1138
544 283.000 275.000  10 -16    0 1014
545 208.000 117.000  10 -15    0 1130
546 176.000  70.000  10  -6    0 1112
547 175.000 251.000  10 -21    0 1092
548  25.000  64.000  10 -10    0 1045
549 154.000 207.000  10 -12    0 1139
550 253.000  84.000  10 -14    0 1074
551 160.000  17.000  10 -11    0 1063
552 103.000  93.000  10 -22  576  586
553 111.000  98.000  10 -13    0 1131
554 254.000 206.000  10  -7  631  641
555 233.000 119.000  10 -15    0 1108
556  45.000 115.000  10  -2    0 1086
557 135.000 251.000  10 -15    0 1094
558 181.000 277.000  10 -15    0 1066
559 182.000 284.000  10 -15    0 1059
560 112.000 272.000  10 -25  347  357
561  71.000 268.000  10 -27    0 1054
562 187.000 129.000  10 -25  792  802
563  45.000  74.000  10 -26  403  413
564 103.000 260.000  10 -27  904  914
565 281.000  68.000  10 -27  517  527
566 247.000  19.000  10 -17  828  838
567 160.000 179.000  10 -17    0 1166
568 216.000 203.000  10 -15    0 1112
569 131.000 220.000  10 -18  131  141
570 113.000 188.000  10 -10    0 1143
571  15.000 209.000  10 -18    0 1049
572 169.000 236.000  10 -16    0 1108
573  40.000   1.000  10 -31    0 1011
574  94.000 109.000  10  -7  793  803
575  51.000 278.000  10 -20  282  292
576 168.000  42.000  10 -12    0 1087
577  83.000  77.000  10 -15    0 1097
578  80.000  86.000  10 -32  610  620
579  80.000  67.000  10  -5  437  447
580 224.000  61.000  10  -8    0 1081
581 224.000 138.000  10 -15    0 1122
582  30.000 226.000  10 -28    0 1054
583 173.000 148.000  10 -13    0 1173
584 272.000  70.000  10  -3    0 1051
585  29.000  72.000  10 -13    0 1053
586  38.000 139.000  10 -16    0 1084
587 225.000 210.000  10 -16    0 1100
588  99.000 226.000  10 -20    0 1105
589 275.000 146.000  10 -26    0 1071
590  16.000  42.000  10 -29    0 1024
591 108.000   3.000  10  -9    0 1044
592 125.000 148.000  10  -8    0 1171
593 120.000  60.000  10 -15  522  532
594 266.000 212.000  10 -21    0 1065
595 142.000 188.000  10 -19    0 1158
596  33.000 231.000  10 -30  755  765
597 110.000 262.000  10 -37  502  512
598 293.000  62.000  10  -6    0 1029
599  44.000 189.000  10 -11    0 1084
600 296.000 211.000  10 -30  206  216
601  88.000 124.000  10 -12    0 1129
602 282.000  76.000  10 -17  866  876
603 107.000 291.000  10 -40  552  562
604 117.000  79.000  10 -31    0 1118
605 113.000  62.000  10  -7    0 1101
606 228.000  41.000  10 -16    0 1062
607 290.000 219.000  10 -16    0 1040
608 265.000 141.000  10 -12    0 1081
609 228.000 276.000  10 -10    0 1048
610 190.000 181.000  10 -22    0 1146
611 188.000 142.000  10 -16 1148 1158
612 214.000   6.000  10 -14    0 1039
613 290.000  37.000  10 -25  826  836
614 152.000 241.000  10 -20    0 1105
615 263.000 291.000  10  -9    0 1016
616  64.000 170.000  10 -17    0 1108
617   2.000 238.000  10 -14    0 1024
618  38.000  44.000  10 -12    0 1042
619 252.000 219.000  10 -22    0 1073
620 131.000  78.000  10 -19  588  598
621 119.000 183.000  10  -6    0 1151
622 284.000 244.000  10 -21    0 1033
623 154.000 299.000  10 -15    0 1047
624  88.000 110.000  10 -32  644  654
625 119.000 254.000  10 -18  817  827
626  29.000 130.000  10 -19    0 1074
627 150.000 150.000   0   0    0 1206
