317 317 1000 200 1000
  0 150.000 150.000   0   0    0 1206
  1  71.000 268.000  10  10  231  241
  2 166.000 123.000  10  14   31   41
  3 287.000 293.000  10  14    0  998
  4 140.000 214.000  10  24    0 1132
  5  47.000 203.000  10  29  680  690
  6 247.000  19.000  10  21  828  838
  7 152.000  29.000  10  10  909  919
  8  86.000 216.000  10  25  218  228
  9 212.000 270.000  10  21  602  612
 10 148.000 157.000  10  24    7   17
 11 291.000 148.000  10  11  646  656
 12  92.000 241.000  10   3  777  787
 13 162.000 148.000  10  25    0 1184
 14 266.000 212.000  10  11  343  353
 15  56.000 116.000  10  22    0 1097
 16  96.000  86.000  10  12   83   93
 17  16.000  42.000  10  17  263  273
 18  72.000 286.000  10  17    0 1040
 19 176.000 235.000  10  33    0 1108
 20  26.000  27.000   0  16    0 1022
 21  37.000  14.000  10  19  253  263
 22   1.000  11.000   0  34  490  500
 23  74.000 117.000  10  24  814  824
 24 154.000 101.000  10  21   49   59
 25  75.000 191.000  10  12   90  100
 26 207.000 149.000  10  22  357  367
 27 254.000  87.000   0   7    0 1075
 28 159.000  89.000  10  22  836  846
 29   9.000  30.000  10   6    0 1011
 30 166.000 194.000  10   7  108  118
 31 136.000  50.000  10  16    0 1096
 32 267.000  29.000  10  33  469  479
 33 206.000 121.000  10  10    0 1133
 34 227.000   5.000  10  13  380  390
 35  60.000 287.000  10  15    0 1033
 36 151.000 133.000  10  23   17   27
 37 222.000 100.000   0  18  736  746
 38  73.000  81.000  10  15  566  576
 39  97.000 232.000   0  11  943  953
 40 112.000  43.000  10  42    0 1083
 41 182.000 284.000  10   3  523  533
 42  72.000  20.000  10  32  694  704
 43 211.000 174.000  10  33    0 1131
 44 274.000 136.000  10  11  814  824
 45  85.000  75.000   0  18  736  746
 46  52.000 165.000  10  18  297  307
 47  54.000 136.000  10   9  260  270
 48  34.000 150.000  10  15    0 1080
 49 203.000  36.000  10  18    0 1071
 50  37.000 258.000  10  11  836  846
 51 192.000 150.000  10   6   42   52
 52  61.000 138.000   0   9  653  663
 53 183.000  88.000  10  35  889  899
 54 122.000 127.000  10   1   36   46
 55  30.000 243.000  10   6  296  306
 56  24.000 261.000   0   8    0 1029
 57 181.000 145.000  10  20  772  782
 58 149.000  76.000  10  10  810  820
 59   1.000  81.000  10  21  331  341
 60 109.000 148.000  10  19    0 1155
 61 256.000 286.000  10  31    0 1024
 62  15.000  52.000  10  21  166  176
 63 234.000 107.000  10  24  348  358
 64 147.000 240.000  10   4    0 1106
 65 290.000  37.000  10   1  826  836
 66 165.000 256.000  10  12  597  607
 67 188.000  69.000  10  15    0 1107
 68  72.000 180.000  10  27    0 1113
 69  47.000 121.000  10  19  112  122
 70 283.000 275.000  10  12    0 1014
 71 289.000 130.000  10  27  339  349
 72 198.000 159.000  10  23    0 1148
 73 155.000  93.000  10  33  148  158
 74 199.000 213.000  10  13  521  531
 75 274.000   6.000  10  41  529  539
 76 107.000 174.000  10  21   49   59
 77  57.000 123.000  10  19    0 1100
 78  14.000 177.000  10  17  146  156
 79  84.000 231.000  10  21  555  565
 80 153.000 226.000  10  18    0 1120
 81  52.000 109.000  10  30  106  116
 82  11.000 191.000   0  12    0 1052
 83 296.000 235.000   0  25  570  580
 84 139.000  31.000  10  15    0 1077
 85 160.000 179.000  10  32    0 1166
 86 200.000  26.000  10  10    0 1063
 87  59.000 113.000  10  16    0 1098
 88 189.000 197.000   0  17    0 1135
 89 183.000  44.000  10  17  119  129
 90 271.000   8.000  10  36    0 1010
 91  44.000 189.000  10  13    0 1084
 92 125.000 168.000  10  27  877  887
 93 120.000  60.000   0  12  522  532
 94 246.000  93.000  10  14    0 1085
 95  15.000 259.000  10   9  688  698
 96  29.000 139.000  10  25    0 1075
 97 183.000  23.000  10  26    0 1065
 98 217.000 138.000  10   5    0 1128
 99 126.000  42.000  10  23    0 1086
100 103.000  93.000  10  13  576  586
101  37.000 159.000  10   7    0 1083
102  75.000 269.000  10  18  818  828
103 126.000 127.000  10  40   33   43
104 103.000  81.000  10  33    0 1113
105  45.000  74.000  10   9  403  413
106 275.000 263.000  10  33    0 1028
107  37.000 149.000  10  24  382  392
108  59.000 287.000  10  17  506  516
109 170.000  93.000  10  39  486  496
110 227.000 192.000   0  15    0 1109
111 236.000  27.000  10  21  382  392
112 139.000 110.000  10  21    0 1155
113 243.000 191.000  10  16  101  111
114 136.000 295.000  10  18    0 1051
115 132.000  16.000   0  26  259  269
116 157.000  84.000  10  19  110  120
117 162.000  92.000   0   2    0 1137
118 140.000  18.000  10  26    0 1064
119   4.000  97.000  10  23  884  894
120 133.000 153.000  10  32   17   27
121 150.000 185.000  10  22    0 1161
122 151.000 113.000  10   4  356  366
123 184.000 237.000  10  14    0 1103
124  15.000 178.000  10   9    0 1059
125  96.000  96.000  10  33    0 1120
126 230.000 128.000  10  21  390  400
127 198.000 100.000  10  25   97  107
128   8.000 227.000  10  33  187  197
129 189.000  41.000  10  12    0 1081
130 263.000 193.000  10  29    0 1076
131 220.000  43.000   0  28  445  455
132 217.000  43.000  10   5    0 1070
133 117.000 155.000   0  22    0 1163
134 113.000   4.000  10  31  301  311
135  38.000  74.000  10  16    0 1061
136 148.000 172.000  10  25   22   32
137 139.000 250.000  10  17  643  653
138 163.000 150.000  10  15   13   23
139 112.000 161.000  10  11   39   49
140  43.000  62.000  10  14    0 1058
141 157.000 254.000  10   8    0 1092
142 121.000 116.000  10  23  511  521
143  25.000 119.000   0  17  178  188
144 107.000 281.000  10  16  137  147
145 152.000 241.000  10   2  681  691
146 175.000 281.000  10  17  650  660
147 118.000  38.000  10  27  223  233
148 189.000 201.000  10  21  986  996
149 238.000 294.000  10  22  229  239
150 250.000  49.000  10  11  489  499
151 157.000 221.000   0  10    0 1125
152  12.000  10.000  10  22    0 1000
153  11.000 176.000  10  13    0 1055
154 140.000 294.000  10  18  419  429
155  51.000   2.000  10  41    0 1018
156 158.000 140.000   0   5   12   22
157 102.000 155.000  10  12  198  208
158 205.000 130.000   0  30    0 1138
159  94.000  93.000  10  19    0 1117
160 248.000 280.000  10  27  300  310
161  57.000 127.000  10  20    0 1101
162  80.000 133.000  10  30    0 1124
163  75.000 127.000  10  37    0 1118
164   9.000 239.000  10  20    0 1030
165 110.000  83.000  10  22  206  216
166 247.000  86.000  10  21  222  232
167 102.000 173.000  10  15   53   63
168  28.000 141.000  10  25    0 1074
169 246.000 166.000  10  18    0 1099
170  24.000  76.000  10  23  507  517
171 255.000 203.000  10  32    0 1079
172  94.000  12.000   0  20  484  494
173  14.000 165.000  10   7    0 1060
174 114.000 117.000   0  31    0 1148
175   8.000 200.000  10  21    0 1046
176 108.000   3.000  10  16    0 1044
177 228.000 217.000  10  32    0 1094
178 147.000  43.000  10  14  113  123
179 180.000 114.000   0   9 1080 1090
180  76.000 221.000  10  24  730  740
181 166.000  99.000  10  19   53   63
182 179.000 123.000   0   4    0 1157
183 151.000 172.000  10   2    0 1174
184 216.000 203.000   0   5  551  561
185 241.000 208.000  10  31    0 1089
186 238.000 214.000  10  15    0 1088
187 173.000 148.000  10   9    0 1173
188 156.000  57.000   0  27  691  701
189 157.000  50.000  10   8  957  967
190 276.000  66.000  10  17  151  161
191 224.000 138.000  10  16    0 1122
192 154.000 207.000   0  10    0 1139
193 191.000  49.000  10  12  140  150
194 102.000  81.000  10  12   84   94
195 246.000 133.000  10   9    0 1099
196  40.000   1.000  10  38    0 1011
197 135.000  38.000   0  19    0 1083
198  36.000 212.000  10   4    0 1067
199  83.000 188.000  10  16  329  339
200 182.000 146.000   0   3  818  828
201 274.000  66.000  10  21  185  195
202  15.000 219.000  10  19    0 1045
203 294.000  64.000  10  32  493  503
204   8.000   4.000  10  29  203  213
205 141.000 120.000  10  21   31   41
206 262.000  80.000  10  17    0 1064
207 139.000  33.000  10   2    0 1079
208  25.000 191.000  10  16  240  250
209  82.000 100.000  10  16    0 1112
210 239.000 295.000  10  11    0 1026
211  80.000 131.000  10  14    0 1124
212 206.000 130.000  10  26   59   69
213 131.000 220.000  10  23  131  141
214 103.000 260.000  10  14  904  914
215 148.000   8.000  10  13  196  206
216 235.000  31.000  10  18  151  161
217 157.000  12.000  10  11    0 1058
218  57.000 125.000  10  23    0 1100
219 158.000  83.000  10  27    0 1129
220  51.000 217.000  10  36    0 1077
221 236.000 108.000  10  16    0 1101
222 159.000 287.000  10  21    0 1059
223 135.000 210.000  10  12    0 1135
224 113.000 188.000  10  11  314  324
225 261.000 232.000  10  12  509  519
226 277.000  41.000  10  14    0 1029
227 189.000 240.000  10  18    0 1098
228 231.000  28.000  10  21    0 1050
229 159.000  41.000  10  11    0 1087
230  99.000  73.000  10  22  100  110
231 110.000 262.000  10  26  502  512
232  15.000   2.000  10   5    0  996
233  72.000  89.000  10  13  563  573
234 232.000 121.000  10  15  587  597
235  98.000 129.000  10   2   56   66
236 159.000 300.000  10  15  150  160
237 105.000 252.000  10  25  111  121
238 288.000 127.000  10  23  720  730
239 230.000  80.000  10  26    0 1090
240  61.000  84.000  10   7  343  353
241 159.000 199.000  10  12    0 1147
242 280.000 158.000  10  34  658  668
243 215.000 295.000  10   8  832  842
244 213.000 119.000  10  25  739  749
245  37.000  36.000  10  26    0 1036
246 229.000 179.000  10  16  252  262
247  81.000 219.000  10  27    0 1099
248 283.000  65.000  10  27  460  470
249 121.000 246.000   0   9    0 1096
250 234.000 213.000  10  15  152  162
251 283.000 144.000  10   6  133  143
252 107.000 291.000  10  17  552  562
253 154.000 299.000  10  17  598  608
254   5.000 195.000  10  18    0 1045
255 120.000 241.000  10  20  615  625
256 289.000  79.000  10  19  400  410
257 177.000 281.000  10  16  436  446
258  80.000  35.000  10  31    0 1062
259 117.000  79.000  10  10    0 1118
260 173.000  64.000  10  12    0 1107
261  80.000  86.000  10  32  610  620
262 211.000  62.000  10   8  107  117
263  40.000 236.000   0  11    0 1057
264 143.000  67.000  10  14   83   93
265  20.000 245.000  10  28    0 1035
266 246.000 123.000  10  18    0 1097
267   9.000  63.000  10  13  319  329
268  53.000 141.000  10  16   97  107
269 208.000 208.000  10  16  116  126
270 173.000  72.000  10   8    0 1115
271 143.000 223.000  10  20  413  423
272 126.000 233.000  10  20  401  411
273 271.000 145.000   0  26    0 1075
274 131.000  78.000  10   8  588  598
275 107.000  39.000  10   9  351  361
276 110.000 145.000  10   8    0 1156
277 251.000 195.000  10  33    0 1086
278  18.000 151.000  10  15  141  151
279 158.000 291.000  10  18    0 1055
280  23.000 218.000  10  23  159  169
281  40.000 192.000  10  30  123  133
282 205.000  44.000  10   9  150  160
283  26.000   0.000  10  12    0 1002
284  80.000  67.000  10  12  437  447
285 128.000 155.000  10  11   22   32
286 225.000 210.000  10  27  129  139
287 203.000 283.000  10   6    0 1053
288 289.000 209.000  10  23    0 1045
289 279.000 189.000  10  30    0 1062
290 284.000  72.000  10  17  943  953
291 132.000 297.000  10  40  174  184
292  43.000  52.000  10  31    0 1051
293 119.000 214.000  10  16  628  638
294  72.000  36.000  10   7    0 1058
295 202.000 161.000  10  16   53   63
296 162.000 250.000  10  24  206  216
297 299.000 153.000   0  12  420  430
298 108.000 298.000  10  17  890  900
299 238.000 206.000  10  22    0 1092
300 279.000  36.000  10  29    0 1024
301 238.000 103.000  10  16  732  742
302 194.000  11.000  10  14  337  347
303 265.000 141.000  10  22    0 1081
304 264.000  35.000  10  25  993 1003
305 211.000 239.000  10  20    0 1089
306 233.000 119.000  10  11    0 1108
307 191.000 234.000  10   9   93  103
308 117.000 168.000  10  14   37   47
309 265.000 197.000  10  15  331  341
310  82.000  35.000  10  12  133  143
311 290.000 219.000  10  19    0 1040
312 293.000  62.000  10  10    0 1029
313 284.000 244.000  10  12  746  756
314 176.000  70.000  10  18    0 1112
315 157.000 276.000  10  18  126  136
316  37.000 126.000  10  19  164  174
317 208.000 290.000  10  16  315  325
318  51.000 278.000  10 -10  282  292
319 195.000   9.000  10 -14    0 1048
320 250.000 194.000  10 -14  887  897
321 136.000 241.000  10 -24  382  392
322  96.000 199.000  10 -29 1029 1039
323 244.000  13.000  10 -21    0 1030
324 183.000  80.000  10 -10    0 1119
325  58.000 240.000  10 -25  784  794
326 159.000 266.000  10 -21    0 1080
327 186.000 228.000  10 -24    0 1111
328 295.000 123.000  10 -11  780  790
329 128.000 225.000  10  -3    0 1118
330 234.000 146.000  10 -25  362  372
331 214.000 234.000  10 -11    0 1091
332  48.000 141.000  10 -22    0 1094
333  64.000  91.000  10 -12    0 1092
334  15.000  88.000  10 -17    0 1048
335  71.000 294.000  10 -17  576  586
336 210.000 236.000  10 -33    0 1092
337  26.000  27.000  10 -16    0 1022
338  90.000  44.000  10 -19    0 1075
339   1.000  11.000  10 -34  490  500
340 147.000 152.000  10 -24    0 1193
341 150.000  67.000  10 -21    0 1113
342  18.000 196.000  10 -12  442  452
343 167.000 193.000  10 -22    0 1150
344 254.000  87.000  10  -7    0 1075
345 203.000 166.000  10 -22 1000 1010
346  38.000  44.000  10  -6    0 1042
347 209.000 246.000  10  -7    0 1084
348 127.000  77.000  10 -16  840  850
349 281.000  68.000  10 -33  517  527
350 208.000 117.000  10 -10    0 1130
351 212.000  45.000  10 -13  639  649
352  76.000 280.000  10 -15  495  505
353 208.000  47.000  10 -23    0 1078
354 222.000 100.000  10 -18  736  746
355  83.000  77.000  10 -15    0 1097
356  97.000 232.000  10 -11  943  953
357 129.000  77.000  10 -42    0 1121
358 139.000 270.000  10  -3  781  791
359  85.000  62.000  10 -32    0 1087
360 203.000 183.000  10 -33    0 1134
361 259.000 187.000  10 -11    0 1081
362  85.000  75.000  10 -18  736  746
363 156.000 182.000  10 -18  608  618
364  46.000 155.000  10  -9  765  775
365  45.000 115.000  10 -15    0 1086
366 199.000  28.000  10 -18    0 1065
367  44.000 223.000  10 -11    0 1068
368 239.000  84.000  10  -6  594  604
369  61.000 138.000  10  -9  653  663
370 184.000 102.000  10 -35    0 1138
371  25.000  64.000  10  -1  631  641
372  27.000 255.000  10  -6    0 1035
373  24.000 261.000  10  -8    0 1029
374 172.000 198.000  10 -20  840  850
375 201.000 122.000  10 -10    0 1138
376  31.000  68.000  10 -21    0 1052
377 117.000 178.000  10 -19  776  786
378 202.000 292.000  10 -31    0 1045
379  88.000 124.000  10 -21    0 1129
380 209.000  84.000  10 -24  392  402
381 126.000 266.000  10  -4    0 1078
382 253.000  69.000  10  -1    0 1065
383 143.000 244.000  10 -12    0 1102
384 281.000   8.000  10 -15    0 1003
385 173.000 152.000  10 -27  757  767
386  69.000 134.000  10 -19  634  644
387 250.000 228.000  10 -12    0 1070
388 289.000 143.000  10 -27    0 1057
389 201.000 175.000  10 -23    0 1140
390 129.000  83.000  10 -33    0 1126
391 220.000 182.000  10 -13  623  633
392 259.000  14.000  10 -41  749  759
393  57.000 192.000  10 -21    0 1094
394  47.000 153.000  10 -19  777  787
395  11.000 185.000  10 -17    0 1053
396  45.000 190.000  10 -21    0 1084
397 139.000 206.000  10 -18    0 1139
398  38.000 139.000  10 -30  347  357
399  11.000 191.000  10 -12    0 1052
400 296.000 235.000  10 -25  570  580
401 148.000  28.000  10 -15  346  356
402 139.000 146.000  10 -32    0 1185
403 168.000  42.000  10 -10    0 1087
404  47.000 143.000  10 -16    0 1093
405 189.000 197.000  10 -17    0 1135
406 220.000  18.000  10 -17    0 1047
407 262.000  14.000  10 -36  708  718
408  93.000 165.000  10 -13    0 1138
409 120.000 155.000  10 -27  898  908
410 120.000  60.000  10 -12  522  532
411 227.000  62.000  10 -14    0 1080
412  19.000 290.000  10  -9    0 1005
413  29.000 130.000  10 -25    0 1074
414 186.000  26.000  10 -26    0 1067
415 243.000 136.000  10  -5    0 1102
416 110.000  31.000  10 -23  373  383
417 175.000 107.000  10 -13    0 1147
418  18.000 184.000  10  -7    0 1060
419 125.000 278.000  10 -18    0 1066
420 135.000 139.000  10 -40    0 1178
421 122.000  96.000  10 -33    0 1136
422 100.000 138.000  10  -9    0 1145
423 274.000 256.000  10 -33    0 1033
424  30.000 145.000  10 -24    0 1076
425  44.000 286.000  10 -17  549  559
426 237.000 171.000  10 -39    0 1107
427 227.000 192.000  10 -15    0 1109
428 248.000  41.000  10 -21  479  489
429 136.000  68.000  10 -21    0 1113
430 296.000 211.000  10 -16  206  216
431 114.000 259.000  10 -18  818  828
432 132.000  16.000  10 -26  259  269
433 113.000  62.000  10 -19    0 1101
434 162.000  92.000  10  -2    0 1137
435 160.000  17.000  10 -26  350  360
436   3.000 119.000  10 -23    0 1046
437 125.000 148.000  10 -32    0 1171
438 142.000 188.000  10 -22  972  982
439 221.000 145.000  10  -4 1027 1037
440 175.000 251.000  10 -14    0 1092
441  40.000 181.000  10  -9    0 1082
442  88.000 110.000  10 -33  644  654
443 206.000 157.000  10 -21  921  931
444 271.000 105.000  10 -25  627  637
445   2.000 238.000  10 -33    0 1024
446 183.000  43.000  10 -12    0 1085
447 254.000 206.000  10 -29  631  641
448 220.000  43.000  10 -28  445  455
449 224.000  61.000  10  -5  483  493
450 117.000 155.000  10 -22    0 1163
451 116.000  14.000  10 -31  664  674
452  99.000 105.000  10 -16    0 1128
453 124.000 299.000  10 -25  302  312
454 106.000 243.000  10 -17    0 1094
455 187.000 129.000  10 -15  792  802
456   5.000 189.000  10 -11  156  166
457  30.000 149.000  10 -14    0 1076
458 116.000 240.000  10  -8    0 1100
459 111.000  98.000  10 -23    0 1131
460  25.000 119.000  10 -17  178  188
461 112.000 272.000  10 -16  347  357
462 161.000 242.000  10  -2  886  896
463 169.000 236.000  10 -17  949  959
464 109.000  61.000  10 -27  407  417
465 167.000 171.000  10 -21    0 1169
466 241.000 298.000  10 -22  472  482
467 214.000   6.000  10 -11  875  885
468 157.000 221.000  10 -10    0 1125
469  34.000   5.000  10 -22  745  755
470   6.000 168.000  10 -13  754  764
471 175.000 294.000  10 -18    0 1050
472 123.000  76.000  10 -41    0 1118
473 158.000 140.000  10  -5   12   22
474 106.000 168.000  10 -12  222  232
475 205.000 130.000  10 -30    0 1138
476  94.000 109.000  10 -19  793  803
477 263.000 291.000  10 -27    0 1016
478  76.000 160.000  10 -20    0 1122
479  63.000 170.000  10 -30    0 1107
480 125.000 136.000  10 -37    0 1168
481  56.000 212.000  10 -20    0 1084
482  93.000 117.000  10 -22  360  370
483 175.000 123.000  10 -21  833  843
484  12.000 275.000  10 -15  522  532
485   3.000 135.000  10 -25  678  688
486 230.000 150.000  10 -18  672  682
487  60.000  72.000  10 -23    0 1077
488 223.000 198.000  10 -32    0 1109
489  94.000  12.000  10 -20  484  494
490  60.000 176.000  10  -7    0 1103
491 114.000 117.000  10 -31    0 1148
492  67.000 175.000  10 -21    0 1110
493 103.000   8.000  10 -16    0 1047
494 224.000 229.000  10 -32  351  361
495 111.000  40.000  10 -14  865  875
496 180.000 114.000  10  -9 1080 1090
497  87.000 183.000  10 -24    0 1125
498 296.000  17.000  10 -19    0  999
499 179.000 123.000  10  -4    0 1157
500 172.000 225.000  10  -2    0 1118
501 216.000 203.000  10  -5  551  561
502 272.000 211.000  10 -31  369  379
503 194.000 234.000  10 -15    0 1102
504 176.000 153.000  10  -9    0 1170
505 156.000  57.000  10 -27  691  701
506 180.000  93.000  10  -8    0 1132
507 262.000 164.000  10 -17    0 1084
508 182.000  81.000  10 -16    0 1120
509 154.000 207.000  10 -10    0 1139
510 265.000  78.000  10 -12  716  726
511 164.000 108.000  10 -12    0 1152
512 250.000 124.000  10  -9  143  153
513  25.000  14.000  10 -38  223  233
514 135.000  38.000  10 -19    0 1083
515  30.000 226.000  10  -4    0 1054
516  75.000 265.000  10 -16  676  686
517 182.000 146.000  10  -3  818  828
518 242.000  70.000  10 -21    0 1075
519   4.000 296.000  10 -19  844  854
520 241.000 183.000  10 -32  853  863
521  29.000   8.000  10 -29  761  771
522 108.000  80.000  10 -21    0 1115
523 282.000  76.000  10 -17  866  876
524 159.000  42.000  10  -2    0 1088
525  15.000 209.000  10 -16  892  902
526 149.000  98.000  10 -16  839  849
527 228.000 276.000  10 -11  743  753
528  64.000 170.000  10 -14    0 1108
529 297.000  43.000  10 -26  732  742
530 136.000 228.000  10 -23  367  377
531 176.000 263.000  10 -14    0 1081
532 172.000   2.000  10 -13  612  622
533 229.000  40.000  10 -18    0 1061
534 207.000  20.000  10 -11    0 1055
535  63.000 130.000  10 -23    0 1107
536 153.000  61.000  10 -27    0 1107
537  78.000 246.000  10 -36    0 1076
538 225.000  73.000  10 -16    0 1089
539 181.000 297.000  10 -21    0 1046
540 119.000 183.000  10 -12  577  587
541  69.000 208.000  10 -11    0 1097
542 226.000 248.000  10 -12  863  873
543 276.000  28.000  10 -14    0 1021
544 178.000 263.000  10 -18    0 1080
545 228.000  41.000  10 -21  822  832
546 170.000  53.000  10 -11    0 1097
547  89.000  61.000  10 -22  263  273
548 116.000 245.000  10 -26  587  597
549  17.000   0.000  10  -5  587  597
550 150.000 104.000  10 -13    0 1150
551 300.000  44.000  10 -15    0 1013
552  29.000  72.000  10  -2  929  939
553 207.000 237.000  10 -15    0 1092
554  41.000 279.000  10 -25    0 1028
555 298.000 135.000  10 -23  910  920
556 282.000 104.000  10 -26  281  291
557 188.000 142.000  10  -7 1148 1158
558 137.000 212.000  10 -12    0 1133
559 278.000 178.000  10 -34  695  705
560 184.000 277.000  10  -8    0 1065
561 230.000 135.000  10 -25  988  998
562  16.000  22.000  10 -26    0 1011
563 266.000 203.000  10 -16    0 1069
564  88.000 190.000  10 -27  908  918
565 225.000 192.000  10 -27    0 1111
566 121.000 246.000  10  -9    0 1096
567 241.000 218.000  10 -15    0 1083
568 272.000 183.000  10  -6    0 1070
569 135.000 251.000  10 -17    0 1094
570 148.000 299.000  10 -17    0 1047
571  33.000 231.000  10 -18  755  765
572 124.000 174.000  10 -20    0 1161
573 260.000  64.000  10 -19  443  453
574 119.000 254.000  10 -16  817  827
575 102.000  76.000  10 -31  853  863
576 165.000 179.000  10 -10    0 1164
577 180.000 106.000  10 -12    0 1143
578 101.000 114.000  10 -32    0 1136
579 229.000  25.000  10  -8  503  513
580  40.000 236.000  10 -11    0 1057
581 145.000  38.000  10 -14  252  262
582  11.000 242.000  10 -28  527  537
583 272.000  70.000  10 -18  682  692
584   2.000  81.000  10 -13    0 1033
585   1.000 145.000  10 -16    0 1047
586 252.000 219.000  10 -16  311  321
587 176.000  72.000  10  -8  584  594
588 133.000 187.000  10 -20    0 1156
589 131.000 222.000  10 -20    0 1122
590 271.000 145.000  10 -26    0 1075
591 152.000  77.000  10  -8    0 1123
592 107.000  29.000  10  -9 1021 1031
593 108.000 162.000  10  -8  637  647
594 190.000 181.000  10 -33  914  924
595  28.000 124.000  10 -15    0 1072
596 181.000 277.000  10 -18    0 1066
597  14.000 204.000  10 -23    0 1050
598   4.000 294.000  10 -30  560  570
599 296.000  15.000  10  -9    0  998
600   7.000  31.000  10 -12    0 1010
601  69.000  90.000  10 -12  786  796
602 114.000 211.000  10 -11  449  459
603 208.000 235.000  10 -27    0 1094
604 209.000 269.000  10  -6  456  466
605 285.000 283.000  10 -23    0 1007
606 296.000 279.000  10 -30  507  517
607 253.000  84.000  10 -17    0 1074
608 127.000 266.000  10 -40    0 1078
609  51.000  63.000  10 -31    0 1065
610  99.000 226.000  10 -16    0 1105
611  57.000   7.000  10  -7    0 1026
612 229.000 188.000  10 -16    0 1109
613 174.000 238.000  10 -24    0 1105
614 299.000 153.000  10 -12  420  430
615 109.000 299.000  10 -17    0 1042
616 188.000 198.000  10 -22    0 1135
617 271.000 106.000  10 -29    0 1068
618 232.000  45.000  10 -16  822  832
619 180.000  98.000  10 -14    0 1136
620 275.000 146.000  10 -22    0 1071
621 266.000  39.000  10 -25    0 1036
622 213.000 299.000  10 -20    0 1035
623 219.000 152.000  10 -11  969  979
624 183.000 282.000  10  -9    0 1060
625  42.000 221.000  10 -14  306  316
626 296.000 252.000  10 -15  799  809
627  88.000  49.000  10 -12    0 1078
628 297.000 213.000  10 -19  704  714
629 268.000 113.000  10 -10  853  863
630 285.000 285.000  10 -12    0 1006
631 216.000  40.000  10 -18  162  172
632 152.000 258.000  10 -18    0 1088
633   9.000 122.000  10 -19  226  236
634 208.000 297.000  10 -16    0 1038
635 150.000 150.000   0   0    0 1206
