317 317 1000 200 1000
  0 150.000 150.000   0   0    0 1206
  1  71.000 268.000  10  10  231  241
  2 183.000  80.000  10  13   83   93
  3 166.000 123.000  10  14   31   41
  4  86.000 216.000  10  25  218  228
  5 148.000 157.000  10  24    7   17
  6 291.000 148.000  10  11  646  656
  7  92.000 241.000  10   3  777  787
  8 119.000 254.000   0  42  817  827
  9 266.000 212.000  10  11  343  353
 10  99.000 226.000  10  12  338  348
 11  56.000 116.000   0  22  240  250
 12 110.000  31.000  10  15  373  383
 13  17.000   0.000   0  11  587  597
 14  96.000  86.000  10  12   83   93
 15  16.000  42.000  10  17  263  273
 16  67.000 175.000  10   3  286  296
 17  72.000 286.000  10  17  412  422
 18 176.000 235.000  10  33   88   98
 19 170.000  53.000  10  21  172  182
 20 154.000 101.000  10  21   49   59
 21  75.000 191.000  10  12   90  100
 22 209.000 269.000   0  17  456  466
 23 207.000 149.000  10  22  357  367
 24  99.000 105.000  10   4  260  270
 25 296.000 211.000  10  22  206  216
 26  29.000   8.000  10  24  761  771
 27   9.000  30.000  10   6  398  408
 28 175.000 294.000  10  16  501  511
 29 282.000  76.000  10  26  866  876
 30 106.000 243.000  10  22  198  208
 31 207.000  20.000  10  13  195  205
 32 166.000 194.000  10   7  108  118
 33 295.000 123.000  10  29  780  790
 34  85.000  62.000  10   3  561  571
 35 136.000  50.000  10  16  257  267
 36 206.000 121.000  10  10  756  766
 37  60.000 287.000   0  15  993 1003
 38 151.000 133.000  10  23   17   27
 39 222.000 100.000  10  18  736  746
 40 152.000  77.000  10  10   78   88
 41 150.000 104.000  10  21   79   89
 42 106.000 168.000  10  21  222  232
 43 252.000 219.000  10  23  311  321
 44 259.000 187.000  10  35  115  125
 45 153.000  61.000  10  12  269  279
 46  85.000  75.000  10  18  736  746
 47  54.000 136.000  10   9  260  270
 48  34.000 150.000  10  15  403  413
 49 203.000  36.000  10  18  407  417
 50  37.000 258.000  10  11  836  846
 51  29.000 130.000  10  18  140  150
 52  40.000 181.000  10  26  286  296
 53 122.000 127.000  10   1   36   46
 54  19.000 290.000  10  12  397  407
 55  30.000 243.000  10   6  296  306
 56 209.000  84.000  10  13  392  402
 57  24.000 261.000  10   8  518  528
 58 149.000  76.000  10  10  810  820
 59  47.000 153.000  10   9  777  787
 60 109.000 148.000  10  19   48   58
 61 256.000 286.000  10  31  804  814
 62  15.000  52.000  10  21  166  176
 63 147.000 240.000  10   4  667  677
 64 165.000 256.000  10  12  597  607
 65 188.000  69.000  10  15  657  667
 66 242.000  70.000   0  22  141  151
 67  93.000 165.000  10  13   58   68
 68 224.000  61.000  10  22  483  493
 69  72.000 180.000  10  27  382  392
 70  44.000 286.000  10  37  549  559
 71  47.000 121.000  10  19  112  122
 72 289.000 130.000  10  27  339  349
 73 198.000 159.000   0  23  788  798
 74 201.000 122.000  10  29  732  742
 75  30.000 149.000  10   4  401  411
 76 203.000 183.000  10  26   80   90
 77 276.000  28.000  10   9  273  283
 78  63.000 130.000  10  21  572  582
 79 199.000 213.000  10  13  521  531
 80 274.000   6.000  10  41  529  539
 81 107.000 174.000  10  21   49   59
 82  57.000 123.000  10  19  175  185
 83  14.000 177.000  10  17  146  156
 84 156.000 182.000  10  20  608  618
 85 153.000 226.000  10  18  391  401
 86 243.000 136.000  10  46  263  273
 87 221.000 145.000  10   9 1027 1037
 88  52.000 109.000  10  30  106  116
 89  11.000 191.000  10  12  736  746
 90 296.000 235.000   0  25  570  580
 91 124.000 174.000  10  22   35   45
 92 271.000 105.000  10  42  627  637
 93 139.000  31.000  10  15  489  499
 94 200.000  26.000  10  10  454  464
 95  59.000 113.000  10  16  254  264
 96  76.000 160.000  10   2   74   84
 97 183.000  44.000  10  17  119  129
 98  45.000 190.000  10  35  455  465
 99 230.000 150.000  10  28  672  682
100 260.000  64.000  10  23  443  453
101  44.000 189.000  10  13  112  122
102 237.000 171.000  10  17  404  414
103 120.000  60.000  10  12  522  532
104 263.000 291.000  10   2  197  207
105 246.000  93.000  10  14  554  564
106 250.000 124.000  10   4  143  153
107  29.000 139.000  10  25  131  141
108 241.000 218.000  10  34  157  167
109 183.000  23.000   0  26  584  594
110 126.000  42.000  10  23  234  244
111 148.000  28.000  10  17  346  356
112 126.000 127.000  10  40   33   43
113 103.000  81.000  10  33  464  474
114  88.000  49.000  10  21  181  191
115  15.000  88.000  10  12  354  364
116  45.000  74.000  10   9  403  413
117 275.000 263.000  10  33  177  187
118  37.000 149.000  10  24  382  392
119 170.000  93.000   0  39  486  496
120 227.000 192.000  10  15  324  334
121 243.000 191.000  10  16  101  111
122 136.000 295.000  10  18  501  511
123 132.000  16.000   0  26  259  269
124 140.000  18.000  10  26  405  415
125 133.000 153.000   0  32   17   27
126 150.000 185.000  10  22   40   50
127 151.000 113.000   0   4  356  366
128 133.000 187.000   0  16 1078 1088
129 136.000 241.000  10  11  382  392
130 139.000 146.000   0  34   11   21
131 184.000 237.000  10  14  773  783
132 230.000 128.000  10  21  390  400
133 198.000 100.000  10  25   97  107
134 160.000  17.000  10  24  350  360
135 137.000 212.000  10  12  707  717
136 180.000  93.000  10   2  979  989
137   8.000 227.000  10  33  187  197
138 220.000  43.000  10  28  445  455
139 296.000  17.000  10   8  795  805
140 150.000  67.000  10  29   83   93
141  38.000  74.000  10  16  160  170
142 148.000 172.000  10  25   22   32
143 139.000 250.000  10  17  643  653
144 163.000 150.000  10  15   13   23
145 112.000 161.000  10  11   39   49
146 147.000 152.000   0  14    3   13
147 131.000 222.000  10  21  163  173
148 157.000 254.000  10   8  526  536
149  31.000  68.000  10  27  508  518
150 262.000  14.000  10  21  708  718
151 108.000  80.000  10   1  485  495
152 239.000  84.000  10  17  594  604
153 107.000 281.000  10  16  137  147
154 183.000 282.000  10  42  452  462
155 186.000  26.000  10  25  575  585
156 175.000 281.000  10  17  650  660
157 238.000 294.000  10  22  229  239
158 250.000  49.000   0  11  489  499
159 109.000 299.000  10  24  387  397
160  12.000  10.000  10  22  429  439
161  11.000 176.000  10  13  166  176
162 271.000 106.000  10  22  597  607
163  51.000   2.000  10  41  227  237
164 158.000 140.000  10   5   12   22
165  75.000 265.000   0  14  676  686
166 248.000 280.000  10  27  300  310
167  57.000 127.000  10  20  356  366
168  80.000 133.000  10  30   72   82
169 110.000  83.000  10  22  206  216
170 102.000 173.000  10  15   53   63
171 246.000 166.000  10  18  554  564
172   5.000 189.000  10   5  156  166
173  44.000 223.000  10  22  265  275
174   1.000 145.000  10   6  149  159
175 255.000 203.000  10  32  740  750
176 164.000 108.000  10  21   44   54
177 114.000 117.000  10  31   48   58
178  28.000 124.000  10  12  715  725
179  12.000 275.000  10  18  522  532
180 108.000   3.000  10  16  681  691
181 228.000 217.000   0  32  877  887
182 147.000  43.000  10  14  113  123
183 180.000 114.000   0   9 1080 1090
184  76.000 221.000   0  24  730  740
185 250.000 228.000  10  22  787  797
186  57.000 192.000  10  33  693  703
187 166.000  99.000  10  19   53   63
188  69.000 208.000   0  17  592  602
189 179.000 123.000  10   4   39   49
190 208.000 297.000  10   8  419  429
191 241.000 298.000  10  27  472  482
192 241.000 208.000  10  31  452  462
193 238.000 214.000  10  15  468  478
194 156.000  57.000  10  27  691  701
195 276.000  66.000  10  17  151  161
196 111.000  40.000  10  22  865  875
197 125.000 278.000  10  16  516  526
198 186.000 228.000  10   5  423  433
199 191.000  49.000  10  12  140  150
200 102.000  81.000  10  12   84   94
201 124.000 299.000  10   9  302  312
202  36.000 212.000  10   4  135  145
203  60.000  72.000  10   2  180  190
204  83.000 188.000   0  16  329  339
205  11.000 242.000  10  16  527  537
206 274.000  66.000  10  21  185  195
207  15.000 219.000  10  19  151  161
208   8.000   4.000  10  29  203  213
209 141.000 120.000  10  21   31   41
210 262.000  80.000  10  17  228  238
211 180.000  98.000  10   3  364  374
212 188.000 198.000  10   8  684  694
213 181.000 297.000  10  10  172  182
214 206.000 130.000  10  26   59   69
215 180.000 106.000  10  19   53   63
216 131.000 220.000  10  23  131  141
217 173.000 152.000  10  12  757  767
218 235.000  31.000  10  18  151  161
219 157.000  12.000  10  11  176  186
220 172.000 225.000  10  13  119  129
221 158.000  83.000  10  27   67   77
222  51.000  63.000  10   6  138  148
223  51.000 217.000  10  36  279  289
224 236.000 108.000  10  16  895  905
225 224.000 229.000  10  16  351  361
226 208.000 117.000   0  15   88   98
227 159.000 287.000  10  21  407  417
228 135.000 210.000   0  12  912  922
229 261.000 232.000  10  12  509  519
230 277.000  41.000  10  14  354  364
231 189.000 240.000  10  18  105  115
232 159.000  42.000  10  33  136  146
233 159.000  41.000  10  11  316  326
234 110.000 262.000  10  26  502  512
235  15.000   2.000  10   5  409  419
236  72.000  89.000   0  13  563  573
237 229.000 188.000  10   7  199  209
238  98.000 129.000  10   2   56   66
239 181.000 277.000  10  15  299  309
240 159.000 300.000  10  15  150  160
241 105.000 252.000  10  25  111  121
242 288.000 127.000  10  23  720  730
243  76.000 280.000  10  27  495  505
244 182.000  81.000  10  29  478  488
245  61.000  84.000   0   7  343  353
246  38.000 139.000  10  12  347  357
247 213.000 119.000   0  25  739  749
248  37.000  36.000  10  26  343  353
249 229.000 179.000  10  16  252  262
250 283.000  65.000  10  27  460  470
251 229.000  25.000  10  17  503  513
252 283.000 144.000  10   6  133  143
253 208.000  47.000  10   6  118  128
254 114.000 211.000  10  10  449  459
255 154.000 299.000  10  17  598  608
256 101.000 114.000  10   5  255  265
257   5.000 195.000  10  18  196  206
258 120.000 241.000   0  20  615  625
259 289.000  79.000  10  19  400  410
260 177.000 281.000  10  16  436  446
261  80.000  35.000  10  31  525  535
262   3.000 135.000  10   7  678  688
263 210.000 236.000  10  45  809  819
264  93.000 117.000  10  15  360  370
265 125.000 136.000  10   5   28   38
266  38.000  44.000  10  10  661  671
267 211.000  62.000  10   8  107  117
268 143.000  67.000  10  14   83   93
269  20.000 245.000  10  28  247  257
270 246.000 123.000  10  18  579  589
271  53.000 141.000   0  16   97  107
272 173.000  72.000   0   8  696  706
273 143.000 223.000  10  20  413  423
274 126.000 233.000  10  20  401  411
275 131.000  78.000  10   8  588  598
276   7.000  31.000   0  29  803  813
277 110.000 145.000  10   8  176  186
278 251.000 195.000  10  33  298  308
279  18.000 151.000  10  15  141  151
280  25.000  14.000  10  15  223  233
281 158.000 291.000  10  18  172  182
282 297.000 213.000  10  21  704  714
283  23.000 218.000  10  23  159  169
284 117.000 178.000  10  19  776  786
285  40.000 192.000  10  30  123  133
286 205.000  44.000  10   9  150  160
287 266.000  39.000  10   6  518  528
288  88.000 124.000  10   2   76   86
289  51.000 278.000  10  25  282  292
290  80.000  67.000  10  12  437  447
291 128.000 155.000  10  11   22   32
292 225.000 210.000  10  27  129  139
293  18.000 184.000  10  24  381  391
294 289.000 209.000   0  23  704  714
295 135.000 139.000  10  12   18   28
296 132.000 297.000  10  40  174  184
297  43.000  52.000  10  31  576  586
298  72.000  36.000  10   7  442  452
299 228.000  41.000  10  16  822  832
300 202.000 161.000  10  16   53   63
301 299.000 153.000   0  12  420  430
302 194.000 234.000  10   7   94  104
303 279.000  36.000  10  29  703  713
304 194.000  11.000  10  14  337  347
305 265.000 141.000  10  22  115  125
306 191.000 234.000  10   9   93  103
307  64.000 170.000  10  17  467  477
308 117.000 168.000  10  14   37   47
309 265.000 197.000  10  15  331  341
310  82.000  35.000  10  12  133  143
311 285.000 283.000  10  22  564  574
312 122.000  96.000  10  19  157  167
313 293.000  62.000  10  10  177  187
314 284.000 244.000  10  12  746  756
315 148.000 299.000  10  15  164  174
316 157.000 276.000  10  18  126  136
317  37.000 126.000  10  19  164  174
318  59.000 287.000  10 -10  506  516
319 227.000   5.000  10 -13  380  390
320 247.000  86.000  10 -14  222  232
321 151.000 172.000  10 -25  759  769
322 214.000 234.000  10 -24  740  750
323 219.000 152.000  10 -11  969  979
324  81.000 219.000  10  -3  974  984
325 119.000 254.000  10 -42  817  827
326 272.000 211.000  10 -11  369  379
327 116.000 240.000  10 -12  535  545
328  56.000 116.000  10 -22  240  250
329 112.000  43.000  10 -15  563  573
330  17.000   0.000  10 -11  587  597
331  99.000  73.000  10 -12  100  110
332   9.000  63.000  10 -17  319  329
333  88.000 190.000  10  -3  908  918
334 119.000 214.000  10 -17  628  638
335 208.000 290.000  10 -33  315  325
336 145.000  38.000  10 -21  252  262
337 155.000  93.000  10 -21  148  158
338  15.000 259.000  10 -12  688  698
339 209.000 269.000  10 -17  456  466
340 279.000 189.000  10 -22  604  614
341 121.000 116.000  10  -4  511  521
342 263.000 193.000  10 -22  276  286
343  90.000  44.000  10 -24 1002 1012
344  25.000  64.000  10  -6  631  641
345 159.000 266.000  10 -16  905  915
346 284.000  72.000  10 -26  943  953
347 121.000 246.000  10 -22  495  505
348 229.000  40.000  10 -13  249  259
349 154.000 207.000  10  -7  429  439
350 268.000 113.000  10 -29  853  863
351  72.000  20.000  10  -3  694  704
352 113.000  62.000  10 -16  534  544
353 205.000 130.000  10 -10  949  959
354  60.000 287.000  10 -15  993 1003
355 208.000 208.000  10 -23  116  126
356 230.000  80.000  10 -18  831  841
357 157.000  84.000  10 -10  110  120
358 176.000  70.000  10 -21  682  692
359 120.000 155.000  10 -21  898  908
360 209.000 246.000  10 -23  384  394
361 290.000 219.000  10 -35  197  207
362 189.000  41.000  10 -12  417  427
363 117.000  79.000  10 -18  914  924
364  47.000 143.000  10  -9  344  354
365  14.000 165.000  10 -15  527  537
366 217.000  43.000  10 -18  533  543
367  96.000 199.000  10 -11 1029 1039
368  25.000 119.000  10 -18  178  188
369  75.000 269.000  10 -26  818  828
370 107.000  39.000  10  -1  351  361
371   4.000 294.000  10 -12  560  570
372  15.000 178.000  10  -6  778  788
373 247.000  19.000  10 -13  828  838
374  97.000 232.000  10  -8  943  953
375 149.000  98.000  10 -10  839  849
376  30.000 145.000  10  -9  857  867
377 108.000 162.000  10 -19  637  647
378 226.000 248.000  10 -31  863  873
379  26.000   0.000  10 -21  505  515
380 152.000 241.000  10  -4  681  691
381 175.000 251.000  10 -12  747  757
382 183.000  88.000  10 -15  889  899
383 242.000  70.000  10 -22  141  151
384  37.000 159.000  10 -13  126  136
385 225.000  73.000  10 -22  529  539
386 119.000 183.000  10 -27  577  587
387  40.000 236.000  10 -37  760  770
388  80.000 131.000  10 -19  344  354
389 184.000 102.000  10 -27 1058 1068
390 198.000 159.000  10 -23  788  798
391 187.000 129.000  10 -29  792  802
392  28.000 141.000  10  -4  655  665
393 234.000 213.000  10 -26  152  162
394 267.000  29.000  10  -9  469  479
395 125.000 148.000  10 -21  853  863
396 216.000 203.000  10 -13  551  561
397 259.000  14.000  10 -41  749  759
398 113.000 188.000  10 -21  314  324
399  61.000 138.000  10 -19  653  663
400  71.000 294.000  10 -17  576  586
401 160.000 179.000  10 -20  790  800
402 157.000 221.000  10 -18  421  431
403 234.000 146.000  10 -46  362  372
404 188.000 142.000  10  -9 1148 1158
405  57.000 125.000  10 -30  221  231
406  15.000 209.000  10 -12  892  902
407 296.000 235.000  10 -25  570  580
408 127.000 266.000  10 -22  132  142
409 265.000  78.000  10 -42  716  726
410 139.000  33.000  10 -15  518  528
411 199.000  28.000  10 -10  467  477
412  74.000 117.000  10 -16  814  824
413  11.000 185.000  10  -2  279  289
414 195.000   9.000  10 -17  207  217
415 108.000 298.000  10 -35  890  900
416 217.000 138.000  10 -28  700  710
417 254.000  87.000  10 -23 1056 1066
418  63.000 170.000  10 -13  275  285
419 206.000 157.000  10 -17  921  931
420 127.000  77.000  10 -12  840  850
421 283.000 275.000  10  -2  749  759
422 233.000 119.000  10 -14  948  958
423 232.000 121.000  10  -4  587  597
424  48.000 141.000  10 -25  227  237
425 220.000 182.000  10 -34  623  633
426 183.000  23.000  10 -26  584  594
427 109.000  61.000  10 -23  407  417
428 129.000  83.000  10 -17  632  642
429  24.000  76.000  10 -40  507  517
430  96.000  96.000  10 -33  515  525
431 118.000  38.000  10 -21  223  233
432  69.000  90.000  10 -12  786  796
433  73.000  81.000  10  -9  566  576
434 165.000 179.000  10 -33  841  851
435   3.000 119.000  10 -24  699  709
436 170.000  93.000  10 -39  486  496
437 176.000 153.000  10 -15  838  848
438 262.000 164.000  10 -16  908  918
439 174.000 238.000  10 -18 1033 1043
440 132.000  16.000  10 -26  259  269
441 136.000  68.000  10 -26  604  614
442 133.000 153.000  10 -32   17   27
443 189.000 197.000  10 -22  484  494
444 151.000 113.000  10  -4  356  366
445 133.000 187.000  10 -16 1078 1088
446 126.000 266.000  10 -11  504  514
447 139.000 146.000  10 -34   11   21
448 172.000 198.000  10 -14  840  850
449 298.000 135.000  10 -21  910  920
450 253.000  84.000  10 -25  415  425
451 157.000  50.000  10 -24  957  967
452 142.000 188.000  10 -12  972  982
453 175.000 107.000  10  -2 1096 1106
454   8.000 200.000  10 -33  696  706
455 224.000 138.000  10 -28  919  929
456 290.000  37.000  10  -8  826  836
457 139.000 110.000  10 -29  869  879
458   2.000  81.000  10 -16  274  284
459 162.000 250.000  10 -25  206  216
460 159.000 199.000  10 -17  829  839
461 192.000 150.000  10 -15   42   52
462  42.000 221.000  10 -11  306  316
463 147.000 152.000  10 -14    3   13
464 136.000 228.000  10 -21  367  377
465 167.000 171.000  10  -8  868  878
466  80.000  86.000  10 -27  610  620
467 271.000   8.000  10 -21  771  781
468  94.000 109.000  10  -1  793  803
469 238.000 103.000  10 -17  732  742
470  41.000 279.000  10 -16  422  432
471 182.000 284.000  10 -42  523  533
472 183.000  43.000  10 -25  616  626
473 203.000 283.000  10 -17  751  761
474 285.000 285.000  10 -22  711  721
475 250.000  49.000  10 -11  489  499
476 107.000 291.000  10 -24  552  562
477   1.000  11.000  10 -22  490  500
478  25.000 191.000  10 -13  240  250
479 232.000  45.000  10 -22  822  832
480  57.000   7.000  10 -41  422  432
481 211.000 174.000  10  -5  526  536
482  75.000 265.000  10 -14  676  686
483 287.000 293.000  10 -27  548  558
484  69.000 134.000  10 -20  634  644
485  75.000 127.000  10 -30  525  535
486  26.000  27.000  10 -22  880  890
487  78.000 246.000  10 -15  334  344
488 280.000 158.000  10 -18  658  668
489   2.000 238.000  10  -5  850  860
490  56.000 212.000  10 -22  483  493
491   9.000 122.000  10  -6  226  236
492 241.000 183.000  10 -32  853  863
493 236.000  27.000  10 -21  382  392
494  64.000  91.000  10 -31  109  119
495 117.000 155.000  10 -12 1018 1028
496  33.000 231.000  10 -18  755  765
497 103.000   8.000  10 -16  692  702
498 228.000 217.000  10 -32  877  887
499 152.000  29.000  10 -14  909  919
500 180.000 114.000  10  -9 1080 1090
501  76.000 221.000  10 -24  730  740
502 190.000 181.000  10 -22  914  924
503  58.000 240.000  10 -33  784  794
504 162.000  92.000  10 -19  144  154
505  69.000 208.000  10 -17  592  602
506 234.000 107.000  10  -4  348  358
507 189.000 201.000  10  -8  986  996
508 213.000 299.000  10 -27  548  558
509 254.000 206.000  10 -31  631  641
510 225.000 192.000  10 -15  556  566
511 159.000  89.000  10 -27  836  846
512 294.000  64.000  10 -17  493  503
513 107.000  29.000  10 -22 1021 1031
514 114.000 259.000  10 -16  818  828
515 207.000 237.000  10  -5  498  508
516 220.000  18.000  10 -12  631  641
517  89.000  61.000  10 -12  263  273
518 112.000 272.000  10  -9  347  357
519   4.000 296.000  10  -4  844  854
520 102.000  76.000  10  -2  853  863
521  83.000 188.000  10 -16  329  339
522  14.000 204.000  10 -16  603  613
523 300.000  44.000  10 -21  767  777
524   6.000 168.000  10 -19  754  764
525  16.000  22.000  10 -29  535  545
526 162.000 148.000  10 -21  760  770
527 282.000 104.000  10 -17  281  291
528 176.000  72.000  10  -3  584  594
529 182.000 146.000  10  -8  818  828
530 239.000 295.000  10 -10  762  772
531 274.000 136.000  10 -26  814  824
532 248.000  41.000  10 -19  479  489
533 139.000 270.000  10 -23  781  791
534 181.000 145.000  10 -12  772  782
535 281.000   8.000  10 -18  254  264
536 113.000   4.000  10 -11  301  311
537 173.000 148.000  10 -13 1008 1018
538 173.000  64.000  10 -27  582  592
539   1.000  81.000  10  -6  331  341
540  84.000 231.000  10 -36  555  565
541 230.000 135.000  10 -16  988  998
542 211.000 239.000  10 -16  587  597
543 208.000 117.000  10 -15   88   98
544 169.000 236.000  10 -21  949  959
545 135.000 210.000  10 -12  912  922
546 296.000 252.000  10 -12  799  809
547 296.000  15.000  10 -14  511  521
548 228.000 276.000  10 -18  743  753
549 148.000   8.000  10 -33  196  206
550 168.000  42.000  10 -11  643  653
551 143.000 244.000  10 -26  695  705
552  94.000  93.000  10  -5  920  930
553  72.000  89.000  10 -13  563  573
554 223.000 198.000  10  -7  469  479
555 111.000  98.000  10  -2  281  291
556 212.000 270.000  10 -15  602  612
557 140.000 294.000  10 -15  419  429
558 139.000 206.000  10 -25  600  610
559 271.000 145.000  10 -23  967  977
560 128.000 225.000  10 -27  647  657
561 175.000 123.000  10 -29  833  843
562  61.000  84.000  10  -7  343  353
563  46.000 155.000  10 -12  765  775
564 213.000 119.000  10 -25  739  749
565  40.000   1.000  10 -26  459  469
566 266.000 203.000  10 -16  650  660
567 227.000  62.000  10 -27  815  825
568 214.000   6.000  10 -17  875  885
569 289.000 143.000  10  -6  147  157
570 216.000  40.000  10  -6  162  172
571 116.000 245.000  10 -10  587  597
572 215.000 295.000  10 -17  832  842
573  82.000 100.000  10  -5  588  598
574  47.000 203.000  10 -18  680  690
575 120.000 241.000  10 -20  615  625
576 281.000  68.000  10 -19  517  527
577 167.000 193.000  10 -16 1033 1043
578 135.000  38.000  10 -31  729  739
579   4.000  97.000  10  -7  884  894
580 208.000 235.000  10 -45  833  843
581  88.000 110.000  10 -15  644  654
582 100.000 138.000  10  -5  215  225
583  43.000  62.000  10 -10  831  841
584 297.000  43.000  10  -8  732  742
585 172.000   2.000  10 -14  612  622
586   9.000 239.000  10 -28  326  336
587 275.000 146.000  10 -18  661  671
588  53.000 141.000  10 -16   97  107
589 173.000  72.000  10  -8  696  706
590 152.000 258.000  10 -20  668  678
591 140.000 214.000  10 -20  624  634
592 129.000  77.000  10  -8  648  658
593   7.000  31.000  10 -29  803  813
594  83.000  77.000  10  -8  438  448
595 272.000 183.000  10 -33  716  726
596  52.000 165.000  10 -15  297  307
597  37.000  14.000  10 -15  253  263
598 176.000 263.000  10 -18  620  630
599 250.000 194.000  10 -21  887  897
600  27.000 255.000  10 -23  251  261
601 125.000 168.000  10 -19  877  887
602  60.000 176.000  10 -30  205  215
603 212.000  45.000  10  -9  639  649
604 272.000  70.000  10  -6  682  692
605 103.000  93.000  10  -2  576  586
606  30.000 226.000  10 -25  948  958
607  34.000   5.000  10 -12  745  755
608 135.000 251.000  10 -11  494  504
609 201.000 175.000  10 -27  703  713
610  18.000 196.000  10 -24  442  452
611 289.000 209.000  10 -23  704  714
612 102.000 155.000  10 -12  198  208
613 103.000 260.000  10 -40  904  914
614  29.000  72.000  10 -31  929  939
615 116.000  14.000  10  -7  664  674
616 231.000  28.000  10 -16  864  874
617 238.000 206.000  10 -16  583  593
618 299.000 153.000  10 -12  420  430
619 296.000 279.000  10  -7  507  517
620 264.000  35.000  10 -29  993 1003
621 244.000  13.000  10 -14  733  743
622 246.000 133.000  10 -22  165  175
623 184.000 277.000  10  -9  212  222
624  87.000 183.000  10 -17  535  545
625 161.000 242.000  10 -14  886  896
626 278.000 178.000  10 -15  695  705
627  94.000  12.000  10 -12  484  494
628 274.000 256.000  10 -22  806  816
629 123.000  76.000  10 -19  308  318
630 253.000  69.000  10 -10  648  658
631 203.000 166.000  10 -12 1000 1010
632 202.000 292.000  10 -15  918  928
633 178.000 263.000  10 -18  770  780
634  45.000 115.000  10 -19  227  237
635 150.000 150.000   0   0    0 1206
