312 312 1000 200 1000
  0 150.000 150.000   0   0    0 1206
  1 183.000  80.000  10  13    0 1119
  2 166.000 123.000  10  14   31   61
  3 287.000 293.000  10  14    0  998
  4 140.000 214.000  10  24    0 1132
  5 247.000  19.000  10  21  818  848
  6  86.000 216.000  10  25  208  238
  7 148.000 157.000  10  24    7   37
  8 119.000 254.000  10  42  807  837
  9 266.000 212.000  10  11  333  363
 10 175.000 107.000  10  17    0 1147
 11  17.000   0.000  10  11  577  607
 12  96.000  86.000  10  12   83  113
 13 136.000 228.000  10   2  357  387
 14 184.000 277.000  10  17    0 1065
 15  16.000  42.000  10  17  253  283
 16  67.000 175.000  10   3    0 1110
 17  72.000 286.000   0  17    0 1040
 18 176.000 235.000  10  33    0 1108
 19  37.000  14.000   0  19  243  273
 20   1.000  11.000  10  34  480  510
 21 170.000  53.000  10  21    0 1097
 22 154.000 101.000  10  21   49   79
 23  75.000 191.000  10  12   85  115
 24 209.000 269.000  10  17  446  476
 25 207.000 149.000  10  22  347  377
 26  99.000 105.000  10   4    0 1128
 27   6.000 168.000   0  21  744  774
 28 296.000 211.000  10  22  196  226
 29 254.000  87.000  10   7    0 1075
 30   9.000  30.000   0   6    0 1011
 31 282.000  76.000  10  26  856  886
 32  57.000   7.000  10  25    0 1026
 33 106.000 243.000  10  22    0 1094
 34 289.000 143.000  10  23    0 1057
 35 136.000  50.000  10  16    0 1096
 36 208.000 235.000  10  22    0 1094
 37 227.000   5.000  10  13  370  400
 38 151.000 133.000  10  23   17   47
 39  63.000 170.000  10  19    0 1107
 40 182.000 284.000  10   3  513  543
 41  72.000  20.000  10  32  684  714
 42 153.000  61.000  10  12    0 1107
 43  34.000 150.000  10  15    0 1080
 44  29.000 130.000  10  18    0 1074
 45 192.000 150.000  10   6   42   72
 46 122.000 127.000  10   1   36   66
 47  30.000 243.000  10   6  286  316
 48 209.000  84.000  10  13  382  412
 49  24.000 261.000   0   8    0 1029
 50 181.000 145.000  10  20  762  792
 51 149.000  76.000  10  10  800  830
 52   1.000  81.000   0  21  321  351
 53  47.000 153.000  10   9  767  797
 54 125.000 148.000  10   8    0 1171
 55 109.000 148.000  10  19    0 1155
 56 234.000 107.000  10  24  338  368
 57 108.000 162.000  10  24  627  657
 58 147.000 240.000  10   4    0 1106
 59 290.000  37.000  10   1  816  846
 60 188.000  69.000  10  15    0 1107
 61 242.000  70.000   0  22    0 1075
 62  93.000 165.000  10  13    0 1138
 63 224.000  61.000  10  22  473  503
 64  72.000 180.000  10  27    0 1113
 65  44.000 286.000  10  37  539  569
 66  30.000 145.000  10  23    0 1076
 67 289.000 130.000  10  27  329  359
 68 159.000 266.000  10   2    0 1080
 69 198.000 159.000  10  23    0 1148
 70 201.000 122.000  10  29    0 1138
 71 278.000 178.000  10  17  685  715
 72 203.000 183.000  10  26    0 1134
 73  57.000 123.000  10  19    0 1100
 74  14.000 177.000  10  17  138  168
 75 156.000 182.000  10  20  598  628
 76 153.000 226.000  10  18    0 1120
 77  56.000 212.000  10  10    0 1084
 78 221.000 145.000  10   9 1017 1047
 79  52.000 109.000  10  30  106  136
 80  11.000 191.000  10  12    0 1052
 81 296.000 235.000   0  25  560  590
 82 271.000 105.000  10  42  617  647
 83 139.000  31.000  10  15    0 1077
 84 160.000 179.000   0  32    0 1166
 85  59.000 113.000  10  16    0 1098
 86 189.000 197.000  10  17    0 1135
 87  76.000 160.000  10   2    0 1122
 88 183.000  44.000  10  17  111  141
 89 145.000  38.000  10  10  242  272
 90 271.000   8.000  10  36    0 1010
 91 230.000 150.000  10  28  662  692
 92 260.000  64.000  10  23  433  463
 93  44.000 189.000  10  13    0 1084
 94 263.000 291.000  10   2    0 1016
 95 246.000  93.000  10  14    0 1085
 96 250.000 124.000  10   4  133  163
 97 129.000  77.000  10  11    0 1121
 98  29.000 139.000  10  25    0 1075
 99 183.000  23.000  10  26    0 1065
100 126.000  42.000  10  23    0 1086
101 136.000  68.000  10  19    0 1113
102  64.000  91.000  10  29    0 1092
103 262.000 164.000  10  18    0 1084
104  37.000 159.000  10   7    0 1083
105  18.000 196.000  10   8  432  462
106  88.000  49.000  10  21    0 1078
107  60.000 176.000  10  19    0 1103
108 275.000 263.000  10  33    0 1028
109 183.000  43.000  10  14    0 1085
110  59.000 287.000  10  17  496  526
111 227.000 192.000  10  15    0 1109
112 243.000 191.000  10  16  101  131
113 136.000 295.000  10  18    0 1051
114 132.000  16.000  10  26  249  279
115 140.000  18.000  10  26    0 1064
116 133.000 153.000  10  32   17   47
117 151.000 113.000  10   4  346  376
118  71.000 294.000  10  18  566  596
119 133.000 187.000  10  16    0 1156
120 139.000 146.000  10  34    0 1185
121 184.000 237.000  10  14    0 1103
122  15.000 178.000  10   9    0 1059
123  41.000 279.000  10  11    0 1028
124  96.000  96.000  10  33    0 1120
125 230.000 128.000  10  21  380  410
126 160.000  17.000  10  24  340  370
127 180.000  93.000  10   2    0 1132
128   8.000 227.000  10  33  177  207
129 263.000 193.000   0  29    0 1076
130 296.000  17.000  10   8    0  999
131 150.000  67.000  10  29    0 1113
132 148.000 172.000  10  25   22   52
133 139.000 250.000  10  17  633  663
134 163.000 150.000  10  15   13   43
135 112.000 161.000  10  11   39   69
136 131.000 222.000  10  21    0 1122
137 167.000 193.000  10  29    0 1150
138 157.000 254.000  10   8    0 1092
139  14.000 204.000  10  19    0 1050
140  25.000 119.000  10  17  168  198
141 107.000 281.000  10  16  137  167
142 183.000 282.000  10  42    0 1060
143 186.000  26.000  10  25    0 1067
144 175.000 281.000   0  17  640  670
145 189.000 201.000  10  21  976 1006
146  12.000  10.000  10  22    0 1000
147 213.000 299.000  10  22    0 1035
148 271.000 106.000  10  22    0 1068
149 140.000 294.000  10  18  409  439
150 158.000 140.000  10   5   12   42
151 116.000 240.000  10  17    0 1100
152 272.000 183.000  10  12    0 1070
153  30.000 226.000  10  14    0 1054
154  94.000  93.000  10  19    0 1117
155 248.000 280.000  10  27  290  320
156  57.000 127.000  10  20    0 1101
157  16.000  22.000  10  24    0 1011
158  75.000 127.000  10  37    0 1118
159   9.000 239.000   0  20    0 1030
160 110.000  83.000  10  22  196  226
161 247.000  86.000  10  21  212  242
162 248.000  41.000  10  11  469  499
163 102.000 173.000  10  15   53   83
164  28.000 141.000  10  25    0 1074
165   5.000 189.000  10   5  150  180
166 216.000  40.000  10  41  152  182
167 255.000 203.000  10  32    0 1079
168  94.000  12.000  10  20  474  504
169  14.000 165.000  10   7    0 1060
170 164.000 108.000  10  21    0 1152
171 266.000 203.000  10   6    0 1069
172 114.000 117.000  10  31    0 1148
173  28.000 124.000  10  12    0 1072
174 147.000  43.000  10  14  107  137
175 250.000 228.000  10  22    0 1070
176 228.000 276.000  10  21  733  763
177  57.000 192.000  10  33    0 1094
178  69.000 208.000  10  17    0 1097
179 208.000 297.000  10   8    0 1038
180 241.000 298.000  10  27  462  492
181 216.000 203.000  10   5  541  571
182 241.000 208.000  10  31    0 1089
183 219.000 152.000   0   8  959  989
184 276.000  66.000  10  17  151  181
185 154.000 207.000  10  10    0 1139
186 172.000   2.000  10   9  602  632
187 191.000  49.000  10  12  130  160
188 102.000  81.000  10  12   84  114
189 246.000 133.000  10   9    0 1099
190 135.000  38.000  10  19    0 1083
191  36.000 212.000  10   4    0 1067
192  89.000  61.000  10  14  253  283
193  60.000  72.000  10   2    0 1077
194  83.000 188.000  10  16  319  349
195  11.000 242.000  10  16  517  547
196 274.000  66.000  10  21  175  205
197  15.000 219.000  10  19    0 1045
198   8.000   4.000  10  29  203  233
199   4.000 296.000  10  18  834  864
200 141.000 120.000  10  21   31   61
201 262.000  80.000  10  17    0 1064
202  78.000 246.000  10  27    0 1076
203 180.000  98.000  10   3    0 1136
204  25.000 191.000  10  16  230  260
205  82.000 100.000   0  16    0 1112
206   3.000 119.000  10   8    0 1046
207 152.000 258.000  10  35    0 1088
208 181.000 297.000  10  10    0 1046
209 206.000 130.000  10  26   59   89
210 180.000 106.000   0  19    0 1143
211 131.000 220.000  10  23  121  151
212 103.000 260.000  10  14  894  924
213 148.000   8.000  10  13  186  216
214 173.000 152.000  10  12  747  777
215 235.000  31.000  10  18  146  176
216 157.000  12.000  10  11    0 1058
217 172.000 225.000  10  13    0 1118
218  57.000 125.000  10  23    0 1100
219 158.000  83.000  10  27    0 1129
220  51.000  63.000  10   6    0 1065
221 254.000 206.000  10  29  621  651
222 236.000 108.000  10  16    0 1101
223 224.000 229.000  10  16  341  371
224 159.000 287.000   0  21    0 1059
225 149.000  98.000  10  25  829  859
226 135.000 210.000  10  12    0 1135
227 113.000 188.000  10  11  304  334
228 277.000  41.000  10  14    0 1029
229 189.000 240.000  10  18    0 1098
230 231.000  28.000  10  21    0 1050
231  99.000  73.000  10  22   92  122
232 110.000 262.000  10  26  492  522
233  15.000   2.000  10   5    0  996
234  72.000  89.000  10  13  553  583
235 232.000 121.000  10  15  577  607
236  98.000 129.000  10   2   56   86
237 139.000 270.000  10  15  771  801
238 181.000 277.000  10  15    0 1066
239 143.000 244.000  10  13    0 1102
240 105.000 252.000  10  25  111  141
241 288.000 127.000  10  23  710  740
242 230.000  80.000  10  26    0 1090
243 159.000 199.000   0  12    0 1147
244 280.000 158.000  10  34  648  678
245  37.000  36.000  10  26    0 1036
246 229.000 179.000  10  16  242  272
247 229.000  25.000  10  17  493  523
248 121.000 246.000  10   9    0 1096
249 234.000 213.000  10  15  142  172
250 139.000 206.000  10  18    0 1139
251 283.000 144.000   0   6  133  163
252 101.000 114.000  10   5    0 1136
253 229.000  40.000  10  13    0 1061
254  83.000  77.000  10  18    0 1097
255 289.000  79.000  10  19  390  420
256 175.000 251.000  10   8    0 1092
257 117.000  79.000  10  10    0 1118
258 173.000  64.000  10  12    0 1107
259 211.000  62.000  10   8  107  137
260 230.000 135.000  10  15  978 1008
261  45.000 115.000  10  13    0 1086
262 143.000  67.000  10  14   83  113
263 246.000 123.000   0  18    0 1097
264 300.000  44.000  10   3    0 1013
265   9.000  63.000  10  13  309  339
266  53.000 141.000  10  16   97  127
267 208.000 208.000  10  16  106  136
268 173.000  72.000  10   8    0 1115
269 143.000 223.000   0  20  403  433
270 126.000 233.000  10  20  391  421
271 271.000 145.000  10  26    0 1075
272 184.000 102.000  10  29    0 1138
273 131.000  78.000  10   8  578  608
274   7.000  31.000  10  29    0 1010
275 107.000  39.000  10   9  341  371
276 111.000  98.000  10  16    0 1131
277  18.000 151.000  10  15  132  162
278 296.000 279.000  10  15  497  527
279  33.000 231.000  10  36  745  775
280  25.000  14.000  10  15  213  243
281 117.000 178.000  10  19  766  796
282 116.000 245.000  10  37  577  607
283 281.000   8.000  10  19    0 1003
284 232.000  45.000   0  15  812  842
285 266.000  39.000  10   6    0 1036
286   4.000 294.000  10  15  550  580
287  88.000 124.000  10   2    0 1129
288  51.000 278.000  10  25  272  302
289  80.000  67.000  10  12  427  457
290 128.000 155.000  10  11   22   52
291 225.000 210.000  10  27  119  149
292 203.000 283.000  10   6    0 1053
293 279.000 189.000  10  30    0 1062
294 135.000 139.000  10  12    0 1178
295 132.000 297.000  10  40  164  194
296 228.000  41.000  10  16  812  842
297 202.000 161.000  10  16   53   83
298 108.000 298.000  10  17  880  910
299 238.000 206.000  10  22    0 1092
300 275.000 146.000  10  14    0 1071
301 279.000  36.000  10  29    0 1024
302 211.000 239.000   0  20    0 1089
303 117.000 168.000  10  14   37   67
304  82.000  35.000  10  12  133  163
305 290.000 219.000  10  19    0 1040
306 293.000  62.000   0  10    0 1029
307 119.000 183.000   0   6  567  597
308 284.000 244.000  10  12  736  766
309 148.000 299.000  10  15    0 1047
310   2.000  81.000  10  32    0 1033
311 157.000 276.000  10  18  126  156
312  37.000 126.000  10  19  154  184
313 183.000  88.000  10 -13  879  909
314 239.000  84.000  10 -14  584  614
315 226.000 248.000  10 -14  853  883
316 165.000 256.000  10 -24  587  617
317 220.000  18.000  10 -21    0 1047
318  84.000 231.000  10 -25  545  575
319 114.000 211.000  10 -24  439  469
320 128.000 225.000  10 -42    0 1118
321 261.000 232.000  10 -11  499  529
322 198.000 100.000  10 -17   87  117
323  34.000   5.000  10 -11  735  765
324 129.000  83.000  10 -12    0 1126
325 127.000 266.000  10  -2    0 1078
326 212.000 270.000  10 -17  592  622
327  94.000 109.000  10 -17  783  813
328  64.000 170.000  10  -3    0 1108
329  72.000 286.000  10 -17    0 1040
330 169.000 236.000  10 -33  939  969
331  37.000  14.000  10 -19  243  273
332  85.000  62.000  10 -34    0 1087
333 159.000  89.000  10 -21  826  856
334 157.000  84.000  10 -21  100  130
335  42.000 221.000  10 -12  296  326
336 209.000 246.000  10 -17    0 1084
337 187.000 129.000  10 -22  782  812
338 103.000  93.000  10  -4  566  596
339   6.000 168.000  10 -21  744  774
340 289.000 209.000  10 -22    0 1045
341 253.000  69.000  10  -7    0 1065
342   9.000  30.000  10  -6    0 1011
343 179.000 123.000  10 -26    0 1157
344  72.000  36.000  10 -25    0 1058
345 112.000 272.000  10 -22  337  367
346 265.000 141.000  10 -23    0 1081
347 118.000  38.000  10 -16  213  243
348 214.000 234.000  10 -22    0 1091
349 199.000  28.000  10 -13    0 1065
350 166.000  99.000  10 -23   53   83
351  52.000 165.000  10 -19  287  317
352 186.000 228.000  10  -3    0 1111
353  80.000  35.000  10 -32    0 1062
354 157.000  50.000  10 -12  947  977
355  46.000 155.000  10 -15  755  785
356  48.000 141.000  10 -18    0 1094
357 203.000 166.000  10  -6  990 1020
358  15.000  52.000  10  -1  166  196
359  12.000 275.000  10  -6  512  542
360 173.000 148.000  10 -13    0 1173
361  24.000 261.000  10  -8    0 1029
362 205.000 130.000  10 -20    0 1138
363 152.000  77.000  10 -10    0 1123
364   1.000  81.000  10 -21  321  351
365  47.000 143.000  10  -9    0 1093
366 106.000 168.000  10  -8  212  242
367 100.000 138.000  10 -19    0 1145
368 238.000 103.000  10 -24  722  752
369 120.000 155.000  10 -24  888  918
370 135.000 251.000  10  -4    0 1094
371 264.000  35.000  10  -1  983 1013
372 220.000  43.000  10 -15  435  465
373 242.000  70.000  10 -22    0 1075
374  47.000 203.000  10 -13  670  700
375 222.000 100.000  10 -22  726  756
376  23.000 218.000  10 -27  149  179
377 124.000 174.000  10 -37    0 1161
378 110.000 145.000  10 -23    0 1156
379 295.000 123.000  10 -27  770  800
380 177.000 281.000  10  -2  426  456
381 208.000 117.000  10 -23    0 1130
382 162.000 148.000  10 -29    0 1184
383 241.000 183.000  10 -17  843  873
384 190.000 181.000  10 -26  904  934
385  56.000 116.000  10 -19    0 1097
386  30.000 149.000  10 -17    0 1076
387 182.000 146.000  10 -20  808  838
388 162.000 250.000  10 -18  196  226
389  96.000 199.000  10 -10 1019 1049
390 188.000 142.000  10  -9 1128 1158
391  69.000 134.000  10 -30  624  654
392  15.000 209.000  10 -12  882  912
393 296.000 235.000  10 -25  560  590
394 268.000 113.000  10 -42  843  873
395 162.000  92.000  10 -15    0 1137
396 160.000 179.000  10 -32    0 1166
397  61.000 138.000  10 -16  643  673
398 223.000 198.000  10 -17    0 1109
399  37.000 149.000  10  -2  372  402
400 207.000  20.000  10 -17    0 1055
401 148.000  28.000  10 -10  336  366
402 259.000  14.000  10 -36  739  769
403 211.000 174.000  10 -28    0 1131
404 203.000  36.000  10 -23    0 1071
405  40.000 192.000  10 -13  117  147
406 285.000 283.000  10  -2    0 1007
407 208.000  47.000  10 -14    0 1078
408 282.000 104.000  10  -4  271  301
409 139.000 110.000  10 -11    0 1155
410  11.000 176.000  10 -25    0 1055
411 194.000  11.000  10 -26  327  357
412 110.000  31.000  10 -23  363  393
413 123.000  76.000  10 -19    0 1118
414  61.000  84.000  10 -29  333  363
415 259.000 187.000  10 -18    0 1081
416  38.000 139.000  10  -7  337  367
417   5.000 195.000  10  -8    0 1045
418  43.000  62.000  10 -21    0 1058
419  45.000 190.000  10 -19    0 1084
420 228.000 217.000  10 -33    0 1094
421 200.000  26.000  10 -14    0 1063
422  40.000 236.000  10 -17    0 1057
423 220.000 182.000  10 -15  613  643
424 272.000 211.000  10 -16  359  389
425 126.000 266.000  10 -18    0 1078
426 107.000  29.000  10 -26 1011 1041
427 108.000   3.000  10 -26    0 1044
428 102.000 155.000  10 -32  188  218
429 170.000  93.000  10  -4  476  506
430  75.000 269.000  10 -18  808  838
431 150.000 185.000  10 -16    0 1161
432 121.000 116.000  10 -34  501  531
433 210.000 236.000  10 -14    0 1092
434  18.000 184.000  10  -9    0 1060
435  37.000 258.000  10 -11  826  856
436 113.000  62.000  10 -33    0 1101
437 233.000 119.000  10 -21    0 1108
438 159.000  42.000  10 -24    0 1088
439 212.000  45.000  10  -2  629  659
440  15.000 259.000  10 -33  678  708
441 263.000 193.000  10 -29    0 1076
442 296.000  15.000  10  -8    0  998
443 159.000  41.000  10 -29    0 1087
444 151.000 172.000  10 -25    0 1174
445 152.000 241.000  10 -17  671  701
446 246.000 166.000  10 -15    0 1099
447  44.000 223.000  10 -11    0 1068
448 137.000 212.000  10 -21    0 1133
449 166.000 194.000  10 -29   98  128
450 157.000 221.000  10  -8    0 1125
451  40.000 181.000  10 -19    0 1082
452   9.000 122.000  10 -17  216  246
453 109.000 299.000  10 -16    0 1042
454 194.000 234.000  10 -42    0 1102
455 195.000   9.000  10 -25    0 1048
456 175.000 281.000  10 -17  640  670
457 167.000 171.000  10 -21    0 1169
458  26.000   0.000  10 -22    0 1002
459 238.000 294.000  10 -22  219  249
460 283.000  65.000  10 -22  450  480
461 176.000 263.000  10 -18    0 1081
462 250.000  49.000  10  -5  479  509
463 120.000 241.000  10 -17  605  635
464 251.000 195.000  10 -12    0 1086
465   2.000 238.000  10 -14    0 1024
466 109.000  61.000  10 -19  397  427
467 285.000 285.000  10 -27    0 1006
468 125.000 136.000  10 -20    0 1168
469  38.000  44.000  10 -24    0 1042
470  80.000 131.000  10 -37    0 1124
471   9.000 239.000  10 -20    0 1030
472 120.000  60.000  10 -22  512  542
473 253.000  84.000  10 -21    0 1074
474 227.000  62.000  10 -11    0 1080
475  87.000 183.000  10 -15    0 1125
476   3.000 135.000  10 -25  668  698
477   8.000 200.000  10  -5    0 1046
478 175.000 123.000  10 -41  823  853
479 250.000 194.000  10 -32  877  907
480 116.000  14.000  10 -20  654  684
481   4.000  97.000  10  -7  874  904
482 182.000  81.000  10 -21    0 1120
483 297.000 213.000  10  -6  694  724
484  93.000 117.000  10 -31  350  380
485  24.000  76.000  10 -12  497  527
486 139.000  33.000  10 -14    0 1079
487 256.000 286.000  10 -22    0 1024
488 202.000 292.000  10 -21    0 1045
489  88.000 190.000  10 -33  898  928
490  51.000 217.000  10 -17    0 1077
491 239.000 295.000  10  -8    0 1026
492 175.000 294.000  10 -27    0 1050
493 201.000 175.000  10  -5    0 1140
494 252.000 219.000  10 -31  301  331
495 219.000 152.000  10  -8  959  989
496 281.000  68.000  10 -17  507  537
497 172.000 198.000  10 -10  830  860
498 152.000  29.000  10  -9  899  929
499 205.000  44.000  10 -12  140  170
500  85.000  75.000  10 -12  726  756
501 213.000 119.000  10  -9  729  759
502 111.000  40.000  10 -19  855  885
503  27.000 255.000  10  -4    0 1035
504  45.000  74.000  10 -14  393  423
505  43.000  52.000  10  -2    0 1051
506 117.000 155.000  10 -16    0 1163
507  81.000 219.000  10 -16    0 1099
508 284.000  72.000  10 -21  933  963
509  20.000 245.000  10 -19    0 1035
510  40.000   1.000  10 -29    0 1011
511  19.000 290.000  10 -18    0 1005
512 176.000  72.000  10 -21  574  604
513 272.000  70.000  10 -17  672  702
514  71.000 268.000  10 -27  221  251
515 180.000 114.000  10  -3 1070 1100
516  11.000 185.000  10 -16    0 1053
517  82.000 100.000  10 -16    0 1112
518  29.000  72.000  10  -8  919  949
519 154.000 299.000  10 -35  588  618
520 158.000 291.000  10 -10    0 1055
521 234.000 146.000  10 -26  352  382
522 180.000 106.000  10 -19    0 1143
523  92.000 241.000  10 -23  767  797
524  97.000 232.000  10 -14  933  963
525 103.000   8.000  10 -13    0 1047
526 176.000 153.000  10 -12    0 1170
527 214.000   6.000  10 -18  865  895
528 113.000   4.000  10 -11  291  321
529 191.000 234.000  10 -13   93  123
530  69.000  90.000  10 -23  776  806
531 155.000  93.000  10 -27  138  168
532  31.000  68.000  10  -6    0 1052
533 206.000 157.000  10 -29  911  941
534 217.000  43.000  10 -16    0 1070
535 199.000 213.000  10 -16  511  541
536 159.000 287.000  10 -21    0 1059
537 150.000 104.000  10 -25    0 1150
538 114.000 259.000  10 -12  808  838
539 125.000 168.000  10 -11  867  897
540 244.000  13.000  10 -14    0 1030
541 207.000 237.000  10 -18    0 1092
542 236.000  27.000  10 -21  372  402
543  73.000  81.000  10 -22  556  586
544  99.000 226.000  10 -26    0 1105
545  29.000   8.000  10  -5  751  781
546 102.000  76.000  10 -13  843  873
547 206.000 121.000  10 -15    0 1133
548  15.000  88.000  10  -2    0 1048
549 161.000 242.000  10 -15  876  906
550 208.000 290.000  10 -15  305  335
551 136.000 241.000  10 -13  372  402
552  75.000 265.000  10 -25  666  696
553 298.000 135.000  10 -23  900  930
554 274.000 136.000  10 -26  804  834
555 159.000 199.000  10 -12    0 1147
556 237.000 171.000  10 -34    0 1107
557  88.000 110.000  10 -26  634  664
558 188.000 198.000  10 -16    0 1135
559 189.000  41.000  10 -17    0 1081
560 107.000 291.000  10  -9  542  572
561 238.000 214.000  10 -15    0 1088
562 142.000 188.000  10 -18  962  992
563 283.000 144.000  10  -6  133  163
564 108.000  80.000  10  -5    0 1115
565 267.000  29.000  10 -13  459  489
566 103.000  81.000  10 -18    0 1113
567 294.000  64.000  10 -19  483  513
568 178.000 263.000  10  -8    0 1080
569  90.000  44.000  10 -10    0 1075
570 156.000  57.000  10 -12  681  711
571 265.000  78.000  10  -8  706  736
572 224.000 138.000  10 -15    0 1122
573  63.000 130.000  10 -13    0 1107
574 168.000  42.000  10 -14    0 1087
575 246.000 123.000  10 -18    0 1097
576 297.000  43.000  10  -3  722  752
577  25.000  64.000  10 -13  621  651
578  47.000 121.000  10 -16  107  137
579 229.000 188.000  10 -16    0 1109
580 176.000  70.000  10  -8    0 1112
581 143.000 223.000  10 -20  403  433
582 165.000 179.000  10 -20    0 1164
583 291.000 148.000  10 -26  636  666
584 243.000 136.000  10 -29    0 1102
585 127.000  77.000  10  -8  830  860
586  26.000  27.000  10 -29    0 1022
587 112.000  43.000  10  -9    0 1083
588 122.000  96.000  10 -16    0 1136
589   1.000 145.000  10 -15    0 1047
590 283.000 275.000  10 -15    0 1014
591  58.000 240.000  10 -36  774  804
592  51.000   2.000  10 -15    0 1018
593 147.000 152.000  10 -19    0 1193
594 119.000 214.000  10 -37  618  648
595 274.000   6.000  10 -19  519  549
596 232.000  45.000  10 -15  812  842
597 262.000  14.000  10  -6  698  728
598  60.000 287.000  10 -15    0 1033
599  80.000 133.000  10  -2    0 1124
600  76.000 280.000  10 -25  485  515
601  80.000  86.000  10 -12  600  630
602  76.000 221.000  10 -11  720  750
603 225.000 192.000  10 -27    0 1111
604 215.000 295.000  10  -6  822  852
605 265.000 197.000  10 -30  321  351
606 126.000 127.000  10 -12   33   63
607 124.000 299.000  10 -40  292  322
608 225.000  73.000  10 -16    0 1089
609 217.000 138.000  10 -16    0 1128
610 125.000 278.000  10 -17    0 1066
611 241.000 218.000  10 -22    0 1083
612 299.000 153.000  10 -14  410  440
613 276.000  28.000  10 -29    0 1021
614 211.000 239.000  10 -20    0 1089
615 107.000 174.000  10 -14   49   79
616  74.000 117.000  10 -12  804  834
617 296.000 252.000  10 -19  789  819
618 293.000  62.000  10 -10    0 1029
619 119.000 183.000  10  -6  567  597
620 274.000 256.000  10 -12    0 1033
621 174.000 238.000  10 -15    0 1105
622  38.000  74.000  10 -32    0 1061
623 159.000 300.000  10 -18  150  180
624  54.000 136.000  10 -19  250  280
625 150.000 150.000   0   0    0 1206
