304 304 1000 1000 1000
  0 150.000 150.000   0   0    0 4823
  1 284.000 244.000  10  12 2954 3054
  2  38.000 139.000  10  12 1326 1489
  3 117.000 178.000   0  19 3050 3197
  4 216.000 203.000  10   5 2170 2277
  5 178.000 263.000  10  18 3060 3142
  6  51.000   2.000  10  41  863  994
  7 275.000 263.000  10  33  669  787
  8  61.000  84.000  10   7 1356 1432
  9  80.000  35.000  10  31 2051 2189
 10  60.000  72.000  10   2  702  781
 11  75.000 127.000  10  37 2074 2166
 12 102.000 173.000  10  15  171  254
 13 276.000  28.000  10   9 1078 1143
 14 289.000 143.000   0  23  563  652
 15 283.000 144.000  10   6  481  585
 16 120.000 241.000  10  20 2416 2548
 17 173.000  64.000  10  12 2278 2416
 18 117.000 168.000  10  14   82  219
 19 184.000 102.000   0  29 4201 4301
 20  16.000  42.000  10  17 1000 1141
 21 154.000 299.000  10  17 2364 2459
 22 208.000  47.000  10   6  393  553
 23 262.000  14.000  10  21 2775 2931
 24 191.000 234.000  10   9  274  474
 25 111.000  40.000  10  22 3410 3546
 26 227.000   5.000  10  13 1474 1607
 27 265.000 141.000  10  22  429  494
 28 272.000 211.000  10   8 1466 1528
 29 170.000  93.000  10  39 1873 2051
 30 180.000 106.000  10  19  144  283
 31  29.000 139.000  10  25  493  594
 32  37.000 159.000  10   7  454  597
 33 128.000 155.000  10  11   22  179
 34 179.000 123.000  10   4   63  254
 35 103.000   8.000  10  16 2735 2838
 36 176.000 235.000  10  33  249  462
 37 253.000  84.000  10  11 1614 1743
 38 276.000  66.000  10  17  558  653
 39 243.000 136.000  10  46  989 1153
 40 183.000  80.000  10  13  266  438
 41 177.000 281.000  10  16 1690 1835
 42  80.000  86.000  10  32 2379 2542
 43 299.000 153.000  10  12 1651 1749
 44 289.000 130.000  10  27 1304 1451
 45 147.000 152.000  10  14    3  100
 46 243.000 191.000  10  16  365  448
 47 238.000 103.000  10  16 2899 2999
 48 189.000 197.000  10  17 1901 2010
 49  64.000  91.000  10  29  376  539
 50 281.000  68.000  10  23 2048 2129
 51 211.000 239.000  10  20 2321 2414
 52   7.000  31.000  10  29 3176 3286
 53 140.000  18.000  10  26 1572 1707
 54 105.000 252.000  10  25  374  518
 55  99.000 105.000  10   4 1036 1084
 56 166.000 123.000  10  14   34  217
 57 139.000 146.000  10  34   11  108
 58 107.000 174.000  10  21  134  260
 59 236.000  27.000  10  21 1492 1605
 60  63.000 170.000   0  19 1092 1148
 61 246.000 166.000  10  18 2217 2256
 62 102.000  81.000  10  12  305  368
 63 271.000 105.000  10  42 2458 2599
 64  93.000 117.000  10  15 1398 1520
 65 262.000  80.000  10  17  867  996
 66 205.000  44.000  10   9  603  640
 67 278.000 178.000  10  17 2762 2841
 68  17.000   0.000  10  11 2325 2415
 69  86.000 216.000  10  25  821  964
 70 192.000 150.000  10   6   87  249
 71 131.000 222.000  10  21  647  694
 72 108.000  80.000  10   1 1896 2022
 73 259.000 187.000  10  35  402  518
 74  20.000 245.000  10  28  932 1086
 75  82.000  35.000  10  12  471  597
 76 159.000 300.000  10  15  537  666
 77 296.000 252.000   0  18 3175 3259
 78 207.000  20.000  10  13  732  871
 79 122.000  96.000  10  19  567  732
 80 133.000 153.000  10  32   37  101
 81  54.000 136.000  10   9 1009 1108
 82 208.000 208.000  10  16  413  551
 83   8.000   4.000  10  29  790  840
 84  30.000 145.000  10  23 3395 3501
 85 186.000  26.000  10  25 2273 2364
 86  83.000  77.000  10  18 1701 1841
 87 129.000  83.000  10  15 2484 2611
 88 157.000  12.000  10  11  672  779
 89  52.000 109.000  10  30  359  490
 90 237.000 171.000  10  17 1592 1683
 91 126.000  42.000  10  23  888 1022
 92  96.000  86.000  10  12  292  378
 93 188.000 198.000  10   8 2693 2819
 94 239.000 295.000  10  11 3003 3137
 95 198.000 159.000  10  23 3120 3221
 96  57.000 192.000  10  33 2751 2834
 97 116.000 245.000  10  37 2309 2428
 98 254.000 206.000  10  29 2499 2591
 99 118.000  38.000  10  27  858  968
100  44.000 189.000  10  13  422  481
101 141.000 120.000  10  21   49  201
102  37.000 126.000  10  19  639  711
103 100.000 138.000  10  24  804  956
104  88.000  49.000  10  21  699  791
105  57.000 127.000  10  20 1367 1521
106 217.000  43.000  10   5 2082 2220
107  96.000  96.000  10  33 2035 2123
108 135.000 139.000  10  12   18  189
109  41.000 279.000  10  11 1645 1769
110  18.000 196.000  10   8 1736 1841
111  30.000 149.000  10   4 1582 1664
112 224.000  61.000  10  22 1906 2002
113 248.000 280.000  10  27 1176 1268
114  94.000  12.000  10  20 1885 2028
115 293.000  62.000  10  10  636  822
116  53.000 141.000  10  16  351  429
117 227.000  62.000  10  16 3234 3324
118  88.000 110.000  10   1 2533 2658
119 224.000 229.000  10  16 1384 1464
120 102.000 155.000  10  12  766  861
121 151.000 113.000  10   4 1411 1477
122 266.000 212.000  10  11 1341 1440
123 157.000 276.000  10  18  438  572
124 162.000  92.000  10   2  523  665
125  11.000 242.000  10  16 2061 2195
126   5.000 189.000  10   5  592  699
127 152.000 241.000  10   2 2671 2818
128  81.000 219.000  10  27 3865 3963
129  88.000 190.000   0  12 3581 3724
130 225.000 210.000  10  27  456  614
131 166.000  99.000  10  19  169  259
132 251.000 195.000  10  33 1137 1290
133 246.000 133.000  10   9  612  745
134  59.000 113.000  10  16  972 1101
135 113.000  62.000  10   9 2115 2193
136 247.000  19.000  10  21 3259 3407
137 135.000 251.000  10  31 1944 2049
138 159.000  41.000  10  11 1228 1342
139 125.000 136.000  10   5   69  160
140  24.000  76.000  10  23 1962 2130
141 206.000 121.000  10  10 2965 3124
142 242.000  70.000  10  22  498  672
143  76.000 160.000  10   2  286  311
144 109.000 148.000  10  19  144  279
145 126.000 233.000  10  20 1556 1694
146 121.000 116.000  10  23 1996 2129
147 181.000 297.000  10  10  665  755
148 252.000 219.000  10  23 1222 1309
149 234.000 107.000  10  24 1359 1468
150  51.000 278.000  10  25 1098 1202
151 239.000  84.000  10  17 2352 2441
152 112.000 272.000  10  18 1330 1488
153 110.000 145.000  10   8  642  803
154 175.000 294.000  10  16 1955 2094
155 282.000 104.000  10  19 1120 1168
156 143.000 223.000  10  20 1603 1743
157 188.000  69.000  10  15 2573 2727
158 159.000 287.000  10  21 1599 1693
159 175.000 281.000  10  17 2535 2708
160  26.000   0.000  10  12 1965 2113
161 126.000 127.000  10  40   85  181
162  57.000   7.000  10  25 1648 1768
163 280.000 158.000  10  34 2565 2737
164 131.000 220.000  10  23  470  617
165 128.000 225.000  10   5 2523 2690
166 203.000 166.000  10  20 3964 4078
167 235.000  31.000  10  18  548  702
168   1.000  11.000  10  34 1892 2066
169 283.000  65.000  10  27 1794 1926
170 167.000 171.000  10   9 3452 3530
171 271.000 106.000  10  22 2325 2495
172  37.000 149.000  10  24 1490 1602
173 150.000 185.000  10  22  140  222
174  93.000 165.000  10  13  201  270
175 203.000  36.000  10  18 1568 1730
176 124.000 299.000  10   9 1179 1280
177 139.000  31.000  10  15 1903 2050
178 170.000  53.000  10  21  622  792
179 246.000 123.000  10  18 2269 2406
180 148.000   8.000  10  13  750  860
181 159.000  89.000  10  22 3298 3433
182 211.000  62.000  10   8  383  473
183 300.000  44.000  10   3 2997 3176
184 210.000 236.000  10  45 3175 3336
185 172.000 225.000  10  13  420  576
186  29.000  72.000   0  13 3660 3814
187 174.000 238.000  10  21 4114 4191
188 158.000 140.000  10   5   12   98
189  15.000  52.000  10  21  615  720
190  44.000 223.000  10  22 1036 1124
191 289.000  79.000  10  19 1541 1703
192 194.000 234.000  10   7  340  418
193 132.000  16.000  10  26 1030 1083
194  83.000 188.000  10  16 1273 1400
195 152.000  77.000  10  10  243  423
196 216.000  40.000  10  41  601  736
197 287.000 293.000  10  14 2149 2276
198 184.000 277.000  10  17  783  951
199  82.000 100.000  10  16 2295 2445
200  27.000 255.000  10   5  937 1107
201  19.000 290.000  10  12 1560 1658
202 154.000 101.000  10  21  167  227
203 265.000  78.000  10   7 2804 2962
204  40.000 181.000  10  26 1081 1245
205 229.000 188.000  10   7  776  856
206 119.000 214.000  10  16 2462 2606
207 209.000 269.000  10  17 1745 1942
208  52.000 165.000  10  18 1147 1270
209  63.000 130.000  10  21 2209 2408
210  23.000 218.000  10  23  603  709
211 129.000  77.000  10  11 2572 2651
212 114.000 117.000  10  31  141  250
213 151.000 133.000  10  23   28  108
214 182.000  81.000   0  29 1867 2001
215  72.000  36.000  10   7 1723 1849
216 163.000 150.000  10  15   13  200
217 148.000 172.000  10  25   47  130
218 155.000  93.000  10  33  558  668
219 181.000 145.000  10  20 3066 3152
220 147.000  43.000  10  14  415  526
221  75.000 191.000  10  12  313  450
222 150.000 104.000  10  21  305  370
223 234.000 213.000  10  15  534  723
224   9.000  30.000  10   6 1514 1709
225 125.000 168.000  10  27 3492 3562
226  88.000 124.000  10   2  242  408
227 176.000  72.000  10   6 2286 2430
228 110.000 262.000  10  26 1971 2088
229 229.000  25.000  10  17 1961 2106
230 186.000 228.000  10   5 1637 1787
231 173.000  72.000  10   8 2763 2842
232 164.000 108.000  10  21  132  223
233  98.000 129.000  10   2  182  266
234 161.000 242.000  10  30 3539 3587
235 139.000 110.000  10  21 3438 3553
236 265.000 197.000  10  15 1269 1422
237 241.000 218.000  10  34  573  720
238 238.000 294.000  10  22  863 1010
239   8.000 227.000  10  33  730  803
240  25.000 119.000  10  17  688  779
241 238.000 206.000  10  22 2282 2421
242   1.000 145.000  10   6  555  638
243 208.000 117.000  10  15  324  423
244  47.000 203.000  10  29 2655 2824
245 199.000 213.000  10  13 2074 2135
246 189.000 240.000  10  18  394  484
247   1.000  81.000  10  21 1264 1420
248 122.000 127.000  10   1   62  228
249 260.000  64.000  10  23 1748 1837
250  15.000 259.000  10   9 2704 2837
251  60.000 176.000  10  19  767  916
252 158.000  83.000  10  27  168  372
253  37.000  14.000  10  19  979 1083
254 116.000 240.000  10  17 2105 2216
255 125.000 278.000  10  16 2067 2098
256 296.000 279.000  10  15 1988 2111
257 157.000  84.000  10  19  388  535
258  29.000 130.000  10  18  528  631
259 250.000 124.000  10   4  537  647
260 143.000  67.000  10  14  256  411
261  69.000  90.000  10  23 3111 3218
262  47.000 143.000  10  17 1334 1457
263 106.000 168.000  10  21  853  963
264 124.000 174.000  10  22   87  197
265  33.000 231.000  10  36 2972 3110
266  67.000 175.000  10   3 1115 1216
267 208.000 235.000  10  22 3289 3411
268 113.000   4.000  10  31 1182 1264
269 203.000 183.000  10  26  321  359
270   6.000 168.000  10  21 2990 3085
271 127.000 266.000  10  13  454  646
272 148.000 157.000  10  24    7  164
273  25.000  14.000  10  15  850  975
274  99.000  73.000  10  22  398  442
275 209.000 246.000  10  26 1514 1595
276  75.000 269.000  10  18 3216 3367
277  37.000 258.000  10  11 3286 3441
278  42.000 221.000  10  29 1206 1281
279  87.000 183.000  10  17 2117 2204
280 212.000 270.000  10  21 2350 2505
281 113.000 188.000  10  11 1189 1362
282 294.000  64.000  10  32 1930 2055
283 296.000  15.000  10  13 2001 2129
284  48.000 141.000  10  25  858  998
285  11.000 176.000  10  13  640  729
286 148.000  28.000  10  17 1319 1493
287  40.000 192.000  10  30  486  538
288 296.000 211.000  10  22  737  955
289 248.000  41.000  10  11 1869 2003
290 259.000  14.000  10  18 2994 3038
291   5.000 195.000  10  18  757  847
292  80.000 133.000  10  30  229  347
293  57.000 123.000  10  19  636  806
294  72.000 180.000  10  27 1480 1616
295 182.000 284.000  10   3 2043 2183
296 101.000 114.000  10   5  993 1083
297  47.000 121.000  10  19  442  496
298 139.000  33.000  10   2 2012 2173
299 139.000 206.000  10  18 2333 2507
300 137.000 212.000  10  12 2784 2912
301 206.000 130.000  10  26  186  289
302 111.000  98.000  10  16 1075 1217
303 214.000 234.000  10  21 2886 3075
304 199.000  28.000  10  12 1793 1980
305 108.000 298.000  10 -12 3520 3641
306  84.000 231.000  10 -12 2181 2295
307 117.000 178.000  10 -19 3050 3197
308 297.000 213.000  10  -5 2737 2937
309 139.000 270.000  10 -18 3102 3188
310  31.000  68.000  10 -41 1987 2117
311 263.000 291.000  10 -33  744  874
312 231.000  28.000  10  -7 3440 3516
313   4.000  97.000  10 -31 3517 3594
314 110.000  83.000  10  -2  817  875
315 228.000  41.000  10 -37 3254 3363
316 181.000 277.000  10 -15 1199 1231
317 277.000  41.000  10  -9 1399 1475
318 289.000 143.000  10 -23  563  652
319 173.000 152.000  10  -6 2945 3149
320  11.000 191.000  10 -20 2895 3031
321 168.000  42.000  10 -12 2536 2648
322 107.000 281.000  10 -14  460  644
323 184.000 102.000  10 -29 4201 4301
324  73.000  81.000  10 -17 2234 2332
325 165.000 179.000  10 -17 3357 3413
326 220.000  43.000  10  -6 1746 1852
327 244.000  13.000  10 -21 2918 2987
328  56.000 212.000  10  -9 1899 2001
329 180.000  93.000  10 -22 3870 4002
330 254.000  87.000  10 -13 4214 4274
331 175.000 123.000  10 -22 3299 3402
332 275.000 146.000  10  -8 2567 2761
333  94.000  93.000  10 -39 3657 3740
334 198.000 100.000  10 -19  353  460
335   9.000 122.000  10 -25  857  994
336  45.000 115.000  10  -7  889  964
337 112.000 161.000  10 -11   90  227
338 247.000  86.000  10  -4  814  999
339  85.000  75.000  10 -16 2915 3013
340 106.000 243.000  10 -33  760  863
341 253.000  69.000  10 -11 2564 2657
342 232.000 121.000  10 -17 2286 2451
343 272.000  70.000  10 -46 2698 2794
344 284.000  72.000  10 -13 3752 3835
345 296.000 235.000  10 -16 2213 2389
346 187.000 129.000  10 -32 3130 3245
347 162.000 148.000  10 -12 3004 3117
348 250.000  49.000  10 -27 1880 2069
349 136.000 228.000  10 -14 1412 1564
350 207.000 237.000  10 -16 1958 2064
351 222.000 100.000  10 -16 2916 3015
352 291.000 148.000  10 -17 2557 2648
353  37.000  36.000  10 -29 1314 1466
354 298.000 135.000  10 -23 3585 3736
355 226.000 248.000  10 -20 3419 3524
356  26.000  27.000  10 -29 3490 3588
357 175.000 107.000  10 -26 4366 4443
358 162.000 250.000  10 -25  767  918
359 103.000  81.000  10  -4 1810 1940
360 123.000  76.000  10 -14 1169 1331
361  57.000 125.000  10 -34  841  965
362 158.000 291.000  10 -21  644  774
363 274.000   6.000  10 -21 2102 2171
364  63.000 170.000  10 -19 1092 1148
365 225.000 192.000  10 -18 2179 2311
366  38.000  74.000  10 -12  588  734
367 271.000 145.000  10 -42 3830 3943
368  80.000  67.000  10 -15 1688 1847
369 234.000 146.000  10 -17 1387 1548
370 279.000  36.000  10  -9 2744 2918
371 289.000 209.000  10 -17 2814 2855
372  25.000  64.000  10 -11 2495 2597
373  45.000 190.000  10 -25 1768 1912
374 202.000 161.000  10  -6  141  285
375 176.000 263.000  10 -21 2404 2593
376 201.000 175.000  10  -1 2787 2875
377 250.000 228.000  10 -35 3088 3245
378  44.000 286.000  10 -28 2125 2304
379   9.000  63.000  10 -12 1208 1387
380 121.000 246.000  10 -15 1951 2047
381 296.000 252.000  10 -18 3175 3259
382 266.000  39.000  10 -13 2070 2111
383 145.000  38.000  10 -19  937 1115
384  45.000  74.000  10 -32 1572 1692
385   3.000 135.000  10  -9 2690 2774
386 208.000 290.000  10 -16 1196 1367
387   2.000  81.000  10 -29 1082 1154
388 142.000 188.000  10 -23 3856 3960
389 183.000  43.000  10 -25 2416 2555
390 236.000 108.000  10 -18 3545 3656
391 102.000  76.000  10 -15 3431 3437
392 110.000  31.000  10 -11 1460 1564
393  24.000 261.000  10 -30 1985 2196
394 220.000 182.000  10 -17 2456 2567
395 153.000  61.000  10 -23 1047 1143
396  51.000  63.000  10 -12  517  625
397 205.000 130.000  10  -8 3732 3903
398  97.000 232.000  10 -11 3725 3859
399 182.000 146.000  10 -23 3230 3357
400  76.000 221.000  10 -33 2889 2994
401   2.000 238.000  10 -37 3352 3492
402 283.000 275.000  10 -29 2992 3042
403 180.000  98.000  10 -27 1420 1533
404  71.000 268.000  10 -13  882 1006
405 103.000  93.000  10 -21 2280 2369
406  56.000 116.000  10 -19  934 1024
407 213.000 119.000  10 -24 2926 3024
408 127.000  77.000  10 -21 3354 3404
409 224.000 138.000  10 -20 3620 3771
410 268.000 113.000  10  -5 3350 3512
411 232.000  45.000  10 -33 3233 3383
412  34.000   5.000  10 -12 2943 3058
413   8.000 200.000  10 -11 2733 2878
414 135.000 210.000  10  -8 3629 3708
415 214.000   6.000  10  -4 3451 3590
416 296.000  17.000  10 -22 3136 3263
417 183.000 282.000  10 -27 1778 1875
418 116.000  14.000  10 -20 2616 2735
419 219.000 152.000  10 -10 3855 3938
420  69.000 134.000  10 -16 2516 2595
421 230.000 135.000  10 -16 3925 4021
422 230.000  80.000  10  -1 3290 3399
423 285.000 283.000  10 -16 2200 2348
424 201.000 122.000  10 -12 2889 3005
425 156.000  57.000  10  -4 2712 2860
426 241.000 208.000  10 -11 1749 1904
427 136.000 295.000  10 -18 1970 2079
428 172.000   2.000  10  -2 2416 2523
429  28.000 124.000  10 -16 2816 2946
430  76.000 280.000  10  -5 1941 2057
431 114.000 259.000  10  -2 3248 3339
432  96.000 199.000  10 -27 4063 4210
433  88.000 190.000  10 -12 3581 3724
434 261.000 232.000  10 -27 2010 2103
435 220.000  18.000  10 -19 2474 2614
436 238.000 214.000  10 -33 1855 1932
437 272.000 183.000  10  -9 2786 2983
438  30.000 243.000  10 -16 1130 1281
439 131.000  78.000  10  -9 2314 2430
440 221.000 145.000  10 -21 4051 4201
441 126.000 266.000  10 -31 1962 2110
442 107.000  39.000  10 -11 1351 1493
443  18.000 151.000  10  -5  508  661
444  16.000  22.000  10 -23 2066 2250
445 183.000  88.000  10 -10 3540 3611
446 207.000 149.000  10 -22 1397 1500
447  36.000 212.000  10  -2  526  593
448 119.000 183.000  10 -19 2274 2382
449 157.000 221.000  10 -20 1634 1771
450 217.000 138.000  10 -23 2767 2876
451 184.000 237.000  10 -10 3040 3187
452 223.000 198.000  10 -23 1841 1952
453 246.000  93.000  10 -24 2191 2278
454  78.000 246.000  10 -25 1300 1415
455 241.000 183.000  10 -17 3339 3529
456  72.000 286.000  10 -18 1568 1770
457 230.000 150.000  10  -8 2650 2762
458 156.000 182.000  10 -16 2405 2503
459 209.000  84.000  10 -19 1542 1637
460 213.000 299.000  10 -20 2161 2263
461 176.000  70.000  10 -15 2671 2825
462 279.000 189.000  10 -21 2394 2482
463 190.000 181.000  10 -17 3596 3759
464  29.000   8.000  10 -12 3026 3101
465  72.000  89.000  10 -40 2204 2338
466  72.000  20.000  10 -25 2715 2879
467 160.000 179.000  10 -34 3129 3228
468  64.000 170.000  10 -23 1846 1931
469  92.000 241.000  10  -5 3018 3235
470 173.000 148.000  10 -20 3985 4119
471 195.000   9.000  10 -18  796  897
472  43.000  62.000  10 -34 3270 3417
473 267.000  29.000  10 -27 1843 1950
474 189.000 201.000  10  -9 3895 4034
475 288.000 127.000  10 -22 2853 2950
476  34.000 150.000  10 -24 1553 1715
477 139.000 250.000  10 -22 2541 2643
478   4.000 294.000  10 -13 2165 2359
479 189.000  41.000  10 -18 1616 1761
480 136.000 241.000  10  -9 1532 1561
481 120.000  60.000  10 -15 2081 2139
482  94.000 109.000  10 -21 3131 3253
483 262.000 164.000  10 -18 3621 3681
484 109.000  61.000  10 -13 1555 1739
485 149.000  98.000  10 -22 3321 3432
486 274.000  66.000  10  -8  695  827
487 290.000  37.000  10  -3 3282 3368
488 202.000 292.000  10 -45 3651 3732
489 172.000 198.000  10 -13 3308 3453
490  29.000  72.000  10 -13 3660 3814
491 167.000 193.000  10 -21 4090 4214
492 230.000 128.000  10  -5 1534 1629
493 107.000  29.000  10 -21 4032 4178
494  99.000 226.000  10 -22 1320 1428
495 274.000 136.000  10 -19 3230 3325
496 165.000 256.000  10  -7 2339 2474
497  40.000   1.000  10 -26 1851 1862
498 147.000 240.000  10 -16 2652 2725
499 150.000  67.000  10 -10  279  385
500 200.000  26.000  10 -41 1799 1877
501 256.000 286.000  10 -14 3140 3334
502 154.000 207.000  10 -17 1668 1802
503 188.000 142.000  10 -16 4603 4652
504 109.000 299.000  10  -5 1503 1630
505  75.000 265.000  10 -12 2664 2788
506 183.000  44.000  10 -21  439  551
507 295.000 123.000  10  -7 3047 3231
508 157.000 254.000  10 -26 2054 2198
509 227.000 192.000  10  -7 1244 1391
510 140.000 214.000  10 -16 2446 2590
511 266.000 203.000  10 -17 2565 2678
512  14.000 204.000  10 -18 2379 2485
513 206.000 157.000  10 -21 3644 3761
514  59.000 287.000  10 -23 1999 2093
515  74.000 117.000  10 -11 3222 3334
516  90.000  44.000  10 -31 3966 4088
517 191.000  49.000  10 -23  507  655
518 182.000  81.000  10 -29 1867 2001
519 157.000  50.000  10  -7 3775 3922
520 241.000 298.000  10 -15 1855 1958
521 132.000 297.000  10 -25  670  761
522 212.000  45.000  10 -33 2520 2636
523 125.000 148.000  10 -20 3379 3484
524 159.000  42.000  10 -14  530  601
525  15.000 219.000  10 -12  545  668
526 108.000   3.000  10 -21 2711 2776
527 140.000 294.000  10 -15 1662 1733
528  43.000  52.000  10  -6 2256 2391
529 120.000 155.000  10 -27 3538 3683
530  46.000 155.000  10  -2 3051 3111
531 149.000  76.000  10  -6 3202 3318
532 175.000 251.000  10 -26 2930 3083
533 297.000  43.000  10 -17 2892 3004
534 114.000 211.000  10  -5 1755 1878
535 135.000  38.000  10  -8 2831 3040
536 136.000  50.000  10 -21 1000 1093
537  69.000 208.000  10  -2 2345 2430
538 159.000 266.000  10 -30 3607 3670
539 117.000  79.000  10 -21 3602 3750
540 211.000 174.000  10 -15 2048 2199
541 290.000 219.000  10 -34  747  869
542 285.000 285.000  10 -22 2840 2885
543 133.000 187.000  10 -33 4261 4400
544  15.000 178.000  10 -17 3096 3168
545 255.000 203.000  10 -22 2930 3030
546  28.000 141.000  10  -6 2592 2688
547 229.000 179.000  10 -15  948 1108
548 169.000 236.000  10 -29 3760 3870
549 176.000 153.000  10 -13 3319 3422
550 166.000 194.000  10 -18  425  477
551  85.000  62.000  10 -21 2181 2350
552  15.000  88.000  10  -1 1389 1486
553 250.000 194.000  10 -23 3515 3623
554  60.000 287.000  10  -9 3953 4032
555  11.000 185.000  10 -19 1052 1217
556 229.000  40.000  10 -27  946 1087
557  12.000  10.000  10 -19 1688 1781
558 152.000 258.000  10 -17 2615 2771
559 143.000 244.000  10 -16 2750 2850
560 103.000 260.000  10 -15 3570 3704
561 281.000   8.000  10 -19  977 1092
562  14.000 165.000  10 -18 2052 2208
563 117.000 155.000  10  -4 4044 4138
564 194.000  11.000  10 -14 1293 1439
565 152.000  29.000  10 -23 3595 3719
566  18.000 184.000  10 -17 1478 1608
567  89.000  61.000  10 -21 1032 1113
568 148.000 299.000  10 -22  647  707
569  58.000 240.000  10 -36 3079 3236
570 119.000 254.000  10  -3 3210 3363
571 228.000 217.000  10 -22 3462 3592
572 160.000  17.000  10 -31 1345 1498
573 274.000 256.000  10 -26 3174 3317
574  15.000 209.000  10 -21 3536 3642
575 153.000 226.000  10 -13 1515 1652
576  25.000 191.000  10 -24  905 1053
577  38.000  44.000  10 -15 2599 2727
578  15.000   2.000  10 -22 1601 1708
579 215.000 295.000  10 -26 3267 3425
580  30.000 226.000  10 -18 3748 3876
581   4.000 296.000  10 -11 3343 3446
582  47.000 153.000  10 -29 3051 3208
583 233.000 119.000  10 -17 3774 3854
584 108.000 162.000  10 -21 2515 2623
585 228.000 276.000  10 -11 2927 3056
586 225.000  73.000  10 -32 2086 2183
587 282.000  76.000  10 -13 3432 3532
588  51.000 217.000  10 -25 1051 1224
589  14.000 177.000  10 -13  544  667
590 136.000  68.000  10 -17 2397 2478
591  71.000 294.000  10 -30 2288 2357
592 208.000 297.000  10 -22 1620 1771
593 180.000 114.000  10 -11 4298 4386
594 264.000  35.000  10 -18 3929 4055
595  12.000 275.000  10 -18 2030 2186
596   9.000 239.000  10 -30 1256 1389
597   3.000 119.000  10 -19 2766 2865
598 107.000 291.000  10 -27 2178 2277
599 151.000 172.000  10  -3 3000 3115
600  80.000 131.000  10  -5 1340 1449
601  61.000 138.000  10 -19 2603 2661
602 112.000  43.000  10  -2 2193 2349
603  40.000 236.000  10 -18 2989 3131
604 159.000 199.000  10 -12 3265 3406
605 263.000 193.000  10 -26 1093 1155
606 183.000  23.000  10 -16 2273 2437
607 203.000 283.000  10 -21 2946 3105
608 271.000   8.000  10 -12 3048 3156
609 150.000 150.000   0   0    0 4823
