303 303 1000 1000 1000
  0 150.000 150.000   0   0    0 4823
  1 133.000 187.000  10  16 4210 4450
  2 284.000 244.000  10  12    0 4650
  3  38.000 139.000  10  12    0 4701
  4 175.000 251.000  10   8    0 4709
  5 216.000 203.000  10   5    0 4729
  6  51.000   2.000  10  41    0 4635
  7 274.000   6.000  10  41    0 4623
  8 232.000 121.000  10  15    0 4727
  9  61.000  84.000  10   7    0 4703
 10  80.000  35.000  10  31 2000 2240
 11 102.000 173.000  10  15    0 4760
 12  69.000 134.000  10  46    0 4731
 13  61.000 138.000  10   9    0 4724
 14 283.000 144.000  10   6  413  653
 15 157.000 221.000  10  10    0 4742
 16 108.000   3.000  10  16    0 4661
 17 183.000 282.000  10  42    0 4677
 18 230.000  80.000  10  26    0 4707
 19 136.000  50.000  10  16    0 4713
 20   8.000 200.000  10  21    0 4663
 21  72.000  20.000  10  32    0 4662
 22 208.000  47.000  10   6    0 4695
 23 262.000  14.000  10  21    0 4637
 24 111.000  40.000  10  22    0 4697
 25 227.000   5.000  10  13    0 4649
 26  56.000 116.000  10  22  859 1099
 27 170.000  93.000  10  39 1842 2082
 28 120.000 155.000  10  24    0 4783
 29 285.000 283.000  10  22 2154 2394
 30 180.000 106.000  10  19    0 4760
 31  29.000 139.000  10  25    0 4692
 32  37.000 159.000  10   7    0 4700
 33 128.000 155.000  10  11    0 4791
 34 268.000 113.000  10  22 3311 3551
 35 179.000 123.000  10   4   39  279
 36  51.000 217.000  10  36    0 4694
 37 114.000 259.000  10   5    0 4699
 38 243.000 136.000  10  46    0 4719
 39 183.000  80.000  10  13    0 4736
 40 177.000 281.000  10  16    0 4680
 41 123.000  76.000  10   2    0 4735
 42  40.000 236.000  10  11    0 4674
 43  38.000  74.000  10  16    0 4678
 44 243.000 191.000  10  16    0 4712
 45   9.000 239.000  10  20    0 4647
 46 238.000 103.000  10  16    0 4714
 47 236.000 108.000  10  16    0 4718
 48 189.000 197.000  10  17    0 4752
 49  64.000  91.000  10  29    0 4709
 50 159.000 266.000  10   2    0 4697
 51   7.000  31.000  10  29    0 4627
 52 140.000  18.000  10  26 1520 1760
 53  99.000 105.000  10   4    0 4745
 54 166.000 123.000   0  14    0 4782
 55 139.000 146.000   0  34   11  251
 56 107.000 174.000  10  21   77  317
 57 136.000 228.000  10   2 1368 1608
 58 102.000  81.000  10  12  216  456
 59  93.000 117.000  10  15    0 4748
 60 262.000  80.000  10  17    0 4681
 61 278.000 178.000  10  17    0 4682
 62 116.000  14.000  10  20 2555 2795
 63 119.000 254.000  10  42 3167 3407
 64 189.000 201.000  10  21    0 4749
 65 263.000 291.000  10   2    0 4633
 66  11.000 191.000  10  12    0 4669
 67 259.000 187.000  10  35    0 4698
 68 297.000  43.000  10  13    0 4632
 69 112.000  43.000   0  42    0 4700
 70 182.000 146.000   0   3 3173 3413
 71 205.000 130.000  10  30 3698 3938
 72 289.000 209.000  10  23    0 4662
 73 157.000 254.000  10   8    0 4709
 74 291.000 148.000  10  11    0 4672
 75  20.000 245.000  10  28    0 4652
 76  60.000 287.000  10  15 3873 4113
 77 213.000 119.000  10  25    0 4743
 78 296.000 252.000  10  18    0 4635
 79 122.000  96.000  10  19  530  770
 80 133.000 153.000  10  32   17  257
 81  54.000 136.000  10   9    0 4716
 82  28.000 141.000  10  25 2520 2760
 83 208.000 208.000  10  16  362  602
 84   2.000  81.000  10  32    0 4650
 85  30.000 145.000  10  23 3328 3568
 86 172.000 198.000  10  29    0 4761
 87  52.000 109.000  10  30    0 4707
 88 237.000 171.000  10  17    0 4724
 89  24.000 261.000  10   8    0 4646
 90 250.000  49.000  10  11 1855 2095
 91 188.000 198.000  10   8    0 4752
 92 239.000 295.000  10  11    0 4643
 93 198.000 159.000  10  23    0 4765
 94 297.000 213.000  10  21    0 4654
 95 220.000  43.000  10  28    0 4686
 96  57.000 192.000  10  33    0 4711
 97  36.000 212.000  10   4  439  679
 98  45.000  74.000  10   9 1512 1752
 99 117.000 155.000  10  22    0 4780
100 168.000  42.000  10  26    0 4704
101 241.000 183.000  10  12    0 4717
102  51.000  63.000  10   6    0 4682
103  44.000 189.000  10  13    0 4701
104 183.000  43.000  10  14    0 4702
105 290.000 219.000  10  19    0 4657
106  25.000  64.000  10  10    0 4662
107 100.000 138.000  10  24  760 1000
108  25.000 191.000  10  16    0 4682
109 217.000 138.000  10   5 2702 2942
110  30.000 149.000  10   4    0 4693
111 248.000 280.000  10  27 1102 1342
112 266.000  39.000  10   6 1970 2210
113 103.000  81.000  10  33    0 4730
114 125.000 148.000  10   8    0 4788
115 293.000  62.000  10  10    0 4646
116 213.000 299.000  10  22    0 4652
117  12.000  10.000  10  22 1615 1855
118 226.000 248.000  10  17    0 4689
119  88.000 110.000  10   1    0 4740
120 102.000 155.000  10  12    0 4765
121 246.000  93.000  10  14    0 4702
122 175.000 123.000  10  23    0 4777
123 151.000 113.000  10   4 1324 1564
124 184.000 237.000  10  14 2993 3233
125 274.000 256.000  10  10    0 4650
126 266.000 212.000  10  11    0 4682
127 117.000  79.000  10  10    0 4735
128  26.000  27.000  10  16 3419 3659
129 229.000 179.000  10  16  908 1148
130 283.000 275.000  10  12    0 4631
131 108.000 298.000  10  17    0 4660
132   5.000 189.000  10   5    0 4663
133 187.000 129.000  10   8    0 4771
134 214.000   6.000  10  35    0 4656
135 200.000  26.000  10  10    0 4680
136 202.000 161.000  10  16   93  333
137 211.000 174.000  10  33    0 4748
138 255.000 203.000  10  32    0 4696
139  31.000  68.000  10  27    0 4669
140  88.000 190.000  10  12    0 4740
141 225.000 210.000  10  27    0 4717
142 140.000 214.000  10  24    0 4749
143 251.000 195.000  10  33 1093 1333
144 113.000  62.000  10   9 2034 2274
145  72.000  89.000  10  13    0 4714
146  73.000  81.000  10  15    0 4710
147 125.000 136.000  10   5    0 4785
148  24.000  76.000  10  23    0 4667
149  84.000 231.000  10  21    0 4709
150  76.000 160.000  10   2  179  419
151  18.000 151.000  10  15    0 4681
152  11.000 185.000  10  30 1015 1255
153 109.000 148.000  10  19    0 4772
154 126.000 233.000  10  20    0 4727
155 121.000 116.000  10  23    0 4769
156  96.000 199.000  10  16 4017 4257
157 234.000 107.000  10  24 1294 1534
158 239.000  84.000  10  17    0 4703
159 112.000 272.000  10  18    0 4686
160 110.000 145.000  10   8    0 4773
161 175.000 294.000  10  16    0 4667
162 202.000 292.000  10  10    0 4662
163 282.000 104.000  10  19    0 4674
164 263.000 193.000  10  29 1004 1244
165  14.000 177.000  10  17    0 4675
166 159.000 287.000  10  21    0 4676
167  47.000 153.000  10   9    0 4710
168 274.000 136.000  10  11    0 4689
169 175.000 281.000  10  17    0 4680
170 126.000 127.000  10  40    0 4780
171 232.000  45.000  10  15 3188 3428
172  38.000  44.000  10  10    0 4659
173 280.000 158.000  10  34    0 4683
174 128.000 225.000  10   5    0 4735
175  76.000 280.000  10  27    0 4664
176   9.000 122.000  10  19    0 4670
177 203.000 166.000  10  20    0 4758
178 235.000  31.000  10  18  505  745
179 136.000 295.000  10  18    0 4668
180 119.000 183.000  10   6    0 4768
181   1.000  11.000  10  34    0 4610
182 283.000  65.000  10  27    0 4656
183 274.000  66.000  10  21    0 4664
184 247.000  86.000  10  21  787 1027
185  93.000 165.000  10  13    0 4755
186 241.000 208.000  10  31    0 4706
187   4.000 296.000  10  18    0 4607
188 170.000  53.000  10  21    0 4714
189 183.000  88.000  10  35    0 4743
190 230.000 135.000   0  15    0 4732
191 148.000   8.000  10  13    0 4671
192 159.000 199.000  10  12 3215 3455
193 148.000 299.000  10  15    0 4664
194 211.000  62.000  10   8    0 4706
195 300.000  44.000  10   3    0 4630
196 210.000 236.000  10  45    0 4709
197  29.000  72.000  10  13    0 4670
198 271.000   8.000  10  36    0 4627
199 158.000 140.000  10   5    0 4801
200  15.000  88.000  10  12    0 4665
201  15.000   2.000  10   5    0 4613
202 126.000 266.000  10  27    0 4695
203 175.000 107.000  10  17    0 4764
204  44.000 223.000  10  22  960 1200
205 194.000 234.000  10   7    0 4719
206 216.000  40.000  10  41    0 4685
207 184.000 277.000  10  17    0 4682
208  27.000 255.000  10   5    0 4652
209 230.000 128.000  10  21    0 4731
210 154.000 101.000  10  21   77  317
211 265.000  78.000  10   7    0 4678
212  40.000 181.000  10  26    0 4699
213 229.000 188.000  10   7    0 4726
214 152.000  29.000  10  10 3537 3777
215  52.000 165.000  10  18    0 4714
216  63.000 130.000  10  21 2188 2428
217 114.000 117.000  10  31    0 4765
218 151.000 133.000  10  23    0 4796
219  30.000 226.000  10  14    0 4671
220  45.000 190.000  10  35 1720 1960
221   4.000  97.000  10  23    0 4658
222 272.000 183.000  10  12    0 4687
223 279.000 189.000  10  30    0 4679
224 155.000  93.000  10  33  493  733
225 147.000  43.000  10  14  351  591
226  75.000 191.000  10  12    0 4728
227 150.000 104.000  10  21    0 4767
228 103.000 260.000  10  14    0 4694
229 234.000 213.000  10  15    0 4708
230   9.000  30.000  10   6    0 4628
231 165.000 256.000  10  12    0 4706
232 176.000 153.000  10  14    0 4787
233 156.000 182.000  10  20    0 4781
234  88.000 124.000  10   2  205  445
235 176.000  72.000  10   6 2238 2478
236  71.000 268.000  10  10    0 4671
237 110.000 262.000  10  26    0 4695
238 186.000 228.000  10   5    0 4728
239 198.000 100.000  10  25    0 4744
240 284.000  72.000  10  17    0 4658
241  98.000 129.000  10   2  104  344
242 167.000 193.000  10  29    0 4767
243  34.000 150.000  10  15    0 4697
244 161.000 242.000  10  30 3443 3683
245 265.000 197.000  10  15    0 4689
246  25.000 119.000  10  17    0 4685
247 238.000 206.000  10  22    0 4709
248  47.000 203.000  10  29    0 4698
249   4.000 294.000  10  15    0 4608
250 199.000 213.000   0  13    0 4734
251   1.000  81.000  10  21    0 4649
252  89.000  61.000  10  14    0 4706
253 260.000  64.000  10  23    0 4674
254  15.000 259.000  10   9    0 4640
255  60.000 176.000  10  19    0 4720
256 189.000  41.000  10  12 1569 1809
257  56.000 212.000  10  10    0 4701
258 157.000  50.000  10   8    0 4713
259 116.000 240.000  10  17 2041 2281
260 135.000 210.000  10  12    0 4752
261 250.000 124.000  10   4    0 4710
262 143.000  67.000  10  14  213  453
263  69.000  90.000  10  23    0 4713
264 266.000 203.000  10   6    0 4686
265 124.000 174.000  10  22   35  275
266 183.000  23.000  10  26 2235 2475
267 149.000  98.000  10  25    0 4761
268 127.000 266.000  10  13  430  670
269 271.000 145.000  10  26    0 4692
270 148.000 157.000  10  24    0 4806
271 180.000 114.000  10   9    0 4767
272  99.000  73.000  10  22  300  540
273 209.000 246.000  10  26 1435 1675
274  37.000 258.000  10  11    0 4657
275 143.000 244.000  10  13    0 4719
276 113.000 188.000  10  11 1155 1395
277 296.000  15.000  10  13 1945 2185
278 159.000  42.000  10  33    0 4705
279  48.000 141.000  10  25    0 4711
280  11.000 176.000  10  13    0 4672
281 148.000  28.000  10  17    0 4691
282  40.000 192.000  10  30    0 4696
283 272.000  70.000  10  26    0 4668
284 248.000  41.000  10  11    0 4667
285  80.000 133.000  10  30    0 4741
286  57.000 123.000  10  19    0 4717
287 153.000  61.000  10  12    0 4724
288  72.000 180.000  10  27    0 4730
289  59.000 287.000  10  17    0 4649
290 147.000 240.000  10   4    0 4723
291 191.000  49.000  10  12    0 4704
292 169.000 236.000  10   3    0 4725
293 254.000  87.000  10   7    0 4692
294 101.000 114.000  10   5    0 4753
295 281.000   8.000  10  19    0 4620
296 103.000  93.000  10  13    0 4740
297  64.000 170.000  10  17    0 4725
298  47.000 121.000  10  19    0 4706
299 139.000 206.000  10  18 2300 2540
300 137.000 212.000  10  12    0 4750
301 206.000 130.000  10  26  118  358
302 111.000  98.000  10  16    0 4748
303 199.000  28.000  10  12 1767 2007
304 148.000 172.000  10 -16    0 4791
305 238.000 294.000  10 -12    0 4645
306   5.000 195.000  10 -12    0 4662
307 143.000 223.000  10  -8    0 4740
308 208.000 235.000  10  -5 3230 3470
309 188.000 142.000  10 -41 4507 4747
310 221.000 145.000  10 -41    0 4742
311 207.000 149.000  10 -15    0 4756
312  40.000   1.000  10  -7    0 4628
313  82.000  35.000  10 -31    0 4680
314  57.000 125.000  10 -15    0 4717
315 152.000  77.000  10 -46    0 4740
316  59.000 113.000  10  -9    0 4715
317 296.000 279.000  10  -6    0 4619
318 151.000 172.000  10 -10    0 4791
319 224.000  61.000  10 -16    0 4698
320 208.000 297.000  10 -42    0 4655
321 192.000 150.000  10 -26    0 4771
322 117.000 178.000  10 -16 3004 3244
323  23.000 218.000  10 -21    0 4669
324  43.000  52.000  10 -32    0 4668
325 188.000  69.000  10  -6    0 4724
326 259.000  14.000  10 -21    0 4639
327 139.000  31.000  10 -22    0 4694
328 264.000  35.000  10 -13    0 4652
329  15.000 178.000  10 -22    0 4676
330 147.000 152.000  10 -39    0 4810
331 176.000 263.000  10 -24    0 4698
332 209.000 269.000  10 -22    0 4681
333 166.000  99.000  10 -19    0 4760
334 135.000  38.000  10 -25    0 4700
335  37.000 149.000  10  -7    0 4700
336  42.000 221.000  10 -11    0 4684
337 262.000 164.000  10 -22 3531 3771
338  80.000  67.000  10  -4    0 4705
339 139.000  33.000  10 -36    0 4696
340 121.000 246.000  10  -5    0 4713
341 206.000 157.000  10 -46 3582 3822
342 277.000  41.000  10 -13    0 4646
343 215.000 295.000  10 -16    0 4655
344 129.000  77.000  10  -2    0 4738
345 124.000 299.000  10 -11    0 4662
346  37.000  14.000  10 -16  911 1151
347 211.000 239.000  10 -16 2247 2487
348 139.000 270.000  10 -20    0 4693
349 156.000  57.000  10 -16    0 4720
350 180.000  93.000  10 -16    0 4749
351 135.000 251.000  10 -17 1877 2117
352 184.000 102.000  10 -29 4131 4371
353 176.000 235.000  10  -2    0 4725
354  29.000   8.000  10 -29 2944 3184
355 242.000  70.000  10 -26    0 4692
356 149.000  76.000  10  -4 3140 3380
357 166.000 123.000  10 -14    0 4782
358 139.000 146.000  10 -34   11  251
359 208.000 290.000  10 -21    0 4662
360 220.000 182.000  10  -2 2392 2632
361 110.000  83.000  10 -12    0 4735
362 127.000  77.000  10 -15 3259 3499
363 281.000  68.000  10 -17    0 4659
364 250.000 228.000  10 -17    0 4687
365  37.000  36.000  10 -20    0 4653
366  76.000 221.000  10 -42    0 4711
367 106.000 243.000  10 -21  692  932
368 189.000 240.000  10  -2    0 4715
369   2.000 238.000  10 -12    0 4641
370 295.000 123.000  10 -35 3019 3259
371 247.000  19.000  10 -13 3213 3453
372 112.000  43.000  10 -42    0 4700
373 182.000 146.000  10  -3 3173 3413
374 181.000 145.000  10 -30    0 4782
375 172.000 225.000  10 -23    0 4735
376 109.000 299.000  10  -8    0 4659
377 246.000 133.000  10 -11    0 4716
378  44.000 286.000  10 -28    0 4641
379  92.000 241.000  10 -15    0 4706
380 222.000 100.000  10 -25    0 4726
381 275.000 263.000  10 -18  608  848
382 106.000 168.000  10 -19    0 4766
383  41.000 279.000  10 -32    0 4645
384 158.000  83.000  10  -9    0 4746
385 107.000  39.000  10 -25    0 4694
386 120.000 241.000  10 -16 2362 2602
387 209.000  84.000  10 -32    0 4725
388  83.000  77.000  10 -23    0 4714
389 139.000 250.000  10 -29    0 4713
390 126.000  42.000  10 -30    0 4703
391 230.000 150.000  10 -17 2586 2826
392  81.000 219.000  10  -8 3794 4034
393 132.000  16.000  10 -11    0 4678
394 159.000 300.000  10  -8  481  721
395 167.000 171.000  10 -11 3371 3611
396 275.000 146.000  10 -23 2544 2784
397 163.000 150.000  10 -21    0 4800
398  72.000  36.000  10 -28    0 4675
399 118.000  38.000  10 -33    0 4697
400 181.000 277.000  10  -4 1095 1335
401  94.000 109.000  10  -9 3072 3312
402 112.000 161.000  10 -22    0 4774
403 203.000  36.000  10 -26    0 4688
404 225.000 192.000  10 -12 2125 2365
405 122.000 127.000  10  -6    0 4777
406 107.000  29.000  10 -13    0 4685
407  80.000  86.000  10 -14    0 4719
408 241.000 218.000  10 -19    0 4700
409  16.000  22.000  10 -10 2038 2278
410 108.000 162.000  10 -24    0 4770
411  75.000 265.000  10 -16    0 4676
412 173.000 152.000  10  -5 2927 3167
413  14.000 165.000  10  -4    0 4677
414 238.000 214.000  10 -27 1773 2013
415 233.000 119.000  10  -6    0 4725
416  57.000 127.000  10 -33    0 4718
417  15.000 209.000  10  -8    0 4666
418 227.000  62.000  10 -10    0 4697
419 154.000 299.000  10 -22    0 4664
420   8.000   4.000  10 -22    0 4610
421 241.000 298.000  10 -17    0 4640
422  82.000 100.000  10  -1    0 4729
423  67.000 175.000  10 -12 1045 1285
424 164.000 108.000  10 -14    0 4769
425 208.000 117.000  10 -23  253  493
426  85.000  62.000  10  -4 2146 2386
427 173.000 148.000  10 -14    0 4790
428 165.000 179.000  10 -10    0 4781
429 224.000 229.000  10 -11    0 4705
430 159.000  89.000  10 -10    0 4752
431  34.000   5.000  10 -16    0 4628
432 265.000 141.000  10 -16    0 4698
433 285.000 285.000  10 -12    0 4623
434  99.000 226.000  10 -17    0 4722
435  15.000 219.000  10  -5    0 4662
436 252.000 219.000  10  -8    0 4690
437 206.000 121.000  10 -35    0 4750
438  60.000  72.000  10 -10    0 4694
439 289.000 143.000  10 -16    0 4674
440 299.000 153.000  10 -33    0 4664
441 289.000 130.000  10 -32    0 4673
442 229.000  25.000  10 -27    0 4666
443 141.000 120.000  10 -12    0 4782
444 271.000 105.000  10 -27    0 4684
445 203.000 183.000  10 -24    0 4751
446 228.000 217.000  10 -33    0 4711
447  90.000  44.000  10  -9    0 4692
448  85.000  75.000  10 -13    0 4714
449  96.000  96.000  10 -15    0 4737
450  17.000   0.000  10  -5    0 4613
451  15.000  52.000  10 -23  547  787
452 182.000 284.000  10 -21    0 4676
453 162.000 250.000  10  -2    0 4713
454 110.000  31.000  10 -15    0 4688
455  30.000 243.000  10 -30 1085 1325
456  11.000 242.000  10 -19    0 4647
457 166.000 194.000  10 -20    0 4767
458  96.000  86.000  10 -23  215  455
459 117.000 168.000  10 -16    0 4776
460 136.000  68.000  10 -24 2317 2557
461 108.000  80.000  10 -17 1839 2079
462  78.000 246.000  10 -18    0 4693
463   8.000 227.000  10  -8    0 4652
464 114.000 211.000  10 -16    0 4743
465 181.000 297.000  10 -10    0 4663
466 246.000 123.000  10 -19    0 4714
467 227.000 192.000  10 -29    0 4726
468 125.000 278.000  10 -17    0 4683
469 152.000 241.000  10 -21    0 4722
470 162.000  92.000  10  -9    0 4754
471 256.000 286.000  10 -11    0 4641
472 132.000 297.000  10 -17    0 4665
473  63.000 170.000  10 -40 1000 1240
474 219.000 152.000  10 -15 3776 4016
475  94.000  93.000  10 -10    0 4734
476 261.000 232.000  10 -34 1937 2177
477 191.000 234.000  10  -5    0 4720
478 107.000 281.000  10 -27    0 4676
479 145.000  38.000  10 -19    0 4701
480 250.000 194.000  10 -20    0 4704
481 296.000  17.000  10 -18    0 4616
482  97.000 232.000  10 -18    0 4716
483  29.000 130.000  10  -6    0 4691
484 172.000   2.000  10 -34    0 4664
485 282.000  76.000  10 -27    0 4662
486 294.000  64.000  10 -21 1873 2113
487 253.000  84.000  10 -21    0 4691
488  18.000 196.000  10 -13    0 4674
489 234.000 146.000  10 -31    0 4729
490  72.000 286.000  10 -18 1549 1789
491 217.000  43.000  10 -21    0 4687
492 182.000  81.000  10 -35 1814 2054
493 230.000 135.000  10 -15    0 4732
494 228.000  41.000  10 -13    0 4679
495 160.000 179.000  10 -12 3058 3298
496  75.000 269.000  10 -15    0 4673
497 229.000  40.000  10  -8    0 4678
498 276.000  28.000  10  -3    0 4638
499 287.000 293.000  10 -45    0 4615
500  26.000   0.000  10 -13    0 4619
501 236.000  27.000  10 -36    0 4663
502  88.000  49.000  10  -5    0 4695
503  25.000  14.000  10 -12  792 1032
504 195.000   9.000  10  -5    0 4665
505 131.000 222.000  10 -27    0 4739
506 173.000  72.000  10 -17    0 4732
507 152.000 258.000  10 -22    0 4705
508 174.000 238.000  10  -7    0 4722
509 173.000  64.000  10 -41 2227 2467
510 203.000 283.000  10 -17    0 4670
511  86.000 216.000  10  -5    0 4722
512 224.000 138.000  10 -21    0 4739
513 267.000  29.000  10 -21    0 4645
514 244.000  13.000  10  -7 2832 3072
515   3.000 119.000  10 -26 2695 2935
516 298.000 135.000  10  -7    0 4665
517 150.000  67.000  10 -10    0 4730
518  80.000 131.000  10 -18 1275 1515
519 180.000  98.000  10 -21    0 4753
520 135.000 139.000  10 -31    0 4795
521 183.000  44.000  10 -23  375  615
522 140.000 294.000  10 -14    0 4669
523  37.000 126.000  10 -35    0 4698
524   9.000  63.000  10 -23    0 4648
525 214.000 234.000  10 -12    0 4708
526 296.000 211.000  10 -30  726  966
527 253.000  69.000  10 -33    0 4682
528 212.000  45.000  10 -14    0 4692
529   1.000 145.000  10 -12    0 4664
530 194.000  11.000  10 -21 1246 1486
531 136.000 241.000  10 -14 1426 1666
532 254.000 206.000  10 -15 2425 2665
533 103.000   8.000  10  -6    0 4664
534 107.000 291.000  10 -12 2107 2347
535 162.000 148.000  10 -14 2941 3181
536 105.000 252.000  10 -20    0 4702
537  58.000 240.000  10  -2 3038 3278
538 157.000  12.000  10  -6    0 4675
539 119.000 214.000  10 -10    0 4742
540 153.000 226.000  10 -26 1464 1704
541 158.000 291.000  10  -5  589  829
542 120.000  60.000  10 -25 1990 2230
543 289.000  79.000  10 -17 1502 1742
544   6.000 168.000  10  -2    0 4668
545 157.000 276.000  10 -29    0 4687
546 109.000  61.000  10 -15    0 4716
547 154.000 207.000  10 -30    0 4756
548 296.000 235.000  10 -15    0 4645
549  45.000 115.000  10 -17    0 4703
550 288.000 127.000  10 -22    0 4674
551 102.000  76.000  10 -29 3314 3554
552  51.000 278.000  10 -15    0 4652
553 199.000 213.000  10 -13    0 4734
554 113.000   4.000  10 -21    0 4663
555 131.000  78.000  10 -14    0 4739
556 279.000  36.000  10 -23    0 4641
557  12.000 275.000  10  -9    0 4627
558  33.000 231.000  10 -19    0 4671
559  43.000  62.000  10 -12 3223 3463
560   3.000 135.000  10 -10    0 4666
561 176.000  70.000  10  -8    0 4729
562 201.000 175.000  10 -17    0 4757
563 223.000 198.000  10 -12    0 4726
564 246.000 166.000  10  -4    0 4716
565 225.000  73.000  10 -14 2015 2255
566  57.000   7.000  10 -23    0 4643
567 212.000 270.000  10  -6    0 4678
568  69.000 208.000  10 -22    0 4714
569  94.000  12.000  10 -26    0 4665
570 159.000  41.000  10 -25 1165 1405
571 116.000 245.000  10 -13 2249 2489
572 271.000 106.000  10 -26    0 4685
573 125.000 168.000  10 -24 3407 3647
574 201.000 122.000  10  -9 2827 3067
575  87.000 183.000  10 -22    0 4742
576 228.000 276.000  10 -26 2871 3111
577  19.000 290.000  10 -11 1489 1729
578 178.000 263.000  10 -13    0 4697
579  83.000 188.000  10 -11 1217 1457
580 220.000  18.000  10 -13 2424 2664
581 160.000  17.000  10 -33    0 4680
582  53.000 141.000  10 -25    0 4716
583  14.000 204.000  10 -13    0 4667
584 205.000  44.000  10 -17    0 4694
585  28.000 124.000  10 -30    0 4689
586 276.000  66.000  10 -26    0 4662
587 231.000  28.000  10 -11 3358 3598
588  74.000 117.000  10 -30    0 4731
589  75.000 127.000  10 -19 2000 2240
590 139.000 110.000  10 -12    0 4772
591  46.000 155.000  10 -27    0 4709
592 142.000 188.000  10 -17    0 4775
593 131.000 220.000  10  -4    0 4741
594 207.000  20.000  10 -12    0 4672
595 150.000 185.000  10  -3    0 4778
596 129.000  83.000  10  -7 2427 2667
597  16.000  42.000  10  -5  950 1190
598 290.000  37.000  10 -19 3205 3445
599  47.000 143.000  10 -13 1276 1516
600  71.000 294.000  10 -17    0 4649
601  18.000 184.000  10 -19    0 4677
602 190.000 181.000  10 -18    0 4763
603 207.000 237.000  10 -12    0 4709
604 272.000 211.000  10 -26    0 4677
605 157.000  84.000  10 -16    0 4747
606 186.000  26.000  10 -12 2199 2439
607 150.000 150.000   0   0    0 4823
