301 301 1000 1000 1000
  0 150.000 150.000   0   0    0 4823
  1 277.000  41.000  10  14    0 4646
  2 284.000 244.000  10  12    0 4650
  3  38.000 139.000  10  12    0 4701
  4 117.000 178.000  10  19 3050 3197
  5 241.000 298.000  10  27    0 4640
  6  45.000 115.000  10  13  889  964
  7 216.000 203.000  10   5 2170 2277
  8 178.000 263.000  10  18 3060 3142
  9  51.000   2.000  10  41    0 4635
 10 232.000 121.000  10  15    0 4727
 11 110.000  83.000  10  22  817  875
 12 275.000 263.000  10  33  669  787
 13 114.000 211.000  10  10    0 4743
 14  60.000  72.000  10   2  702  781
 15  75.000 127.000  10  37 2074 2166
 16 102.000 173.000  10  15    0 4760
 17 276.000  28.000  10   9 1078 1143
 18 165.000 179.000  10  19    0 4781
 19  61.000 138.000  10   9    0 4724
 20 283.000 144.000  10   6  481  585
 21 173.000  64.000  10  12 2278 2416
 22 157.000 221.000  10  10 1634 1771
 23 108.000   3.000  10  16    0 4661
 24  29.000   8.000  10  24 3026 3101
 25  16.000  42.000  10  17 1000 1141
 26 183.000 282.000  10  42    0 4677
 27 154.000 299.000  10  17    0 4664
 28 230.000  80.000  10  26    0 4707
 29 136.000  50.000  10  16    0 4713
 30  57.000 125.000  10  23  841  965
 31 208.000  47.000  10   6    0 4695
 32 262.000  14.000  10  21    0 4637
 33 139.000 250.000  10  17    0 4713
 34 191.000 234.000  10   9    0 4720
 35 265.000 141.000  10  22    0 4698
 36 272.000 211.000  10   8 1466 1528
 37  56.000 116.000  10  22  934 1024
 38 208.000 290.000  10  16    0 4662
 39 285.000 283.000  10  22 2200 2348
 40 180.000 106.000  10  19  144  283
 41  37.000 159.000  10   7    0 4700
 42 128.000 155.000  10  11   22  179
 43  15.000 178.000  10   9    0 4676
 44  15.000 219.000  10  19    0 4662
 45 268.000 113.000  10  22 3350 3512
 46 207.000 149.000  10  22    0 4756
 47 179.000 123.000  10   4   63  254
 48 103.000   8.000  10  16    0 4664
 49 176.000 235.000  10  33  249  462
 50  51.000 217.000  10  36    0 4694
 51 114.000 259.000  10   5    0 4699
 52 276.000  66.000  10  17    0 4662
 53 183.000  80.000  10  13    0 4736
 54 123.000  76.000  10   2    0 4735
 55 299.000 153.000  10  12    0 4664
 56  40.000 236.000   0  11    0 4674
 57 289.000 130.000  10  27    0 4673
 58 147.000 152.000  10  14    3  100
 59 243.000 191.000  10  16  365  448
 60 238.000 103.000  10  16    0 4714
 61  64.000  91.000  10  29    0 4709
 62 281.000  68.000  10  23 2048 2129
 63   7.000  31.000  10  29    0 4627
 64 140.000  18.000  10  26 1572 1707
 65  99.000 105.000  10   4    0 4745
 66 166.000 123.000  10  14   34  217
 67 139.000 146.000  10  34   11  108
 68 107.000 174.000  10  21  134  260
 69  72.000 286.000  10  17 1568 1770
 70 106.000 243.000  10  22  760  863
 71  63.000 170.000  10  19 1092 1148
 72 136.000 228.000  10   2 1412 1564
 73 246.000 166.000  10  18    0 4716
 74 102.000  81.000  10  12  305  368
 75  93.000 117.000  10  15    0 4748
 76 205.000  44.000  10   9    0 4694
 77 278.000 178.000  10  17 2762 2841
 78 116.000  14.000  10  20 2616 2735
 79  86.000 216.000  10  25  821  964
 80 189.000 201.000  10  21    0 4749
 81 263.000 291.000  10   2  744  874
 82 192.000 150.000  10   6    0 4771
 83 108.000  80.000  10   1 1896 2022
 84 259.000 187.000  10  35  402  518
 85 289.000 209.000  10  23    0 4662
 86 157.000 254.000  10   8 2054 2198
 87 201.000 122.000  10  29 2889 3005
 88 213.000 119.000  10  25    0 4743
 89 234.000 146.000  10  38 1387 1548
 90 231.000  28.000  10  21 3440 3516
 91 133.000 153.000  10  32   37  101
 92  54.000 136.000  10   9    0 4716
 93 208.000 208.000  10  16  413  551
 94   2.000  81.000  10  32    0 4650
 95   8.000   4.000  10  29  790  840
 96 186.000  26.000  10  25 2273 2364
 97  83.000  77.000  10  18    0 4714
 98 203.000 283.000  10   6 2946 3105
 99 172.000 198.000  10  29    0 4761
100 126.000  42.000  10  23    0 4703
101  24.000 261.000  10   8 1985 2196
102 188.000 198.000  10   8    0 4752
103 198.000 159.000  10  23    0 4765
104  57.000 192.000  10  33    0 4711
105  36.000 212.000  10   4  526  593
106 117.000 155.000  10  22    0 4780
107 168.000  42.000  10  26    0 4704
108 241.000 183.000  10  12    0 4717
109  44.000 189.000  10  13  422  481
110 183.000  43.000  10  14    0 4702
111  37.000 126.000  10  19    0 4698
112 290.000 219.000  10  19    0 4657
113  25.000  64.000  10  10    0 4662
114 194.000  11.000  10  14 1293 1439
115 100.000 138.000  10  24  804  956
116  88.000  49.000  10  21    0 4695
117 217.000  43.000  10   5    0 4687
118  96.000  96.000  10  33    0 4737
119 135.000 139.000  10  12   18  189
120  41.000 279.000  10  11    0 4645
121  30.000 149.000  10   4    0 4693
122 248.000 280.000  10  27 1176 1268
123  18.000 184.000  10  24    0 4677
124 103.000  81.000  10  33    0 4730
125 125.000 148.000  10   8    0 4788
126  28.000 124.000  10  12    0 4689
127 158.000 291.000  10  18  644  774
128  12.000  10.000  10  22 1688 1781
129 208.000 297.000  10   8 1620 1771
130 238.000 214.000  10  15 1855 1932
131 220.000 182.000  10  13 2456 2567
132 224.000 229.000  10  16    0 4705
133 102.000 155.000  10  12    0 4765
134 274.000 256.000  10  10    0 4650
135 266.000 212.000  10  11    0 4682
136 157.000 276.000  10  18    0 4687
137 107.000  29.000   0  20 4032 4178
138 283.000 275.000  10  12    0 4631
139 108.000 298.000  10  17 3520 3641
140 187.000 129.000  10   8    0 4771
141 214.000   6.000  10  35    0 4656
142 152.000 241.000  10   2 2671 2818
143 202.000 161.000  10  16  141  285
144 211.000 174.000  10  33    0 4748
145 255.000 203.000  10  32 2930 3030
146 139.000 270.000  10  15    0 4693
147  85.000  75.000  10  18    0 4714
148 140.000 294.000  10  18    0 4669
149 225.000 210.000  10  27    0 4717
150 135.000 251.000  10  31 1944 2049
151 125.000 136.000  10   5   69  160
152  24.000  76.000  10  23    0 4667
153  84.000 231.000  10  21 2181 2295
154 206.000 121.000  10  10    0 4750
155  76.000 160.000  10   2  286  311
156  18.000 151.000  10  15    0 4681
157  11.000 185.000  10  30 1052 1217
158 109.000 148.000  10  19    0 4772
159 121.000 116.000  10  23    0 4769
160 110.000  31.000  10  15 1460 1564
161 107.000  39.000  10   9    0 4694
162 181.000 297.000  10  10  665  755
163  34.000   5.000  10  16    0 4628
164 252.000 219.000  10  23    0 4690
165 234.000 107.000  10  24 1359 1468
166 175.000 294.000  10  16 1955 2094
167 160.000 179.000  10  32 3129 3228
168 159.000 287.000  10  21 1599 1693
169 126.000 127.000  10  40    0 4780
170  38.000  44.000  10  10 2599 2727
171 183.000  44.000  10  17  439  551
172 296.000  17.000  10   8 3136 3263
173 149.000  76.000  10  10 3202 3318
174 131.000 220.000  10  23  470  617
175 128.000 225.000  10   5    0 4735
176 250.000 194.000  10   4 3515 3623
177   9.000 122.000  10  19    0 4670
178 203.000 166.000  10  20    0 4758
179 235.000  31.000  10  18  548  702
180 120.000  60.000  10  12 2081 2139
181 283.000  65.000  10  27    0 4656
182 274.000  66.000  10  21    0 4664
183 247.000  86.000  10  21  814  999
184 262.000 164.000  10  18 3621 3681
185 233.000 119.000  10  11    0 4725
186  37.000 149.000  10  24    0 4700
187  93.000 165.000  10  13  201  270
188 124.000 299.000  10   9 1179 1280
189 139.000  31.000  10  15    0 4694
190   4.000 296.000  10  18    0 4607
191 183.000  88.000  10  35    0 4743
192 159.000  89.000  10  22    0 4752
193 211.000  62.000  10   8    0 4706
194  12.000 275.000  10  18    0 4627
195 180.000  93.000  10   2 3870 4002
196  75.000 265.000  10  14    0 4676
197 174.000 238.000  10  21    0 4722
198 166.000 194.000  10   7    0 4767
199 271.000   8.000  10  36    0 4627
200 158.000 140.000  10   5   12   98
201 267.000  29.000  10  33    0 4645
202  15.000  88.000  10  12    0 4665
203  15.000   2.000  10   5 1601 1708
204 126.000 266.000  10  27    0 4695
205  44.000 223.000  10  22 1036 1124
206  15.000 209.000  10  25    0 4666
207 194.000 234.000  10   7  340  418
208 132.000  16.000  10  26    0 4678
209  83.000 188.000  10  16 1273 1400
210 152.000  77.000  10  10  243  423
211 216.000  40.000  10  41  601  736
212   9.000  63.000  10  13    0 4648
213 162.000 250.000  10  24    0 4713
214 154.000 101.000  10  21  167  227
215  40.000 181.000  10  26    0 4699
216 119.000 214.000  10  16    0 4742
217 190.000 181.000  10  30    0 4763
218 228.000  41.000  10  16 3254 3363
219 209.000 269.000  10  17 1745 1942
220  52.000 165.000  10  18    0 4714
221  37.000  36.000  10  26    0 4653
222 180.000  98.000  10   3    0 4753
223 114.000 117.000  10  31    0 4765
224 195.000   9.000  10  26    0 4665
225 163.000 150.000  10  15    0 4800
226  75.000 191.000  10  12  313  450
227 150.000 104.000  10  21    0 4767
228 103.000 260.000  10  14    0 4694
229 234.000 213.000  10  15    0 4708
230   9.000  30.000  10   6    0 4628
231 165.000 256.000  10  12    0 4706
232 176.000 153.000  10  14    0 4787
233  16.000  22.000  10  24 2066 2250
234 156.000 182.000  10  20 2405 2503
235  88.000 124.000  10   2  242  408
236 176.000  72.000  10   6 2286 2430
237  85.000  62.000  10   3 2181 2350
238  71.000 268.000  10  10    0 4671
239 229.000  25.000  10  17    0 4666
240 164.000 108.000  10  21  132  223
241  98.000 129.000  10   2  182  266
242 167.000 193.000  10  29    0 4767
243  34.000 150.000  10  15    0 4697
244 161.000 242.000  10  30 3539 3587
245 265.000 197.000  10  15    0 4689
246  25.000 119.000  10  17  688  779
247 208.000 117.000  10  15  324  423
248  47.000 203.000  10  29    0 4698
249   4.000 294.000  10  15 2165 2359
250 199.000 213.000  10  13 2074 2135
251  15.000 259.000  10   9 2704 2837
252 112.000 161.000  10  11   90  227
253 158.000  83.000  10  27  168  372
254  56.000 212.000  10  10 1899 2001
255 228.000 217.000  10  32    0 4711
256  14.000 204.000  10  19    0 4667
257  80.000 131.000  10  14 1340 1449
258 157.000  84.000  10  19    0 4747
259 143.000  67.000  10  14  256  411
260  47.000 143.000  10  17 1334 1457
261 106.000 168.000  10  21    0 4766
262 266.000 203.000  10   6 2565 2678
263 124.000 174.000  10  22   87  197
264  33.000 231.000  10  36    0 4671
265 132.000 297.000  10  40    0 4665
266 230.000 150.000  10  28 2650 2762
267 183.000  23.000  10  26 2273 2437
268 113.000   4.000  10  31    0 4663
269 203.000 183.000  10  26  321  359
270 180.000 114.000  10   9    0 4767
271  25.000  14.000  10  15  850  975
272  99.000  73.000  10  22  398  442
273 209.000 246.000  10  26 1514 1595
274  87.000 183.000  10  17 2117 2204
275 212.000 270.000  10  21 2350 2505
276 294.000  64.000  10  32 1930 2055
277 296.000  15.000  10  13 2001 2129
278 159.000  42.000  10  33  530  601
279  48.000 141.000  10  25  858  998
280  11.000 176.000  10  13    0 4672
281 148.000  28.000  10  17    0 4691
282  40.000 192.000  10  30    0 4696
283  71.000 294.000  10  18 2288 2357
284 296.000 211.000  10  22  737  955
285   5.000 195.000  10  18    0 4662
286  80.000 133.000  10  30    0 4741
287  57.000 123.000  10  19    0 4717
288 153.000  61.000  10  12 1047 1143
289 191.000  49.000  10  12    0 4704
290  44.000 286.000  10  37 2125 2304
291 169.000 236.000  10   3    0 4725
292 101.000 114.000  10   5  993 1083
293 281.000   8.000  10  19  977 1092
294  64.000 170.000  10  17    0 4725
295  47.000 121.000  10  19  442  496
296 139.000  33.000  10   2    0 4696
297 139.000 206.000  10  18 2333 2507
298 137.000 212.000  10  12 2784 2912
299 206.000 130.000  10  26  186  289
300 111.000  98.000  10  16    0 4748
301 199.000  28.000  10  12 1793 1980
302 260.000  64.000  10 -14    0 4674
303 208.000 235.000  10 -12 3289 3411
304  28.000 141.000  10 -12 2592 2688
305  29.000 130.000  10 -19    0 4691
306 175.000 281.000  10 -27    0 4680
307   1.000  11.000  10 -13 1892 2066
308 288.000 127.000  10  -5 2853 2950
309 140.000 214.000  10 -18    0 4749
310  72.000  20.000  10 -41    0 4662
311 230.000 135.000  10 -15    0 4732
312 160.000  17.000  10 -22 1345 1498
313 261.000 232.000  10 -33 2010 2103
314 148.000 157.000  10 -10    0 4806
315  43.000  52.000  10  -2 2256 2391
316 108.000 162.000  10 -37 2515 2623
317   1.000 145.000  10 -15    0 4664
318 151.000 113.000  10  -9 1411 1477
319 189.000 197.000  10 -19    0 4752
320  26.000  27.000  10  -9 3490 3588
321 265.000  78.000  10  -6    0 4678
322 148.000   8.000  10 -12    0 4671
323 107.000 291.000  10 -10 2178 2277
324 282.000  76.000  10 -16 3432 3532
325 149.000  98.000  10 -24 3321 3432
326  90.000  44.000  10 -17    0 4692
327 176.000 263.000  10 -42    0 4698
328 202.000 292.000  10 -17 3651 3732
329 229.000  40.000  10 -26    0 4678
330 220.000  43.000  10 -16 1746 1852
331 117.000 168.000  10 -23    0 4776
332 246.000  93.000  10  -6 2191 2278
333 300.000  44.000  10 -21    0 4630
334 120.000 241.000  10 -17 2416 2548
335 107.000 281.000  10  -9  460  644
336 253.000  84.000  10 -22    0 4691
337 225.000 192.000  10  -8 2179 2311
338  40.000   1.000  10 -22 1851 1862
339 285.000 285.000  10 -16    0 4623
340 241.000 208.000  10 -22    0 4706
341 136.000  68.000  10 -19 2397 2478
342 135.000  38.000  10  -7    0 4700
343  97.000 232.000  10 -11    0 4716
344  72.000  36.000  10  -9    0 4675
345  37.000 258.000  10 -19    0 4657
346 198.000 100.000  10 -22    0 4744
347 201.000 175.000  10 -22 2787 2875
348 262.000  80.000  10  -4  867  996
349 157.000  12.000  10 -16    0 4675
350 181.000 277.000  10 -33 1199 1231
351  58.000 240.000  10 -36 3079 3236
352 119.000 254.000  10  -5 3210 3363
353 253.000  69.000  10 -17    0 4682
354 182.000  81.000  10 -13 1867 2001
355 244.000  13.000  10  -2 2918 2987
356 188.000 142.000  10 -12 4603 4652
357  40.000 236.000  10 -11    0 4674
358 295.000 123.000  10 -27 3047 3231
359 153.000 226.000  10 -14 1515 1652
360 251.000 195.000  10 -16 1137 1290
361 289.000  79.000  10 -16 1541 1703
362  82.000 100.000  10 -29    0 4729
363 222.000 100.000  10 -23 2916 3015
364  37.000  14.000  10 -29  979 1083
365 212.000  45.000  10 -26    0 4692
366  52.000 109.000  10  -4    0 4707
367 155.000  93.000  10 -14  558  668
368 110.000 145.000  10 -34  642  803
369 126.000 233.000  10 -21    0 4727
370  69.000 134.000  10 -17 2516 2595
371  99.000 226.000  10 -22 1320 1428
372 189.000 240.000  10 -19    0 4715
373 147.000 240.000  10  -2    0 4723
374 205.000 130.000  10 -18 3732 3903
375  61.000  84.000  10 -12 1356 1432
376  59.000 287.000  10 -15 1999 2093
377 254.000  87.000  10  -9    0 4692
378 272.000 183.000  10 -17    0 4687
379 284.000  72.000  10 -20    0 4658
380 136.000 241.000  10 -25 1532 1561
381 184.000 277.000  10 -21  783  951
382 275.000 146.000  10  -2 2567 2761
383 223.000 198.000  10  -6 1841 1952
384  69.000  90.000  10  -1    0 4713
385 263.000 193.000  10 -35 1093 1155
386 221.000 145.000  10 -23    0 4742
387 214.000 234.000  10  -8 2886 3075
388 162.000 148.000  10 -29 3004 3117
389 246.000 133.000  10 -25    0 4716
390 230.000 128.000  10 -38 1534 1629
391 175.000 123.000  10 -21    0 4777
392 131.000 222.000  10 -32  647  694
393  47.000 153.000  10  -9 3051 3208
394 279.000 189.000  10 -16    0 4679
395  30.000 145.000  10 -32 3395 3501
396 109.000  61.000  10 -29    0 4716
397 220.000  18.000  10 -25 2474 2614
398  29.000  72.000  10 -18    0 4670
399 213.000 299.000  10  -6    0 4652
400 239.000 295.000  10 -29    0 4643
401 227.000  62.000  10 -23 3234 3324
402  76.000 280.000  10  -8    0 4664
403 127.000 266.000  10  -8  454  646
404 224.000 138.000  10 -23    0 4739
405  88.000 190.000  10 -33    0 4740
406 145.000  38.000  10  -4    0 4701
407  45.000 190.000  10 -22 1768 1912
408 189.000  41.000  10 -26 1616 1761
409 243.000 136.000  10 -12    0 4719
410 186.000 228.000  10 -13 1637 1787
411 248.000  41.000  10 -14    0 4667
412   4.000  97.000  10 -19    0 4658
413 298.000 135.000  10 -19    0 4665
414  72.000  89.000  10 -10    0 4714
415 129.000  83.000  10 -14 2484 2611
416  42.000 221.000  10 -24    0 4684
417  73.000  81.000  10 -21 2234 2332
418 250.000  49.000  10  -5 1880 2069
419  96.000  86.000  10 -33  292  378
420 122.000 127.000  10 -12   62  228
421  51.000 278.000  10 -11    0 4652
422  82.000  35.000  10  -4    0 4680
423 296.000 252.000  10 -27    0 4635
424   3.000 135.000  10 -24    0 4666
425  89.000  61.000  10 -33    0 4706
426 120.000 155.000  10  -8    0 4783
427  29.000 139.000  10 -12    0 4692
428 159.000 300.000  10 -18  537  666
429 135.000 210.000  10 -22    0 4752
430 238.000 206.000  10  -8 2282 2421
431 206.000 157.000  10 -15 3644 3761
432 219.000 152.000  10 -13 3855 3938
433 125.000 168.000  10 -16 3492 3562
434  94.000  93.000  10 -12    0 4734
435 296.000 279.000  10 -10    0 4619
436 217.000 138.000  10 -11 2767 2876
437 143.000 244.000  10 -18    0 4719
438 107.000  29.000  10 -20 4032 4178
439 296.000 235.000  10 -12    0 4645
440 109.000 299.000  10 -17    0 4659
441 282.000 104.000  10  -8 1120 1168
442 236.000 108.000  10 -35 3545 3656
443 159.000 266.000  10  -2 3607 3670
444 229.000 188.000  10 -16  776  856
445 297.000 213.000  10 -33    0 4654
446 250.000 228.000  10 -32 3088 3245
447 215.000 295.000  10 -15    0 4655
448  51.000  63.000  10 -18  517  625
449 148.000 299.000  10 -18    0 4664
450 287.000 293.000  10 -27 2149 2276
451 110.000 262.000  10 -31    0 4695
452 111.000  40.000  10  -5    0 4697
453  96.000 199.000  10 -23 4063 4210
454   8.000 227.000  10 -21    0 4652
455 246.000 123.000  10 -10    0 4714
456 184.000 237.000  10  -2 3040 3187
457 102.000  76.000  10 -15 3431 3437
458  14.000 165.000  10 -30 2052 2208
459  78.000 246.000  10 -19    0 4693
460  31.000  68.000  10 -23    0 4669
461 239.000  84.000  10 -15 2352 2441
462 297.000  43.000  10  -9    0 4632
463 125.000 278.000  10 -10 2067 2098
464  57.000   7.000  10 -16    0 4643
465 210.000 236.000  10 -23 3175 3336
466 225.000  73.000  10 -24 2086 2183
467 211.000 239.000  10 -16 2321 2414
468 182.000 146.000  10 -32 3230 3357
469 150.000 185.000  10 -21    0 4778
470  80.000  35.000  10 -40 2051 2189
471 129.000  77.000  10 -10    0 4738
472 166.000  99.000  10 -17    0 4760
473 293.000  62.000  10  -8    0 4646
474 127.000  77.000  10 -10 3354 3404
475  60.000 176.000  10 -23  767  916
476  67.000 175.000  10  -5 1115 1216
477 237.000 171.000  10  -4    0 4724
478  46.000 155.000  10 -19 3051 3111
479 181.000 145.000  10 -20    0 4782
480 274.000   6.000  10 -18    0 4623
481  74.000 117.000  10 -12    0 4731
482 188.000  69.000  10 -27 2573 2727
483 242.000  70.000  10 -21    0 4692
484 173.000  72.000  10 -21 2763 2842
485 173.000 148.000  10 -18    0 4790
486 272.000  70.000  10 -11    0 4668
487  81.000 219.000  10 -24 3865 3963
488 112.000 272.000  10 -13    0 4686
489 256.000 286.000  10  -9 3140 3334
490 232.000  45.000  10 -15 3233 3383
491  92.000 241.000  10 -18    0 4706
492 176.000  70.000  10 -35    0 4729
493 122.000  96.000  10 -22  567  732
494 173.000 152.000  10  -8 2945 3149
495   9.000 239.000  10 -18    0 4647
496 175.000 107.000  10  -2 4366 4443
497 133.000 187.000  10 -14 4261 4400
498 148.000 172.000  10 -21    0 4791
499 136.000 295.000  10  -7    0 4668
500 236.000  27.000  10 -36    0 4663
501 271.000 105.000  10  -5    0 4684
502 227.000   5.000  10 -33    0 4649
503  38.000  74.000  10 -12    0 4678
504 103.000  93.000  10  -5 2280 2369
505 154.000 207.000  10 -27    0 4756
506  27.000 255.000  10 -22    0 4652
507  76.000 221.000  10 -25 2889 2994
508 238.000 294.000  10  -7    0 4645
509 259.000  14.000  10 -26    0 4639
510 113.000 188.000  10 -16 1189 1362
511 147.000  43.000  10 -10  415  526
512 150.000  67.000  10 -41    0 4730
513 113.000  62.000  10 -13 2115 2193
514 175.000 251.000  10 -24    0 4709
515 118.000  38.000  10 -21  858  968
516  18.000 196.000  10 -26    0 4674
517 121.000 246.000  10 -16 1951 2047
518 280.000 158.000  10 -30 2565 2737
519 184.000 102.000  10 -16 4201 4301
520 226.000 248.000  10 -17    0 4689
521  69.000 208.000  10 -18    0 4714
522 112.000  43.000  10 -26    0 4700
523 170.000  93.000  10  -3 1873 2051
524  80.000  86.000  10 -31    0 4719
525 156.000  57.000  10 -26 2712 2860
526 229.000 179.000  10 -15  948 1108
527 172.000 225.000  10 -12    0 4735
528 151.000 133.000  10 -21    0 4796
529 143.000 223.000  10 -14    0 4740
530 289.000 143.000  10 -15    0 4674
531  80.000  67.000  10  -6 1688 1847
532 177.000 281.000  10 -12    0 4680
533 167.000 171.000  10 -14 3452 3530
534 119.000 183.000  10 -24    0 4768
535   1.000  81.000  10 -20    0 4649
536  25.000 191.000  10  -2  905 1053
537 131.000  78.000  10  -6    0 4739
538  59.000 113.000  10  -3    0 4715
539 139.000 110.000  10 -10    0 4772
540 271.000 106.000  10 -17    0 4685
541 162.000  92.000  10 -21    0 4754
542  19.000 290.000  10  -2 1560 1658
543 228.000 276.000  10 -29 2927 3056
544 141.000 120.000  10 -15    0 4782
545 142.000 188.000  10 -30    0 4775
546 227.000 192.000  10 -15 1244 1391
547  26.000   0.000  10 -17    0 4619
548 250.000 124.000  10 -15  537  647
549  11.000 242.000  10 -29    0 4647
550  20.000 245.000  10 -15    0 4652
551 271.000 145.000  10 -13    0 4692
552  11.000 191.000  10  -9 2895 3031
553  30.000 226.000  10 -11    0 4671
554 266.000  39.000  10 -27 2070 2111
555   6.000 168.000  10 -10    0 4668
556 207.000 237.000  10 -32    0 4709
557  14.000 177.000  10 -19    0 4675
558  75.000 269.000  10 -14    0 4673
559 200.000  26.000  10 -19 1799 1877
560 264.000  35.000  10 -14 3929 4055
561  45.000  74.000  10 -17 1572 1692
562  94.000 109.000  10 -21 3131 3253
563 159.000 199.000  10  -6 3265 3406
564 116.000 245.000  10 -22 2309 2428
565 157.000  50.000  10 -36 3775 3922
566 152.000 258.000  10 -40    0 4705
567 291.000 148.000  10 -28    0 4672
568 170.000  53.000  10 -26    0 4714
569 290.000  37.000  10 -31 3282 3368
570 241.000 218.000  10 -26  573  720
571 207.000  20.000  10  -9  732  871
572  63.000 130.000  10 -15 2209 2408
573  88.000 110.000  10 -22 2533 2658
574 254.000 206.000  10 -26 2499 2591
575 152.000  29.000  10 -17 3595 3719
576 182.000 284.000  10 -21    0 4676
577 172.000   2.000  10 -32 2416 2523
578 247.000  19.000  10 -13 3259 3407
579 203.000  36.000  10 -33 1568 1730
580  17.000   0.000  10 -25    0 4613
581   3.000 119.000  10 -13 2766 2865
582 224.000  61.000  10 -17 1906 2002
583  30.000 243.000  10 -30 1130 1281
584 105.000 252.000  10 -18    0 4702
585 274.000 136.000  10 -22 3230 3325
586   5.000 189.000  10 -18  592  699
587  60.000 287.000  10 -30 3953 4032
588  57.000 127.000  10 -19 1367 1521
589 159.000  41.000  10 -12 1228 1342
590 151.000 172.000  10 -12 3000 3115
591   8.000 200.000  10 -37 2733 2878
592 116.000 240.000  10  -3 2105 2216
593   2.000 238.000  10  -5 3352 3492
594  94.000  12.000  10 -19    0 4665
595  72.000 180.000  10 -17    0 4730
596  23.000 218.000  10 -19    0 4669
597 117.000  79.000  10  -2    0 4735
598  53.000 141.000  10 -18    0 4716
599  43.000  62.000  10 -12 3270 3417
600 209.000  84.000  10 -26 1542 1637
601  15.000  52.000  10 -16  615  720
602 279.000  36.000  10 -12    0 4641
603 150.000 150.000   0   0    0 4823
