303 303 1000 1000 1000
  0 150.000 150.000   0   0    0 4823
  1 277.000  41.000  10  14 1317 1557
  2 117.000 178.000  10  19 3004 3244
  3 178.000 263.000  10  18 2981 3221
  4  51.000   2.000  10  41  808 1048
  5 110.000  83.000  10  22  726  966
  6 275.000 263.000  10  33  608  848
  7 114.000 211.000  10  10 1696 1936
  8  61.000  84.000  10   7 1274 1514
  9  60.000  72.000  10   2  622  862
 10  75.000 127.000  10  37 2000 2240
 11 102.000 173.000  10  15   93  333
 12 276.000  28.000  10   9  991 1231
 13 289.000 143.000  10  23  488  728
 14  69.000 134.000  10  46 2436 2676
 15 283.000 144.000  10   6  413  653
 16 117.000 168.000  10  14   37  277
 17 184.000 102.000  10  29 4131 4371
 18 157.000 221.000  10  10 1582 1822
 19  29.000   8.000  10  24 2944 3184
 20  16.000  42.000  10  17  950 1190
 21  57.000 125.000  10  23  783 1023
 22 208.000  47.000  10   6  353  593
 23 139.000 250.000  10  17 2472 2712
 24 220.000  18.000  10  38 2424 2664
 25 191.000 234.000  10   9  254  494
 26 265.000 141.000  10  22  341  581
 27 272.000 211.000  10   8 1377 1617
 28 170.000  93.000  10  39 1842 2082
 29 120.000 155.000  10  24 3491 3731
 30   3.000 119.000  10   8 2695 2935
 31 208.000 290.000  10  16 1162 1402
 32 180.000 106.000  10  19   93  333
 33  29.000 139.000  10  25  423  663
 34  37.000 159.000  10   7  406  646
 35 201.000 175.000  10  10 2711 2951
 36 128.000 155.000  10  11   22  262
 37  15.000 219.000  10  19  486  726
 38 268.000 113.000  10  22 3311 3551
 39 179.000 123.000  10   4   39  279
 40 103.000   8.000  10  16 2667 2907
 41  51.000 217.000  10  36 1018 1258
 42 243.000 136.000  10  46  951 1191
 43 160.000  17.000  10  24 1301 1541
 44 183.000  80.000  10  13  232  472
 45 289.000 130.000  10  27 1258 1498
 46 147.000 152.000  10  14    3  243
 47 243.000 191.000  10  16  287  527
 48   9.000 239.000  10  20 1203 1443
 49 189.000 197.000  10  17 1836 2076
 50  64.000  91.000  10  29  338  578
 51 159.000 266.000  10   2 3518 3758
 52  78.000 246.000  10  27 1237 1477
 53 140.000  18.000  10  26 1520 1760
 54  69.000 208.000  10  17 2268 2508
 55 105.000 252.000  10  25  326  566
 56 166.000 123.000  10  14   31  271
 57 139.000 146.000  10  34   11  251
 58 107.000 174.000  10  21   77  317
 59  72.000 286.000  10  17 1549 1789
 60 106.000 243.000  10  22  692  932
 61  63.000 170.000  10  19 1000 1240
 62 136.000 228.000  10   2 1368 1608
 63 102.000  81.000  10  12  216  456
 64 271.000 105.000  10  42 2409 2649
 65 116.000  14.000  10  20 2555 2795
 66 119.000 254.000   0  42 3167 3407
 67 107.000 281.000  10  16  432  672
 68  86.000 216.000  10  25  772 1012
 69 263.000 291.000  10   2  689  929
 70  11.000 191.000  10  12 2843 3083
 71 192.000 150.000  10   6   48  288
 72 131.000 222.000  10  21  551  791
 73 259.000 187.000  10  35  340  580
 74 112.000  43.000  10  42 2151 2391
 75 291.000 148.000  10  11 2482 2722
 76  20.000 245.000  10  28  889 1129
 77  60.000 287.000  10  15 3873 4113
 78 234.000 146.000  10  38 1348 1588
 79  82.000  35.000  10  12  414  654
 80 159.000 300.000  10  15  481  721
 81 133.000 153.000  10  32   17  257
 82  54.000 136.000  10   9  938 1178
 83  28.000 141.000  10  25 2520 2760
 84 208.000 208.000  10  16  362  602
 85   2.000  81.000  10  32  998 1238
 86 186.000  26.000  10  25 2199 2439
 87 203.000 283.000  10   6 2905 3145
 88 172.000 198.000   0  29 3261 3501
 89 157.000  12.000  10  11  605  845
 90 237.000 171.000  10  17 1518 1758
 91 126.000  42.000  10  23  835 1075
 92  96.000  86.000  10  12  215  455
 93 223.000 198.000  10  24 1776 2016
 94 181.000 277.000  10  15 1095 1335
 95 229.000  40.000  10  13  897 1137
 96 220.000  43.000  10  28 1679 1919
 97 295.000 123.000   0  29 3019 3259
 98  36.000 212.000  10   4  439  679
 99  45.000  74.000  10   9 1512 1752
100 241.000 183.000  10  12 3314 3554
101 118.000  38.000  10  27  793 1033
102  51.000  63.000  10   6  451  691
103  44.000 189.000  10  13  332  572
104 141.000 120.000  10  21   31  271
105 290.000 219.000  10  19  688  928
106 100.000 138.000  10  24  760 1000
107  88.000  49.000  10  21  625  865
108  57.000 127.000  10  20 1324 1564
109  25.000 191.000  10  16  859 1099
110 217.000  43.000  10   5 2031 2271
111  96.000  96.000  10  33 1959 2199
112 135.000 139.000  10  12   18  258
113  18.000 196.000  10   8 1669 1909
114 248.000 280.000  10  27 1102 1342
115  94.000  12.000  10  20 1836 2076
116 293.000  62.000  10  10  609  849
117 158.000 291.000  10  18  589  829
118  53.000 141.000  10  16  270  510
119 227.000  62.000  10  16 3159 3399
120 226.000 248.000   0  17 3351 3591
121 238.000 214.000  10  15 1773 2013
122 220.000 182.000  10  13 2392 2632
123  88.000 110.000  10   1 2476 2716
124 102.000 155.000  10  12  694  934
125 246.000  93.000  10  14 2114 2354
126  43.000  52.000  10  31 2203 2443
127 151.000 113.000  10   4 1324 1564
128 266.000 212.000  10  11 1270 1510
129 157.000 276.000  10  18  385  625
130 229.000 179.000  10  16  908 1148
131 162.000  92.000  10   2  474  714
132 135.000  38.000  10  19 2815 3055
133 108.000 298.000  10  17 3461 3701
134 225.000 192.000  10  26 2125 2365
135 200.000  26.000  10  10 1718 1958
136 202.000 161.000  10  16   93  333
137 166.000  99.000  10  19   94  334
138 251.000 195.000  10  33 1093 1333
139 246.000 133.000  10   9  559  799
140  59.000 113.000  10  16  916 1156
141 113.000  62.000  10   9 2034 2274
142  72.000  89.000  10  13 2151 2391
143 125.000 136.000  10   5   28  268
144  24.000  76.000  10  23 1926 2166
145  84.000 231.000  10  21 2118 2358
146 206.000 121.000  10  10 2924 3164
147 242.000  70.000  10  22  465  705
148  76.000 160.000  10   2  179  419
149  18.000 151.000  10  15  465  705
150  11.000 185.000  10  30 1015 1255
151 109.000 148.000  10  19   91  331
152 110.000  31.000  10  15 1392 1632
153 181.000 297.000  10  10  590  830
154 252.000 219.000  10  23 1145 1385
155 234.000 107.000  10  24 1294 1534
156  51.000 278.000  10  25 1030 1270
157 239.000  84.000  10  17 2277 2517
158 153.000 226.000  10  18 1464 1704
159 110.000 145.000  10   8  603  843
160 175.000 294.000  10  16 1905 2145
161 202.000 292.000  10  10 3572 3812
162 282.000 104.000  10  19 1024 1264
163 143.000 223.000  10  20 1553 1793
164  14.000 177.000  10  17  485  725
165 127.000  77.000  10  11 3259 3499
166  47.000 153.000  10   9 3010 3250
167  26.000   0.000  10  12 1919 2159
168 126.000 127.000  10  40   33  273
169 232.000  45.000  10  15 3188 3428
170 183.000  44.000  10  17  375  615
171 149.000  76.000  10  10 3140 3380
172  57.000   7.000  10  25 1588 1828
173 280.000 158.000  10  34 2531 2771
174 131.000 220.000  10  23  423  663
175 235.000  31.000  10  18  505  745
176 119.000 183.000  10   6 2208 2448
177   1.000  11.000  10  34 1859 2099
178 283.000  65.000  10  27 1740 1980
179 271.000 106.000  10  22 2290 2530
180 150.000 185.000  10  22   61  301
181  93.000 165.000  10  13  116  356
182 203.000  36.000  10  18 1529 1769
183 124.000 299.000  10   9 1110 1350
184 241.000 208.000  10  31 1706 1946
185 139.000  31.000  10  15 1857 2097
186 170.000  53.000  10  21  587  827
187 183.000  88.000  10  35 3455 3695
188 148.000   8.000  10  13  685  925
189 159.000  89.000  10  22 3245 3485
190 250.000 228.000  10  22 3047 3287
191 211.000  62.000  10   8  308  548
192 300.000  44.000  10   3 2967 3207
193 172.000 225.000  10  13  378  618
194 166.000 194.000  10   7  331  571
195 158.000 140.000  10   5   12  252
196 267.000  29.000  10  33 1776 2016
197  15.000  52.000  10  21  547  787
198 194.000 234.000  10   7  259  499
199 132.000  16.000  10  26  937 1177
200  83.000 188.000  10  16 1217 1457
201 152.000  77.000  10  10  213  453
202 216.000  40.000  10  41  548  788
203   9.000  63.000  10  13 1177 1417
204 287.000 293.000  10  14 2092 2332
205  58.000 240.000  10  20 3038 3278
206 162.000 250.000  10  24  722  962
207  82.000 100.000  10  16 2250 2490
208  27.000 255.000  10   5  902 1142
209 230.000 128.000  10  21 1462 1702
210  19.000 290.000  10  12 1489 1729
211 154.000 101.000  10  21   77  317
212 265.000  78.000  10   7 2763 3003
213  40.000 181.000  10  26 1043 1283
214 229.000 188.000  10   7  696  936
215 228.000  41.000  10  16 3189 3429
216  99.000 226.000  10  12 1254 1494
217 209.000 269.000  10  17 1723 1963
218  63.000 130.000  10  21 2188 2428
219  23.000 218.000  10  23  536  776
220 180.000  98.000  10   3 1357 1597
221 151.000 133.000  10  23   17  257
222 221.000 145.000   0   9 4006 4246
223  45.000 190.000  10  35 1720 1960
224  90.000  44.000   0  12 3907 4147
225 121.000 246.000  10   9 1879 2119
226 282.000  76.000  10  26 3362 3602
227 150.000  67.000  10  29  212  452
228 285.000 285.000  10  13 2742 2982
229 163.000 150.000  10  15   13  253
230 279.000 189.000  10  30 2318 2558
231 148.000 172.000  10  25   22  262
232 155.000  93.000  10  33  493  733
233 181.000 145.000  10  20 2989 3229
234 147.000  43.000  10  14  351  591
235  75.000 191.000  10  12  262  502
236 150.000 104.000  10  21  217  457
237  88.000 124.000  10   2  205  445
238 176.000  72.000  10   6 2238 2478
239 110.000 262.000  10  26 1909 2149
240 229.000  25.000  10  17 1914 2154
241 186.000 228.000  10   5 1592 1832
242 173.000  72.000  10   8 2683 2923
243 198.000 100.000  10  25  287  527
244 164.000 108.000  10  21   57  297
245 284.000  72.000  10  17 3673 3913
246  98.000 129.000  10   2  104  344
247 241.000 218.000  10  34  527  767
248 238.000 294.000  10  22  817 1057
249   8.000 227.000  10  33  646  886
250  25.000 119.000  10  17  613  853
251 238.000 206.000  10  22 2232 2472
252   1.000 145.000  10   6  476  716
253 208.000 117.000  10  15  253  493
254  47.000 203.000  10  29 2619 2859
255   4.000 294.000  10  15 2142 2382
256 156.000  57.000  10  27 2666 2906
257 189.000 240.000  10  18  319  559
258  89.000  61.000  10  14  952 1192
259 112.000 161.000  10  11   39  279
260  60.000 176.000  10  19  721  961
261 158.000  83.000  10  27  150  390
262 116.000 240.000  10  17 2041 2281
263 296.000 279.000  10  15 1930 2170
264 215.000 295.000  10   8 3226 3466
265 157.000  84.000  10  19  342  582
266  29.000 130.000  10  18  459  699
267 250.000 124.000  10   4  472  712
268 106.000 168.000  10  21  788 1028
269 266.000 203.000  10   6 2502 2742
270 124.000 174.000  10  22   35  275
271  33.000 231.000  10  36 2921 3161
272 132.000 297.000  10  40  595  835
273 230.000 150.000  10  28 2586 2826
274 183.000  23.000  10  26 2235 2475
275 113.000   4.000  10  31 1103 1343
276 203.000 183.000  10  26  220  460
277 148.000 157.000  10  24    7  247
278  25.000  14.000  10  15  792 1032
279  99.000  73.000  10  22  300  540
280 152.000 258.000  10  35 2573 2813
281  37.000 258.000  10  11 3243 3483
282  87.000 183.000  10  17 2040 2280
283 294.000  64.000  10  32 1873 2113
284 296.000  15.000  10  13 1945 2185
285 159.000  42.000  10  33  445  685
286  48.000 141.000  10  25  808 1048
287  40.000 192.000  10  30  392  632
288 272.000  70.000  10  26 2626 2866
289  71.000 294.000  10  18 2203 2443
290 296.000 211.000  10  22  726  966
291  80.000 133.000  10  30  168  408
292 153.000  61.000  10  12  975 1215
293  72.000 180.000  10  27 1428 1668
294 169.000 236.000  10   3 3695 3935
295 182.000 284.000  10   3 1993 2233
296 101.000 114.000  10   5  918 1158
297 281.000   8.000  10  19  914 1154
298  47.000 121.000  10  19  349  589
299 139.000  33.000  10   2 1972 2212
300 139.000 206.000  10  18 2300 2540
301 137.000 212.000  10  12 2728 2968
302 206.000 130.000  10  26  118  358
303 199.000  28.000  10  12 1767 2007
304 290.000  37.000  10 -14 3205 3445
305 160.000 179.000  10 -19 3058 3298
306 114.000 259.000  10 -18 3174 3414
307  29.000  72.000  10 -41 3617 3857
308 111.000  98.000  10 -22 1026 1266
309 177.000 281.000  10 -33 1642 1882
310 157.000 254.000  10 -10 2006 2246
311  17.000   0.000  10  -7 2250 2490
312   1.000  81.000  10  -2 1222 1462
313  15.000 178.000  10 -37 3012 3252
314 133.000 187.000  10 -15 4210 4450
315 168.000  42.000  10  -9 2472 2712
316 247.000  86.000  10 -23  787 1027
317 165.000 179.000  10 -46 3265 3505
318 248.000  41.000  10  -6 1816 2056
319 148.000 299.000  10 -14  557  797
320 175.000 107.000  10 -29 4285 4525
321 210.000 236.000  10 -10 3135 3375
322   7.000  31.000  10 -24 3111 3351
323  34.000   5.000  10 -17 2880 3120
324 129.000  77.000  10 -23 2491 2731
325 180.000 114.000  10  -6 4222 4462
326 143.000 244.000  10 -17 2680 2920
327 253.000  69.000  10 -38 2490 2730
328 207.000 237.000  10  -9 1891 2131
329 272.000 183.000  10 -22 2765 3005
330 187.000 129.000  10  -8 3067 3307
331 108.000  80.000  10 -39 1839 2079
332 125.000 148.000  10 -24 3311 3551
333   6.000 168.000  10  -8 2918 3158
334 241.000 298.000  10 -16 1787 2027
335 236.000  27.000  10 -19 1428 1668
336  52.000 165.000  10 -25 1089 1329
337   5.000 189.000  10  -7  525  765
338 217.000 138.000  10 -10 2702 2942
339 214.000 234.000  10 -11 2861 3101
340  59.000 287.000  10 -19 1926 2166
341 262.000 164.000  10 -22 3531 3771
342 205.000  44.000  10  -4  502  742
343  26.000  27.000  10 -16 3419 3659
344   4.000 296.000  10 -36 3274 3514
345 262.000  80.000  10 -46  812 1052
346  43.000  62.000  10 -24 3223 3463
347 194.000  11.000  10 -13 1246 1486
348 224.000  61.000  10 -27 1834 2074
349 123.000  76.000  10 -14 1130 1370
350 256.000 286.000  10 -16 3117 3357
351 109.000 299.000  10 -20 1446 1686
352 149.000  98.000  10 -17 3257 3497
353   4.000  97.000  10 -29 3435 3675
354 174.000 238.000  10  -2 4033 4273
355 112.000 272.000  10 -27 1289 1529
356  85.000  75.000  10 -26 2844 3084
357  57.000 192.000  10 -17 2673 2913
358 136.000 295.000  10 -25 1904 2144
359 207.000  20.000  10 -14  681  921
360  37.000  36.000  10 -34 1270 1510
361 154.000 299.000  10 -21 2291 2531
362  15.000 209.000  10 -17 3469 3709
363 135.000 251.000  10 -22 1877 2117
364 120.000 241.000  10 -19 2362 2602
365 135.000 210.000  10  -2 3548 3788
366  31.000  68.000  10 -12 1932 2172
367 288.000 127.000  10 -42 2782 3022
368 108.000   3.000  10 -20 2623 2863
369 119.000 254.000  10 -42 3167 3407
370 136.000 241.000  10 -16 1426 1666
371 176.000 263.000  10 -25 2379 2619
372 239.000 295.000  10  -2 2950 3190
373  30.000 145.000  10 -12 3328 3568
374 212.000 270.000  10  -6 2307 2547
375  45.000 115.000  10 -21  807 1047
376 183.000 282.000  10 -35 1706 1946
377 176.000  70.000  10 -42 2628 2868
378 250.000 194.000  10 -11 3449 3689
379  30.000 243.000  10 -28 1085 1325
380  81.000 219.000  10 -15 3794 4034
381 260.000  64.000  10 -38 1672 1912
382  30.000 149.000  10 -12 1503 1743
383 184.000 277.000  10 -15  747  987
384 127.000 266.000  10 -32  430  670
385 121.000 116.000  10  -9 1943 2183
386   3.000 135.000  10 -25 2612 2852
387 209.000 246.000  10 -16 1435 1675
388   9.000  30.000  10 -32 1491 1731
389 244.000  13.000  10 -25 2832 3072
390 142.000 188.000  10  -6 3788 4028
391 172.000 198.000  10 -29 3261 3501
392 107.000  39.000  10 -11 1302 1542
393 246.000 123.000  10 -17 2217 2457
394 109.000  61.000  10 -23 1527 1767
395  15.000  88.000  10 -12 1318 1558
396 182.000 146.000  10 -24 3173 3413
397 213.000 299.000  10 -15 2092 2332
398 266.000  39.000  10 -13 1970 2210
399  85.000  62.000  10 -28 2146 2386
400 295.000 123.000  10 -29 3019 3259
401  92.000 241.000  10  -4 3007 3247
402 120.000  60.000  10  -9 1990 2230
403 190.000 181.000  10 -12 3558 3798
404 136.000  50.000  10 -27  927 1167
405  94.000  93.000  10  -6 3578 3818
406  11.000 242.000  10 -13 2008 2248
407 122.000  96.000  10 -21  530  770
408 208.000 297.000  10 -19 1576 1816
409  61.000 138.000  10 -24 2512 2752
410  80.000 131.000  10 -21 1275 1515
411  38.000 139.000  10 -20 1288 1528
412 214.000   6.000  10 -16 3400 3640
413 259.000  14.000  10  -5 2896 3136
414  73.000  81.000  10 -33 2163 2403
415 114.000 117.000  10 -12   75  315
416  14.000 165.000  10  -8 2010 2250
417 254.000 206.000  10 -27 2425 2665
418 117.000  79.000  10 -20 3556 3796
419 296.000  17.000  10 -10 3080 3320
420 154.000 207.000  10 -18 1615 1855
421  57.000 123.000  10 -16  601  841
422 254.000  87.000  10 -16 4124 4364
423 226.000 248.000  10 -17 3351 3591
424 203.000 166.000  10 -15 3901 4141
425 206.000 157.000  10 -13 3582 3822
426 167.000 171.000  10  -1 3371 3611
427 173.000 152.000  10 -12 2927 3167
428 278.000 178.000  10 -14 2682 2922
429  38.000  44.000  10 -31 2543 2783
430 159.000 199.000  10  -4 3215 3455
431 224.000 138.000  10 -11 3575 3815
432 113.000 188.000  10 -18 1155 1395
433 263.000 193.000  10 -16 1004 1244
434 145.000  38.000  10  -2  906 1146
435 111.000  40.000  10 -19 3358 3598
436 103.000 260.000  10 -17 3517 3757
437 175.000 123.000  10 -26 3231 3471
438 131.000  78.000  10 -10 2252 2492
439 289.000 209.000  10 -16 2715 2955
440  80.000  35.000  10 -19 2000 2240
441 224.000 229.000  10 -33 1304 1544
442 274.000 136.000  10  -9 3158 3398
443 125.000 168.000  10 -16 3407 3647
444 107.000  29.000  10  -9 3985 4225
445 108.000 162.000  10 -13 2449 2689
446  37.000  14.000  10  -5  911 1151
447  25.000  64.000  10 -23 2426 2666
448 156.000 182.000  10 -21 2334 2574
449 231.000  28.000  10 -10 3358 3598
450 274.000  66.000  10 -22  641  881
451  11.000 176.000  10  -2  564  804
452  44.000 286.000  10 -15 2094 2334
453 188.000 142.000  10 -30 4507 4747
454  52.000 109.000  10 -19  305  545
455  80.000  67.000  10 -15 1647 1887
456 175.000 251.000  10 -10 2887 3127
457 216.000 203.000  10 -23 2103 2343
458 289.000  79.000  10 -24 1502 1742
459  42.000 221.000  10 -25 1124 1364
460 232.000 121.000  10 -17 2249 2489
461 128.000 225.000  10 -18 2486 2726
462 129.000  83.000  10  -8 2427 2667
463  97.000 232.000  10 -16 3672 3912
464 167.000 193.000  10 -10 4032 4272
465 225.000  73.000  10 -19 2015 2255
466 139.000 270.000  10 -20 3025 3265
467  76.000 280.000  10 -17 1879 2119
468 152.000  29.000  10 -11 3537 3777
469  88.000 190.000  10  -9 3532 3772
470  72.000  20.000  10 -12 2677 2917
471 122.000 127.000  10 -40   36  276
472 247.000  19.000  10 -15 3213 3453
473  94.000 109.000  10 -17 3072 3312
474 173.000 148.000  10 -10 3932 4172
475  15.000   2.000  10 -25 1535 1775
476 228.000 217.000  10 -34 3407 3647
477 209.000  84.000  10 -23 1469 1709
478 279.000  36.000  10 -18 2711 2951
479   8.000 200.000  10  -6 2685 2925
480  16.000  22.000  10 -34 2038 2278
481 281.000  68.000  10 -27 1968 2208
482 275.000 146.000  10 -22 2544 2784
483 211.000 174.000  10 -22 2003 2243
484  71.000 268.000  10 -13  824 1064
485 176.000 153.000  10 -18 3250 3490
486 159.000 287.000  10  -9 1526 1766
487 139.000 110.000  10 -31 3376 3616
488 188.000  69.000  10 -15 2530 2770
489 195.000   9.000  10 -21  727  967
490 233.000 119.000  10 -35 3694 3934
491 159.000  41.000  10 -13 1165 1405
492 236.000 108.000  10 -22 3480 3720
493 208.000 235.000  10 -22 3230 3470
494 172.000   2.000  10  -8 2350 2590
495 205.000 130.000  10  -3 3698 3938
496 199.000 213.000  10 -13 1984 2224
497 234.000 213.000  10  -7  508  748
498  83.000  77.000  10  -5 1651 1891
499 183.000  43.000  10 -33 2366 2606
500   8.000   4.000  10 -21  695  935
501 246.000 166.000  10  -7 2117 2357
502  72.000  36.000  10 -26 1666 1906
503 188.000 198.000  10 -16 2636 2876
504 143.000  67.000  10 -10  213  453
505 276.000  66.000  10 -41  486  726
506  40.000   1.000  10 -13 1736 1976
507 297.000 213.000  10 -14 2717 2957
508  96.000 199.000  10 -20 4017 4257
509 126.000 233.000  10 -24 1505 1745
510  80.000  86.000  10 -16 2341 2581
511  76.000 221.000  10  -5 2822 3062
512 207.000 149.000  10 -21 1329 1569
513  12.000 275.000  10 -12 1988 2228
514  28.000 124.000  10 -21 2761 3001
515 271.000   8.000  10  -7 2982 3222
516 119.000 214.000  10 -26 2414 2654
517 261.000 232.000  10  -7 1937 2177
518 264.000  35.000  10 -16 3872 4112
519 165.000 256.000  10 -12 2287 2527
520 228.000 276.000  10 -17 2871 3111
521 117.000 155.000  10 -21 3971 4211
522  24.000 261.000  10 -23 1970 2210
523 189.000  41.000  10  -3 1569 1809
524  99.000 105.000  10 -23  940 1180
525 221.000 145.000  10  -9 4006 4246
526  14.000 204.000  10 -35 2312 2552
527  90.000  44.000  10 -12 3907 4147
528 126.000 266.000  10  -9 1916 2156
529 271.000 145.000  10 -26 3766 4006
530  37.000 149.000  10 -29 1426 1666
531 274.000 256.000  10 -13 3126 3366
532 297.000  43.000  10 -15 2828 3068
533 284.000 244.000  10 -30 2884 3124
534 227.000 192.000  10 -25 1198 1438
535 191.000  49.000  10 -33  461  701
536 219.000 152.000  10 -20 3776 4016
537  47.000 143.000  10 -14 1276 1516
538  15.000 259.000  10 -12 2651 2891
539  18.000 184.000  10 -21 1423 1663
540  37.000 126.000  10  -2  555  795
541  74.000 117.000  10  -6 3158 3398
542 125.000 278.000  10 -26 1963 2203
543 180.000  93.000  10 -17 3816 4056
544 198.000 159.000  10  -5 3051 3291
545 157.000  50.000  10  -8 3728 3968
546 227.000   5.000  10 -25 1420 1660
547  69.000  90.000  10 -21 3045 3285
548 298.000 135.000  10 -17 3541 3781
549   5.000 195.000  10  -2  682  922
550 265.000 197.000  10 -34 1226 1466
551 296.000 235.000  10 -22 2181 2421
552  41.000 279.000  10 -33 1587 1827
553 140.000 214.000  10 -17 2398 2638
554 296.000 252.000  10 -22 3097 3337
555  75.000 265.000  10  -6 2606 2846
556 255.000 203.000  10 -15 2860 3100
557  46.000 155.000  10 -29 2961 3201
558  40.000 236.000  10 -15 2940 3180
559 102.000  76.000  10 -27 3314 3554
560 225.000 210.000  10 -18  415  655
561 103.000  81.000  10 -14 1755 1995
562  44.000 223.000  10 -11  960 1200
563 162.000 148.000  10 -19 2941 3181
564  34.000 150.000  10 -27 1514 1754
565 238.000 103.000  10 -17 2829 3069
566 285.000 283.000  10 -15 2154 2394
567 161.000 242.000  10  -8 3443 3683
568  93.000 117.000  10 -19 1339 1579
569  67.000 175.000  10 -18 1045 1285
570 299.000 153.000  10  -4 1580 1820
571 151.000 172.000  10 -21 2937 3177
572 283.000 275.000  10  -6 2897 3137
573  56.000 116.000  10 -22  859 1099
574  75.000 269.000  10 -36 3172 3412
575 152.000 241.000  10 -40 2624 2864
576 230.000  80.000  10 -28 3224 3464
577 212.000  45.000  10 -26 2458 2698
578 148.000  28.000  10 -31 1286 1526
579 140.000 294.000  10 -26 1577 1817
580 176.000 235.000  10 -24  236  476
581  12.000  10.000  10 -15 1615 1855
582  38.000  74.000  10 -22  541  781
583 147.000 240.000  10 -35 2569 2809
584  30.000 226.000  10 -11 3692 3932
585 116.000 245.000  10 -17 2249 2489
586 250.000  49.000  10 -32 1855 2095
587 230.000 135.000  10 -13 3853 4093
588  64.000 170.000  10 -33 1769 2009
589 182.000  81.000  10 -25 1814 2054
590   2.000 238.000  10 -30 3302 3542
591 262.000  14.000  10 -26 2733 2973
592 107.000 291.000  10 -18 2107 2347
593 211.000 239.000  10 -22 2247 2487
594   9.000 122.000  10 -30  806 1046
595 136.000  68.000  10 -12 2317 2557
596 222.000 100.000  10 -27 2845 3085
597 189.000 201.000  10  -3 3845 4085
598 175.000 281.000  10  -3 2502 2742
599  56.000 212.000  10  -5 1830 2070
600 274.000   6.000  10 -19 2017 2257
601 213.000 119.000  10 -19 2855 3095
602 173.000  64.000  10  -2 2227 2467
603 201.000 122.000  10 -18 2827 3067
604 184.000 237.000  10 -12 2993 3233
605 253.000  84.000  10 -26 1558 1798
606 103.000  93.000  10 -12 2205 2445
607 150.000 150.000   0   0    0 4823
