304 304 1000 1000 1000
  0 150.000 150.000   0   0    0 4823
  1 284.000 244.000  10  12    0 4650
  2 175.000 251.000  10   8    0 4709
  3 216.000 203.000  10   5 2170 2277
  4  51.000   2.000  10  41  863  994
  5 232.000 121.000  10  15 2286 2451
  6 275.000 263.000  10  33  669  787
  7 298.000 135.000  10   7 3585 3736
  8  75.000 127.000  10  37 2074 2166
  9 276.000  28.000  10   9 1078 1143
 10 165.000 179.000  10  19 3357 3413
 11 289.000 143.000  10  23  563  652
 12  69.000 134.000  10  46 2516 2595
 13  61.000 138.000  10   9    0 4724
 14 283.000 144.000  10   6  481  585
 15  97.000 232.000  10  11    0 4716
 16 176.000 263.000  10   5 2404 2593
 17 117.000 168.000  10  14   82  219
 18 184.000 102.000   0  29 4201 4301
 19 157.000 221.000  10  10 1634 1771
 20 136.000 241.000  10  11 1532 1561
 21  16.000  42.000  10  17 1000 1141
 22 151.000 172.000  10   2 3000 3115
 23 136.000  50.000  10  16 1000 1093
 24  57.000 125.000  10  23  841  965
 25 208.000  47.000  10   6  393  553
 26 191.000 234.000  10   9  274  474
 27 227.000   5.000  10  13    0 4649
 28 272.000 211.000  10   8 1466 1528
 29  56.000 116.000  10  22  934 1024
 30 120.000 155.000   0  24 3538 3683
 31 208.000 290.000  10  16 1196 1367
 32 180.000 106.000  10  19  144  283
 33  29.000 139.000  10  25  493  594
 34  37.000 159.000  10   7  454  597
 35 128.000 155.000  10  11   22  179
 36 275.000 146.000   0  14 2567 2761
 37 103.000   8.000  10  16 2735 2838
 38 176.000 235.000  10  33  249  462
 39 253.000  84.000  10  11    0 4691
 40 212.000  45.000  10  30    0 4692
 41 160.000  17.000  10  24 1345 1498
 42 183.000  80.000  10  13  266  438
 43 299.000 153.000  10  12 1651 1749
 44  38.000  74.000  10  16    0 4678
 45 147.000 152.000  10  14    3  100
 46   9.000 239.000  10  20 1256 1389
 47 189.000 197.000  10  17    0 4752
 48  64.000  91.000  10  29    0 4709
 49 281.000  68.000  10  23 2048 2129
 50  78.000 246.000  10  27    0 4693
 51  69.000 208.000  10  17 2345 2430
 52 166.000 123.000  10  14   34  217
 53 139.000 146.000  10  34   11  108
 54 107.000 174.000  10  21  134  260
 55 236.000  27.000  10  21 1492 1605
 56 106.000 243.000  10  22  760  863
 57 136.000 228.000  10   2 1412 1564
 58 246.000 166.000  10  18    0 4716
 59 102.000  81.000  10  12  305  368
 60 227.000 192.000  10  15 1244 1391
 61 262.000  80.000  10  17  867  996
 62 205.000  44.000  10   9    0 4694
 63 278.000 178.000  10  17 2762 2841
 64 119.000 254.000  10  42 3210 3363
 65 263.000 291.000  10   2  744  874
 66 192.000 150.000  10   6   87  249
 67 131.000 222.000  10  21  647  694
 68 108.000  80.000  10   1 1896 2022
 69 259.000 187.000  10  35  402  518
 70 297.000  43.000  10  13 2892 3004
 71 289.000 209.000  10  23    0 4662
 72 201.000 122.000  10  29 2889 3005
 73  20.000 245.000  10  28  932 1086
 74  60.000 287.000  10  15 3953 4032
 75 234.000 146.000  10  38 1387 1548
 76 231.000  28.000  10  21 3440 3516
 77 288.000 127.000  10  23 2853 2950
 78 159.000 300.000  10  15  537  666
 79 296.000 252.000  10  18    0 4635
 80 207.000  20.000  10  13  732  871
 81 122.000  96.000  10  19  567  732
 82 133.000 153.000  10  32   37  101
 83 208.000 208.000  10  16  413  551
 84   8.000   4.000  10  29  790  840
 85 186.000  26.000  10  25 2273 2364
 86  83.000  77.000  10  18 1701 1841
 87 203.000 283.000  10   6 2946 3105
 88 172.000 198.000  10  29    0 4761
 89 157.000  12.000  10  11    0 4675
 90  52.000 109.000  10  30  359  490
 91 237.000 171.000  10  17 1592 1683
 92 126.000  42.000  10  23  888 1022
 93  40.000   1.000  10  38 1851 1862
 94  96.000  86.000  10  12  292  378
 95 188.000 198.000  10   8    0 4752
 96 181.000 277.000  10  15 1199 1231
 97 229.000  40.000  10  13  946 1087
 98 297.000 213.000  10  21    0 4654
 99  57.000 192.000  10  33    0 4711
100  36.000 212.000  10   4  526  593
101  45.000  74.000  10   9 1572 1692
102 168.000  42.000  10  26    0 4704
103 254.000 206.000  10  29 2499 2591
104  44.000 189.000  10  13  422  481
105 183.000  43.000  10  14    0 4702
106  37.000 126.000  10  19  639  711
107 224.000 138.000  10  16    0 4739
108 194.000  11.000  10  14 1293 1439
109 100.000 138.000  10  24  804  956
110  88.000  49.000  10  21  699  791
111  57.000 127.000  10  20 1367 1521
112 135.000 139.000  10  12   18  189
113  18.000 196.000  10   8 1736 1841
114  30.000 149.000  10   4 1582 1664
115 248.000 280.000  10  27 1176 1268
116  94.000  12.000  10  20 1885 2028
117  18.000 184.000  10  24 1478 1608
118 266.000  39.000  10   6 2070 2111
119 103.000  81.000  10  33    0 4730
120 293.000  62.000  10  10    0 4646
121 213.000 299.000  10  22    0 4652
122 158.000 291.000  10  18  644  774
123  12.000  10.000  10  22 1688 1781
124 208.000 297.000  10   8 1620 1771
125  88.000 110.000   0   1 2533 2658
126 224.000 229.000  10  16 1384 1464
127 102.000 155.000  10  12  766  861
128 246.000  93.000  10  14 2191 2278
129 151.000 113.000  10   4 1411 1477
130 266.000 212.000  10  11    0 4682
131 256.000 286.000  10  31 3140 3334
132 229.000 179.000  10  16  948 1108
133 162.000  92.000  10   2  523  665
134 283.000 275.000  10  12 2992 3042
135  11.000 242.000  10  16    0 4647
136 225.000 192.000  10  26 2179 2311
137  14.000 165.000  10   7 2052 2208
138 202.000 161.000  10  16  141  285
139 211.000 174.000  10  33    0 4748
140 255.000 203.000  10  32 2930 3030
141  85.000  75.000  10  18    0 4714
142  88.000 190.000  10  12    0 4740
143 140.000 294.000  10  18 1662 1733
144 251.000 195.000  10  33 1137 1290
145 246.000 133.000  10   9    0 4716
146  59.000 113.000  10  16    0 4715
147  72.000  89.000  10  13    0 4714
148  73.000  81.000  10  15 2234 2332
149 125.000 136.000  10   5   69  160
150  84.000 231.000  10  21 2181 2295
151 206.000 121.000  10  10 2965 3124
152 242.000  70.000  10  22  498  672
153  76.000 160.000  10   2  286  311
154 109.000 148.000  10  19    0 4772
155 181.000 297.000  10  10  665  755
156  34.000   5.000  10  16 2943 3058
157 252.000 219.000  10  23    0 4690
158 234.000 107.000  10  24 1359 1468
159  51.000 278.000  10  25    0 4652
160 239.000  84.000  10  17 2352 2441
161 172.000   2.000  10   9 2416 2523
162 112.000 272.000  10  18    0 4686
163 110.000 145.000  10   8  642  803
164 175.000 294.000  10  16 1955 2094
165 143.000 223.000  10  20 1603 1743
166 263.000 193.000  10  29 1093 1155
167  14.000 177.000  10  17  544  667
168  47.000 153.000  10   9 3051 3208
169 175.000 281.000  10  17    0 4680
170  26.000   0.000  10  12    0 4619
171 183.000  44.000  10  17  439  551
172 149.000  76.000  10  10 3202 3318
173   9.000 122.000  10  19  857  994
174 136.000 295.000  10  18 1970 2079
175   1.000  11.000  10  34 1892 2066
176 274.000  66.000  10  21  695  827
177 247.000  86.000  10  21  814  999
178  37.000 149.000  10  24 1490 1602
179 150.000 185.000  10  22  140  222
180  93.000 165.000  10  13  201  270
181 203.000  36.000  10  18 1568 1730
182 170.000  53.000  10  21  622  792
183 148.000   8.000  10  13    0 4671
184 148.000 299.000  10  15    0 4664
185 159.000  89.000  10  22    0 4752
186 109.000 299.000   0  24    0 4659
187 250.000 228.000  10  22 3088 3245
188 211.000  62.000  10   8  383  473
189 210.000 236.000  10  45 3175 3336
190 172.000 225.000  10  13  420  576
191  12.000 275.000  10  18 2030 2186
192 158.000 140.000  10   5   12   98
193 267.000  29.000  10  33 1843 1950
194  15.000  52.000  10  21  615  720
195 154.000 207.000  10  10 1668 1802
196 126.000 266.000  10  27    0 4695
197  44.000 223.000  10  22 1036 1124
198 289.000  79.000  10  19 1541 1703
199 194.000 234.000  10   7  340  418
200 132.000  16.000  10  26 1030 1083
201 152.000  77.000  10  10  243  423
202 216.000  40.000  10  41  601  736
203   9.000  63.000  10  13 1208 1387
204  58.000 240.000  10  20 3079 3236
205 184.000 277.000  10  17  783  951
206 162.000 250.000  10  24  767  918
207  82.000 100.000  10  16 2295 2445
208 230.000 128.000  10  21 1534 1629
209  19.000 290.000  10  12 1560 1658
210 154.000 101.000  10  21  167  227
211 229.000 188.000  10   7  776  856
212 190.000 181.000   0  30 3596 3759
213 228.000  41.000  10  16 3254 3363
214  99.000 226.000  10  12 1320 1428
215  52.000 165.000  10  18 1147 1270
216  23.000 218.000  10  23    0 4669
217 129.000  77.000  10  11    0 4738
218 180.000  98.000  10   3 1420 1533
219 114.000 117.000  10  31    0 4765
220 151.000 133.000  10  23   28  108
221 195.000   9.000  10  26  796  897
222  72.000  36.000  10   7 1723 1849
223  90.000  44.000  10  12    0 4692
224 121.000 246.000  10   9 1951 2047
225 150.000  67.000  10  29  279  385
226 163.000 150.000  10  15   13  200
227 279.000 189.000  10  30    0 4679
228 148.000 172.000  10  25   47  130
229 155.000  93.000  10  33  558  668
230 181.000 145.000  10  20    0 4782
231 147.000  43.000  10  14  415  526
232  75.000 191.000  10  12  313  450
233 150.000 104.000  10  21  305  370
234 103.000 260.000  10  14    0 4694
235 234.000 213.000  10  15  534  723
236   9.000  30.000  10   6 1514 1709
237 176.000 153.000  10  14 3319 3422
238  16.000  22.000  10  24 2066 2250
239 176.000  72.000  10   6 2286 2430
240  85.000  62.000  10   3 2181 2350
241 109.000  61.000  10  17 1555 1739
242 229.000  25.000   0  17    0 4666
243 186.000 228.000  10   5 1637 1787
244 164.000 108.000  10  21  132  223
245  98.000 129.000  10   2  182  266
246 265.000 197.000  10  15 1269 1422
247 241.000 218.000  10  34  573  720
248   8.000 227.000  10  33    0 4652
249  25.000 119.000  10  17  688  779
250 238.000 206.000  10  22 2282 2421
251   1.000 145.000  10   6  555  638
252  47.000 203.000  10  29 2655 2824
253   4.000 294.000  10  15 2165 2359
254  74.000 117.000  10  24    0 4731
255   1.000  81.000  10  21    0 4649
256  89.000  61.000  10  14    0 4706
257 122.000 127.000  10   1   62  228
258 260.000  64.000  10  23    0 4674
259  15.000 259.000  10   9 2704 2837
260 112.000 161.000  10  11   90  227
261  60.000 176.000  10  19  767  916
262 158.000  83.000  10  27  168  372
263  37.000  14.000  10  19  979 1083
264 116.000 240.000  10  17 2105 2216
265 225.000  73.000  10   9 2086 2183
266 135.000 210.000  10  12    0 4752
267  80.000 131.000  10  14 1340 1449
268 157.000  84.000  10  19    0 4747
269  29.000 130.000  10  18  528  631
270 143.000  67.000  10  14  256  411
271  69.000  90.000  10  23 3111 3218
272  47.000 143.000  10  17 1334 1457
273 124.000 174.000  10  22   87  197
274  33.000 231.000  10  36    0 4671
275 203.000 183.000  10  26  321  359
276   6.000 168.000  10  21    0 4668
277 127.000 266.000  10  13  454  646
278 180.000 114.000  10   9    0 4767
279  25.000  14.000  10  15  850  975
280  99.000  73.000  10  22  398  442
281 152.000 258.000  10  35 2615 2771
282  42.000 221.000  10  29    0 4684
283 143.000 244.000  10  13 2750 2850
284  87.000 183.000  10  17 2117 2204
285 294.000  64.000  10  32 1930 2055
286 148.000  28.000  10  17    0 4691
287  71.000 294.000  10  18 2288 2357
288 296.000 211.000  10  22  737  955
289 259.000  14.000  10  18    0 4639
290  80.000 133.000  10  30  229  347
291 191.000  49.000  10  12    0 4704
292 169.000 236.000  10   3    0 4725
293 254.000  87.000  10   7    0 4692
294 182.000 284.000  10   3    0 4676
295 281.000   8.000  10  19  977 1092
296 103.000  93.000  10  13 2280 2369
297  64.000 170.000  10  17 1846 1931
298 139.000  33.000  10   2    0 4696
299 145.000  38.000  10  10  937 1115
300 137.000 212.000  10  12 2784 2912
301 206.000 130.000  10  26  186  289
302  43.000  62.000   0  14 3270 3417
303 214.000 234.000  10  21 2886 3075
304 199.000  28.000  10  12 1793 1980
305 183.000 282.000  10 -12 1778 1875
306 156.000 182.000  10  -8 2405 2503
307 265.000 141.000  10  -5    0 4698
308  24.000  76.000  10 -41    0 4667
309 246.000 123.000  10 -15    0 4714
310 241.000 298.000  10 -33 1855 1958
311 219.000 152.000  10  -7 3855 3938
312 102.000  76.000  10 -37 3431 3437
313 300.000  44.000  10  -9 2997 3176
314 167.000 171.000  10 -19 3452 3530
315 165.000 256.000  10 -23 2339 2474
316   3.000 135.000  10 -46 2690 2774
317  38.000 139.000  10  -9    0 4701
318 230.000 135.000  10  -6    0 4732
319  92.000 241.000  10 -11 3018 3235
320 266.000 203.000  10  -5 2565 2678
321  54.000 136.000  10 -14 1009 1108
322 184.000 102.000  10 -29 4201 4301
323 202.000 292.000  10 -10 3651 3732
324 207.000 237.000  10 -11    0 4709
325 121.000 116.000  10 -17    0 4769
326 198.000 159.000  10  -2 3120 3221
327 136.000  68.000  10 -16 2397 2478
328 123.000  76.000  10 -23    0 4735
329 253.000  69.000  10  -6 2564 2657
330 135.000 251.000  10  -9 1944 2049
331 279.000  36.000  10 -13 2744 2918
332 220.000 182.000  10  -8 2456 2567
333 101.000 114.000  10 -22  993 1083
334 120.000 155.000  10 -24 3538 3683
335 285.000 285.000  10 -16 2840 2885
336 200.000  26.000  10 -19 1799 1877
337  40.000 236.000  10 -25    0 4674
338  11.000 185.000  10  -7 1052 1217
339 113.000 188.000  10 -11 1189 1362
340 275.000 146.000  10 -14 2567 2761
341   4.000  97.000  10 -16 3517 3594
342 105.000 252.000  10 -33    0 4702
343 282.000 104.000  10 -11 1120 1168
344 235.000  31.000  10 -30  548  702
345 139.000  31.000  10 -24 1903 2050
346 248.000  41.000  10 -13    0 4667
347 261.000 232.000  10 -12 2010 2103
348 107.000  39.000  10 -16    0 4694
349 182.000  81.000  10 -14 1867 2001
350  44.000 286.000  10 -20 2125 2304
351 238.000 294.000  10 -17    0 4645
352  94.000 109.000  10 -29 3131 3253
353 274.000 136.000  10 -23 3230 3325
354 160.000 179.000  10 -27 3129 3228
355 230.000 150.000  10 -17 2650 2762
356 265.000  78.000  10 -14 2804 2962
357  25.000 191.000  10 -34  905 1053
358 102.000 173.000  10 -21    0 4760
359 264.000  35.000  10 -21 3929 4055
360  34.000 150.000  10 -22 1553 1715
361 189.000 201.000  10  -2 3895 4034
362 199.000 213.000  10 -18 2074 2135
363   7.000  31.000  10 -12    0 4627
364 241.000 208.000  10 -15    0 4706
365 238.000 103.000  10 -17    0 4714
366 220.000  43.000  10  -9 1746 1852
367 291.000 148.000  10 -17    0 4672
368 132.000 297.000  10 -42    0 4665
369 285.000 283.000  10  -2 2200 2348
370 250.000 194.000  10  -6 3515 3623
371  86.000 216.000  10 -21  821  964
372   3.000 119.000  10  -1 2766 2865
373 250.000 124.000  10 -35  537  647
374 290.000  37.000  10 -13 3282 3368
375 177.000 281.000  10 -23    0 4680
376 222.000 100.000  10 -29 2916 3015
377  59.000 287.000  10 -28 1999 2093
378  75.000 265.000  10 -15    0 4676
379 233.000 119.000  10 -38    0 4725
380 175.000 107.000  10 -21 4366 4443
381 205.000 130.000  10 -23 3732 3903
382 124.000 299.000  10 -15 1179 1280
383 296.000 235.000  10 -18 2213 2389
384 296.000  15.000  10 -13 2001 2129
385 110.000  83.000  10 -19  817  875
386  63.000 170.000  10 -32 1092 1148
387 225.000 210.000  10 -16    0 4717
388   2.000  81.000  10 -29 1082 1154
389 173.000  64.000  10 -25 2278 2416
390 113.000  62.000  10 -18 2115 2193
391 139.000 270.000  10  -6 3102 3188
392  76.000 280.000  10 -29    0 4664
393 140.000  18.000  10 -11 1572 1707
394  27.000 255.000  10 -30  937 1107
395 228.000 217.000  10 -17    0 4711
396 156.000  57.000  10 -23 2712 2860
397  38.000  44.000  10 -38 2599 2727
398  43.000  52.000  10 -12 2256 2391
399 287.000 293.000  10  -8 2149 2276
400 116.000 245.000  10 -15 2309 2428
401 224.000  61.000  10 -13 1906 2002
402 226.000 248.000  10 -21 3419 3524
403   5.000 189.000  10 -33  592  699
404  46.000 155.000  10  -4 3051 3111
405 152.000  29.000  10  -9 3595 3719
406 111.000  40.000  10 -26    0 4697
407 221.000 145.000  10 -29 4051 4201
408 117.000 155.000  10 -13    0 4780
409 213.000 119.000  10 -14 2926 3024
410 133.000 187.000  10 -19 4261 4400
411 211.000 239.000  10 -16 2321 2414
412 227.000  62.000  10 -14 3234 3324
413  81.000 219.000  10 -24 3865 3963
414  93.000 117.000  10 -21    0 4748
415  40.000 192.000  10 -20    0 4696
416  94.000  93.000  10 -12 3657 3740
417 119.000 214.000  10  -8 2462 2606
418 140.000 214.000  10  -4    0 4749
419 159.000 287.000  10 -27 1599 1693
420 180.000  93.000  10 -20 3870 4002
421 128.000 225.000  10 -24 2523 2690
422 262.000  14.000  10  -6 2775 2931
423 111.000  98.000  10 -33    0 4748
424 271.000 106.000  10 -10 2325 2495
425 161.000 242.000  10 -22 3539 3587
426 110.000 262.000  10 -18 1971 2088
427 126.000 127.000  10 -22    0 4780
428 209.000 269.000  10  -8 1745 1942
429  88.000 110.000  10  -1 2533 2658
430 157.000 254.000  10 -16 2054 2198
431 166.000  99.000  10 -12    0 4760
432 236.000 108.000  10 -14 3545 3656
433 209.000  84.000  10  -4 1542 1637
434 217.000 138.000  10 -11 2767 2876
435 274.000 256.000  10 -31 3174 3317
436 125.000 278.000  10 -16 2067 2098
437  31.000  68.000  10  -2 1987 2117
438 208.000 235.000  10 -12 3289 3411
439  72.000 286.000  10 -16 1568 1770
440 212.000 270.000  10 -26 2350 2505
441 206.000 157.000  10  -7 3644 3761
442 243.000 191.000  10 -16  365  448
443 223.000 198.000  10 -33 1841 1952
444 188.000 142.000  10 -32 4603 4652
445 232.000  45.000  10 -18 3233 3383
446  45.000 190.000  10 -12 1768 1912
447 239.000 295.000  10 -18 3003 3137
448 209.000 246.000  10 -33 1514 1595
449 238.000 214.000  10  -9 1855 1932
450  24.000 261.000  10 -16 1985 2196
451 157.000  50.000  10 -13 3775 3922
452 108.000   3.000  10 -15    0 4661
453  47.000 121.000  10  -5  442  496
454 182.000 146.000  10 -21 3230 3357
455 247.000  19.000  10 -10 3259 3407
456 276.000  66.000  10 -22  558  653
457  57.000 123.000  10  -2  636  806
458 170.000  93.000  10 -19 1873 2051
459 139.000 250.000  10 -10 2541 2643
460  26.000  27.000  10 -16 3490 3588
461 125.000 168.000  10 -23 3492 3562
462 241.000 183.000  10 -24    0 4717
463  41.000 279.000  10 -25    0 4645
464 271.000 105.000  10 -17 2458 2599
465 296.000  17.000  10  -9 3136 3263
466 147.000 240.000  10 -18 2652 2725
467  40.000 181.000  10  -8 1081 1245
468 162.000 148.000  10 -16 3004 3117
469 152.000 241.000  10 -20 2671 2818
470 174.000 238.000  10 -29 4114 4191
471  15.000 209.000  10 -17 3536 3642
472  96.000 199.000  10  -9 4063 4210
473 203.000 166.000  10 -17    0 4758
474 116.000  14.000  10 -12 2616 2735
475 217.000  43.000  10 -17    0 4687
476 107.000  29.000  10 -10 4032 4178
477 148.000 157.000  10 -19    0 4806
478 201.000 175.000  10 -18 2787 2875
479  25.000  64.000  10 -34 2495 2597
480 268.000 113.000  10 -21 3350 3512
481 283.000  65.000  10 -21 1794 1926
482 106.000 168.000  10 -24    0 4766
483  83.000 188.000  10 -22 1273 1400
484  96.000  96.000  10 -13 2035 2123
485 277.000  41.000  10 -18    0 4646
486 159.000  41.000  10 -21 1228 1342
487 188.000  69.000  10 -13 2573 2727
488 173.000 152.000  10 -15 2945 3149
489 141.000 120.000  10 -22    0 4782
490 109.000 299.000  10 -24    0 4659
491 166.000 194.000  10 -22    0 4767
492 274.000   6.000  10  -8    0 4623
493 215.000 295.000  10 -45 3267 3425
494 153.000 226.000  10 -13 1515 1652
495  15.000 178.000  10 -18 3096 3168
496 179.000 123.000  10  -5   63  254
497 220.000  18.000  10 -33 2474 2614
498  57.000   7.000  10 -21 1648 1768
499 120.000 241.000  10 -10 2416 2548
500 107.000 281.000  10 -27  460  644
501  15.000 219.000  10 -22    0 4662
502 230.000  80.000  10 -19    0 4707
503 142.000 188.000  10  -7 3856 3960
504 120.000  60.000  10 -26 2081 2139
505 159.000  42.000  10 -10  530  601
506 198.000 100.000  10 -41    0 4744
507  15.000   2.000  10 -13 1601 1708
508 159.000 199.000  10 -20 3265 3406
509 189.000 240.000  10 -17    0 4715
510 126.000 233.000  10 -24 1556 1694
511  28.000 124.000  10 -16 2816 2946
512 272.000 183.000  10 -21    0 4687
513  71.000 268.000  10 -12    0 4671
514 127.000  77.000  10 -21 3354 3404
515 154.000 299.000  10  -7    0 4664
516 190.000 181.000  10 -30 3596 3759
517 214.000   6.000  10 -16 3451 3590
518  56.000 212.000  10 -12 1899 2001
519  14.000 204.000  10 -18    0 4667
520  51.000 217.000  10 -23    0 4694
521 176.000  70.000  10 -11    0 4729
522  53.000 141.000  10  -3    0 4716
523  51.000  63.000  10 -31  517  625
524  99.000 105.000  10 -23 1036 1084
525 272.000  70.000  10 -26 2698 2794
526 135.000  38.000  10  -7    0 4700
527  72.000  20.000  10 -12    0 4662
528 107.000 291.000  10  -9 2178 2277
529 131.000  78.000  10 -29    0 4739
530 243.000 136.000  10 -15    0 4719
531 271.000 145.000  10 -30 3830 3943
532 131.000 220.000  10 -25  470  617
533  61.000  84.000  10 -33 1356 1432
534 173.000 148.000  10 -20    0 4790
535  80.000  67.000  10 -14 1688 1847
536  48.000 141.000  10 -12  858  998
537 118.000  38.000  10 -21  858  968
538 157.000 276.000  10 -14    0 4687
539 290.000 219.000  10 -15    0 4657
540  82.000  35.000  10  -6    0 4680
541 175.000 123.000  10 -14 3299 3402
542  80.000  35.000  10 -24 2051 2189
543 183.000  88.000  10  -6 3540 3611
544 113.000   4.000  10  -3    0 4663
545 183.000  23.000  10 -17 2273 2437
546 229.000  25.000  10 -17    0 4666
547 125.000 148.000  10  -5 3379 3484
548  45.000 115.000  10 -21  889  964
549  88.000 124.000  10  -2  242  408
550 187.000 129.000  10 -15 3130 3245
551 167.000 193.000  10 -34    0 4767
552  37.000 258.000  10 -33    0 4657
553  11.000 176.000  10 -17    0 4672
554 262.000 164.000  10 -22 3621 3681
555  30.000 243.000  10  -6 1130 1281
556   8.000 200.000  10 -29 2733 2878
557 114.000 211.000  10 -15    0 4743
558  80.000  86.000  10 -24    0 4719
559  29.000  72.000  10 -21 3660 3814
560 112.000  43.000  10 -14    0 4700
561  17.000   0.000  10  -1 2325 2415
562 284.000  72.000  10 -23 3752 3835
563  30.000 226.000  10  -9    0 4671
564  30.000 145.000  10 -11 3395 3501
565  28.000 141.000  10 -19 2592 2688
566  60.000  72.000  10 -27  702  781
567  29.000   8.000  10 -19 3026 3101
568 207.000 149.000  10 -17    0 4756
569 280.000 158.000  10  -9 2565 2737
570 119.000 183.000  10 -12 2274 2382
571 149.000  98.000  10 -14 3321 3432
572 117.000  79.000  10 -19    0 4735
573   5.000 195.000  10 -18    0 4662
574 110.000  31.000  10 -14 1460 1564
575 139.000 110.000  10 -23 3438 3553
576  72.000 180.000  10 -17    0 4730
577  67.000 175.000  10 -22 1115 1216
578   4.000 296.000  10 -36 3343 3446
579 139.000 206.000  10 -26 2333 2507
580   2.000 238.000  10 -21 3352 3492
581 228.000 276.000  10 -13 2927 3056
582 189.000  41.000  10  -9 1616 1761
583  37.000  36.000  10 -15    0 4653
584  15.000  88.000  10 -22 1389 1486
585 178.000 263.000  10 -35 3060 3142
586  11.000 191.000  10 -29 2895 3031
587  75.000 269.000  10 -13 3216 3367
588  76.000 221.000  10 -17 2889 2994
589 295.000 123.000  10 -32 3047 3231
590 129.000  83.000  10 -17 2484 2611
591 108.000 298.000  10 -18 3520 3641
592 296.000 279.000  10 -22    0 4619
593 244.000  13.000  10 -18 2918 2987
594  18.000 151.000  10 -30    0 4681
595 271.000   8.000  10 -12    0 4627
596 114.000 259.000  10  -3 3248 3339
597 289.000 130.000  10  -7 1304 1451
598 184.000 237.000  10  -3 3040 3187
599 250.000  49.000  10 -19 1880 2069
600  63.000 130.000  10 -13 2209 2408
601 108.000 162.000  10 -17 2515 2623
602 173.000  72.000  10  -2 2763 2842
603 153.000  61.000  10 -10 1047 1143
604 117.000 178.000  10 -12 3050 3197
605 208.000 117.000  10 -26  324  423
606  43.000  62.000  10 -14 3270 3417
607 159.000 266.000  10 -21 3607 3670
608 282.000  76.000  10 -12 3432 3532
609 150.000 150.000   0   0    0 4823
