314 314 1000 200 1000
  0 150.000 150.000   0   0    0 1206
  1 125.000 103.000  10  20   53  203
  2  28.000 141.000  10  25  585  735
  3  55.000  68.000  10  30  125  275
  4  72.000 180.000  10  27  312  462
  5 159.000  41.000  10  11  246  396
  6   8.000   4.000  10  29  203  353
  7 186.000  26.000   0  25  505  655
  8  89.000  61.000  10  14  193  343
  9  84.000 231.000  10  21  485  635
 10 110.000  79.000  10  20  130  280
 11 110.000  74.000  10  30   85  235
 12 240.000  73.000  10  20  118  268
 13  13.000 265.000  10  20  178  328
 14 160.000 108.000  10  10   43  193
 15 289.000 130.000  10  27  269  419
 16  27.000 255.000  10   5  181  331
 17 234.000 146.000  10  38  292  442
 18 159.000 300.000  10  15  150  300
 19 152.000 241.000   0   2  611  761
 20 222.000  83.000  10  20   98  248
 21  88.000 124.000  10   2   67  217
 22 250.000 124.000  10   4  103  253
 23 208.000  47.000  10   6  118  268
 24 259.000  59.000  10  10  141  291
 25  77.000 233.000  10  20  110  260
 26  57.000 125.000  10  23  151  301
 27 255.000 132.000  10  10  106  256
 28  18.000 184.000  10  24  311  461
 29 165.000 113.000  10  20   88  238
 30 143.000 111.000  10  20   39  189
 31 109.000 110.000  10  20   57  207
 32 106.000  71.000   0  20   90  240
 33 277.000  41.000   0  14  284  434
 34  43.000 286.000  10  10  173  323
 35 172.000 225.000  10  13   78  228
 36 122.000 127.000  10   1   36  186
 37  52.000  63.000  10  10  131  281
 38 265.000 141.000  10  22  115  265
 39 250.000 126.000  10  20  139  289
 40 147.000 281.000  10  20  213  363
 41 154.000  26.000  10  20  124  274
 42 114.000 204.000  10  20   64  214
 43 235.000 242.000  10  10  125  275
 44 282.000 104.000   0  19  211  361
 45 184.000 277.000   0  17  142  292
 46 208.000 208.000  10  16   82  232
 47 169.000 173.000  10  10   29  179
 48 106.000 108.000  10  20   60  210
 49 227.000  26.000  10  20  145  295
 50 147.000 285.000  10  10  199  349
 51 141.000 286.000  10  10  183  333
 52 242.000  73.000  10  20  119  269
 53  15.000 259.000   0   9  618  768
 54  93.000 165.000  10  13   58  208
 55  10.000 198.000   0  10  174  324
 56 149.000 294.000  10  10  144  294
 57 277.000 172.000  10  10  139  289
 58 147.000  43.000  10  14  107  257
 59 140.000 143.000  10  20   12  162
 60  53.000 288.000  10  20  168  318
 61 256.000 239.000  10  10  138  288
 62 224.000  79.000  10  30  102  252
 63 110.000 107.000  10  20  112  262
 64 125.000 136.000  10   5   28  178
 65 203.000 166.000   0  20  930 1080
 66 211.000  61.000  10  20  107  257
 67 262.000  62.000  10  10  175  325
 68 227.000  80.000   0  30  104  254
 69 122.000  96.000  10  19   87  237
 70 248.000 245.000  10  10  136  286
 71 181.000 297.000  10  10  150  300
 72  16.000 151.000  10  20  134  284
 73 254.000 206.000  10  29  561  711
 74 167.000 176.000  10  20   31  181
 75 280.000 172.000  10  10  131  281
 76 149.000 282.000  10  10  132  282
 77 277.000 100.000  10  10  136  286
 78  25.000 191.000  10  16  170  320
 79  25.000 119.000  10  17  128  278
 80 113.000 202.000  10  10   63  213
 81 160.000  24.000  10  10  131  281
 82  51.000 217.000  10  36  209  359
 83  14.000 177.000  10  17  138  288
 84 225.000  22.000  10  40  148  298
 85 194.000 234.000  10   7   94  244
 86 262.000  14.000  10  21  638  788
 87 214.000 234.000  10  21  670  820
 88 216.000  23.000  10  10  143  293
 89 111.000 110.000  10  10   55  205
 90 145.000 182.000  10  10   54  204
 91 186.000 228.000  10   5  353  503
 92 108.000   3.000  10  16  611  761
 93  66.000 157.000  10  10  103  253
 94 109.000 105.000  10  10  100  250
 95  64.000  55.000  10  20  128  278
 96 213.000  65.000  10  20  132  282
 97  17.000 205.000  10  20  143  293
 98  78.000 236.000  10  10  112  262
 99 274.000   6.000  10  41  459  609
100 119.000 104.000   0  10  132  282
101 296.000 235.000  10  25  500  650
102 220.000  74.000  10  20  142  292
103 109.000 148.000  10  19   41  191
104 265.000 197.000  10  15  261  411
105  33.000 231.000  10  36  685  835
106 286.000 175.000  10  10  138  288
107 151.000  30.000  10  20  120  270
108 150.000 184.000  10  20   34  184
109 157.000  25.000  10  20  125  275
110 131.000  78.000  10   8  518  668
111 232.000 240.000  10  20  166  316
112  53.000 285.000  10  10  166  316
113 278.000 176.000  10  20  153  303
114 115.000 197.000  10  10   60  210
115 167.000 179.000  10  20   33  183
116 126.000 127.000  10  40   33  183
117 157.000 221.000  10  10  351  501
118  65.000 156.000   0  10   91  241
119 159.000 177.000  10  30   55  205
120 249.000 133.000  10  10  100  250
121  57.000 123.000  10  19  105  255
122  71.000 154.000  10  40  130  280
123 221.000  70.000  10  10  106  256
124  70.000  57.000  10  20  155  305
125  40.000   1.000  10  38  389  539
126 106.000 243.000  10  22  128  278
127  37.000 126.000  10  19  115  265
128 254.000 240.000  10  20  137  287
129  75.000 191.000  10  12   85  235
130  12.000 270.000  10  20  182  332
131 140.000 294.000  10  18  349  499
132  11.000 242.000  10  16  457  607
133 166.000 123.000  10  14   31  181
134 280.000 180.000  10  20  133  283
135  65.000  49.000  10  20  132  282
136 203.000  36.000  10  18  337  487
137  38.000  74.000  10  16  135  285
138 166.000 105.000   0  20   47  197
139 296.000 211.000  10  22  158  308
140  99.000  73.000  10  22   92  242
141 166.000 113.000  10  10   77  227
142 228.000  41.000   0  16  752  902
143 284.000 176.000  10  30  136  286
144 208.000 117.000  10  15   66  216
145 246.000 166.000  10  18  484  634
146 144.000 292.000  10  20  142  292
147 128.000 155.000  10  11   22  172
148 155.000  93.000  10  33   78  228
149 161.000 210.000  10  10   61  211
150 168.000 176.000  10  20   31  181
151  60.000  64.000  10  10  137  287
152 165.000 204.000   0  20   56  206
153 241.000  71.000  10  20  120  270
154  57.000  68.000  10  10  123  273
155  72.000  89.000  10  13  493  643
156  12.000 275.000  10  18  452  602
157  76.000 160.000  10   2   74  224
158 170.000  53.000  10  21  102  252
159  34.000   5.000  10  16  675  825
160 229.000  25.000  10  17  433  583
161  66.000  54.000  10  20  129  279
162 217.000  73.000  10  20  155  305
163  88.000 225.000  10  20   97  247
164 123.000  92.000  10  20   63  213
165   4.000 149.000  10  20  146  296
166 216.000  25.000  10  30  149  299
167  63.000  59.000  10  20  153  303
168 158.000 140.000  10   5   12  162
169 260.000  58.000  10  20  148  298
170 159.000 287.000  10  21  337  487
171 285.000 283.000  10  22  494  644
172  65.000  68.000  10  20  183  333
173  61.000 157.000  10  40   89  239
174 102.000 173.000  10  15   53  203
175 103.000  78.000  10  10   85  235
176 144.000 182.000  10  30   43  193
177 149.000 186.000  10  20   36  186
178 165.000 182.000  10  10   35  185
179 179.000 123.000  10   4   39  189
180 157.000  84.000  10  19   66  216
181  17.000 209.000  10  10  145  295
182 238.000 206.000  10  22  513  663
183 127.000 101.000  10  20   54  204
184 263.000 291.000  10   2  180  330
185 281.000  68.000  10  23  447  597
186 251.000 237.000  10  10  133  283
187   3.000 119.000  10   8  629  779
188 252.000 219.000  10  23  241  391
189 136.000 140.000  10  10   17  167
190 191.000  49.000  10  12  109  259
191 119.000 214.000   0  16  558  708
192 230.000 248.000  10  20  126  276
193 207.000  20.000  10  13  141  291
194  59.000 280.000  10  20  201  351
195 208.000 290.000  10  16  245  395
196 128.000  94.000  10  30   60  210
197 110.000 262.000  10  26  432  582
198  16.000 204.000  10  10  144  294
199 239.000 295.000   0  11  692  842
200 157.000  31.000  10  20  195  345
201 147.000 178.000  10  10   68  218
202 157.000 254.000   0   8  456  606
203 277.000 101.000  10  20  136  286
204 283.000 144.000  10   6  133  283
205 274.000  97.000  10  10  134  284
206 257.000 133.000  10  20  108  258
207 264.000  61.000  10  20  163  313
208 220.000  66.000  10  20  109  259
209 240.000  71.000  10  30  119  269
210 222.000  73.000  10  20  117  267
211 209.000  84.000  10  13  322  472
212 250.000 134.000  10  30  101  251
213  13.000 202.000  10  20  146  296
214  93.000 117.000  10  15  290  440
215  62.000  53.000   0  10  130  280
216 107.000 174.000  10  21   49  199
217 124.000 174.000  10  22   35  185
218 101.000 110.000  10  10   68  218
219  80.000  86.000  10  32  540  690
220 141.000 100.000  10  10   50  200
221  37.000 159.000  10   7  113  263
222 136.000 104.000  10  20   68  218
223 127.000 266.000  10  13  118  268
224 209.000 246.000  10  26  314  464
225 134.000 148.000  10  20   41  191
226 141.000 137.000  10  30   15  165
227 163.000 150.000  10  15   13  163
228 113.000  62.000  10   9  464  614
229  10.000 150.000   0  10  140  290
230 137.000 150.000  10  30   55  205
231 258.000 232.000   0  20  214  364
232 191.000 234.000  10   9   93  243
233   5.000 195.000  10  18  151  301
234 166.000 203.000  10  30   55  205
235 100.000  73.000  10  20   91  241
236 147.000 185.000  10  10   35  185
237 163.000 202.000  10  20   61  211
238 155.000  28.000  10  10  122  272
239 235.000 241.000  10  30  141  291
240   1.000 272.000  10  10  192  342
241  52.000 288.000  10  20  169  319
242 236.000  66.000  10  30  120  270
243 144.000 100.000  10  20   50  200
244 130.000  96.000   0  20   57  207
245  96.000  86.000  10  12   83  233
246 141.000 102.000  10  10   48  198
247  85.000 228.000  10  10  134  284
248  10.000 147.000  10  20  140  290
249 148.000 157.000  10  24    7  157
250 159.000 110.000  10  20   41  191
251 229.000  40.000  10  13  179  329
252 112.000 199.000  10  20   62  212
253 238.000  69.000  10  20  119  269
254 258.000 247.000  10  40  166  316
255 205.000 130.000   0  30  879 1029
256  59.000  67.000   0  10  123  273
257  26.000   0.000  10  12  435  585
258  45.000 190.000  10  35  385  535
259  56.000 212.000  10  10  413  563
260 148.000 288.000  10  30  138  288
261 275.000 263.000  10  33  168  318
262 272.000  97.000  10  40  133  283
263 176.000 235.000   0  33   88  238
264  16.000 196.000  10  30  200  350
265 168.000 108.000  10  10   61  211
266 131.000  95.000  10  20   58  208
267 154.000  31.000  10  20  119  269
268  86.000 230.000  10  20  102  252
269 133.000  99.000  10  20   77  227
270 290.000  37.000  10   1  756  906
271 140.000 292.000  10  10  156  306
272 134.000 146.000  10  10   16  166
273 149.000 285.000  10  10  135  285
274 257.000 137.000  10  20  107  257
275 225.000  73.000   0   9  459  609
276 177.000 281.000  10  16  366  516
277 117.000 168.000  10  14   37  187
278 162.000 250.000  10  24  136  286
279 153.000  28.000  10  10  122  272
280 257.000 243.000  10  10  141  291
281 246.000 133.000  10  30  178  328
282 140.000 100.000  10  20   50  200
283 236.000 248.000  10  10  130  280
284 217.000  21.000  10  30  145  295
285 155.000 180.000  10  30   30  180
286 144.000 173.000  10  20   84  234
287  65.000  56.000  10  10  126  276
288  76.000 280.000  10  27  425  575
289 110.000  76.000  10  30   90  240
290 271.000 101.000   0  10  146  296
291 160.000  17.000  10  24  280  430
292  64.000  91.000  10  29  104  254
293 107.000  39.000  10   9  281  431
294 138.000 101.000  10  20   54  204
295  15.000  52.000  10  21  166  316
296 160.000 111.000  10  30   40  190
297  81.000 223.000  10  40  162  312
298 113.000 114.000  10  20   51  201
299   9.000 144.000  10  40  141  291
300 266.000 104.000  10  10  172  322
301 253.000  57.000  10  10  138  288
302 114.000 198.000  10  20   60  210
303  11.000 265.000  10  10  180  330
304 246.000 137.000  10  10   96  246
305 238.000 103.000  10  16  662  812
306 213.000  61.000   0  20  109  259
307 290.000 219.000  10  19  156  306
308 153.000  61.000  10  12  199  349
309  55.000 285.000  10  30  185  335
310 236.000 240.000  10  30  130  280
311 163.000 200.000  10  10   85  235
312  62.000  65.000  10  20  169  319
313 145.000 183.000  10  10   33  183
314 140.000 108.000  10  10   94  244
315 129.000  77.000  10 -20  578  728
316  61.000 138.000  10 -25  583  733
317  61.000  84.000  10 -30  273  423
318  47.000 203.000  10 -27  610  760
319 176.000  70.000  10 -11  612  762
320  15.000   2.000  10 -29  339  489
321 186.000  26.000  10 -25  505  655
322  66.000  56.000  10 -14  141  291
323  81.000 219.000  10 -21  904 1054
324 108.000  80.000  10 -20  118  268
325 109.000  61.000  10 -30  337  487
326 259.000  58.000  10 -20  142  292
327   8.000 265.000  10 -20  182  332
328 159.000  89.000  10 -10  766  916
329 299.000 153.000  10 -27  350  500
330   4.000 296.000  10  -5  774  924
331 201.000 175.000  10 -38  633  783
332 212.000 270.000  10 -15  532  682
333 152.000 241.000  10  -2  611  761
334 224.000  77.000  10 -20  103  253
335  59.000 113.000  10  -2  184  334
336 269.000 103.000  10  -4  159  309
337 212.000  26.000  10  -6  163  313
338 253.000  84.000  10 -10  345  495
339  83.000 236.000  10 -20  109  259
340  56.000 116.000  10 -23  170  320
341 259.000 126.000  10 -10  111  261
342  11.000 191.000  10 -24  666  816
343 213.000 119.000  10 -20  669  819
344 130.000 102.000  10 -20   91  241
345  82.000 100.000  10 -20  518  668
346 106.000  71.000  10 -20   90  240
347 277.000  41.000  10 -14  284  434
348 103.000 260.000  10 -10  834  984
349 165.000 256.000  10 -13  527  677
350  55.000  62.000  10  -1  129  279
351   1.000  81.000  10 -10  261  411
352 291.000 148.000  10 -22  576  726
353 252.000 128.000  10 -20  127  277
354 176.000 263.000  10 -20  550  700
355 156.000  26.000  10 -20  124  274
356  96.000 199.000  10 -20  959 1109
357 235.000 243.000  10 -10  125  275
358 282.000 104.000  10 -19  211  361
359 184.000 277.000  10 -17  142  292
360 234.000 213.000  10 -16  105  255
361 170.000 174.000  10 -10   31  181
362  94.000  93.000  10 -20  850 1000
363 223.000  23.000  10 -20  146  296
364  71.000 294.000  10 -10  506  656
365 109.000 299.000  10 -10  317  467
366 293.000  62.000  10 -20  167  317
367  15.000 259.000  10  -9  618  768
368  53.000 141.000  10 -13   97  247
369  10.000 198.000  10 -10  174  324
370 151.000 294.000  10 -10  144  294
371 280.000 175.000  10 -10  132  282
372 173.000  72.000  10 -14  626  776
373 111.000 112.000  10 -20   54  204
374  50.000 285.000  10 -20  168  318
375 258.000 244.000  10 -10  153  303
376 223.000  74.000  10 -30  129  279
377 107.000 103.000  10 -20   87  237
378  12.000  10.000  10  -5  359  509
379 203.000 166.000  10 -20  930 1080
380 216.000  62.000  10 -20  110  260
381 276.000  66.000  10 -10  151  301
382 227.000  80.000  10 -30  104  254
383 106.000  77.000  10 -19  105  255
384 262.000 241.000  10 -10  183  333
385 202.000 292.000  10 -10  848  998
386  14.000 149.000  10 -20  136  286
387 225.000 192.000  10 -29  486  636
388 203.000 183.000  10 -20   62  212
389 277.000 177.000  10 -10  175  325
390 140.000 290.000  10 -10  168  318
391 219.000 152.000  10 -10  899 1049
392   5.000 189.000  10 -16  150  300
393   9.000 122.000  10 -17  156  306
394 113.000 188.000  10 -10  244  394
395 161.000  22.000  10 -10  143  293
396  12.000 198.000  10 -36  186  336
397  67.000 175.000  10 -17  216  366
398 300.000  44.000  10 -40  697  847
399 189.000 240.000  10  -7   98  248
400 244.000  13.000  10 -21  663  813
401 190.000 181.000  10 -21  844  994
402 248.000  41.000  10 -10  409  559
403 105.000  81.000  10 -10   82  232
404 149.000 183.000  10 -10   33  183
405 207.000 237.000  10  -5  428  578
406 116.000  14.000  10 -16  594  744
407  80.000 131.000  10 -10  274  424
408 111.000  98.000  10 -10  211  361
409 127.000  77.000  10 -20  770  920
410 224.000  61.000  10 -20  413  563
411  30.000 243.000  10 -20  226  376
412  84.000 236.000  10 -10  108  258
413 271.000   8.000  10 -41  701  851
414 119.000 104.000  10 -10  132  282
415 284.000 244.000  10 -25  676  826
416 215.000  68.000  10 -20  104  254
417 117.000 155.000  10 -19  948 1098
418 224.000 138.000  10 -15  849  999
419  92.000 241.000  10 -36  707  857
420 275.000 182.000  10 -10  129  279
421 149.000  76.000  10 -20  740  890
422 136.000 241.000  10 -20  312  462
423 158.000  27.000  10 -20  181  331
424 129.000  83.000  10  -8  562  712
425 224.000 229.000  10 -20  281  431
426  47.000 277.000  10 -10  163  313
427 272.000 183.000  10 -20  646  796
428 133.000 187.000  10 -10 1006 1156
429 162.000 206.000  10 -20   57  207
430 108.000 113.000  10 -40   55  205
431 125.000 168.000  10 -10  807  957
432  65.000 156.000  10 -10   91  241
433 163.000 180.000  10 -30   40  190
434 271.000 106.000  10 -10  527  677
435  38.000 139.000  10 -19  277  427
436  74.000 117.000  10 -40  744  894
437 256.000  54.000  10 -10  143  293
438  64.000  59.000  10 -20  125  275
439  26.000  27.000  10 -38  810  960
440 116.000 245.000  10 -22  517  667
441  34.000 150.000  10 -19  333  483
442 255.000 240.000  10 -20  138  288
443   6.000 168.000  10 -12  684  834
444   2.000 238.000  10 -20  780  930
445 108.000 298.000  10 -18  820  970
446  58.000 240.000  10 -16  714  864
447 161.000 112.000  10 -14   39  189
448 206.000 157.000  10 -20  851 1001
449  72.000  20.000  10 -20  624  774
450 212.000  45.000  10 -18  569  719
451  43.000  62.000  10 -16  761  911
452 166.000 105.000  10 -20   47  197
453 250.000 228.000  10 -22  717  867
454 113.000   4.000  10 -22  231  381
455 180.000 106.000  10 -10   53  203
456 228.000  41.000  10 -16  752  902
457 278.000 177.000  10 -30  164  314
458 247.000 132.000  10 -15  167  317
459 199.000 213.000  10 -18  451  601
460 226.000 248.000  10 -20  793  943
461  63.000 155.000  10 -11   87  237
462 233.000 119.000  10 -33  878 1028
463 140.000 214.000  10 -10  554  704
464 229.000 179.000  10 -20  182  332
465  61.000  70.000  10 -10  119  269
466 165.000 204.000  10 -20   56  206
467 257.000  59.000  10 -20  140  290
468  69.000  90.000  10 -10  716  866
469 102.000  76.000  10 -13  783  933
470  30.000 226.000  10 -18  878 1028
471  60.000 156.000  10  -2   90  240
472 211.000  66.000  10 -21  145  295
473   7.000  31.000  10 -16  733  883
474 264.000  35.000  10 -17  885 1035
475  64.000  53.000  10 -20  129  279
476 212.000  62.000  10 -20  119  269
477 135.000 210.000  10 -20  842  992
478 112.000  43.000  10 -20  493  643
479   8.000 155.000  10 -20  173  323
480 218.000  20.000  10 -30  146  296
481  73.000  81.000  10 -20  496  646
482 217.000  69.000  10  -5  105  255
483 260.000  64.000  10 -20  373  523
484 183.000 282.000  10 -21  382  532
485 296.000 279.000  10 -22  437  587
486  65.000  69.000  10 -20  194  344
487  60.000 160.000  10 -40   90  240
488  69.000 134.000  10 -15  564  714
489 110.000  31.000  10 -10  303  453
490 112.000 201.000  10 -30   63  213
491 135.000 251.000  10 -20  424  574
492 164.000 202.000  10 -10   72  222
493 239.000  77.000  10  -4  115  265
494 213.000  68.000  10 -19  103  253
495  18.000 206.000  10 -10  143  293
496 188.000 142.000  10 -22 1008 1158
497 139.000 110.000  10 -20  799  949
498 285.000 285.000  10  -2  641  791
499 289.000  79.000  10 -23  330  480
500 266.000 212.000  10 -10  273  423
501  15.000 178.000  10  -8  708  858
502 216.000 203.000  10 -23  481  631
503 160.000 179.000  10 -10  720  870
504 234.000 107.000  10 -12  278  428
505 119.000 214.000  10 -16  558  708
506 231.000 243.000  10 -20  123  273
507 199.000  28.000  10 -13  397  547
508  72.000 286.000  10 -20  342  492
509 209.000 269.000  10 -16  386  536
510 136.000  68.000  10 -30  534  684
511 116.000 240.000  10 -26  465  615
512  97.000 232.000  10 -10  873 1023
513 239.000 295.000  10 -11  692  842
514 168.000  42.000  10 -20  573  723
515 126.000 266.000  10 -10  434  584
516 157.000 254.000  10  -8  456  606
517 277.000 104.000  10 -20  135  285
518 280.000 158.000  10  -6  588  738
519 288.000 127.000  10 -10  650  800
520 241.000 183.000  10 -20  783  933
521 283.000  65.000  10 -20  390  540
522 176.000  72.000  10 -20  514  664
523 257.000  58.000  10 -30  141  291
524 236.000  72.000  10 -20  132  282
525 232.000 121.000  10 -13  517  667
526 250.000 130.000  10 -30  153  303
527   3.000 205.000  10 -20  156  306
528  88.000 110.000  10 -15  574  724
529  62.000  53.000  10 -10  130  280
530  67.000 161.000  10 -21   83  233
531  67.000 154.000  10 -22  116  266
532 103.000  93.000  10 -10  506  656
533 119.000 183.000  10 -32  507  657
534 143.000 101.000  10 -10   49  199
535  15.000 209.000  10  -7  822  972
536 137.000 104.000  10 -20   79  229
537 112.000 272.000  10 -13  277  427
538 208.000 235.000  10 -26  763  913
539 132.000 146.000  10 -20   18  168
540 140.000 140.000  10 -30   14  164
541 169.000 171.000  10 -15   28  178
542 120.000  60.000  10  -9  452  602
543  10.000 150.000  10 -10  140  290
544 134.000 147.000  10 -30   30  180
545 258.000 232.000  10 -20  214  364
546 158.000 291.000  10  -9  141  291
547  14.000 204.000  10 -18  533  683
548 168.000 204.000  10 -30   56  206
549 152.000  29.000  10 -20  839  989
550 131.000 220.000  10 -10   72  222
551 167.000 193.000  10 -20  963 1113
552 160.000  27.000  10 -10  169  319
553 233.000 242.000  10 -30  153  303
554  19.000 290.000  10 -10  327  477
555  59.000 287.000  10 -20  436  586
556 206.000 121.000  10 -30  686  836
557 160.000 107.000  10 -20   44  194
558 130.000  96.000  10 -20   57  207
559  59.000  64.000  10 -12  126  276
560 170.000  93.000  10 -10  416  566
561  78.000 232.000  10 -10  116  266
562   0.000 153.000  10 -20  155  305
563 136.000 144.000  10 -24   15  165
564 162.000 107.000  10 -20   44  194
565 220.000  43.000  10 -13  375  525
566 115.000 196.000  10 -20   57  207
567 231.000  70.000  10 -20  113  263
568 248.000 280.000  10 -40  230  380
569 205.000 130.000  10 -30  879 1029
570  59.000  67.000  10 -10  123  273
571  29.000   8.000  10 -12  691  841
572  30.000 145.000  10 -35  787  937
573  69.000 208.000  10 -10  522  672
574 143.000 288.000  10 -30  141  291
575 256.000 286.000  10 -33  734  884
576 275.000 100.000  10 -40  134  284
577 176.000 235.000  10 -33   88  238
578  11.000 207.000  10 -30  150  300
579 230.000 128.000  10 -10  320  470
580 143.000  67.000  10 -20   83  233
581 156.000  57.000  10 -20  621  771
582  81.000 238.000  10 -20  111  261
583 151.000 113.000  10 -20  286  436
584 254.000  87.000  10  -1  925 1075
585 157.000 276.000  10 -10  126  276
586 100.000 138.000  10 -10  145  295
587 132.000 297.000  10 -10  148  298
588 279.000 189.000  10 -20  534  684
589 225.000  73.000  10  -9  459  609
590 174.000 238.000  10 -16  955 1105
591  57.000 155.000  10 -14   93  243
592 175.000 281.000  10 -24  580  730
593 161.000  26.000  10 -10  157  307
594 259.000 240.000  10 -10  196  346
595 220.000 182.000  10 -30  553  703
596 150.000 104.000  10 -20   46  196
597 251.000 241.000  10 -10  135  285
598 200.000  26.000  10 -30  384  534
599 162.000 148.000  10 -30  690  840
600 156.000 182.000  10 -20  538  688
601  51.000   2.000  10 -10  178  328
602 119.000 254.000  10 -27  747  897
603 107.000  71.000  10 -30   89  239
604 271.000 101.000  10 -10  146  296
605 172.000   2.000  10 -24  542  692
606   2.000  81.000  10 -29  204  354
607 103.000   8.000  10  -9  622  772
608 138.000 100.000  10 -20   51  201
609  24.000  76.000  10 -21  437  587
610 167.000 105.000  10 -30   48  198
611  85.000 224.000  10 -40  148  298
612 108.000 109.000  10 -20   58  208
613   9.000 145.000  10 -40  141  291
614 275.000  97.000  10 -10  135  285
615 255.000  57.000  10 -10  140  290
616  87.000 183.000  10 -20  465  615
617   8.000 263.000  10 -10  181  331
618 268.000 113.000  10 -10  783  933
619 236.000 108.000  10 -16  825  975
620 213.000  61.000  10 -20  109  259
621 296.000 252.000  10 -19  729  879
622 173.000  64.000  10 -12  512  662
623  54.000 285.000  10 -30  174  324
624 233.000 245.000  10 -30  126  276
625 162.000 203.000  10 -10   54  204
626  85.000  75.000  10 -20  666  816
627 145.000 184.000  10 -10   34  184
628 129.000  98.000  10 -10   63  213
629 150.000 150.000   0   0    0 1206
