313 313 1000 200 1000
  0 150.000 150.000   0   0    0 1206
  1 162.000 107.000  10  10   83  113
  2 199.000 213.000  10  13  511  541
  3  61.000  84.000  10   7  333  363
  4 125.000 103.000  10  20   53   83
  5 143.000 101.000  10  10   56   86
  6  28.000 141.000  10  25  645  675
  7   8.000   4.000  10  29  203  233
  8  57.000 155.000  10  20  102  132
  9 231.000 243.000  10  10  123  153
 10 116.000 240.000   0  17  525  555
 11 110.000  74.000  10  30  138  168
 12 240.000  73.000  10  20  118  148
 13  13.000 265.000  10  20  178  208
 14 257.000  59.000  10  20  174  204
 15 160.000 108.000  10  10   60   90
 16 289.000 130.000  10  27  329  359
 17  69.000 208.000  10  17  582  612
 18 115.000 196.000  10  10   57   87
 19 105.000  81.000  10  20   82  112
 20 149.000 183.000  10  10   33   63
 21  47.000 277.000  10  20  163  193
 22  14.000 149.000  10  10  136  166
 23 140.000 140.000  10  30   14   44
 24 222.000  83.000  10  20   98  128
 25  88.000 124.000  10   2   67   97
 26 250.000 124.000  10   4  133  163
 27 208.000  47.000  10   6  118  148
 28 259.000  59.000  10  10  186  216
 29 150.000 104.000  10  21   69   99
 30  77.000 233.000  10  20  165  195
 31 232.000 121.000  10  15  577  607
 32 255.000 132.000   0  10  152  182
 33  18.000 184.000  10  24  371  401
 34 165.000 113.000   0  20  148  178
 35 143.000 111.000  10  20   39   69
 36 248.000  41.000  10  11  469  499
 37   8.000 263.000  10  30  189  219
 38 109.000 110.000  10  20   89  119
 39 259.000 240.000  10  10  256  286
 40 255.000  57.000  10  10  140  170
 41   9.000 122.000  10  19  216  246
 42  60.000 160.000  10  20   90  120
 43 172.000 225.000  10  13  109  139
 44 122.000 127.000  10   1   36   66
 45  52.000  63.000  10  10  158  188
 46  53.000 141.000  10  16   97  127
 47 175.000 281.000  10  17  640  670
 48 265.000 141.000  10  22  115  145
 49 255.000 240.000  10  20  176  206
 50 188.000 142.000   0  30 1128 1158
 51 140.000 214.000   0  24  614  644
 52 282.000 104.000  10  19  271  301
 53 145.000 184.000  10  10   80  110
 54 184.000 277.000  10  17  202  232
 55  67.000 154.000  10  20  176  206
 56 208.000 208.000  10  16  106  136
 57 169.000 173.000  10  10   29   59
 58 106.000 108.000  10  20  113  143
 59 227.000  26.000  10  20  145  175
 60 147.000 285.000  10  10  259  289
 61 141.000 286.000  10  10  243  273
 62 242.000  73.000   0  20  126  156
 63  93.000 165.000  10  13   58   88
 64  82.000 100.000   0  16  578  608
 65 256.000 286.000  10  31  794  824
 66 277.000 172.000  10  10  199  229
 67  73.000  81.000  10  15  556  586
 68 217.000  69.000  10  10  113  143
 69   0.000 153.000  10  20  215  245
 70 147.000  43.000  10  14  107  137
 71 143.000 288.000  10  30  201  231
 72 140.000 143.000  10  20   12   42
 73  53.000 288.000  10  20  210  240
 74 256.000 239.000  10  10  187  217
 75 224.000  79.000  10  30  112  142
 76 125.000 136.000  10   5   28   58
 77 211.000  61.000  10  20  168  198
 78 262.000  62.000  10  10  235  265
 79 227.000  80.000  10  30  104  134
 80 269.000 103.000  10  20  219  249
 81 122.000  96.000  10  19  147  177
 82 248.000 245.000  10  10  136  166
 83 181.000 297.000  10  10  162  192
 84  16.000 151.000  10  20  134  164
 85 254.000 206.000   0  29  621  651
 86 167.000 176.000  10  20   61   91
 87 285.000 285.000  10  13  701  731
 88 149.000 282.000  10  10  132  162
 89 215.000  68.000  10  10  104  134
 90 160.000  24.000  10  10  191  221
 91  51.000 217.000  10  36  269  299
 92  14.000 177.000  10  17  138  168
 93 225.000  22.000  10  40  148  178
 94 259.000 126.000  10  20  169  199
 95 214.000 234.000  10  21  730  760
 96 216.000  23.000  10  10  197  227
 97 111.000 110.000  10  10   77  107
 98 145.000 182.000  10  10  114  144
 99  51.000   2.000  10  41  217  247
100  30.000 243.000  10   6  286  316
101 132.000 146.000  10  20   78  108
102 108.000   3.000  10  16  671  701
103 216.000  62.000   0  20  143  173
104 271.000 106.000  10  22  587  617
105 140.000 290.000  10  20  228  258
106  66.000 157.000  10  10  163  193
107 132.000 297.000  10  40  164  194
108  64.000  55.000  10  20  135  165
109  17.000 205.000  10  20  155  185
110 119.000 104.000   0  10  192  222
111 169.000 171.000  10  30   28   58
112 109.000 148.000  10  19   41   71
113 223.000  74.000  10  10  189  219
114  47.000 203.000  10  29  670  700
115   8.000 265.000  10  20  201  231
116 136.000 144.000  10  10   53   83
117 286.000 175.000  10  10  157  187
118 151.000  30.000  10  20  120  150
119 150.000 184.000  10  20   44   74
120 157.000  25.000  10  20  178  208
121 278.000 176.000  10  20  213  243
122 225.000 192.000  10  26  546  576
123 115.000 197.000  10  10  120  150
124 167.000 179.000  10  20   74  104
125 277.000 104.000  10  20  135  165
126 126.000 127.000  10  40   33   63
127  65.000 156.000   0  10  151  181
128  12.000  10.000  10  22  419  449
129  78.000 232.000  10  20  176  206
130 249.000 133.000  10  10  100  130
131 252.000 128.000  10  10  187  217
132  57.000 123.000  10  19  165  195
133 157.000 276.000  10  18  126  156
134  37.000 126.000  10  19  154  184
135 259.000  58.000  10  30  197  227
136 168.000 204.000  10  20   56   86
137  72.000 286.000  10  17  402  432
138 241.000 183.000  10  12  843  873
139  75.000 191.000  10  12   85  115
140 224.000  77.000  10  20  124  154
141 166.000 123.000  10  14   31   61
142 280.000 180.000  10  20  133  163
143  65.000  49.000  10  20  174  204
144 203.000  36.000  10  18  397  427
145  38.000  74.000  10  16  150  180
146  30.000 226.000  10  14  938  968
147 108.000 298.000   0  17  880  910
148 296.000 211.000  10  22  196  226
149  99.000  73.000  10  22   92  122
150 208.000 117.000  10  15   78  108
151 128.000 155.000  10  11   22   52
152 155.000  93.000  10  33  138  168
153 168.000 176.000  10  20   50   80
154 165.000 204.000  10  20   66   96
155 280.000 158.000  10  34  648  678
156  57.000  68.000  10  10  131  161
157  72.000  89.000  10  13  553  583
158   3.000 205.000  10  10  214  244
159 235.000 243.000  10  20  166  196
160  76.000 160.000  10   2   74  104
161  34.000   5.000   0  16  735  765
162 280.000 175.000  10  30  173  203
163  66.000  54.000  10  20  189  219
164 120.000  60.000  10  12  512  542
165 110.000  31.000  10  15  363  393
166 218.000  20.000  10  20  174  204
167  88.000 225.000  10  20   97  127
168 123.000  92.000  10  20   71  101
169 293.000  62.000  10  10  167  197
170  63.000 155.000  10  10  139  169
171 158.000 140.000  10   5   12   42
172  84.000 236.000  10  10  114  144
173 284.000 244.000  10  12  736  766
174 190.000 181.000   0  30  904  934
175 285.000 283.000  10  22  554  584
176  65.000  68.000  10  20  243  273
177  61.000 157.000  10  40  126  156
178 102.000 173.000  10  15   53   83
179 103.000  78.000  10  10   85  115
180 144.000 182.000  10  30  103  133
181 149.000 186.000  10  20   56   86
182 179.000 123.000  10   4   39   69
183 157.000  84.000  10  19  100  130
184  17.000 209.000  10  10  145  175
185 127.000 101.000  10  20   54   84
186 263.000 291.000  10   2  187  217
187 199.000  28.000   0  12  457  487
188 252.000 219.000  10  23  301  331
189 234.000 213.000  10  15  142  172
190 191.000  49.000   0  12  130  160
191 251.000 241.000  10  10  136  166
192 158.000 291.000  10  18  162  192
193 230.000 248.000  10  20  126  156
194 207.000  20.000  10  13  185  215
195  54.000 285.000  10  10  234  264
196 160.000 107.000  10  30   71  101
197 208.000 290.000  10  16  305  335
198 138.000 100.000  10  30  103  133
199 111.000 112.000  10  20   54   84
200  16.000 204.000  10  10  166  196
201 157.000  31.000  10  20  255  285
202 170.000 174.000  10  20   37   67
203 157.000 254.000  10   8  516  546
204 277.000 101.000  10  20  136  166
205 274.000  97.000  10  10  180  210
206  66.000  56.000  10  30  201  231
207 156.000  26.000  10  10  166  196
208 257.000 133.000  10  20  140  170
209 264.000  61.000  10  20  223  253
210 220.000  66.000  10  20  127  157
211  13.000 202.000  10  20  180  210
212  62.000  53.000   0  10  148  178
213 275.000  97.000   0  10  169  199
214 107.000 174.000  10  21   49   79
215 224.000  61.000  10  22  473  503
216 124.000 174.000  10  22   35   65
217 112.000 201.000  10  20   79  109
218  80.000  86.000  10  32  600  630
219   5.000 189.000  10   5  150  180
220 165.000 256.000  10  12  587  617
221 108.000 113.000  10  10   63   93
222  37.000 159.000  10   7  116  146
223 127.000 266.000  10  13  122  152
224  14.000 204.000  10  19  593  623
225 283.000  65.000  10  27  450  480
226 108.000  80.000  10  20  178  208
227  55.000  62.000  10  20  172  202
228 141.000 137.000  10  30   23   53
229 163.000 150.000  10  15   13   43
230 213.000  68.000  10  10  103  133
231 100.000 138.000  10  24  205  235
232  10.000 150.000  10  10  146  176
233 137.000 150.000  10  30  115  145
234 258.000 232.000  10  20  274  304
235 191.000 234.000  10   9   93  123
236 166.000 203.000  10  30   55   85
237 100.000  73.000  10  20   97  127
238  60.000 156.000  10  20  115  145
239 239.000  77.000   0  20  115  145
240 163.000 202.000  10  20  121  151
241  81.000 219.000   0  27  964  994
242 155.000  28.000  10  10  142  172
243 183.000 282.000  10  42  442  472
244 289.000  79.000  10  19  390  420
245   1.000 272.000  10  10  221  251
246  52.000 288.000  10  20  199  229
247 236.000  66.000  10  30  176  206
248 233.000 245.000  10  10  154  184
249 144.000 100.000  10  20   67   97
250 130.000  96.000  10  20  111  141
251  96.000  86.000   0  12   83  113
252 141.000 102.000  10  10   48   78
253  85.000 228.000  10  10  194  224
254  18.000 206.000  10  10  144  174
255 148.000 157.000  10  24    7   37
256 159.000 110.000  10  20   47   77
257 229.000  40.000  10  13  239  269
258 131.000 220.000  10  23  121  151
259 112.000 199.000  10  20   67   97
260 238.000  69.000  10  20  162  192
261 258.000 247.000  10  40  226  256
262 109.000  61.000  10  17  397  427
263  59.000  67.000  10  10  123  153
264 151.000 294.000  10  20  160  190
265 275.000 263.000  10  33  168  198
266 143.000  67.000  10  14   83  113
267  29.000   8.000  10  24  751  781
268 211.000  66.000  10  10  205  235
269 154.000  31.000  10  20  119  149
270  86.000 230.000  10  20  102  132
271 133.000  99.000  10  20  137  167
272 134.000 146.000  10  10   66   96
273 149.000 285.000  10  10  135  165
274 156.000  57.000  10  27  681  711
275 117.000 168.000  10  14   37   67
276 116.000 245.000  10  37  577  607
277  50.000 285.000  10  10  185  215
278 246.000 133.000  10  30  238  268
279  69.000 134.000  10  46  624  654
280 236.000 248.000  10  10  139  169
281 161.000 112.000  10  10   39   69
282 233.000 242.000  10  30  213  243
283 155.000 180.000  10  30   30   60
284  65.000  56.000  10  10  126  156
285 130.000 102.000  10  20  151  181
286 110.000  76.000  10  30  150  180
287 271.000 101.000  10  10  206  236
288 160.000  17.000  10  24  340  370
289 103.000  93.000   0  13  566  596
290 138.000 101.000   0  20  114  144
291  15.000  52.000  10  21  166  196
292  81.000 223.000  10  40  222  252
293 113.000 114.000  10  20   51   81
294 162.000 206.000  10  30   97  127
295 203.000 183.000  10  26   70  100
296 113.000   4.000  10  31  291  321
297 279.000 189.000   0  30  594  624
298   9.000 144.000  10  40  182  212
299 253.000  57.000  10  10  138  168
300 254.000  87.000   0   7 1045 1075
301 114.000 198.000  10  20   60   90
302 220.000  43.000  10  28  435  465
303  11.000 265.000  10  10  180  210
304 299.000 153.000  10  12  410  440
305 246.000 137.000  10  10   96  126
306 238.000 103.000  10  16  722  752
307 220.000 182.000  10  13  613  643
308 290.000 219.000  10  19  187  217
309 276.000  66.000  10  17  151  181
310 163.000 200.000   0  10  145  175
311 189.000 240.000  10  18   98  128
312 145.000 183.000  10  10   91  121
313 140.000 108.000  10  10  154  184
314 167.000 105.000  10 -10  108  138
315 216.000 203.000  10 -13  541  571
316  69.000  90.000  10  -7  776  806
317 139.000 110.000  10 -20  859  889
318 137.000 104.000  10 -10  139  169
319   6.000 168.000  10 -25  744  774
320  15.000   2.000  10 -29  399  429
321  10.000 147.000  10 -20  159  189
322 251.000 237.000  10 -10  150  180
323 116.000 240.000  10 -17  525  555
324 131.000  78.000  10 -30  578  608
325 240.000  71.000  10 -20  149  179
326  15.000 259.000  10 -20  678  708
327 244.000  13.000  10 -20  723  753
328 166.000 105.000  10 -10   97  127
329 205.000 130.000  10 -27  939  969
330  97.000 232.000  10 -17  933  963
331 114.000 204.000  10 -10  103  133
332 127.000  77.000  10 -20  830  860
333 148.000 288.000  10 -10  143  173
334  43.000 286.000  10 -20  173  203
335   4.000 149.000  10 -10  199  229
336 170.000  53.000  10 -30  162  192
337 222.000  73.000  10 -20  177  207
338  64.000  91.000  10  -2  104  134
339 250.000 130.000  10  -4  213  243
340 186.000  26.000  10  -6  565  595
341 260.000  64.000  10 -10  433  463
342 153.000  61.000  10 -21  259  289
343  58.000 240.000  10 -20  774  804
344 213.000 119.000  10 -15  729  759
345 255.000 132.000  10 -10  152  182
346  45.000 190.000  10 -24  445  475
347 165.000 113.000  10 -20  148  178
348 141.000 100.000  10 -20   80  110
349 271.000   8.000  10 -11  761  791
350  12.000 270.000  10 -30  243  273
351 101.000 110.000  10 -20  128  158
352 266.000 212.000  10 -10  333  363
353 257.000  58.000  10 -10  163  193
354   2.000  81.000  10 -19  264  294
355  93.000 117.000  10 -20  350  380
356 209.000 246.000  10 -13  374  404
357  64.000  53.000  10  -1  160  190
358  59.000  64.000  10 -10  186  216
359  34.000 150.000  10 -16  393  423
360 133.000 187.000  10 -17 1068 1098
361 283.000 144.000  10 -22  133  163
362 258.000 244.000  10 -20  213  243
363 188.000 142.000  10 -30 1128 1158
364 140.000 214.000  10 -24  614  644
365 206.000 121.000  10 -19  746  776
366 147.000 178.000  10 -10  128  158
367 212.000 270.000  10 -17  592  622
368 117.000 155.000  10 -20 1008 1038
369 232.000 240.000  10 -16  226  256
370 147.000 185.000  10 -10   68   98
371 107.000 103.000  10 -20  147  177
372 223.000  23.000  10 -20  158  188
373 157.000 221.000  10 -10  411  441
374 136.000 241.000  10 -10  372  402
375 242.000  73.000  10 -20  126  156
376   5.000 195.000  10 -13  186  216
377  82.000 100.000  10 -16  578  608
378 202.000 292.000  10 -31  908  938
379 277.000 177.000  10 -10  235  265
380  85.000  75.000  10 -15  726  756
381 228.000  41.000  10 -10  812  842
382   8.000 155.000  10 -20  233  263
383 172.000   2.000  10 -14  602  632
384 110.000 262.000  10 -30  492  522
385 136.000 140.000  10 -20   39   69
386  53.000 285.000  10 -20  223  253
387 250.000 228.000  10 -10  777  807
388 221.000  70.000  10 -30  164  194
389  64.000  59.000  10  -5  125  155
390 162.000 148.000  10 -20  750  780
391 264.000  35.000  10 -10  983 1013
392 241.000  71.000  10 -30  138  168
393 230.000 128.000  10 -20  380  410
394 111.000  98.000  10 -19  271  301
395 257.000 243.000  10 -10  201  231
396 140.000 292.000  10 -10  216  246
397   3.000 119.000  10 -20  689  719
398 254.000 206.000  10 -29  621  651
399 162.000 250.000  10 -20  196  226
400 226.000 248.000  10 -13  853  883
401 147.000 281.000  10 -10  273  303
402 212.000  62.000  10 -10  179  209
403 161.000  22.000  10 -10  203  233
404  56.000 212.000  10 -36  473  503
405  16.000 196.000  10 -17  260  290
406 200.000  26.000  10 -40  444  474
407 253.000  84.000  10 -20  405  435
408 208.000 235.000  10 -21  823  853
409 173.000  72.000  10 -10  686  716
410 110.000 107.000  10 -10  172  202
411 144.000 173.000  10 -10  144  174
412  72.000  20.000  10 -41  684  714
413  11.000 242.000  10  -6  517  547
414 134.000 147.000  10 -20   90  120
415 152.000  29.000  10 -16  899  929
416 216.000  62.000  10 -20  143  173
417 233.000 119.000  10 -22  938  968
418 140.000 294.000  10 -20  409  439
419  87.000 183.000  10 -10  525  555
420 135.000 210.000  10 -40  902  932
421  94.000  93.000  10 -20  910  940
422  15.000 209.000  10 -20  882  912
423 119.000 104.000  10 -10  192  222
424 160.000 179.000  10 -30  780  810
425   1.000  81.000  10 -19  321  351
426 209.000  84.000  10 -10  382  412
427   2.000 238.000  10 -29  840  870
428  19.000 290.000  10 -20  387  417
429 119.000 183.000  10 -10  567  597
430 265.000 197.000  10 -10  321  351
431 154.000  26.000  10 -20  154  184
432 135.000 251.000  10 -20  484  514
433 176.000  70.000  10 -20  672  702
434 278.000 177.000  10 -20  224  254
435 203.000 166.000  10 -26  990 1020
436  85.000 224.000  10 -10  208  238
437 165.000 182.000  10 -20   87  117
438 277.000 100.000  10 -20  144  174
439 109.000 105.000  10 -40  160  190
440  65.000 156.000  10 -10  151  181
441  26.000   0.000  10 -22  495  525
442 103.000 260.000  10 -20  894  924
443 257.000 137.000  10 -10  126  156
444 234.000 146.000  10 -10  352  382
445  80.000 131.000  10 -19  334  364
446 159.000 287.000  10 -18  397  427
447  24.000  76.000  10 -19  497  527
448 262.000  14.000  10 -30  698  728
449 176.000 235.000  10 -20   88  118
450  76.000 280.000  10 -17  485  515
451 206.000 157.000  10 -12  911  941
452  11.000 207.000  10 -12  195  225
453 220.000  74.000  10 -20  202  232
454 180.000 106.000  10 -14   53   83
455 284.000 176.000  10 -20  145  175
456  43.000  62.000  10 -20  821  851
457 212.000  45.000  10 -18  629  659
458  62.000  65.000  10 -16  229  259
459  96.000 199.000  10 -14 1019 1049
460 108.000 298.000  10 -17  880  910
461 296.000 235.000  10 -22  560  590
462 107.000  71.000  10 -22  124  154
463 247.000 132.000  10 -15  227  257
464  25.000 119.000  10 -11  168  198
465 170.000  93.000  10 -33  476  506
466 163.000 180.000  10 -20  100  130
467 162.000 203.000  10 -20  110  140
468 219.000 152.000  10 -34  959  989
469  65.000  69.000  10 -10  254  284
470  88.000 110.000  10 -13  634  664
471  10.000 198.000  10 -10  234  264
472 224.000 229.000  10 -20  341  371
473  67.000 161.000  10  -2   83  113
474  34.000   5.000  10 -16  735  765
475 280.000 172.000  10 -30  186  216
476  70.000  57.000  10 -20  215  245
477 129.000  77.000  10 -12  638  668
478 116.000  14.000  10 -15  654  684
479 217.000  21.000  10 -20  185  215
480  83.000 236.000  10 -20  125  155
481 106.000  77.000  10 -20  165  195
482 277.000  41.000  10 -10  344  374
483  56.000 116.000  10 -10  230  260
484 213.000  61.000  10  -5  156  186
485  81.000 238.000  10 -10  138  168
486 167.000 193.000  10 -12 1023 1053
487 190.000 181.000  10 -30  904  934
488 296.000 252.000  10 -22  789  819
489  74.000 117.000  10 -20  804  834
490  59.000 113.000  10 -40  244  274
491  72.000 180.000  10 -15  372  402
492 106.000  71.000  10 -10  113  143
493 238.000 206.000  10 -30  573  603
494 112.000 272.000  10 -20  337  367
495 217.000  73.000  10  -4  215  245
496 216.000  25.000  10 -19  209  239
497  25.000 191.000  10 -10  230  260
498 128.000  94.000  10 -20   86  116
499 296.000 279.000  10  -2  497  527
500 199.000  28.000  10 -12  457  487
501 291.000 148.000  10 -23  636  666
502 224.000 138.000  10 -15  909  939
503 191.000  49.000  10 -12  130  160
504 254.000 240.000  10 -10  165  195
505 177.000 281.000  10 -18  426  456
506 236.000 240.000  10 -20  190  220
507 212.000  26.000  10 -13  223  253
508  92.000 241.000  10 -10  767  797
509 168.000 108.000  10 -30  121  151
510 239.000 295.000  10 -16  752  782
511 136.000 104.000  10 -30  128  158
512  61.000  70.000  10 -20  119  149
513  11.000 191.000  10 -10  726  756
514 159.000  41.000  10 -20  306  336
515 159.000 177.000  10 -20  115  145
516 176.000 263.000  10  -8  610  640
517 275.000 100.000  10 -20  156  186
518 272.000  97.000  10 -10  192  222
519  89.000  61.000  10 -30  253  283
520 161.000  26.000  10 -10  217  247
521 234.000 107.000  10 -20  338  368
522 300.000  44.000  10 -20  757  787
523 231.000  70.000  10 -20  144  174
524  27.000 255.000  10 -20  241  271
525  62.000  53.000  10 -10  148  178
526 275.000  97.000  10 -10  169  199
527  67.000 175.000  10 -21  276  306
528 176.000  72.000  10 -22  574  604
529 126.000 266.000  10 -22  494  524
530 113.000 202.000  10 -20   91  121
531 102.000  76.000  10 -32  843  873
532  12.000 198.000  10  -5  246  276
533 174.000 238.000  10 -12 1023 1053
534  40.000   1.000  10 -10  449  479
535   9.000 145.000  10  -7  171  201
536 109.000 299.000  10 -13  377  407
537  15.000 178.000  10 -19  768  798
538 290.000  37.000  10 -27  816  846
539 110.000  79.000  10 -20  190  220
540  60.000  64.000  10 -20  197  227
541 131.000  95.000  10 -30   99  129
542 250.000 126.000  10 -15  199  229
543 213.000  65.000  10 -10  192  222
544 125.000 168.000  10 -24  867  897
545  30.000 145.000  10 -10  847  877
546 134.000 148.000  10 -30  101  131
547 288.000 127.000  10 -20  710  740
548 194.000 234.000  10  -9   94  124
549 164.000 202.000  10 -30  132  162
550 113.000  62.000  10 -20  524  554
551  57.000 125.000  10 -20  211  241
552 239.000  77.000  10 -20  115  145
553 156.000 182.000  10 -20  598  628
554  81.000 219.000  10 -27  964  994
555 158.000  27.000  10 -10  241  271
556 152.000 241.000  10 -42  671  701
557 281.000  68.000  10 -19  507  537
558   4.000 296.000  10 -10  834  864
559  55.000 285.000  10 -20  245  275
560 225.000  73.000  10 -30  519  549
561 235.000 242.000  10 -10  177  207
562 160.000  27.000  10 -20  229  259
563 129.000  98.000  10 -20  123  153
564  96.000  86.000  10 -12   83  113
565 140.000 100.000  10 -10   91  121
566  84.000 231.000  10 -10  545  575
567  33.000 231.000  10 -10  745  775
568 159.000 300.000  10 -24  150  180
569 166.000 113.000  10 -20  137  167
570 274.000   6.000  10 -13  519  549
571 106.000 243.000  10 -23  188  218
572  71.000 294.000  10 -20  566  596
573 236.000  72.000  10 -20  192  222
574 262.000 241.000  10 -40  243  273
575 136.000  68.000  10 -17  594  624
576  55.000  68.000  10 -10  143  173
577 144.000 292.000  10 -20  187  217
578 248.000 280.000  10 -33  290  320
579 153.000  28.000  10 -14  130  160
580   7.000  31.000  10 -24  793  823
581 173.000  64.000  10 -10  572  602
582 149.000  76.000  10 -20  800  830
583  78.000 236.000  10 -20  151  181
584 103.000   8.000  10 -20  682  712
585 113.000 188.000  10 -10  304  334
586 149.000 294.000  10 -10  172  202
587 159.000  89.000  10 -27  826  856
588  71.000 154.000  10 -14  190  220
589 119.000 214.000  10 -37  618  648
590  59.000 280.000  10 -10  261  291
591 246.000 166.000  10 -30  544  574
592  61.000 138.000  10 -46  643  673
593 235.000 241.000  10 -10  201  231
594 160.000 111.000  10 -10   40   70
595 186.000 228.000  10 -30  413  443
596 161.000 210.000  10 -30   83  113
597  63.000  59.000  10 -10  213  243
598 107.000  39.000  10 -20  341  371
599 129.000  83.000  10 -30  622  652
600 266.000 104.000  10 -10  232  262
601 168.000  42.000  10 -24  633  663
602 103.000  93.000  10 -13  566  596
603 138.000 101.000  10 -20  114  144
604  26.000  27.000  10 -21  870  900
605  59.000 287.000  10 -40  496  526
606 108.000 109.000  10 -20  100  130
607 207.000 237.000  10 -30  488  518
608 275.000 182.000  10 -26  129  159
609 112.000  43.000  10 -31  553  583
610 279.000 189.000  10 -30  594  624
611  38.000 139.000  10 -40  337  367
612 256.000  54.000  10 -10  149  179
613 254.000  87.000  10  -7 1045 1075
614 119.000 254.000  10 -20  807  837
615 229.000  25.000  10 -28  493  523
616  12.000 275.000  10 -10  512  542
617 268.000 113.000  10 -12  843  873
618 250.000 134.000  10 -10  108  138
619 236.000 108.000  10 -16  885  915
620 201.000 175.000  10 -13  693  723
621 272.000 183.000  10 -19  706  736
622 260.000  58.000  10 -17  208  238
623 163.000 200.000  10 -10  145  175
624 209.000 269.000  10 -18  446  476
625 229.000 179.000  10 -10  242  272
626 151.000 113.000  10 -10  346  376
627 150.000 150.000   0   0    0 1206
