314 314 1000 200 1000
  0 150.000 150.000   0   0    0 1206
  1 125.000 168.000   0  27  867  897
  2 199.000 213.000  10  13  511  541
  3 125.000 103.000  10  20   53   83
  4  28.000 141.000  10  25    0 1074
  5 230.000 128.000  10  21    0 1114
  6  55.000  68.000  10  30  143  173
  7  72.000 180.000  10  27  372  402
  8 159.000  41.000  10  11  306  336
  9 257.000  58.000  10  10  163  193
 10 231.000 243.000  10  10  123  153
 11  84.000 231.000  10  21    0 1092
 12 116.000 240.000  10  17    0 1100
 13 110.000  79.000  10  20  190  220
 14 110.000  74.000  10  30  138  168
 15 180.000 106.000  10  19    0 1143
 16 240.000  73.000  10  20    0 1078
 17  13.000 265.000  10  20    0 1018
 18 134.000 147.000  10  20   90  120
 19  27.000 255.000  10   5    0 1035
 20 250.000 228.000   0  22    0 1070
 21 159.000  89.000  10  22    0 1135
 22 159.000 300.000  10  15    0 1046
 23  47.000 277.000  10  20  163  193
 24 212.000  26.000  10  30    0 1058
 25  74.000 117.000  10  24    0 1114
 26 140.000 140.000  10  30   14   44
 27 152.000 241.000  10   2    0 1105
 28 222.000  83.000  10  20   98  128
 29  88.000 124.000  10   2    0 1129
 30 208.000  47.000  10   6  118  148
 31 259.000  59.000  10  10  186  216
 32 150.000 104.000  10  21   69   99
 33  77.000 233.000  10  20  165  195
 34 212.000  45.000  10  30  629  659
 35  57.000 125.000  10  23    0 1100
 36 165.000 113.000   0  20    0 1157
 37 143.000 111.000  10  20    0 1157
 38   8.000 263.000  10  30    0 1015
 39 109.000 110.000  10  20    0 1139
 40 106.000  71.000   0  20  113  143
 41  38.000 139.000   0  12  337  367
 42 277.000  41.000  10  14  344  374
 43 255.000  57.000  10  10    0 1056
 44 102.000  76.000  10  17  843  873
 45  43.000 286.000  10  10  173  203
 46  60.000 160.000  10  20    0 1106
 47 122.000 127.000  10   1    0 1160
 48  53.000 141.000  10  16    0 1099
 49 175.000 281.000  10  17  640  670
 50 265.000 141.000  10  22  115  145
 51 147.000 281.000  10  20    0 1065
 52 255.000 240.000  10  20    0 1058
 53 114.000 204.000  10  20  103  133
 54 235.000 242.000  10  10    0 1071
 55  59.000 113.000   0  16  244  274
 56 282.000 104.000  10  19    0 1057
 57 129.000  77.000  10  11    0 1121
 58  67.000 154.000  10  20  176  206
 59   2.000  81.000  10  32    0 1033
 60 208.000 208.000  10  16    0 1114
 61 169.000 173.000   0  10    0 1167
 62 106.000 108.000  10  20    0 1136
 63  15.000   2.000  10   5    0  996
 64 227.000  26.000  10  20    0 1051
 65 147.000 285.000  10  10  259  289
 66  15.000 259.000  10   9  678  708
 67  93.000 165.000  10  13    0 1138
 68  10.000 198.000  10  10    0 1048
 69 149.000 294.000  10  10  172  202
 70  82.000 100.000  10  16    0 1112
 71 172.000   2.000  10   9  602  632
 72 277.000 172.000  10  10  199  229
 73  73.000  81.000  10  15    0 1093
 74 217.000  69.000  10  10  113  143
 75  85.000 224.000  10  10  208  238
 76 147.000  43.000  10  14  107  137
 77 143.000 288.000  10  30  201  231
 78 140.000 143.000  10  20   12   42
 79 256.000 239.000   0  10    0 1058
 80 224.000  79.000   0  30  112  142
 81 125.000 136.000  10   5    0 1168
 82 203.000 166.000  10  20    0 1141
 83 211.000  61.000  10  20  168  198
 84 107.000 103.000  10  20    0 1133
 85 119.000 254.000  10  42  807  837
 86 122.000  96.000  10  19  147  177
 87 248.000 245.000  10  10    0 1060
 88 181.000 297.000  10  10    0 1046
 89  16.000 151.000  10  20    0 1062
 90 149.000 282.000  10  10    0 1064
 91 223.000  23.000  10  10  158  188
 92  25.000 191.000  10  16  230  260
 93 266.000 212.000  10  11  333  363
 94 135.000 251.000  10  31    0 1094
 95  11.000 191.000  10  12    0 1052
 96 113.000 202.000  10  10   91  121
 97  14.000 177.000  10  17    0 1058
 98 225.000  22.000  10  40  148  178
 99 194.000 234.000  10   7   94  124
100 259.000 126.000  10  20  169  199
101 214.000 234.000  10  21  730  760
102 111.000 110.000   0  10    0 1141
103 145.000 182.000  10  10    0 1164
104 108.000   3.000   0  16  671  701
105 216.000  62.000  10  20  143  173
106 271.000 106.000  10  22  587  617
107 140.000 290.000  10  20    0 1056
108 132.000 297.000  10  40  164  194
109 173.000  64.000  10  12  572  602
110  17.000 205.000  10  20  155  185
111  78.000 236.000  10  10  151  181
112 169.000 171.000  10  30    0 1168
113 296.000 235.000  10  25  560  590
114 220.000  74.000  10  20  202  232
115 109.000 148.000  10  19   41   71
116 174.000 238.000  10  21 1023 1053
117  33.000 231.000  10  36  745  775
118   8.000 265.000  10  20  201  231
119 136.000 144.000  10  10    0 1181
120 150.000 184.000  10  20    0 1162
121 157.000  25.000  10  20    0 1071
122  53.000 285.000  10  10  223  253
123 115.000 197.000   0  10    0 1138
124 167.000 179.000  10  20   74  104
125 277.000 104.000  10  20    0 1061
126 262.000 241.000  10  20  243  273
127 117.000 155.000   0  22 1008 1038
128 126.000 127.000  10  40    0 1163
129 157.000 221.000  10  10  411  441
130  19.000 290.000  10  12    0 1005
131  65.000 156.000  10  10  151  181
132 159.000 177.000   0  30    0 1168
133  12.000  10.000  10  22    0 1000
134  78.000 232.000  10  20    0 1087
135 249.000 133.000  10  10    0 1096
136 157.000 276.000  10  18  126  156
137 221.000  70.000  10  10    0 1090
138  70.000  57.000  10  20    0 1074
139 268.000 113.000  10  22  843  873
140  40.000   1.000   0  38  449  479
141 259.000  58.000  10  30  197  227
142 168.000 204.000  10  20   56   86
143 254.000 240.000  10  20  165  195
144 241.000 183.000  10  12    0 1100
145 166.000 123.000  10  14   31   61
146  92.000 241.000  10   3  767  797
147 280.000 180.000  10  20  133  163
148  65.000  49.000  10  20    0 1064
149 203.000  36.000  10  18  397  427
150  38.000  74.000  10  16  150  180
151 166.000 105.000  10  20    0 1149
152 108.000 298.000  10  17    0 1043
153  99.000  73.000  10  22    0 1104
154 271.000   8.000  10  36    0 1010
155 284.000 176.000  10  30    0 1060
156 208.000 117.000  10  15   78  108
157 155.000  93.000  10  33    0 1139
158 168.000 176.000  10  20   50   80
159  60.000  64.000   0  10  197  227
160 280.000 158.000  10  34    0 1066
161 241.000  71.000  10  20    0 1076
162 219.000 152.000   0   8  959  989
163  12.000 275.000  10  18    0 1010
164  76.000 160.000  10   2   74  104
165 170.000  53.000  10  21    0 1097
166  34.000   5.000  10  16  735  765
167 229.000  25.000  10  17  493  523
168  66.000  54.000  10  20  189  219
169 120.000  60.000  10  12  512  542
170 218.000  20.000  10  20  174  204
171 275.000 100.000  10  30  156  186
172  88.000 225.000  10  20   97  127
173 293.000  62.000  10  10  167  197
174   4.000 149.000   0  20    0 1050
175 216.000  25.000  10  30  209  239
176  63.000  59.000  10  20  213  243
177  84.000 236.000  10  10    0 1088
178  61.000 157.000  10  40    0 1107
179 300.000  44.000  10   3  757  787
180 103.000  78.000  10  10    0 1111
181  24.000  76.000  10  23  497  527
182 149.000 186.000  10  20   56   86
183 179.000 123.000  10   4    0 1157
184 233.000 119.000  10  11  938  968
185 167.000 105.000  10  20    0 1148
186 127.000 101.000  10  20    0 1142
187 263.000 291.000  10   2    0 1016
188 251.000 237.000  10  10    0 1063
189 252.000 219.000  10  23  301  331
190 136.000 140.000  10  10   39   69
191 191.000  49.000  10  12    0 1087
192 251.000 241.000  10  10  136  166
193 119.000 214.000  10  16  618  648
194  94.000  93.000  10  19    0 1117
195 158.000 291.000  10  18  162  192
196 230.000 248.000  10  20    0 1070
197  54.000 285.000  10  10    0 1031
198 138.000 100.000  10  30    0 1145
199   8.000 155.000  10  10  233  263
200 111.000 112.000  10  20   54   84
201 128.000  94.000  10  30    0 1136
202 162.000 203.000  10  30    0 1142
203 160.000 179.000  10  32    0 1166
204 157.000 254.000  10   8    0 1092
205 283.000 144.000   0   6    0 1063
206 158.000  27.000  10  10  241  271
207 257.000 133.000  10  20    0 1088
208 296.000 279.000  10  15  497  527
209 240.000  71.000  10  30  149  179
210   4.000 296.000  10  18    0  990
211 250.000 134.000  10  30    0 1095
212  59.000 287.000  10  17    0 1032
213  13.000 202.000  10  20  180  210
214  93.000 117.000  10  15  350  380
215  62.000  53.000  10  10    0 1066
216 107.000 174.000  10  21    0 1147
217 141.000 100.000  10  10   80  110
218 165.000 256.000  10  12  587  617
219  97.000 232.000  10  11    0 1099
220 278.000 177.000  10  20  224  254
221 134.000 148.000  10  20  101  131
222 283.000  65.000  10  27    0 1039
223 163.000 150.000  10  15   13   43
224 113.000  62.000  10   9    0 1101
225  10.000 150.000   0  10    0 1056
226 137.000 150.000  10  30  115  145
227 258.000 232.000  10  20    0 1061
228   5.000 195.000  10  18  186  216
229 166.000 203.000  10  30   55   85
230 100.000  73.000  10  20   97  127
231 147.000 185.000  10  10   68   98
232 239.000  77.000  10  20  115  145
233  81.000 219.000  10  27    0 1099
234 155.000  28.000  10  10  142  172
235 160.000  27.000  10  30  229  259
236  43.000  62.000  10  14    0 1058
237 291.000 148.000   0  11  636  666
238 168.000  42.000  10  26  633  663
239   1.000 272.000   0  10  221  251
240  87.000 183.000  10  17    0 1125
241 234.000 107.000  10  24    0 1102
242  52.000 288.000  10  20  199  229
243 233.000 245.000  10  10    0 1070
244   7.000  31.000  10  29    0 1010
245 141.000 102.000  10  10    0 1148
246  85.000 228.000  10  10  194  224
247  10.000 147.000  10  20  159  189
248  18.000 206.000  10  10  144  174
249 164.000 202.000  10  30    0 1143
250 148.000 157.000  10  24    0 1189
251 159.000 110.000  10  20   47   77
252 229.000  40.000  10  13  239  269
253  67.000 161.000  10  10   83  113
254 238.000  69.000  10  20  162  192
255  59.000  67.000  10  10  123  153
256  26.000   0.000  10  12    0 1002
257  56.000 212.000  10  10  473  503
258 275.000 263.000  10  33  168  198
259 272.000  97.000  10  40  192  222
260 143.000  67.000  10  14    0 1113
261 152.000  29.000  10  10  899  929
262 176.000 235.000  10  33   88  118
263  30.000 145.000  10  23    0 1076
264  61.000  70.000  10  30  119  149
265  16.000 196.000  10  30  260  290
266 168.000 108.000  10  10  121  151
267 211.000  66.000  10  10  205  235
268  11.000 207.000  10  40  195  225
269 131.000  95.000  10  20   99  129
270 116.000  14.000  10  20    0 1056
271 154.000  31.000  10  20  119  149
272 133.000  99.000  10  20    0 1143
273 290.000  37.000  10   1    0 1017
274 134.000 146.000  10  10   66   96
275 229.000 179.000  10  16  242  272
276  72.000  20.000  10  32  684  714
277 149.000 285.000  10  10  135  165
278 257.000 137.000  10  20  126  156
279 177.000 281.000   0  16    0 1063
280 153.000  28.000  10  10  130  160
281 236.000 248.000  10  10    0 1066
282 161.000 112.000   0  10    0 1157
283 233.000 242.000  10  30    0 1073
284 155.000 180.000  10  30   30   60
285  65.000  56.000  10  10  126  156
286 130.000 102.000  10  20  151  181
287 110.000  76.000  10  30  150  180
288 271.000 101.000   0  10  206  236
289 216.000 203.000  10   5  541  571
290 136.000 241.000  10  11  372  402
291  64.000  91.000  10  29    0 1092
292 107.000  39.000   0   9    0 1077
293 106.000  77.000  10  10    0 1111
294 138.000 101.000   0  20    0 1146
295 160.000 111.000  10  30    0 1156
296 113.000 114.000  10  20    0 1145
297 203.000 183.000  10  26   70  100
298 113.000   4.000  10  31  291  321
299 176.000 263.000  10   5    0 1081
300 279.000 189.000  10  30    0 1062
301 266.000 104.000  10  10    0 1072
302 253.000  57.000  10  10    0 1058
303  11.000 265.000  10  10  180  210
304 250.000 130.000  10  10    0 1095
305 299.000 153.000  10  12    0 1047
306 246.000 137.000   0  10    0 1100
307 213.000  61.000  10  20    0 1087
308 290.000 219.000  10  19    0 1040
309 153.000  61.000  10  12    0 1107
310  55.000 285.000  10  30    0 1031
311 276.000  66.000  10  17  151  181
312 236.000 240.000  10  30  190  220
313  62.000  65.000  10  20    0 1074
314 140.000 108.000  10  10    0 1153
315 125.000 168.000  10 -27  867  897
316 285.000 285.000  10 -13    0 1006
317 131.000  78.000  10 -20  578  608
318  69.000 134.000  10 -25  624  654
319 277.000 100.000  10 -21  144  174
320  65.000  69.000  10 -30  254  284
321  69.000 208.000  10 -27  582  612
322 157.000  31.000  10 -11    0 1077
323 257.000  59.000  10 -10  174  204
324 258.000 247.000  10 -10  226  256
325  81.000 238.000  10 -21  138  168
326 112.000 201.000  10 -17    0 1133
327 129.000  83.000  10 -20    0 1126
328 157.000  84.000  10 -30    0 1130
329 206.000 121.000  10 -19  746  776
330 238.000 103.000  10 -20  722  752
331   2.000 238.000  10 -20    0 1024
332 163.000 202.000  10 -20    0 1143
333  30.000 243.000  10  -5    0 1045
334 250.000 228.000  10 -22    0 1070
335 205.000 130.000  10 -22  939  969
336 103.000 260.000  10 -15  894  924
337 148.000 288.000  10 -20    0 1058
338 199.000  28.000  10 -30    0 1065
339  56.000 116.000  10 -24    0 1097
340 147.000 178.000  10 -30    0 1168
341 207.000 237.000  10  -2    0 1092
342 220.000  66.000  10 -20  127  157
343  69.000  90.000  10  -2    0 1096
344 220.000  43.000  10  -6  435  465
345 260.000  64.000  10 -10    0 1057
346 144.000 100.000  10 -21   67   97
347  58.000 240.000  10 -20    0 1068
348 224.000  61.000  10 -30    0 1081
349  61.000 138.000  10 -23  643  673
350 165.000 113.000  10 -20    0 1157
351 143.000 101.000  10 -20    0 1147
352   3.000 205.000  10 -30    0 1040
353 109.000 105.000  10 -20    0 1136
354 106.000  71.000  10 -20  113  143
355  38.000 139.000  10 -12  337  367
356 289.000  79.000  10 -14  390  420
357 253.000  84.000  10 -10  405  435
358 105.000  81.000  10 -17    0 1114
359  50.000 285.000  10 -10  185  215
360  57.000 155.000  10 -20  102  132
361   1.000  81.000  10  -1  321  351
362  66.000 157.000  10 -16    0 1112
363 209.000 246.000  10 -17    0 1084
364 225.000 192.000  10 -22    0 1111
365 127.000 266.000  10 -20    0 1078
366 235.000 243.000  10 -20    0 1071
367 131.000 220.000  10 -20  121  151
368 232.000 240.000  10 -10    0 1075
369  59.000 113.000  10 -16  244  274
370 250.000 126.000  10 -19    0 1094
371 136.000  68.000  10 -11    0 1113
372  80.000 131.000  10 -20  334  364
373  37.000 126.000  10 -32    0 1081
374 235.000 241.000  10 -16    0 1072
375 169.000 173.000  10 -10    0 1167
376 141.000 137.000  10 -20    0 1181
377  26.000  27.000  10  -5  870  900
378 244.000  13.000  10 -20    0 1030
379 159.000 287.000  10 -10  397  427
380  67.000 175.000  10  -9    0 1110
381  75.000 191.000  10 -13   85  115
382  15.000 178.000  10 -10    0 1059
383 184.000 277.000  10 -10    0 1065
384  59.000  64.000  10 -16    0 1071
385 217.000  21.000  10  -9    0 1051
386 275.000 182.000  10 -10    0 1067
387   9.000 122.000  10 -15  216  246
388 213.000  68.000  10 -10    0 1093
389  81.000 223.000  10 -10  222  252
390 160.000  17.000  10 -14  340  370
391 202.000 292.000  10 -30  908  938
392 103.000  93.000  10 -20    0 1123
393 256.000 239.000  10 -10    0 1058
394 224.000  79.000  10 -30  112  142
395  52.000  63.000  10  -5  158  188
396 206.000 157.000  10 -20  911  941
397 222.000  73.000  10 -20  177  207
398 110.000 107.000  10 -20  172  202
399 115.000 196.000  10 -42    0 1139
400 108.000  80.000  10 -19    0 1115
401 272.000 183.000  10 -10  706  736
402 208.000 290.000  10 -10    0 1045
403  37.000 159.000  10 -20    0 1083
404 144.000 292.000  10 -10  187  217
405 274.000   6.000  10 -10    0 1006
406   6.000 168.000  10 -16  744  774
407 280.000 175.000  10 -11    0 1064
408 116.000 245.000  10 -31  577  607
409  18.000 184.000  10 -12    0 1060
410 102.000 173.000  10 -10    0 1143
411   9.000 145.000  10 -17    0 1055
412 207.000  20.000  10 -40  185  215
413 186.000 228.000  10  -7  413  443
414 247.000 132.000  10 -20  227  257
415 208.000 235.000  10 -21  823  853
416 111.000 110.000  10 -10    0 1141
417 156.000 182.000  10 -10    0 1164
418 108.000   3.000  10 -16  671  701
419 217.000  73.000  10 -20  215  245
420 275.000  97.000  10 -22    0 1061
421 141.000 286.000  10 -20    0 1060
422 110.000 262.000  10 -40  492  522
423 176.000  70.000  10 -12  672  702
424  16.000 204.000  10 -20  166  196
425  51.000 217.000  10 -10  269  299
426 190.000 181.000  10 -30  904  934
427 284.000 244.000  10 -25  736  766
428 215.000  68.000  10 -20    0 1092
429 100.000 138.000  10 -19  205  235
430 161.000 210.000  10 -21    0 1135
431  47.000 203.000  10 -36    0 1081
432  59.000 280.000  10 -20  261  291
433  80.000  86.000  10 -10  600  630
434 135.000 210.000  10 -20    0 1135
435 154.000  26.000  10 -20    0 1072
436 140.000 292.000  10 -10    0 1054
437 115.000 197.000  10 -10    0 1138
438 163.000 180.000  10 -20  100  130
439 254.000  87.000  10 -20 1045 1075
440 234.000 213.000  10 -20    0 1091
441 117.000 155.000  10 -22 1008 1038
442 144.000 173.000  10 -40  144  174
443 162.000 206.000  10 -10    0 1139
444  11.000 242.000  10 -12  517  547
445  71.000 154.000  10 -10  190  220
446 159.000 177.000  10 -30    0 1168
447   8.000   4.000  10 -22  203  233
448  83.000 236.000  10 -20    0 1087
449 255.000 132.000  10 -10    0 1090
450 112.000 272.000  10 -18    0 1069
451 225.000  73.000  10 -10    0 1089
452  64.000  53.000  10 -20  160  190
453 250.000 124.000  10 -22    0 1093
454  40.000   1.000  10 -38  449  479
455 260.000  58.000  10 -30    0 1053
456 172.000 225.000  10 -20  109  139
457 212.000 270.000  10 -20  592  622
458 246.000 166.000  10 -12  544  574
459 160.000 107.000  10 -14   71  101
460 112.000 199.000  10  -3    0 1134
461 286.000 175.000  10 -20    0 1058
462  64.000  59.000  10 -20    0 1071
463 186.000  26.000  10 -18  565  595
464  25.000 119.000  10 -16    0 1068
465 166.000 113.000  10 -20  137  167
466 109.000 299.000  10 -17  377  407
467 111.000  98.000  10 -22    0 1131
468 262.000  14.000  10 -36  698  728
469 280.000 172.000  10 -30    0 1065
470 277.000 101.000  10 -15    0 1060
471 170.000  93.000  10 -33    0 1136
472 167.000 176.000  10 -20   61   91
473  60.000  64.000  10 -10  197  227
474 278.000 176.000  10 -34    0 1066
475 236.000  66.000  10 -20  176  206
476 219.000 152.000  10  -8  959  989
477  12.000 270.000  10 -18  243  273
478  60.000 156.000  10  -2    0 1106
479 212.000  62.000  10 -21    0 1089
480  29.000   8.000  10 -16    0 1010
481 248.000  41.000  10 -17    0 1050
482  66.000  56.000  10 -20  201  231
483 112.000  43.000  10 -12  553  583
484 216.000  23.000  10 -20  197  227
485 288.000 127.000  10 -30  710  740
486  86.000 230.000  10 -20  102  132
487 281.000  68.000  10 -10    0 1042
488   4.000 149.000  10 -20    0 1050
489 228.000  41.000  10 -30    0 1062
490  65.000  68.000  10 -20  243  273
491 119.000 183.000  10 -10  567  597
492  63.000 155.000  10 -40    0 1109
493 158.000 140.000  10  -3    0 1184
494 119.000 104.000  10 -10    0 1141
495   3.000 119.000  10 -23    0 1046
496 145.000 184.000  10 -20   80  110
497 256.000  54.000  10  -4  149  179
498 213.000 119.000  10 -11    0 1126
499 242.000  73.000  10 -20    0 1077
500 139.000 110.000  10 -20    0 1155
501 285.000 283.000  10  -2    0 1007
502 209.000 269.000  10 -10  446  476
503 296.000 252.000  10 -23    0 1018
504 123.000  92.000  10 -10    0 1133
505 236.000  72.000  10 -12    0 1080
506 257.000 243.000  10 -10    0 1055
507 117.000 168.000  10 -16    0 1159
508 108.000 113.000  10 -19    0 1141
509 183.000 282.000  10 -18    0 1060
510 191.000 234.000  10 -20    0 1103
511  76.000 280.000  10 -10    0 1047
512 137.000 104.000  10 -30  139  169
513  34.000 150.000  10 -10  393  423
514 101.000 110.000  10 -20  128  158
515 129.000  98.000  10 -30    0 1140
516 165.000 182.000  10 -30    0 1161
517 145.000 183.000  10 -32   91  121
518 126.000 266.000  10  -8  494  524
519 283.000 144.000  10  -6    0 1063
520 161.000  22.000  10 -10    0 1068
521 234.000 146.000  10 -20  352  382
522 254.000 206.000  10 -15    0 1078
523 231.000  70.000  10 -30  144  174
524  12.000 198.000  10 -18    0 1050
525 252.000 128.000  10 -30  187  217
526  72.000 286.000  10 -17  402  432
527  17.000 209.000  10 -20    0 1051
528  96.000  86.000  10 -15    0 1113
529  57.000  68.000  10 -10    0 1073
530 128.000 155.000  10 -21    0 1174
531 136.000 104.000  10 -10  128  158
532 239.000 295.000  10 -12    0 1026
533  96.000 199.000  10 -11    0 1124
534 277.000 177.000  10 -20  235  265
535 163.000 200.000  10 -20  145  175
536 262.000  62.000  10 -27    0 1054
537 170.000 174.000  10 -15    0 1165
538  89.000  61.000  10  -9    0 1089
539  10.000 150.000  10 -10    0 1056
540 149.000 183.000  10 -30    0 1163
541 238.000 206.000  10 -20  573  603
542   5.000 189.000  10 -18    0 1046
543 165.000 204.000  10 -30   66   96
544 107.000  71.000  10 -20    0 1107
545 144.000 182.000  10 -10  103  133
546 209.000  84.000  10 -20  382  412
547 133.000 187.000  10 -27 1068 1098
548 160.000  24.000  10 -10    0 1070
549 161.000  26.000  10 -30    0 1072
550  15.000  52.000  10 -14  166  196
551 291.000 148.000  10 -11  636  666
552 224.000  77.000  10 -26    0 1093
553   1.000 272.000  10 -10  221  251
554 114.000 198.000  10 -17    0 1136
555 274.000  97.000  10 -24    0 1062
556 140.000 294.000  10 -20    0 1052
557 189.000 240.000  10 -10    0 1098
558  61.000  84.000  10 -29    0 1086
559 140.000 100.000  10 -10   91  121
560 113.000 188.000  10 -10  304  334
561   0.000 153.000  10 -20  215  245
562  15.000 209.000  10 -10    0 1049
563 167.000 193.000  10 -30    0 1150
564 124.000 174.000  10 -24   35   65
565 160.000 108.000  10 -20   60   90
566 200.000  26.000  10 -13  444  474
567  14.000 149.000  10 -10  136  166
568 236.000 108.000  10 -20  885  915
569  55.000  62.000  10 -10  172  202
570  88.000 110.000  10 -12    0 1123
571  45.000 190.000  10 -10    0 1084
572 224.000 229.000  10 -33  341  371
573 269.000 103.000  10 -40  219  249
574 156.000  57.000  10 -14    0 1103
575 223.000  74.000  10 -10    0 1091
576 162.000 250.000  10 -33    0 1096
577   9.000 144.000  10 -23    0 1055
578  57.000 123.000  10 -30    0 1100
579  14.000 204.000  10 -30  593  623
580 162.000 148.000  10 -10  750  780
581 227.000  80.000  10 -10    0 1092
582  30.000 226.000  10 -40  938  968
583 173.000  72.000  10 -20    0 1115
584 103.000   8.000  10 -20    0 1047
585 151.000  30.000  10 -20    0 1076
586 151.000 113.000  10 -20  346  376
587 264.000  35.000  10  -1  983 1013
588 132.000 146.000  10 -10   78  108
589 248.000 280.000  10 -16    0 1034
590  51.000   2.000  10 -32    0 1018
591 151.000 294.000  10 -10  160  190
592 265.000 197.000  10 -20  321  351
593 177.000 281.000  10 -16    0 1063
594 156.000  26.000  10 -10    0 1072
595 226.000 248.000  10 -10  853  883
596 161.000 112.000  10 -10    0 1157
597 201.000 175.000  10 -30  693  723
598 140.000 214.000  10 -30  614  644
599  64.000  55.000  10 -10  135  165
600 109.000  61.000  10 -20  397  427
601 127.000  77.000  10 -30    0 1120
602 271.000 101.000  10 -10  206  236
603 188.000 142.000  10  -5 1128 1158
604 106.000 243.000  10 -11    0 1094
605  72.000  89.000  10 -29  553  583
606 107.000  39.000  10  -9    0 1077
607 149.000  76.000  10 -10    0 1122
608 138.000 101.000  10 -20    0 1146
609 162.000 107.000  10 -30   83  113
610 108.000 109.000  10 -20  100  130
611 259.000 240.000  10 -26  256  286
612 110.000  31.000  10 -31    0 1071
613 256.000 286.000  10  -5    0 1024
614 296.000 211.000  10 -30    0 1038
615 289.000 130.000  10 -10  329  359
616 264.000  61.000  10 -10    0 1052
617  71.000 294.000  10 -10  566  596
618 246.000 133.000  10 -10    0 1099
619 224.000 138.000  10 -12  909  939
620 246.000 137.000  10 -10    0 1100
621 213.000  65.000  10 -20    0 1091
622 220.000 182.000  10 -19    0 1120
623 176.000  72.000  10 -12    0 1114
624  53.000 288.000  10 -30    0 1028
625 232.000 121.000  10 -17    0 1110
626 258.000 244.000  10 -30  213  243
627  85.000  75.000  10 -20  726  756
628 130.000  96.000  10 -10  111  141
629 150.000 150.000   0   0    0 1206
