315 315 1000 200 1000
  0 150.000 150.000   0   0    0 1206
  1 162.000 107.000  10  10   68  128
  2 125.000 103.000  10  20   53  113
  3 143.000 101.000  10  10   49  109
  4 230.000 128.000  10  21  365  425
  5  55.000  68.000  10  30  128  188
  6 159.000  41.000  10  11  291  351
  7   8.000   4.000  10  29  203  263
  8  57.000 155.000  10  20   93  153
  9 231.000 243.000   0  10  123  183
 10  84.000 231.000  10  21  530  590
 11 180.000 106.000  10  19   53  113
 12 240.000  73.000  10  20  118  178
 13  13.000 265.000  10  20  178  238
 14 134.000 147.000  10  20   75  135
 15 257.000  59.000  10  20  159  219
 16 234.000 146.000  10  38  337  397
 17 115.000 196.000  10  10   57  117
 18 105.000  81.000  10  20   82  142
 19 149.000 183.000  10  10   33   93
 20 159.000 300.000  10  15  150  210
 21  47.000 277.000  10  20  163  223
 22  14.000 149.000  10  10  136  196
 23 140.000 140.000  10  30   14   74
 24 222.000  83.000  10  20   98  158
 25  88.000 124.000  10   2   67  127
 26 250.000 124.000  10   4  118  178
 27 109.000 299.000  10  24  362  422
 28 208.000  47.000  10   6  118  178
 29 259.000  59.000  10  10  171  231
 30 150.000 104.000  10  21   54  114
 31  77.000 233.000  10  20  150  210
 32  57.000 125.000  10  23  196  256
 33 255.000 132.000  10  10  137  197
 34 165.000 113.000   0  20  133  193
 35 143.000 111.000  10  20   39   99
 36   8.000 263.000  10  30  181  241
 37  38.000 139.000  10  12  322  382
 38 277.000  41.000  10  14  329  389
 39 255.000  57.000  10  10  140  200
 40   9.000 122.000  10  19  201  261
 41  43.000 286.000  10  10  173  233
 42  60.000 160.000  10  20   90  150
 43 161.000  22.000  10  10  188  248
 44 122.000 127.000  10   1   36   96
 45  52.000  63.000  10  10  143  203
 46  53.000 141.000  10  16   97  157
 47 265.000 141.000  10  22  115  175
 48 250.000 126.000  10  20  184  244
 49 255.000 240.000  10  20  161  221
 50 114.000 204.000  10  20   88  148
 51 282.000 104.000  10  19  256  316
 52 169.000 173.000  10  10   29   89
 53 106.000 108.000  10  20   98  158
 54  15.000   2.000  10   5  384  444
 55 227.000  26.000  10  20  145  205
 56 141.000 286.000  10  10  228  288
 57  15.000 259.000  10   9  663  723
 58  93.000 165.000  10  13   58  118
 59 149.000 294.000  10  10  157  217
 60  73.000  81.000  10  15  541  601
 61 217.000  69.000  10  10  105  165
 62  85.000 224.000  10  10  193  253
 63 147.000  43.000  10  14  107  167
 64 143.000 288.000  10  30  186  246
 65 112.000 272.000  10  18  322  382
 66 140.000 143.000  10  20   12   72
 67  83.000 236.000  10  10  110  170
 68 256.000 239.000  10  10  172  232
 69 110.000 107.000  10  20  157  217
 70 125.000 136.000  10   5   28   88
 71 149.000  76.000  10  10  785  845
 72 211.000  61.000  10  20  153  213
 73 262.000  62.000  10  10  220  280
 74 227.000  80.000  10  30  104  164
 75 119.000 254.000   0  42  792  852
 76 122.000  96.000   0  19  132  192
 77 248.000 245.000  10  10  136  196
 78 181.000 297.000  10  10  150  210
 79  65.000  69.000  10  10  239  299
 80  16.000 151.000  10  20  134  194
 81 167.000 176.000  10  20   46  106
 82 149.000 282.000  10  10  132  192
 83 277.000 100.000  10  10  136  196
 84 223.000  23.000  10  10  146  206
 85 272.000 183.000  10  12  691  751
 86  25.000 119.000  10  17  153  213
 87 215.000  68.000  10  10  104  164
 88 113.000 202.000  10  10   76  136
 89 160.000  24.000  10  10  176  236
 90  51.000 217.000  10  36  254  314
 91  14.000 177.000  10  17  138  198
 92 225.000  22.000  10  40  148  208
 93 194.000 234.000  10   7   94  154
 94 259.000 126.000   0  20  154  214
 95 214.000 234.000  10  21  715  775
 96 216.000  23.000  10  10  182  242
 97 145.000 182.000  10  10   99  159
 98 132.000 146.000  10  20   63  123
 99 108.000   3.000   0  16  656  716
100 216.000  62.000  10  20  128  188
101 271.000 106.000   0  22  572  632
102 140.000 290.000  10  20  213  273
103  64.000  59.000  10  30  125  185
104  66.000 157.000  10  10  148  208
105 132.000 297.000  10  40  149  209
106 109.000 105.000  10  10  145  205
107  64.000  55.000  10  20  128  188
108 173.000  64.000   0  12  557  617
109  17.000 205.000  10  20  143  203
110 224.000 229.000  10  16  326  386
111  78.000 236.000  10  10  136  196
112 169.000 171.000  10  30   28   88
113 296.000 235.000   0  25  545  605
114 220.000  74.000   0  20  187  247
115 109.000 148.000  10  19   41  101
116 136.000 144.000  10  10   38   98
117 286.000 175.000  10  10  142  202
118 151.000  30.000  10  20  120  180
119 150.000 184.000  10  20   34   94
120  53.000 285.000  10  10  208  268
121 278.000 176.000  10  20  198  258
122 225.000 192.000  10  26  531  591
123 115.000 197.000  10  10  105  165
124 167.000 179.000  10  20   59  119
125 163.000 180.000  10  30   85  145
126 277.000 104.000  10  20  135  195
127 262.000 241.000  10  20  228  288
128 126.000 127.000  10  40   33   93
129  19.000 290.000  10  12  372  432
130 159.000 177.000  10  30  100  160
131  78.000 232.000   0  20  161  221
132 249.000 133.000  10  10  100  160
133 252.000 128.000  10  10  172  232
134  71.000 154.000  10  40  175  235
135 157.000 276.000  10  18  126  186
136 111.000  98.000  10  16  256  316
137  70.000  57.000  10  20  200  260
138 268.000 113.000  10  22  828  888
139  37.000 126.000  10  19  139  199
140 168.000 204.000  10  20   56  116
141  75.000 191.000  10  12   85  145
142  81.000 238.000  10  20  123  183
143 224.000  77.000  10  20  109  169
144 166.000 123.000  10  14   31   91
145 280.000 180.000  10  20  133  193
146 151.000 113.000   0   4  331  391
147 203.000  36.000  10  18  382  442
148 129.000  83.000   0  15  607  667
149  38.000  74.000  10  16  135  195
150 129.000  98.000  10  20  108  168
151  15.000 178.000  10   9  753  813
152 296.000 211.000  10  22  181  241
153  99.000  73.000  10  22   92  152
154 166.000 113.000  10  10  122  182
155 271.000   8.000  10  36  746  806
156 284.000 176.000   0  30  136  196
157 208.000 117.000  10  15   66  126
158 119.000 183.000   0   6  552  612
159 144.000 292.000  10  20  172  232
160 128.000 155.000  10  11   22   82
161 155.000  93.000  10  33  123  183
162 161.000 210.000  10  10   68  128
163  60.000  64.000  10  10  182  242
164 165.000 204.000  10  20   56  116
165 241.000  71.000   0  20  123  183
166 235.000 243.000  10  20  151  211
167  76.000 160.000  10   2   74  134
168 288.000 127.000  10  23  695  755
169 229.000  25.000  10  17  478  538
170 275.000 100.000  10  30  141  201
171 217.000  73.000  10  20  200  260
172  88.000 225.000  10  20   97  157
173 123.000  92.000  10  20   63  123
174 293.000  62.000  10  10  167  227
175  63.000  59.000  10  20  198  258
176  63.000 155.000   0  10  124  184
177 158.000 140.000  10   5   12   72
178  84.000 236.000  10  10  108  168
179 159.000 287.000  10  21  382  442
180  65.000  68.000  10  20  228  288
181  61.000 157.000  10  40  111  171
182 103.000  78.000  10  10   85  145
183 144.000 182.000  10  30   88  148
184 179.000 123.000  10   4   39   99
185 157.000  84.000  10  19   85  145
186  17.000 209.000  10  10  145  205
187 238.000 206.000  10  22  558  618
188 127.000 101.000  10  20   54  114
189 263.000 291.000  10   2  180  240
190 251.000 237.000  10  10  135  195
191 199.000  28.000   0  12  442  502
192 136.000 140.000  10  10   24   84
193 191.000  49.000  10  12  115  175
194 251.000 241.000  10  10  135  195
195 119.000 214.000   0  16  603  663
196 275.000 182.000  10  10  129  189
197   2.000 238.000  10  21  825  885
198 158.000 291.000  10  18  147  207
199 230.000 248.000  10  20  126  186
200  54.000 285.000  10  10  219  279
201 160.000 107.000  10  30   56  116
202 208.000 290.000  10  16  290  350
203 248.000 280.000  10  27  275  335
204 138.000 100.000  10  30   88  148
205   8.000 155.000  10  10  218  278
206 111.000 112.000  10  20   54  114
207 162.000 203.000  10  30   95  155
208 157.000  31.000  10  20  240  300
209 170.000 174.000  10  20   31   91
210 274.000  97.000  10  10  165  225
211  66.000  56.000  10  30  186  246
212 156.000  26.000  10  10  151  211
213 257.000 133.000  10  20  125  185
214 296.000 279.000  10  15  482  542
215 220.000  66.000  10  20  112  172
216   4.000 296.000  10  18  819  879
217  13.000 202.000  10  20  165  225
218  62.000  53.000  10  10  133  193
219 275.000  97.000  10  10  154  214
220 107.000 174.000  10  21   49  109
221 124.000 174.000  10  22   35   95
222   5.000 189.000  10   5  150  210
223 141.000 100.000  10  10   65  125
224 108.000 113.000  10  10   55  115
225 107.000  71.000  10  20  109  169
226 127.000 266.000  10  13  118  178
227 278.000 177.000  10  20  209  269
228 134.000 148.000  10  20   86  146
229 141.000 137.000  10  30   15   75
230 163.000 150.000  10  15   13   73
231  10.000 150.000  10  10  140  200
232 137.000 150.000   0  30  100  160
233 191.000 234.000  10   9   93  153
234 213.000 119.000  10  25  714  774
235 166.000 203.000  10  30   55  115
236 100.000  73.000  10  20   91  151
237  60.000 156.000  10  20  100  160
238 239.000  77.000  10  20  115  175
239  81.000 219.000   0  27  949 1009
240 155.000  28.000  10  10  127  187
241 235.000 241.000  10  30  186  246
242 291.000 148.000  10  11  621  681
243  64.000  53.000  10  30  145  205
244 168.000  42.000  10  26  618  678
245 289.000  79.000  10  19  375  435
246 236.000  66.000  10  30  161  221
247 233.000 245.000  10  10  139  199
248 144.000 100.000  10  20   52  112
249 260.000  64.000   0  23  418  478
250   7.000  31.000   0  29  778  838
251  96.000  86.000  10  12   83  143
252 141.000 102.000  10  10   48  108
253 170.000  93.000   0  39  461  521
254 148.000 157.000  10  24    7   67
255 159.000 110.000  10  20   41  101
256 229.000  40.000   0  13  224  284
257  67.000 161.000  10  10   83  143
258 131.000 220.000  10  23  106  166
259 112.000 199.000  10  20   62  122
260 258.000 247.000  10  40  211  271
261  59.000  67.000  10  10  123  183
262  26.000   0.000  10  12  480  540
263  45.000 190.000  10  35  430  490
264 143.000  67.000  10  14   83  143
265  29.000   8.000  10  24  736  796
266 152.000  29.000   0  10  884  944
267 176.000 235.000  10  33   88  148
268  61.000  70.000  10  30  119  179
269 168.000 108.000  10  10  106  166
270 211.000  66.000  10  10  190  250
271  11.000 207.000  10  40  180  240
272 131.000  95.000  10  20   84  144
273  86.000 230.000   0  20  102  162
274 133.000  99.000  10  20  122  182
275   9.000 145.000  10  30  156  216
276 140.000 292.000  10  10  201  261
277 134.000 146.000  10  10   51  111
278 149.000 285.000  10  10  135  195
279 257.000 137.000  10  20  111  171
280 177.000 281.000  10  16  411  471
281 117.000 168.000  10  14   37   97
282 162.000 250.000  10  24  181  241
283 153.000  28.000  10  10  122  182
284 176.000  70.000  10  18  657  717
285  50.000 285.000  10  10  170  230
286 246.000 133.000  10  30  223  283
287 236.000 248.000   0  10  130  190
288 217.000  21.000  10  30  170  230
289 161.000 112.000  10  10   39   99
290 155.000 180.000  10  30   30   90
291  65.000  56.000  10  10  126  186
292  76.000 280.000  10  27  470  530
293 271.000 101.000  10  10  191  251
294 136.000 241.000  10  11  357  417
295 107.000  39.000  10   9  326  386
296 106.000  77.000  10  10  150  210
297 103.000  93.000   0  13  551  611
298  81.000 223.000  10  40  207  267
299 113.000 114.000  10  20   51  111
300 162.000 206.000  10  30   82  142
301 203.000 183.000  10  26   62  122
302 113.000   4.000  10  31  276  336
303   9.000 144.000  10  40  167  227
304 253.000  57.000   0  10  138  198
305 296.000 252.000  10  18  774  834
306 114.000 198.000  10  20   60  120
307  11.000 265.000  10  10  180  240
308 246.000 137.000  10  10   96  156
309 238.000 103.000  10  16  707  767
310 290.000 219.000  10  19  172  232
311 153.000  61.000  10  12  244  304
312 276.000  66.000  10  17  151  211
313 236.000 240.000  10  30  175  235
314 244.000  13.000  10  10  708  768
315 145.000 183.000  10  10   76  136
316 167.000 105.000  10 -10   93  153
317 119.000 104.000  10 -20  177  237
318 140.000 100.000  10 -10   76  136
319 232.000 121.000  10 -21  562  622
320  69.000  90.000  10 -30  761  821
321 116.000  14.000  10 -11  639  699
322  12.000  10.000  10 -29  404  464
323   4.000 149.000  10 -20  184  244
324 231.000 243.000  10 -10  123  183
325  14.000 204.000  10 -21  578  638
326 283.000  65.000  10 -19  435  495
327 238.000  69.000  10 -20  147  207
328   8.000 265.000  10 -20  186  246
329 229.000 179.000  10 -20  227  287
330 274.000   6.000  10 -20  504  564
331 190.000 181.000  10 -38  889  949
332 112.000 201.000  10 -10   64  124
333 110.000  74.000  10 -20  123  183
334 176.000 263.000  10 -10  595  655
335 183.000 282.000  10 -15  427  487
336  71.000 294.000  10 -20  551  611
337  10.000 147.000  10 -10  144  204
338 108.000 109.000  10 -30   85  145
339 224.000  79.000  10 -20  102  162
340   1.000  81.000  10  -2  306  366
341 247.000 132.000  10  -4  212  272
342 103.000 260.000  10 -24  879  939
343 218.000  20.000  10  -6  159  219
344 256.000  54.000  10 -10  143  203
345 140.000 108.000  10 -21  139  199
346  11.000 242.000  10 -20  502  562
347  59.000 113.000  10 -23  229  289
348 289.000 130.000  10 -10  314  374
349 165.000 113.000  10 -20  133  193
350 170.000  53.000  10 -20  147  207
351  30.000 226.000  10 -30  923  983
352   3.000 119.000  10 -12  674  734
353 253.000  84.000  10 -14  390  450
354 257.000  58.000  10 -10  148  208
355   2.000  81.000  10 -19  249  309
356  52.000 288.000  10 -10  184  244
357  16.000 196.000  10 -20  245  305
358 161.000  26.000  10 -10  202  262
359 127.000  77.000  10  -1  815  875
360  61.000  84.000  10 -10  318  378
361  30.000 145.000  10 -16  832  892
362 265.000 197.000  10 -22  306  366
363 246.000 166.000  10 -20  529  589
364 259.000 240.000  10 -20  241  301
365  30.000 243.000  10 -20  271  331
366 254.000  87.000  10 -19 1015 1075
367 284.000 244.000  10 -10  721  781
368 101.000 110.000  10 -20  113  173
369  40.000   1.000  10  -5  434  494
370 186.000  26.000  10 -20  550  610
371 147.000 281.000  10 -10  258  318
372  33.000 231.000  10  -9  730  790
373  65.000 156.000  10 -13  136  196
374 140.000 294.000  10 -10  394  454
375  72.000  89.000  10 -15  538  598
376 221.000  70.000  10 -10  149  209
377  47.000 203.000  10 -10  655  715
378 154.000  31.000  10 -14  119  179
379 174.000 238.000  10 -30 1008 1068
380 110.000 262.000  10 -18  477  537
381 111.000 110.000  10 -20   62  122
382  55.000 285.000  10 -10  230  290
383 257.000 243.000  10 -10  186  246
384  94.000  93.000  10 -20  895  955
385  57.000 123.000  10  -5  150  210
386 159.000  89.000  10 -10  811  871
387 213.000  65.000  10 -20  177  237
388 264.000  61.000  10 -10  208  268
389 248.000  41.000  10 -30  454  514
390 119.000 254.000  10 -42  792  852
391 122.000  96.000  10 -19  132  192
392 254.000 240.000  10 -10  150  210
393 256.000 286.000  10 -10  779  839
394  80.000  86.000  10 -10  585  645
395   0.000 153.000  10 -20  200  260
396 168.000 176.000  10 -20   35   95
397 175.000 281.000  10 -10  625  685
398 277.000 101.000  10 -10  136  196
399 200.000  26.000  10 -10  429  489
400 241.000 183.000  10 -12  828  888
401  24.000  76.000  10 -17  482  542
402 222.000  73.000  10 -10  162  222
403  72.000 286.000  10 -10  387  447
404 160.000  17.000  10 -10  325  385
405  56.000 212.000  10 -36  458  518
406  87.000 183.000  10 -17  510  570
407 207.000  20.000  10 -40  170  230
408 189.000 240.000  10  -7   98  158
409 259.000 126.000  10 -20  154  214
410 208.000 235.000  10 -21  808  868
411 212.000  26.000  10 -10  208  268
412 106.000 243.000  10 -10  173  233
413 100.000 138.000  10 -20  190  250
414 108.000   3.000  10 -16  656  716
415 223.000  74.000  10 -20  174  234
416 271.000 106.000  10 -22  572  632
417 157.000 254.000  10 -20  501  561
418 113.000  62.000  10 -30  509  569
419 117.000 155.000  10 -10  993 1053
420 165.000 256.000  10 -40  572  632
421 129.000  77.000  10 -10  623  683
422  72.000  20.000  10 -20  669  729
423 173.000  64.000  10 -12  557  617
424  16.000 204.000  10 -20  151  211
425 199.000 213.000  10 -16  496  556
426  59.000 280.000  10 -10  246  306
427 208.000 208.000  10 -30   91  151
428 296.000 235.000  10 -25  545  605
429 220.000  74.000  10 -20  187  247
430  56.000 116.000  10 -19  215  275
431  69.000 134.000  10 -10  609  669
432 280.000 175.000  10 -10  158  218
433 154.000  26.000  10 -20  139  199
434 145.000 184.000  10 -20   65  125
435  92.000 241.000  10 -10  752  812
436 279.000 189.000  10 -20  579  639
437 203.000 166.000  10 -26  975 1035
438 113.000 188.000  10 -10  289  349
439 165.000 182.000  10 -20   72  132
440 156.000 182.000  10 -30  583  643
441 281.000  68.000  10 -20  492  552
442 266.000 212.000  10 -20  318  378
443  80.000 131.000  10 -40  319  379
444  12.000 275.000  10 -12  497  557
445 160.000 179.000  10 -30  765  825
446  78.000 232.000  10 -20  161  221
447 224.000 138.000  10 -10  894  954
448 250.000 130.000  10 -10  198  258
449  67.000 175.000  10 -40  261  321
450 148.000 288.000  10 -18  138  198
451 102.000  76.000  10 -16  828  888
452 131.000  78.000  10 -20  563  623
453 233.000 119.000  10 -22  923  983
454  43.000  62.000  10 -19  806  866
455 285.000 285.000  10 -20  686  746
456  12.000 270.000  10 -12  228  288
457  59.000 287.000  10 -20  481  541
458 231.000  70.000  10 -20  129  189
459 213.000  68.000  10 -14  103  163
460 299.000 153.000  10 -20  395  455
461 151.000 113.000  10  -4  331  391
462 212.000  45.000  10 -18  614  674
463 129.000  83.000  10 -15  607  667
464  15.000  52.000  10 -16  166  226
465 139.000 110.000  10 -20  844  904
466   6.000 168.000  10  -9  729  789
467 258.000 232.000  10 -22  259  319
468 120.000  60.000  10 -22  497  557
469 234.000 107.000  10 -10  323  383
470 264.000  35.000  10 -36  968 1028
471 284.000 176.000  10 -30  136  196
472 272.000  97.000  10 -15  177  237
473 119.000 183.000  10  -6  552  612
474 152.000 241.000  10 -20  656  716
475  10.000 198.000  10 -11  219  279
476 103.000   8.000  10 -33  667  727
477 172.000 225.000  10 -10   94  154
478  74.000 117.000  10 -10  789  849
479 163.000 200.000  10 -20  130  190
480 241.000  71.000  10 -20  123  183
481 232.000 240.000  10 -20  211  271
482  72.000 180.000  10  -2  357  417
483 188.000 142.000  10 -23 1098 1158
484 228.000  41.000  10 -17  797  857
485 290.000  37.000  10 -30  801  861
486 209.000  84.000  10 -20  367  427
487  27.000 255.000  10 -20  226  286
488  88.000 110.000  10 -20  619  679
489 260.000  58.000  10 -10  193  253
490 109.000  61.000  10 -20  382  442
491  63.000 155.000  10 -10  124  184
492 225.000  73.000  10  -5  504  564
493  53.000 288.000  10 -10  195  255
494 202.000 292.000  10 -21  893  953
495  82.000 100.000  10 -20  563  623
496  67.000 154.000  10 -40  161  221
497 106.000  71.000  10 -10   98  158
498 147.000 178.000  10 -30  113  173
499 240.000  71.000  10  -4  134  194
500  34.000   5.000  10 -19  720  780
501  18.000 206.000  10 -10  143  203
502 254.000 206.000  10 -22  606  666
503 108.000  80.000  10 -20  163  223
504 209.000 246.000  10  -2  359  419
505 275.000 263.000  10 -10  168  228
506 199.000  28.000  10 -12  442  502
507 107.000 103.000  10 -10  132  192
508 216.000  25.000  10 -12  194  254
509 252.000 219.000  10 -10  286  346
510 119.000 214.000  10 -16  603  663
511 206.000 157.000  10 -10  896  956
512  15.000 209.000  10 -21  867  927
513 212.000 270.000  10 -18  577  637
514 216.000 203.000  10 -20  526  586
515  97.000 232.000  10 -10  918  978
516 166.000 105.000  10 -30   82  142
517 209.000 269.000  10 -16  431  491
518 207.000 237.000  10 -27  473  533
519 136.000 104.000  10 -30  113  173
520  18.000 184.000  10 -10  356  416
521 109.000 110.000  10 -20   74  134
522 163.000 202.000  10 -30  106  166
523 158.000  27.000  10 -20  226  286
524 234.000 213.000  10 -20  127  187
525 266.000 104.000  10 -10  217  277
526  89.000  61.000  10 -30  238  298
527 160.000  27.000  10 -10  214  274
528 283.000 144.000  10 -20  133  193
529 285.000 283.000  10 -15  539  599
530 213.000  61.000  10 -20  141  201
531  96.000 199.000  10 -18 1004 1064
532   3.000 205.000  10 -20  199  259
533  65.000  49.000  10 -10  159  219
534 269.000 103.000  10 -10  204  264
535 102.000 173.000  10 -21   53  113
536 157.000 221.000  10 -22  396  456
537  12.000 198.000  10  -5  231  291
538 138.000 101.000  10 -10   99  159
539  64.000  91.000  10 -10  104  164
540 110.000  79.000  10 -20  175  235
541 151.000 294.000  10 -13  145  205
542 277.000 177.000  10 -20  220  280
543 220.000 182.000  10 -20  598  658
544 130.000  96.000  10 -30   96  156
545 250.000 134.000  10 -15  101  161
546  11.000 191.000  10 -10  711  771
547 137.000 150.000  10 -30  100  160
548 184.000 277.000  10  -9  187  247
549 162.000 148.000  10 -25  735  795
550 167.000 193.000  10 -30 1008 1068
551 110.000  76.000  10 -20  135  195
552  37.000 159.000  10 -20  113  173
553 242.000  73.000  10 -20  119  179
554  81.000 219.000  10 -27  949 1009
555 157.000  25.000  10 -10  163  223
556 233.000 242.000  10 -30  198  258
557 280.000 158.000  10 -11  633  693
558  66.000  54.000  10 -30  174  234
559 156.000  57.000  10 -26  666  726
560 300.000  44.000  10 -19  742  802
561 236.000  72.000  10 -30  177  237
562 235.000 242.000  10 -10  162  222
563 137.000 104.000  10 -20  124  184
564 260.000  64.000  10 -23  418  478
565   7.000  31.000  10 -29  778  838
566  55.000  62.000  10 -12  157  217
567 176.000  72.000  10 -10  559  619
568 170.000  93.000  10 -39  461  521
569 147.000 185.000  10 -24   53  113
570 160.000 108.000  10 -20   45  105
571 229.000  40.000  10 -13  224  284
572   5.000 195.000  10 -10  171  231
573 108.000 298.000  10 -23  865  925
574 135.000 210.000  10 -20  887  947
575 258.000 244.000  10 -40  198  258
576  59.000  64.000  10 -10  171  231
577  85.000  75.000  10 -12  711  771
578 125.000 168.000  10 -35  852  912
579 212.000  62.000  10 -14  164  224
580  26.000  27.000  10 -24  855  915
581 152.000  29.000  10 -10  884  944
582 116.000 245.000  10 -33  562  622
583  57.000  68.000  10 -30  123  183
584 206.000 121.000  10 -10  731  791
585 224.000  61.000  10 -10  458  518
586  25.000 191.000  10 -40  215  275
587 128.000  94.000  10 -20   71  131
588  86.000 230.000  10 -20  102  162
589 130.000 102.000  10 -20  136  196
590  34.000 150.000  10 -30  378  438
591 126.000 266.000  10 -10  479  539
592  61.000 138.000  10 -10  628  688
593 147.000 285.000  10 -10  244  304
594 277.000 172.000  10 -20  184  244
595 239.000 295.000  10 -16  737  797
596  69.000 208.000  10 -14  567  627
597 135.000 251.000  10 -24  469  529
598 110.000  31.000  10 -10  348  408
599 173.000  72.000  10 -18  671  731
600  58.000 240.000  10 -10  759  819
601 201.000 175.000  10 -30  678  738
602 236.000 248.000  10 -10  130  190
603 220.000  43.000  10 -30  420  480
604 160.000 111.000  10 -10   40  100
605 149.000 186.000  10 -30   41  101
606  51.000   2.000  10 -10  202  262
607 133.000 187.000  10 -27 1053 1113
608 205.000 130.000  10 -10  924  984
609 116.000 240.000  10 -11  510  570
610 136.000  68.000  10  -9  579  639
611  62.000  65.000  10 -10  214  274
612 103.000  93.000  10 -13  551  611
613  85.000 228.000  10 -40  179  239
614  93.000 117.000  10 -20  335  395
615 164.000 202.000  10 -30  117  177
616 280.000 172.000  10 -26  171  231
617 112.000  43.000  10 -31  538  598
618  28.000 141.000  10 -40  630  690
619 253.000  57.000  10 -10  138  198
620 226.000 248.000  10 -18  838  898
621 140.000 214.000  10 -20  599  659
622   1.000 272.000  10 -10  206  266
623 219.000 152.000  10 -10  944 1004
624 236.000 108.000  10 -16  870  930
625 250.000 228.000  10 -19  762  822
626 172.000   2.000  10 -12  587  647
627 259.000  58.000  10 -17  182  242
628 186.000 228.000  10 -30  398  458
629 262.000  14.000  10 -10  683  743
630 144.000 173.000  10 -10  129  189
631 150.000 150.000   0   0    0 1206
