317 317 1000 200 1000
  0 150.000 150.000   0   0    0 1206
  1 162.000 107.000  10  10   83  113
  2 199.000 213.000  10  13  511  541
  3 125.000 103.000  10  20   53   83
  4   8.000   4.000  10  29  203  233
  5 257.000  58.000  10  10  163  193
  6  57.000 155.000  10  20  102  132
  7  89.000  61.000   0  14    0 1089
  8  84.000 231.000  10  21    0 1092
  9  13.000 265.000  10  20    0 1018
 10 134.000 147.000  10  20    0 1180
 11 257.000  59.000  10  20  174  204
 12 160.000 108.000  10  10    0 1153
 13  27.000 255.000  10   5    0 1035
 14 234.000 146.000   0  38    0 1112
 15  69.000 208.000  10  17    0 1097
 16 250.000 228.000  10  22    0 1070
 17 159.000  89.000   0  22    0 1135
 18 105.000  81.000  10  20    0 1114
 19 159.000 300.000  10  15    0 1046
 20  47.000 277.000  10  20  163  193
 21  14.000 149.000  10  10  136  166
 22  74.000 117.000  10  24    0 1114
 23 140.000 140.000  10  30    0 1182
 24 152.000 241.000  10   2    0 1105
 25 222.000  83.000  10  20   98  128
 26  88.000 124.000  10   2    0 1129
 27 258.000 244.000  10  10  213  243
 28 212.000  62.000  10  20    0 1089
 29  77.000 233.000  10  20  165  195
 30  57.000 125.000  10  23    0 1100
 31 255.000 132.000  10  10    0 1090
 32  18.000 184.000  10  24    0 1060
 33 165.000 113.000  10  20    0 1157
 34 143.000 111.000  10  20    0 1157
 35 109.000 110.000  10  20    0 1139
 36 106.000  71.000   0  20  113  143
 37 259.000 240.000  10  10  256  286
 38 255.000  57.000  10  10    0 1056
 39   9.000 122.000  10  19    0 1053
 40 102.000  76.000  10  17  843  873
 41 172.000 225.000  10  13  109  139
 42 161.000  22.000  10  10    0 1068
 43  88.000 110.000  10   1    0 1123
 44  52.000  63.000  10  10    0 1065
 45  53.000 141.000  10  16    0 1099
 46 147.000 281.000  10  20    0 1065
 47 255.000 240.000  10  20    0 1058
 48  59.000  64.000  10  10    0 1071
 49 235.000 242.000  10  10    0 1071
 50  34.000 150.000  10  15  393  423
 51 140.000 214.000  10  24  614  644
 52  59.000 113.000   0  16  244  274
 53 282.000 104.000  10  19    0 1057
 54 145.000 184.000  10  10   80  110
 55  96.000 199.000  10  16    0 1124
 56  67.000 154.000   0  20    0 1113
 57 208.000 208.000  10  16    0 1114
 58 169.000 173.000  10  10    0 1167
 59 227.000  26.000  10  20    0 1051
 60 231.000  70.000  10  10  144  174
 61 242.000  73.000  10  20    0 1077
 62  15.000 259.000   0   9  678  708
 63 149.000 294.000  10  10    0 1052
 64 256.000 286.000  10  31    0 1024
 65 172.000   2.000   0   9  602  632
 66 217.000  69.000  10  10  113  143
 67 147.000  43.000  10  14  107  137
 68 112.000 272.000  10  18    0 1069
 69 200.000  26.000  10  10  444  474
 70  53.000 288.000  10  20    0 1028
 71 110.000 107.000  10  20    0 1138
 72 203.000 166.000  10  20    0 1141
 73 107.000 103.000  10  20    0 1133
 74 262.000  62.000  10  10    0 1054
 75 119.000 254.000  10  42    0 1088
 76 248.000 245.000  10  10    0 1060
 77  65.000  69.000  10  10    0 1079
 78 167.000 176.000  10  20    0 1165
 79 280.000 172.000  10  10    0 1065
 80 285.000 285.000  10  13    0 1006
 81 223.000  23.000  10  10  158  188
 82  11.000 191.000  10  12    0 1052
 83 215.000  68.000  10  10    0 1092
 84 160.000  24.000  10  10    0 1070
 85  51.000 217.000  10  36  269  299
 86  14.000 177.000   0  17    0 1058
 87 225.000  22.000  10  40    0 1048
 88 194.000 234.000  10   7   94  124
 89 259.000 126.000  10  20  169  199
 90  30.000 243.000  10   6    0 1045
 91 186.000 228.000  10   5  413  443
 92 271.000 106.000  10  22    0 1068
 93 140.000 290.000   0  20    0 1056
 94  64.000  59.000  10  30    0 1071
 95 206.000 157.000   0   6  911  941
 96  66.000 157.000  10  10    0 1112
 97 132.000 297.000  10  40  164  194
 98 173.000  64.000  10  12    0 1107
 99  17.000 205.000  10  20  155  185
100 224.000 229.000   0  16  341  371
101 274.000   6.000  10  41    0 1006
102 207.000 237.000  10  11    0 1092
103 109.000 148.000  10  19   41   71
104 265.000 197.000  10  15    0 1072
105 174.000 238.000  10  21    0 1105
106  69.000  90.000  10  23    0 1096
107  33.000 231.000  10  36  745  775
108 286.000 175.000  10  10    0 1058
109 151.000  30.000  10  20    0 1076
110 150.000 184.000  10  20    0 1162
111 131.000  78.000  10   8  578  608
112  53.000 285.000  10  10  223  253
113 278.000 176.000  10  20    0 1066
114 225.000 192.000  10  26    0 1111
115 115.000 197.000  10  10    0 1138
116 167.000 179.000   0  20    0 1163
117 277.000 104.000   0  20    0 1061
118 262.000 241.000  10  20    0 1052
119 162.000 148.000  10  25  750  780
120 159.000 177.000  10  30    0 1168
121  12.000  10.000  10  22    0 1000
122  67.000 175.000   0   3    0 1110
123  78.000 232.000  10  20    0 1087
124 201.000 175.000  10  10  693  723
125 249.000 133.000   0  10    0 1096
126  71.000 154.000  10  40    0 1117
127 157.000 276.000  10  18  126  156
128 111.000  98.000  10  16    0 1131
129 221.000  70.000  10  10    0 1090
130  70.000  57.000   0  20    0 1074
131 268.000 113.000  10  22    0 1073
132  40.000   1.000  10  38    0 1011
133 168.000 204.000  10  20   56   86
134  26.000  27.000  10  16  870  900
135  12.000 270.000  10  20  243  273
136 140.000 294.000  10  18    0 1052
137 224.000  77.000  10  20    0 1093
138 166.000 123.000  10  14    0 1165
139 280.000 180.000  10  20    0 1063
140  65.000  49.000  10  20    0 1064
141 203.000  36.000  10  18  397  427
142 129.000  83.000  10  15    0 1126
143  38.000  74.000  10  16  150  180
144 129.000  98.000  10  20    0 1140
145 236.000  72.000  10  20    0 1080
146  99.000  73.000  10  22    0 1104
147 166.000 113.000  10  10  137  167
148 271.000   8.000  10  36    0 1010
149 208.000 117.000  10  15    0 1130
150 119.000 183.000   0   6    0 1151
151 246.000 166.000  10  18    0 1099
152 144.000 292.000  10  20  187  217
153 113.000 188.000  10  11    0 1143
154 155.000  93.000  10  33    0 1139
155 161.000 210.000  10  10    0 1135
156  60.000  64.000  10  10  197  227
157 165.000 204.000   0  20   66   96
158  57.000  68.000  10  10    0 1073
159 219.000 152.000  10   8    0 1127
160  72.000  89.000  10  13    0 1097
161  85.000  75.000  10  18    0 1097
162 235.000 243.000  10  20    0 1071
163  12.000 275.000  10  18    0 1010
164 170.000  53.000  10  21    0 1097
165 288.000 127.000  10  23  710  740
166 103.000   8.000  10  16    0 1047
167  12.000 198.000  10  10    0 1050
168  66.000  54.000  10  20    0 1069
169 120.000  60.000  10  12    0 1102
170 218.000  20.000  10  20  174  204
171 226.000 248.000  10  17  853  883
172 275.000 100.000  10  30  156  186
173 123.000  92.000  10  20    0 1133
174   4.000 149.000  10  20    0 1050
175 216.000  25.000  10  30    0 1055
176  63.000 155.000  10  10    0 1109
177 158.000 140.000  10   5    0 1184
178 159.000 287.000  10  21    0 1059
179 285.000 283.000  10  22    0 1007
180  61.000 157.000  10  40    0 1107
181 300.000  44.000  10   3    0 1013
182 103.000  78.000  10  10    0 1111
183  24.000  76.000   0  23  497  527
184 165.000 182.000  10  10    0 1161
185 179.000 123.000  10   4    0 1157
186 281.000  68.000  10  23    0 1042
187 251.000 237.000   0  10    0 1063
188 108.000 109.000  10  20  100  130
189   3.000 119.000  10   8    0 1046
190 136.000 140.000  10  10   39   69
191 119.000 214.000  10  16    0 1125
192 275.000 182.000  10  10    0 1067
193   2.000 238.000  10  21    0 1024
194 158.000 291.000  10  18  162  192
195 230.000 248.000  10  20    0 1070
196 207.000  20.000  10  13    0 1055
197 160.000 107.000  10  30   71  101
198  59.000 280.000  10  20    0 1038
199 248.000 280.000  10  27    0 1034
200 138.000 100.000  10  30    0 1145
201 111.000 112.000  10  20   54   84
202 162.000 203.000  10  30    0 1142
203 160.000 179.000  10  32    0 1166
204  16.000 204.000  10  10  166  196
205 239.000 295.000  10  11    0 1026
206 277.000 101.000  10  20    0 1060
207 283.000 144.000   0   6    0 1063
208 156.000 182.000  10  20    0 1164
209 158.000  27.000  10  10    0 1073
210 156.000  26.000  10  10    0 1072
211 264.000  61.000  10  20    0 1052
212 220.000  66.000  10  20  127  157
213 240.000  71.000  10  30  149  179
214 112.000  43.000  10  42    0 1083
215 250.000 134.000  10  30    0 1095
216  59.000 287.000  10  17    0 1032
217  93.000 117.000  10  15    0 1131
218 275.000  97.000  10  10    0 1061
219 206.000 121.000   0  10    0 1133
220 107.000 174.000  10  21    0 1147
221 224.000  61.000   0  22    0 1081
222 124.000 174.000  10  22   35   65
223 112.000 201.000  10  20    0 1133
224   5.000 189.000  10   5    0 1046
225 165.000 256.000   0  12  587  617
226  97.000 232.000  10  11    0 1099
227 127.000 266.000  10  13    0 1078
228  14.000 204.000  10  19  593  623
229 278.000 177.000  10  20    0 1066
230 163.000 150.000  10  15   13   43
231 213.000  68.000  10  10    0 1093
232 113.000  62.000   0   9    0 1101
233 100.000 138.000  10  24  205  235
234  10.000 150.000  10  10    0 1056
235 137.000 150.000   0  30    0 1183
236 258.000 232.000  10  20    0 1061
237 100.000  73.000  10  20   97  127
238 239.000  77.000  10  20    0 1081
239 163.000 202.000  10  20    0 1143
240  81.000 219.000  10  27    0 1099
241 160.000  27.000   0  30  229  259
242  64.000  53.000  10  30    0 1067
243 168.000  42.000  10  26    0 1087
244 183.000 282.000  10  42    0 1060
245   1.000 272.000  10  10    0 1004
246  87.000 183.000  10  17    0 1125
247 264.000  35.000  10  25    0 1035
248 233.000 245.000  10  10    0 1070
249 144.000 100.000  10  20    0 1146
250 130.000  96.000   0  20  111  141
251   7.000  31.000  10  29    0 1010
252  96.000  86.000  10  12    0 1113
253 141.000 102.000  10  10    0 1148
254 170.000  93.000  10  39    0 1136
255  10.000 147.000  10  20  159  189
256  18.000 206.000  10  10    0 1053
257 164.000 202.000  10  30    0 1143
258 148.000 157.000   0  24    0 1189
259 159.000 110.000  10  20    0 1155
260 229.000  40.000   0  13    0 1061
261  67.000 161.000  10  10   83  113
262 131.000 220.000  10  23    0 1124
263 238.000  69.000  10  20    0 1077
264  59.000  67.000  10  10  123  153
265 151.000 294.000  10  20    0 1052
266  26.000   0.000   0  12    0 1002
267  56.000 212.000  10  10    0 1084
268 148.000 288.000  10  30    0 1058
269 152.000  29.000  10  10    0 1075
270  30.000 145.000  10  23    0 1076
271  61.000  70.000  10  30    0 1077
272  15.000 209.000  10  25    0 1049
273 131.000  95.000  10  20   99  129
274 154.000  31.000  10  20  119  149
275  86.000 230.000  10  20    0 1094
276 133.000  99.000  10  20    0 1143
277   9.000 145.000  10  30    0 1055
278 134.000 146.000  10  10   66   96
279 149.000 285.000  10  10    0 1061
280 225.000  73.000  10   9    0 1089
281 156.000  57.000  10  27    0 1103
282 177.000 281.000  10  16    0 1063
283 117.000 168.000  10  14    0 1159
284 116.000 245.000  10  37    0 1096
285 153.000  28.000  10  10  130  160
286 140.000 100.000  10  20    0 1146
287 236.000 248.000  10  10    0 1066
288 161.000 112.000  10  10    0 1157
289 127.000  77.000  10  11    0 1120
290 155.000 180.000  10  30   30   60
291 130.000 102.000  10  20    0 1144
292 110.000  76.000  10  30  150  180
293 271.000 101.000  10  10    0 1066
294 216.000 203.000  10   5    0 1112
295 103.000  93.000  10  13    0 1123
296  81.000 223.000  10  40    0 1096
297 113.000 114.000  10  20    0 1145
298 162.000 206.000  10  30    0 1139
299 176.000 263.000  10   5    0 1081
300 279.000 189.000  10  30    0 1062
301 253.000  57.000  10  10    0 1058
302 220.000  43.000  10  28    0 1069
303  11.000 265.000  10  10    0 1016
304 250.000 130.000  10  10    0 1095
305 299.000 153.000  10  12    0 1047
306 133.000 187.000   0  16    0 1156
307 246.000 137.000  10  10    0 1100
308 220.000 182.000  10  13    0 1120
309 213.000  61.000  10  20    0 1087
310 290.000 219.000   0  19    0 1040
311 153.000  61.000  10  12    0 1107
312  55.000 285.000  10  30    0 1031
313 244.000  13.000  10  10    0 1030
314 163.000 200.000  10  10  145  175
315  62.000  65.000  10  20    0 1074
316 145.000 183.000  10  10   91  121
317 140.000 108.000  10  10    0 1153
318 180.000 106.000  10 -10    0 1143
319 241.000 183.000  10 -13    0 1100
320 127.000 101.000  10 -20    0 1142
321 125.000 136.000  10 -29    0 1168
322 259.000  58.000  10 -10    0 1054
323  37.000 126.000  10 -20    0 1081
324  89.000  61.000  10 -14    0 1089
325  78.000 236.000  10 -21  151  181
326   8.000 263.000  10 -20    0 1015
327 134.000 148.000  10 -20    0 1180
328 260.000  58.000  10 -20    0 1053
329 188.000 142.000  10 -10 1128 1158
330   4.000 296.000  10  -5    0  990
331 234.000 146.000  10 -38    0 1112
332  30.000 226.000  10 -17  938  968
333 238.000 206.000  10 -22  573  603
334 159.000  89.000  10 -22    0 1135
335 106.000  77.000  10 -20    0 1111
336 208.000 290.000  10 -15    0 1045
337  50.000 285.000  10 -20    0 1028
338   0.000 153.000  10 -10    0 1046
339  80.000 131.000  10 -24    0 1124
340 128.000  94.000  10 -30    0 1136
341 141.000 286.000  10  -2    0 1060
342 223.000  74.000  10 -20    0 1091
343  56.000 116.000  10  -2    0 1097
344 257.000 243.000  10 -10    0 1055
345 238.000 103.000  10 -20  722  752
346  81.000 238.000  10 -20    0 1085
347  61.000 138.000  10 -23  643  673
348 250.000 126.000  10 -10    0 1094
349  16.000 151.000  10 -24    0 1062
350 140.000 143.000  10 -20    0 1184
351 137.000 104.000  10 -20    0 1149
352 106.000 108.000  10 -20    0 1136
353 106.000  71.000  10 -20  113  143
354 234.000 213.000  10 -10    0 1091
355 256.000  54.000  10 -10    0 1053
356  73.000  81.000  10 -19    0 1093
357 119.000 104.000  10 -17    0 1141
358 191.000 234.000  10 -13    0 1103
359 216.000  23.000  10 -10    0 1053
360  15.000  52.000  10  -1  166  196
361  29.000   8.000  10 -10    0 1010
362  25.000 119.000  10 -16    0 1068
363 149.000 282.000  10 -20    0 1064
364 256.000 239.000  10 -20    0 1058
365  65.000  56.000  10 -10    0 1070
366 236.000 240.000  10 -10    0 1072
367  60.000 156.000  10 -15    0 1106
368 149.000 183.000  10 -24    0 1163
369  59.000 113.000  10 -16  244  274
370 234.000 107.000  10 -19    0 1102
371 145.000 182.000  10 -10    0 1164
372 112.000 199.000  10 -16    0 1134
373  67.000 154.000  10 -20    0 1113
374 233.000 119.000  10 -16  938  968
375 169.000 171.000  10 -10    0 1168
376 212.000  26.000  10 -20    0 1058
377 241.000  71.000  10 -10    0 1076
378 260.000  64.000  10 -20    0 1057
379  15.000 259.000  10  -9  678  708
380 108.000 298.000  10 -10    0 1043
381 263.000 291.000  10 -31    0 1016
382 172.000   2.000  10  -9  602  632
383 209.000  84.000  10 -10  382  412
384 159.000  41.000  10 -14    0 1087
385 110.000 262.000  10 -18  492  522
386 186.000  26.000  10 -10  565  595
387  72.000 286.000  10 -20  402  432
388  80.000  86.000  10 -20  600  630
389 203.000 183.000  10 -20    0 1134
390 108.000 113.000  10 -20    0 1141
391 289.000  79.000  10 -10    0 1040
392 103.000 260.000  10 -42  894  924
393 252.000 219.000  10 -10    0 1073
394  65.000  68.000  10 -10  243  273
395 163.000 180.000  10 -20    0 1164
396 277.000 172.000  10 -10    0 1068
397 296.000 279.000  10 -13  497  527
398 277.000  41.000  10 -10    0 1029
399  15.000 178.000  10 -12    0 1059
400 220.000  74.000  10 -10  202  232
401 160.000  17.000  10 -10  340  370
402  58.000 240.000  10 -36    0 1068
403  14.000 177.000  10 -17    0 1058
404 208.000  47.000  10 -40    0 1078
405 231.000 243.000  10  -7  123  153
406 247.000 132.000  10 -20  227  257
407   3.000 205.000  10  -6    0 1040
408 208.000 235.000  10  -5  823  853
409 272.000  97.000  10 -22  192  222
410 140.000 290.000  10 -20    0 1056
411  64.000  55.000  10 -30    0 1068
412 206.000 157.000  10  -6  911  941
413  60.000 160.000  10 -10    0 1106
414 140.000 292.000  10 -40    0 1054
415 176.000  72.000  10 -12    0 1114
416  11.000 207.000  10 -20  195  225
417 224.000 229.000  10 -16  341  371
418 254.000  87.000  10 -41 1045 1075
419 235.000 241.000  10 -11    0 1072
420  93.000 165.000  10 -19    0 1138
421 289.000 130.000  10 -15    0 1056
422 176.000 235.000  10 -21    0 1108
423 101.000 110.000  10 -23    0 1133
424  45.000 190.000  10 -36    0 1084
425 284.000 176.000  10 -10    0 1060
426 157.000  25.000  10 -20    0 1071
427 144.000 173.000  10 -20  144  174
428 113.000   4.000  10  -8    0 1046
429  54.000 285.000  10 -10    0 1031
430 280.000 175.000  10 -20    0 1064
431 229.000 179.000  10 -26    0 1112
432 114.000 198.000  10 -10    0 1136
433 167.000 179.000  10 -20    0 1163
434 277.000 104.000  10 -20    0 1061
435 275.000 263.000  10 -20  168  198
436 132.000 146.000  10 -25    0 1178
437 149.000 186.000  10 -30   56   86
438  15.000   2.000  10 -22    0  996
439  67.000 175.000  10  -3    0 1110
440  84.000 236.000  10 -20    0 1088
441 168.000 176.000  10 -10    0 1165
442 249.000 133.000  10 -10    0 1096
443  65.000 156.000  10 -40    0 1111
444 147.000 285.000  10 -18  259  289
445  62.000  53.000  10 -16    0 1066
446 222.000  73.000  10 -10  177  207
447  70.000  57.000  10 -20    0 1074
448 277.000 100.000  10 -22    0 1060
449  34.000   5.000  10 -38    0 1011
450 189.000 240.000  10 -20    0 1098
451  55.000  62.000  10 -16    0 1067
452   8.000 265.000  10 -20    0 1014
453  76.000 280.000  10 -18    0 1047
454 224.000  79.000  10 -20    0 1094
455 167.000 105.000  10 -14    0 1148
456 296.000 211.000  10 -20    0 1038
457  72.000  20.000  10 -20  684  714
458 173.000  72.000  10 -18    0 1115
459 110.000  31.000  10 -15    0 1071
460   2.000  81.000  10 -16    0 1033
461 122.000  96.000  10 -20  147  177
462 232.000 121.000  10 -20    0 1110
463 107.000  71.000  10 -22    0 1107
464 166.000 105.000  10 -10    0 1149
465 290.000  37.000  10 -36    0 1017
466 205.000 130.000  10 -15  939  969
467 119.000 183.000  10  -6    0 1151
468 230.000 128.000  10 -18    0 1114
469 109.000 299.000  10 -20  377  407
470  85.000 228.000  10 -11    0 1095
471 150.000 104.000  10 -33    0 1150
472 157.000 254.000  10 -10    0 1092
473  63.000  59.000  10 -10  213  243
474 165.000 204.000  10 -20   66   96
475  55.000  68.000  10 -10  143  173
476 257.000 133.000  10  -8    0 1088
477 122.000 127.000  10 -13    0 1160
478  61.000  84.000  10 -18    0 1086
479 233.000 242.000  10 -20    0 1073
480  19.000 290.000  10 -18    0 1005
481 211.000  66.000  10 -21    0 1093
482 265.000 141.000  10 -23    0 1081
483 107.000  39.000  10 -16    0 1077
484  10.000 198.000  10 -10    0 1048
485  51.000   2.000  10 -20    0 1018
486 108.000   3.000  10 -12    0 1044
487 199.000  28.000  10 -20    0 1065
488 266.000 212.000  10 -17    0 1065
489 266.000 104.000  10 -30    0 1072
490 136.000  68.000  10 -20    0 1113
491  76.000 160.000  10 -20    0 1122
492 217.000  21.000  10 -30    0 1051
493  38.000 139.000  10 -10  337  367
494 217.000  73.000  10  -5    0 1094
495 175.000 281.000  10 -21    0 1063
496 296.000 252.000  10 -22    0 1018
497  72.000 180.000  10 -40    0 1113
498 253.000  84.000  10  -3    0 1074
499 110.000  74.000  10 -10  138  168
500  24.000  76.000  10 -23  497  527
501 170.000 174.000  10 -10    0 1165
502 259.000  59.000  10  -4    0 1055
503 283.000  65.000  10 -23    0 1039
504 251.000 237.000  10 -10    0 1063
505 128.000 155.000  10 -20    0 1174
506  43.000  62.000  10  -8    0 1058
507 126.000 127.000  10 -10    0 1163
508 147.000 178.000  10 -16    0 1168
509 277.000 177.000  10 -10  235  265
510   5.000 195.000  10 -21    0 1045
511 212.000 270.000  10 -18  592  622
512 251.000 241.000  10 -20    0 1061
513 229.000  25.000  10 -13    0 1049
514 168.000 108.000  10 -30  121  151
515  52.000 288.000  10 -20    0 1027
516 284.000 244.000  10 -27  736  766
517 138.000 101.000  10 -30    0 1146
518 111.000 110.000  10 -20    0 1141
519 136.000 241.000  10 -30    0 1104
520 214.000 234.000  10 -32    0 1091
521  25.000 191.000  10 -10    0 1065
522 296.000 235.000  10 -11  560  590
523 269.000 103.000  10 -20  219  249
524 283.000 144.000  10  -6    0 1063
525 166.000 203.000  10 -20    0 1141
526 157.000  31.000  10 -10    0 1077
527 149.000  76.000  10 -10    0 1122
528 276.000  66.000  10 -20  151  181
529 213.000  65.000  10 -20    0 1091
530 236.000  66.000  10 -30  176  206
531 116.000  14.000  10 -42    0 1056
532 257.000 137.000  10 -30  126  156
533  92.000 241.000  10 -17  767  797
534  69.000 134.000  10 -15  624  654
535 274.000  97.000  10 -10    0 1062
536 206.000 121.000  10 -10    0 1133
537  75.000 191.000  10 -21    0 1111
538 224.000  61.000  10 -22    0 1081
539 113.000 202.000  10 -22    0 1133
540 114.000 204.000  10 -20    0 1132
541  28.000 141.000  10  -5    0 1074
542 165.000 256.000  10 -12  587  617
543 116.000 240.000  10 -11    0 1100
544 106.000 243.000  10 -13    0 1094
545  13.000 202.000  10 -19    0 1050
546 280.000 158.000  10 -20    0 1066
547 190.000 181.000  10 -15  904  934
548 211.000  61.000  10 -10    0 1089
549 113.000  62.000  10  -9    0 1101
550 117.000 155.000  10 -24 1008 1038
551   8.000 155.000  10 -10    0 1054
552 137.000 150.000  10 -30    0 1183
553 254.000 206.000  10 -20    0 1078
554 108.000  80.000  10 -20    0 1115
555 236.000 108.000  10 -20    0 1101
556 162.000 250.000  10 -20    0 1096
557  85.000 224.000  10 -27  208  238
558 160.000  27.000  10 -30  229  259
559 109.000  61.000  10 -30    0 1099
560 191.000  49.000  10 -26    0 1087
561 209.000 269.000  10 -42  446  476
562  11.000 242.000  10 -10    0 1030
563 115.000 196.000  10 -17    0 1139
564 293.000  62.000  10 -25    0 1029
565 232.000 240.000  10 -10    0 1075
566 143.000 101.000  10 -20    0 1147
567 130.000  96.000  10 -20  111  141
568   1.000  81.000  10 -29  321  351
569 136.000 144.000  10 -12    0 1181
570 141.000 100.000  10 -10   80  110
571 157.000  84.000  10 -39    0 1130
572   6.000 168.000  10 -20    0 1051
573  17.000 209.000  10 -10    0 1051
574 167.000 193.000  10 -30    0 1150
575 148.000 157.000  10 -24    0 1189
576 213.000 119.000  10 -20    0 1126
577 229.000  40.000  10 -13    0 1061
578 102.000 173.000  10 -10    0 1143
579 135.000 210.000  10 -23    0 1135
580 227.000  80.000  10 -20    0 1092
581  66.000  56.000  10 -10    0 1070
582 181.000 297.000  10 -20    0 1046
583  26.000   0.000  10 -12    0 1002
584  47.000 203.000  10 -10    0 1081
585 202.000 292.000  10 -30  908  938
586 155.000  28.000  10 -10    0 1074
587  37.000 159.000  10 -23    0 1083
588  64.000  91.000  10 -30    0 1092
589  16.000 196.000  10 -25    0 1055
590 151.000 113.000  10 -20  346  376
591 161.000  26.000  10 -20    0 1072
592  83.000 236.000  10 -20    0 1087
593 110.000  79.000  10 -20    0 1115
594   9.000 144.000  10 -30    0 1055
595  57.000 123.000  10 -10    0 1100
596 143.000 288.000  10 -10  201  231
597 240.000  73.000  10  -9    0 1078
598 212.000  45.000  10 -27  629  659
599 184.000 277.000  10 -16    0 1065
600 125.000 168.000  10 -14  867  897
601 126.000 266.000  10 -37    0 1078
602 154.000  26.000  10 -10    0 1072
603 136.000 104.000  10 -20  128  158
604 254.000 240.000  10 -10    0 1059
605 160.000 111.000  10 -10    0 1156
606 129.000  77.000  10 -11    0 1121
607 147.000 185.000  10 -30    0 1161
608 139.000 110.000  10 -20    0 1155
609 143.000  67.000  10 -30    0 1113
610 250.000 124.000  10 -10    0 1093
611 258.000 247.000  10  -5  226  256
612  94.000  93.000  10 -13    0 1117
613  88.000 225.000  10 -40    0 1099
614 109.000 105.000  10 -20    0 1136
615 157.000 221.000  10 -30  411  441
616 209.000 246.000  10  -5    0 1084
617 272.000 183.000  10 -30  706  736
618 248.000  41.000  10 -10    0 1050
619 228.000  41.000  10 -28    0 1062
620  43.000 286.000  10 -10    0 1023
621 246.000 133.000  10 -10    0 1099
622 291.000 148.000  10 -12  636  666
623 133.000 187.000  10 -16    0 1156
624 252.000 128.000  10 -10    0 1092
625 224.000 138.000  10 -13    0 1122
626 216.000  62.000  10 -20  143  173
627 290.000 219.000  10 -19    0 1040
628 176.000  70.000  10 -12    0 1112
629  71.000 294.000  10 -30  566  596
630 262.000  14.000  10 -10    0 1020
631 135.000 251.000  10 -10    0 1094
632  82.000 100.000  10 -20    0 1112
633 144.000 182.000  10 -10  103  133
634 141.000 137.000  10 -10    0 1181
635 150.000 150.000   0   0    0 1206
