302 302 1000 1000 1000
  0 150.000 150.000   0   0    0 4823
  1 162.000 107.000  10  10    0 4769
  2 125.000 103.000  10  20    0 4760
  3 143.000 101.000  10  10  224  344
  4  28.000 141.000  10  25    0 4691
  5  55.000  68.000  10  30    0 4688
  6  72.000 180.000  10  27    0 4730
  7 159.000  41.000  10  11    0 4704
  8 257.000  58.000  10  10    0 4672
  9 186.000  26.000  10  25    0 4684
 10 231.000 243.000  10  10    0 4690
 11 247.000 132.000  10  10    0 4715
 12  84.000 231.000  10  21    0 4709
 13 116.000 240.000  10  17 2101 2221
 14 110.000  79.000  10  20    0 4732
 15 110.000  74.000  10  30    0 4728
 16 180.000 106.000  10  19    0 4760
 17 240.000  73.000  10  20    0 4695
 18 134.000 147.000  10  20  361  481
 19 257.000  59.000  10  20    0 4673
 20 160.000 108.000  10  10    0 4770
 21  27.000 255.000  10   5  962 1082
 22  69.000 208.000  10  17 2328 2448
 23 115.000 196.000  10  10  171  291
 24 105.000  81.000  10  20  270  390
 25 149.000 183.000  10  10    0 4780
 26 209.000 269.000  10  17 1783 1903
 27  14.000 149.000  10  10    0 4677
 28  74.000 117.000  10  24    0 4731
 29 140.000 140.000  10  30    0 4799
 30 222.000  83.000  10  20    0 4715
 31 109.000 299.000  10  24    0 4659
 32 258.000 244.000  10  10    0 4670
 33 208.000  47.000  10   6  413  533
 34 259.000  59.000  10  10  744  864
 35 150.000 104.000  10  21    0 4767
 36  77.000 233.000  10  20    0 4703
 37 212.000  45.000  10  30    0 4692
 38  57.000 125.000  10  23    0 4717
 39 143.000 111.000  10  20    0 4774
 40 248.000  41.000  10  11    0 4667
 41   8.000 263.000   0  30    0 4632
 42 106.000  71.000  10  20  453  573
 43  38.000 139.000  10  12    0 4701
 44   9.000 122.000  10  19    0 4670
 45  43.000 286.000  10  10    0 4640
 46 161.000  22.000  10  10    0 4685
 47 122.000 127.000   0   1    0 4777
 48  52.000  63.000  10  10  633  753
 49  53.000 141.000  10  16    0 4716
 50 175.000 281.000  10  17    0 4680
 51 255.000 240.000  10  20    0 4675
 52 154.000  26.000  10  20    0 4689
 53 235.000 242.000  10  10    0 4688
 54  59.000 113.000  10  16  976 1096
 55 282.000 104.000  10  19    0 4674
 56 145.000 184.000  10  10  321  441
 57 129.000  77.000  10  11    0 4738
 58  67.000 154.000  10  20  703  823
 59 169.000 173.000  10  10  101  221
 60  15.000   2.000  10   5    0 4613
 61 227.000  26.000  10  20    0 4668
 62 231.000  70.000  10  10    0 4700
 63 242.000  73.000  10  20  505  625
 64 256.000 286.000  10  31    0 4641
 65 277.000 172.000  10  10  797  917
 66  85.000 224.000  10  10  832  952
 67 147.000  43.000  10  14    0 4706
 68 143.000 288.000  10  30    0 4675
 69 200.000  26.000  10  10 1778 1898
 70  53.000 288.000  10  20    0 4645
 71 256.000 239.000  10  10    0 4675
 72 224.000  79.000  10  30    0 4711
 73 110.000 107.000  10  20  689  809
 74 125.000 136.000  10   5    0 4785
 75 149.000  76.000  10  10    0 4739
 76 107.000 103.000  10  20    0 4750
 77 262.000  62.000  10  10    0 4671
 78 227.000  80.000  10  30    0 4709
 79 269.000 103.000  10  20    0 4686
 80  65.000  69.000  10  10    0 4696
 81 167.000 176.000  10  20    0 4782
 82 280.000 172.000  10  10    0 4682
 83 285.000 285.000  10  13    0 4623
 84 149.000 282.000  10  10  468  588
 85 277.000 100.000  10  10  576  696
 86  25.000 191.000  10  16  919 1039
 87 266.000 212.000  10  11    0 4682
 88 272.000 183.000  10  12    0 4687
 89 215.000  68.000  10  10    0 4709
 90 137.000 104.000  10  30  556  676
 91 113.000 202.000  10  10    0 4750
 92  51.000 217.000  10  36 1078 1198
 93  14.000 177.000  10  17  545  665
 94 262.000  14.000  10  21    0 4637
 95 216.000  23.000  10  10    0 4670
 96 145.000 182.000  10  10    0 4781
 97 186.000 228.000  10   5    0 4728
 98 132.000 146.000  10  20    0 4795
 99 216.000  62.000  10  20    0 4703
100 140.000 290.000  10  20    0 4673
101  64.000  59.000  10  30  441  561
102  66.000 157.000  10  10    0 4729
103 109.000 105.000  10  10    0 4753
104 274.000   6.000  10  41    0 4623
105 207.000 237.000  10  11    0 4709
106 161.000  26.000  10  10    0 4689
107 119.000 104.000  10  10  767  887
108 169.000 171.000  10  30    0 4785
109 109.000 148.000   0  19    0 4772
110 174.000 238.000  10  21 4093 4213
111 223.000  74.000  10  10    0 4708
112  69.000  90.000  10  23    0 4713
113   8.000 265.000  10  20    0 4631
114 136.000 144.000  10  10  213  333
115 151.000  30.000  10  20    0 4693
116 150.000 184.000  10  20    0 4779
117 157.000  25.000  10  20  711  831
118 131.000  78.000  10   8    0 4739
119  53.000 285.000  10  10    0 4647
120 278.000 176.000  10  20    0 4683
121 225.000 192.000  10  26    0 4728
122 115.000 197.000  10  10    0 4755
123   6.000 168.000  10  21 2978 3098
124 163.000 180.000  10  30    0 4781
125 277.000 104.000  10  20    0 4678
126 262.000 241.000  10  20    0 4669
127 162.000 148.000  10  25    0 4801
128 117.000 155.000  10  22 4031 4151
129 126.000 127.000  10  40   73  193
130 157.000 221.000  10  10 1642 1762
131  78.000 232.000  10  20    0 4704
132 249.000 133.000  10  10    0 4713
133 252.000 128.000  10  10    0 4709
134  57.000 123.000  10  19    0 4717
135  71.000 154.000  10  40    0 4734
136 111.000  98.000  10  16 1086 1206
137  40.000   1.000  10  38    0 4628
138 106.000 243.000  10  22    0 4711
139  37.000 126.000  10  19  615  735
140 168.000 204.000  10  20    0 4757
141  72.000 286.000  10  17    0 4657
142 254.000 240.000  10  20    0 4676
143  75.000 191.000  10  12    0 4728
144  26.000  27.000  10  16    0 4639
145  12.000 270.000  10  20  970 1090
146  81.000 238.000  10  20    0 4702
147  11.000 242.000  10  16    0 4647
148 280.000 180.000  10  20    0 4680
149 151.000 113.000  10   4 1384 1504
150  65.000  49.000  10  20  695  815
151 129.000  83.000  10  15    0 4743
152  38.000  74.000  10  16    0 4678
153 166.000 105.000  10  20  388  508
154 108.000 298.000  10  17    0 4660
155  99.000  73.000  10  22    0 4721
156 166.000 113.000  10  10  547  667
157 271.000   8.000  10  36    0 4627
158 228.000  41.000  10  16    0 4679
159 208.000 117.000  10  15    0 4747
160 119.000 183.000  10   6    0 4768
161 246.000 166.000  10  18    0 4716
162 155.000  93.000  10  33    0 4756
163 168.000 176.000  10  20  198  318
164 241.000  71.000  10  20    0 4693
165  72.000  89.000  10  13    0 4714
166 235.000 243.000  10  20    0 4688
167  56.000 116.000  10  22    0 4714
168 170.000  53.000  10  21    0 4714
169  34.000   5.000  10  16    0 4628
170 280.000 175.000  10  30    0 4681
171  12.000 198.000  10  10    0 4667
172  66.000  54.000  10  20    0 4686
173 120.000  60.000  10  12 2050 2170
174 275.000 100.000  10  30  624  744
175  88.000 225.000  10  20  329  449
176 123.000  92.000  10  20  284  404
177 284.000 244.000  10  12    0 4650
178 159.000 287.000  10  21    0 4676
179 285.000 283.000  10  22    0 4624
180 103.000  78.000  10  10    0 4728
181 144.000 182.000  10  30    0 4781
182 149.000 186.000  10  20    0 4777
183 167.000 105.000  10  20  432  552
184 238.000 206.000  10  22 2292 2412
185 127.000 101.000  10  20    0 4759
186 108.000 109.000  10  20    0 4755
187 199.000  28.000  10  12    0 4682
188 252.000 219.000  10  23    0 4690
189 234.000 213.000  10  15  568  688
190 275.000 182.000  10  10  456  576
191  94.000  93.000  10  19    0 4734
192 230.000 248.000  10  20  494  614
193  54.000 285.000  10  10    0 4648
194 160.000 107.000  10  30    0 4769
195  59.000 280.000  10  20    0 4655
196 248.000 280.000  10  27    0 4651
197 138.000 100.000  10  30    0 4762
198 111.000 112.000  10  20    0 4759
199 157.000  31.000  10  20    0 4694
200 170.000 174.000  10  20    0 4782
201 277.000 101.000  10  20    0 4677
202 156.000 182.000  10  20 2394 2514
203 274.000  97.000  10  10    0 4679
204  66.000  56.000  10  30    0 4687
205 158.000  27.000  10  10  962 1082
206 257.000 133.000  10  20    0 4705
207 264.000  61.000  10  20    0 4669
208 296.000 279.000  10  15    0 4619
209 220.000  66.000  10  20    0 4704
210 240.000  71.000  10  30    0 4694
211 250.000 134.000  10  30  433  553
212  13.000 202.000  10  20    0 4667
213  93.000 117.000  10  15    0 4748
214 107.000 174.000  10  21    0 4764
215 124.000 174.000  10  22   82  202
216 112.000 201.000  10  20  317  437
217   5.000 189.000  10   5  585  705
218 141.000 100.000  10  10    0 4763
219 107.000  71.000  10  20  497  617
220  14.000 204.000  10  19    0 4667
221 278.000 177.000  10  20    0 4683
222 209.000 246.000  10  26 1495 1615
223 283.000  65.000  10  27    0 4656
224  55.000  62.000  10  20    0 4684
225 224.000 138.000  10  16    0 4739
226 213.000  68.000  10  10    0 4710
227 126.000 266.000  10  27    0 4695
228 137.000 150.000  10  30    0 4800
229 213.000 119.000  10  25    0 4743
230 166.000 203.000  10  30  217  337
231 100.000  73.000  10  20  387  507
232 147.000 185.000  10  10    0 4778
233 155.000  28.000  10  10    0 4691
234 160.000  27.000  10  30    0 4690
235  43.000  62.000  10  14    0 4675
236 235.000 241.000  10  30    0 4689
237  87.000 183.000  10  17    0 4742
238 234.000 107.000  10  24    0 4719
239 236.000  66.000  10  30    0 4693
240 233.000 245.000  10  10    0 4687
241 144.000 100.000  10  20    0 4763
242   7.000  31.000  10  29    0 4627
243  96.000  86.000  10  12    0 4730
244 170.000  93.000  10  39    0 4753
245  85.000 228.000  10  10    0 4712
246  10.000 147.000  10  20    0 4673
247 159.000 110.000  10  20  190  310
248 229.000  40.000  10  13    0 4678
249  67.000 161.000  10  10    0 4730
250 112.000 199.000  10  20    0 4751
251 238.000  69.000  10  20    0 4694
252 258.000 247.000  10  40    0 4668
253 205.000 130.000  10  30 3758 3878
254 151.000 294.000  10  20    0 4669
255  26.000   0.000  10  12    0 4619
256  56.000 212.000  10  10 1890 2010
257 275.000 263.000   0  33    0 4645
258 272.000  97.000  10  40  768  888
259 143.000  67.000  10  14    0 4730
260 152.000  29.000  10  10    0 4692
261  61.000  70.000  10  30    0 4694
262  16.000 196.000  10  30    0 4672
263 168.000 108.000  10  10    0 4768
264  15.000 209.000  10  25 3529 3649
265 256.000  54.000  10  30  596  716
266  58.000 240.000  10  20 3098 3218
267 116.000  14.000  10  20    0 4673
268 154.000  31.000  10  20  416  536
269 134.000 146.000  10  10    0 4797
270 257.000 137.000  10  20  504  624
271  71.000 294.000  10  18 2263 2383
272 156.000  57.000  10  27    0 4720
273 177.000 281.000  10  16    0 4680
274 117.000 168.000  10  14    0 4776
275 153.000  28.000  10  10    0 4691
276 257.000 243.000  10  10  805  925
277 246.000 133.000  10  30    0 4716
278 140.000 100.000  10  20  366  486
279 161.000 112.000  10  10   98  218
280 233.000 242.000  10  30    0 4690
281  65.000  56.000  10  10  493  613
282  76.000 280.000  10  27    0 4664
283 271.000 101.000  10  10    0 4683
284 216.000 203.000  10   5    0 4729
285 160.000  17.000  10  24    0 4680
286  64.000  91.000  10  29    0 4709
287 106.000  77.000  10  10    0 4728
288 138.000 101.000  10  20    0 4763
289 160.000 111.000  10  30    0 4773
290 162.000 206.000  10  30    0 4756
291 176.000 263.000  10   5    0 4698
292 173.000  72.000  10   8    0 4732
293   9.000 144.000  10  40    0 4672
294 266.000 104.000  10  10    0 4689
295 114.000 198.000  10  20    0 4753
296 220.000  43.000  10  28    0 4686
297  11.000 265.000  10  10  703  823
298 133.000 187.000  10  16    0 4773
299 153.000  61.000  10  12    0 4724
300  55.000 285.000  10  30  980 1100
301 189.000 240.000  10  18    0 4715
302 145.000 183.000  10  10    0 4780
303 165.000 113.000  10 -10    0 4774
304  30.000 145.000  10 -20    0 4693
305 141.000 102.000  10 -10  175  295
306  92.000 241.000  10 -25    0 4706
307 130.000 102.000  10 -30    0 4761
308  81.000 223.000  10 -27    0 4713
309 299.000 153.000  10 -11    0 4664
310 218.000  20.000  10 -10    0 4667
311 217.000  73.000  10 -25    0 4711
312 140.000 292.000  10 -10  866  986
313 271.000 106.000  10 -10    0 4685
314 158.000 291.000  10 -21    0 4672
315   4.000 149.000  10 -17    0 4667
316 102.000  76.000  10 -20    0 4725
317 103.000  93.000  10 -30 2265 2385
318 217.000  69.000  10 -19  451  571
319 219.000 152.000  10 -20 3836 3956
320 134.000 148.000  10 -20    0 4797
321 276.000  66.000  10 -20    0 4662
322 111.000 110.000  10 -10    0 4758
323 147.000 281.000  10  -5    0 4682
324  11.000 191.000  10 -17 2903 3023
325 112.000 272.000  10 -10    0 4686
326   8.000 155.000  10 -20    0 4671
327  61.000 138.000  10 -10    0 4724
328 183.000 282.000  10 -17 1766 1886
329  16.000 151.000  10 -10    0 4679
330   9.000 145.000  10 -24    0 4672
331  15.000 178.000  10 -30    0 4676
332 209.000  84.000  10 -20    0 4725
333  81.000 219.000  10 -24 3854 3974
334 236.000 248.000  10 -10    0 4683
335 217.000  21.000  10  -6    0 4668
336 229.000  25.000  10 -10    0 4666
337  59.000  67.000  10 -21    0 4690
338  10.000 198.000  10 -20    0 4665
339 223.000  23.000  10 -30    0 4667
340   0.000 153.000  10 -23    0 4663
341 122.000  96.000  10 -20  590  710
342 212.000  26.000  10 -11  893 1013
343   8.000 263.000  10 -30    0 4632
344 131.000  95.000  10 -20    0 4755
345   3.000 205.000  10 -12  855  975
346  15.000  52.000  10 -19    0 4647
347   4.000 296.000  10 -10 3334 3454
348 253.000  84.000  10 -10    0 4691
349 122.000 127.000  10  -1    0 4777
350  89.000  61.000  10 -10    0 4706
351 155.000 180.000  10 -16    0 4783
352 148.000 288.000  10 -17    0 4675
353 277.000 177.000  10 -20  942 1062
354 191.000  49.000  10 -20    0 4704
355 147.000 285.000  10 -10 1034 1154
356 130.000  96.000  10 -16    0 4756
357 234.000 146.000  10 -19    0 4729
358 203.000 166.000  10 -10    0 4758
359  62.000  53.000  10 -11    0 4683
360  60.000 156.000  10 -20    0 4723
361 184.000 277.000  10 -10    0 4682
362 101.000 110.000  10  -5    0 4750
363 300.000  44.000  10 -20 3027 3147
364 291.000 148.000  10 -10    0 4672
365 253.000  57.000  10 -20    0 4675
366 201.000 175.000  10 -31    0 4757
367 286.000 175.000  10 -10    0 4675
368  60.000 160.000  10 -10    0 4723
369 168.000  42.000  10 -14    0 4704
370 140.000 294.000  10 -30 1637 1757
371 159.000  89.000  10 -10 3305 3425
372  17.000 209.000  10 -20    0 4668
373 212.000 270.000  10 -10    0 4678
374 250.000 124.000  10 -30    0 4710
375 106.000 108.000  10 -20    0 4753
376   2.000  81.000  10  -5 1058 1178
377 280.000 158.000  10 -10    0 4683
378 113.000 114.000  10 -20    0 4762
379 239.000  77.000  10 -10    0 4698
380 179.000 123.000  10 -30    0 4774
381 250.000 126.000  10 -20    0 4711
382  85.000  75.000  10 -10 2904 3024
383 167.000 179.000  10 -20  294  414
384 208.000 235.000  10 -10 3290 3410
385 296.000 252.000  10 -13    0 4635
386  59.000 287.000  10 -10    0 4649
387 166.000 123.000  10 -10    0 4782
388  57.000 155.000  10 -16    0 4720
389 241.000 183.000  10 -11    0 4717
390 279.000 189.000  10 -12 2378 2498
391 206.000 157.000  10 -10    0 4757
392 135.000 210.000  10 -30    0 4752
393 165.000 256.000  10 -10 2347 2467
394 100.000 138.000  10 -36    0 4762
395  78.000 236.000  10 -17    0 4701
396 277.000  41.000  10 -21 1377 1497
397 293.000  62.000  10 -10    0 4646
398 208.000 208.000  10 -10    0 4731
399 265.000 197.000  10  -5    0 4689
400   3.000 119.000  10 -20    0 4663
401 225.000  73.000  10 -20 2075 2195
402 132.000 297.000  10 -20    0 4665
403  63.000  59.000  10 -30    0 4688
404  76.000 160.000  10 -10    0 4739
405 109.000 110.000  10 -10    0 4756
406 290.000  37.000  10 -41    0 4634
407 176.000 235.000  10 -11    0 4725
408 289.000 130.000  10 -10    0 4673
409 157.000 254.000  10 -10    0 4709
410 248.000 245.000  10 -30    0 4677
411 109.000 148.000  10 -19    0 4772
412 161.000 210.000  10 -21    0 4752
413 238.000 103.000  10 -10 2889 3009
414 110.000  31.000  10 -23 1452 1572
415   2.000 238.000  10 -20 3362 3482
416 140.000 143.000  10 -10    0 4801
417 176.000  70.000  10 -20    0 4729
418  67.000 175.000  10 -20    0 4727
419 236.000  72.000  10 -20    0 4697
420  64.000  55.000  10  -8    0 4685
421 263.000 291.000  10 -10    0 4633
422 191.000 234.000  10 -20    0 4720
423 203.000 183.000  10 -26    0 4751
424  86.000 230.000  10 -10  391  511
425  65.000 156.000  10 -21    0 4728
426 165.000 182.000  10 -30    0 4778
427 268.000 113.000  10 -20 3371 3491
428 226.000 248.000  10 -20    0 4689
429 232.000 121.000  10 -25    0 4727
430 128.000 155.000  10 -22    0 4791
431  11.000 207.000  10 -40  782  902
432 119.000 254.000  10 -10    0 4705
433  97.000 232.000  10 -20    0 4716
434 236.000 108.000  10 -10    0 4718
435 212.000  62.000  10 -10    0 4706
436  10.000 150.000  10 -19    0 4673
437  61.000 157.000  10 -40    0 4724
438 113.000 188.000  10 -16 1215 1335
439  72.000  20.000  10 -38    0 4662
440  16.000 204.000  10 -22    0 4669
441  51.000   2.000  10 -19    0 4635
442 164.000 202.000  10 -20    0 4760
443 290.000 219.000  10 -17    0 4657
444 250.000 228.000  10 -20 3107 3227
445 160.000 179.000  10 -12    0 4783
446  62.000  65.000  10 -16    0 4691
447 239.000 295.000  10 -20    0 4643
448  33.000 231.000  10 -20 2981 3101
449  30.000 226.000  10 -16 3752 3872
450 229.000 179.000  10 -20  968 1088
451 213.000  65.000  10  -4    0 4708
452 107.000  39.000  10 -20 1362 1482
453  60.000  64.000  10 -15    0 4689
454  12.000  10.000  10 -16    0 4617
455 114.000 204.000  10 -20    0 4749
456  19.000 290.000  10 -17    0 4622
457  18.000 184.000  10 -22 1483 1603
458 140.000 108.000  10 -10  616  736
459 264.000  35.000  10 -36    0 4652
460 225.000  22.000  10 -16    0 4665
461 222.000  73.000  10 -15    0 4708
462  47.000 277.000  10  -6  594  714
463 251.000 241.000  10 -18  546  666
464 127.000  77.000  10 -33    0 4737
465 165.000 204.000  10 -20  262  382
466 244.000  13.000  10 -20    0 4647
467 141.000 137.000  10 -13    0 4798
468 157.000 276.000  10 -20    0 4687
469  25.000 119.000  10 -22  673  793
470 203.000  36.000  10 -21    0 4688
471 108.000 113.000  10 -16    0 4758
472 232.000 240.000  10 -30    0 4692
473  63.000 155.000  10 -10    0 4726
474  70.000  57.000  10 -20    0 4691
475 109.000  61.000  10 -12    0 4716
476 233.000 119.000  10 -30    0 4725
477 254.000 206.000  10 -20    0 4695
478   5.000 195.000  10 -20    0 4662
479 220.000 182.000  10 -12    0 4737
480 202.000 292.000  10 -21    0 4662
481 296.000 211.000  10 -22    0 4655
482  17.000 205.000  10 -10    0 4670
483 147.000 178.000  10 -30    0 4785
484 102.000 173.000  10 -20    0 4760
485 136.000 104.000  10 -20    0 4765
486 159.000 177.000  10 -22    0 4785
487 131.000 220.000  10 -20    0 4741
488 162.000 250.000  10 -20    0 4713
489 108.000   3.000  10 -12    0 4661
490 236.000 240.000  10 -23    0 4689
491 214.000 234.000  10 -15    0 4708
492 163.000 202.000  10 -10    0 4760
493 136.000 140.000  10 -19    0 4796
494 224.000 229.000  10 -20    0 4705
495  30.000 243.000  10 -10    0 4662
496 133.000  99.000  10 -30  549  669
497 103.000 260.000  10 -20    0 4694
498 163.000 150.000  10 -27    0 4800
499 108.000  80.000  10 -30    0 4732
500 135.000 251.000  10 -20 1937 2057
501 157.000  84.000  10 -20    0 4747
502 251.000 237.000  10 -20    0 4680
503 224.000  77.000  10 -20    0 4710
504 190.000 181.000  10 -20 3618 3738
505 283.000 144.000  10 -10    0 4680
506  80.000  86.000  10 -30    0 4719
507 113.000   4.000  10 -10    0 4663
508 259.000 126.000  10 -20  677  797
509 158.000 140.000  10 -20    0 4801
510 296.000 235.000  10 -15    0 4645
511 259.000  58.000  10 -20    0 4671
512 260.000  64.000  10 -30    0 4674
513 206.000 121.000  10 -30    0 4750
514  37.000 159.000  10 -20    0 4700
515  73.000  81.000  10 -15 2223 2343
516  47.000 203.000  10 -21    0 4698
517 181.000 297.000  10 -22    0 4663
518 110.000 262.000  10 -20    0 4695
519  18.000 206.000  10  -5    0 4670
520  59.000  64.000  10 -10    0 4688
521  61.000  84.000  10 -20    0 4703
522  84.000 236.000  10 -19    0 4705
523 194.000 234.000  10 -20    0 4719
524 199.000 213.000  10 -26    0 4734
525 289.000  79.000  10 -27 1562 1682
526  57.000  68.000  10 -20    0 4690
527 255.000 132.000  10 -16    0 4707
528 288.000 127.000  10 -10    0 4674
529 125.000 168.000  10 -27 3467 3587
530  88.000 124.000  10 -30    0 4746
531 230.000 128.000  10 -25    0 4731
532 162.000 203.000  10 -30  440  560
533  88.000 110.000  10 -20    0 4740
534  80.000 131.000  10 -10    0 4741
535 160.000  24.000  10 -10  763  883
536 136.000  68.000  10 -30    0 4730
537  65.000  68.000  10 -14    0 4695
538 144.000 292.000  10 -30    0 4671
539  69.000 134.000  10 -17    0 4731
540 224.000  61.000  10 -24 1894 2014
541 255.000  57.000  10 -30    0 4673
542 284.000 176.000  10 -10    0 4677
543  64.000  53.000  10 -20    0 4684
544  29.000   8.000  10 -29    0 4627
545  34.000 150.000  10 -12    0 4697
546 213.000  61.000  10 -39    0 4704
547   1.000 272.000  10 -10  885 1005
548   8.000   4.000  10 -20    0 4610
549 116.000 245.000  10 -20    0 4713
550 216.000  25.000  10 -13  837  957
551  45.000 190.000  10 -10 1780 1900
552 136.000 241.000  10 -20 1486 1606
553 207.000  20.000  10 -20    0 4672
554  52.000 288.000  10 -40    0 4644
555 188.000 142.000  10 -30 4567 4687
556 141.000 286.000  10 -20    0 4677
557  82.000 100.000  10 -12 2310 2430
558  83.000 236.000  10 -10    0 4704
559 275.000 263.000  10 -33    0 4645
560 220.000  74.000  10 -40  807  927
561 173.000  64.000  10 -14    0 4724
562 156.000  26.000  10 -10    0 4689
563 113.000  62.000  10 -30    0 4718
564  93.000 165.000  10 -30    0 4755
565 152.000 241.000  10 -10    0 4722
566  96.000 199.000  10 -25 4077 4197
567 260.000  58.000  10 -30    0 4670
568 208.000 290.000  10 -20    0 4662
569 176.000  72.000  10 -20    0 4731
570 254.000  87.000  10 -20    0 4692
571  24.000  76.000  10 -10    0 4667
572 250.000 130.000  10 -20  854  974
573  12.000 275.000  10 -18    0 4627
574 172.000   2.000  10 -27 2410 2530
575 149.000 285.000  10 -16    0 4678
576 119.000 214.000  10 -14    0 4742
577 103.000   8.000  10 -10 2727 2847
578 258.000 232.000  10 -10 1096 1216
579 211.000  66.000  10 -30  818  938
580 110.000  76.000  10 -20    0 4729
581 127.000 266.000  10 -10    0 4695
582 149.000 294.000  10 -30  687  807
583 129.000  98.000  10 -10    0 4757
584  50.000 285.000  10 -27    0 4645
585 221.000  70.000  10 -10    0 4707
586 259.000 240.000  10  -5    0 4672
587 265.000 141.000  10 -24    0 4698
588 112.000  43.000  10 -29    0 4700
589 128.000  94.000  10 -10    0 4753
590 139.000 110.000  10 -20 3436 3556
591 140.000 214.000  10 -30    0 4749
592 163.000 200.000  10 -30    0 4762
593 172.000 225.000  10  -5    0 4735
594 246.000 137.000  10  -8    0 4717
595   1.000  81.000  10 -40    0 4649
596 211.000  61.000  10 -10    0 4706
597  13.000 265.000  10 -20    0 4635
598 281.000  68.000  10 -28    0 4659
599 159.000 300.000  10 -10    0 4663
600 148.000 157.000  10 -16    0 4806
601 275.000  97.000  10 -12    0 4678
602  15.000 259.000  10 -30 2711 2831
603 167.000 193.000  10 -18 4092 4212
604 144.000 173.000  10 -10  576  696
605 150.000 150.000   0   0    0 4823
