303 303 1000 1000 1000
  0 150.000 150.000   0   0    0 4823
  1 162.000 107.000  10  10    0 4769
  2 199.000 213.000  10  13 2044 2164
  3  61.000  84.000  10   7 1334 1454
  4 125.000 103.000  10  20  153  273
  5 143.000 101.000  10  10  224  344
  6 230.000 128.000  10  21 1522 1642
  7 159.000  41.000  10  11 1225 1345
  8 231.000 243.000  10  10  433  553
  9  84.000 231.000  10  21    0 4709
 10 110.000  79.000   0  20    0 4732
 11 110.000  74.000  10  30  554  674
 12 180.000 106.000  10  19    0 4760
 13 240.000  73.000  10  20  457  577
 14 134.000 147.000  10  20  361  481
 15 160.000 108.000  10  10  238  358
 16  27.000 255.000  10   5  962 1082
 17 234.000 146.000  10  38 1408 1528
 18  69.000 208.000  10  17 2328 2448
 19 115.000 196.000  10  10  171  291
 20 159.000  89.000  10  22 3305 3425
 21 105.000  81.000  10  20  270  390
 22 149.000 183.000  10  10    0 4780
 23 159.000 300.000  10  15    0 4663
 24 212.000  26.000  10  30  893 1013
 25  14.000 149.000  10  10    0 4677
 26 140.000 140.000  10  30   41  161
 27 152.000 241.000  10   2    0 4722
 28 222.000  83.000  10  20  333  453
 29  88.000 124.000  10   2  265  385
 30 109.000 299.000  10  24 1506 1626
 31 258.000 244.000  10  10  851  971
 32 208.000  47.000  10   6  413  533
 33 212.000  62.000  10  20    0 4706
 34 150.000 104.000  10  21  277  397
 35  77.000 233.000  10  20  658  778
 36 212.000  45.000  10  30 2518 2638
 37  57.000 125.000  10  23  843  963
 38 255.000 132.000  10  10  609  729
 39 143.000 111.000  10  20   98  218
 40   8.000 263.000  10  30  758  878
 41 109.000 110.000  10  20  355  475
 42 259.000 240.000  10  10    0 4672
 43  38.000 139.000  10  12 1348 1468
 44 255.000  57.000  10  10  543  663
 45  43.000 286.000  10  10  673  793
 46  60.000 160.000  10  20  343  463
 47 172.000 225.000  10  13  438  558
 48  88.000 110.000  10   1 2536 2656
 49  52.000  63.000  10  10  633  753
 50 265.000 141.000  10  22  401  521
 51 255.000 240.000  10  20  703  823
 52 188.000 142.000   0  30 4567 4687
 53 154.000  26.000  10  20  617  737
 54 114.000 204.000  10  20  412  532
 55 235.000 242.000  10  10    0 4688
 56  59.000 113.000  10  16  976 1096
 57 145.000 184.000  10  10  321  441
 58 184.000 277.000  10  17    0 4682
 59  67.000 154.000  10  20  703  823
 60   2.000  81.000  10  32 1058 1178
 61 208.000 208.000  10  16  422  542
 62 169.000 173.000  10  10  101  221
 63 106.000 108.000  10  20  450  570
 64 227.000  26.000  10  20    0 4668
 65 242.000  73.000  10  20  505  625
 66  82.000 100.000  10  16 2310 2430
 67 256.000 286.000  10  31 3177 3297
 68 172.000   2.000  10   9 2410 2530
 69  85.000 224.000  10  10  832  952
 70   0.000 153.000  10  20  860  980
 71 147.000  43.000  10  14  411  531
 72 112.000 272.000  10  18 1349 1469
 73 140.000 143.000  10  20   12  132
 74  83.000 236.000  10  10  500  620
 75  53.000 288.000  10  20  840  960
 76 224.000  79.000  10  30    0 4711
 77 110.000 107.000  10  20  689  809
 78 125.000 136.000  10   5   55  175
 79 203.000 166.000   0  20 3961 4081
 80 107.000 103.000  10  20  588  708
 81 227.000  80.000  10  30  397  517
 82 269.000 103.000  10  20  876  996
 83 167.000 176.000  10  20  242  362
 84 223.000  23.000  10  10  631  751
 85  25.000 191.000  10  16  919 1039
 86 266.000 212.000  10  11 1330 1450
 87  25.000 119.000  10  17  673  793
 88 215.000  68.000  10  10    0 4709
 89 137.000 104.000  10  30  556  676
 90 160.000  24.000  10  10  763  883
 91  51.000 217.000  10  36 1078 1198
 92  14.000 177.000  10  17  545  665
 93 225.000  22.000  10  40  582  702
 94 194.000 234.000  10   7  319  439
 95 259.000 126.000  10  20  677  797
 96 145.000 182.000  10  10  455  575
 97  30.000 243.000  10   6 1145 1265
 98 186.000 228.000  10   5    0 4728
 99 216.000  62.000  10  20    0 4703
100 132.000 297.000  10  40  655  775
101 109.000 105.000  10  10  640  760
102  64.000  55.000  10  20  539  659
103 173.000  64.000  10  12 2287 2407
104 213.000  65.000  10  20    0 4708
105 224.000 229.000  10  16    0 4705
106  78.000 236.000  10  10  606  726
107 274.000   6.000  10  41    0 4623
108 119.000 104.000  10  10  767  887
109 169.000 171.000  10  30   53  173
110 220.000  74.000  10  20  807  927
111 109.000 148.000  10  19  151  271
112 265.000 197.000  10  15    0 4689
113  33.000 231.000  10  36 2981 3101
114 136.000 144.000  10  10  213  333
115 286.000 175.000  10  10    0 4675
116 151.000  30.000  10  20  469  589
117 150.000 184.000  10  20  174  294
118 157.000  25.000  10  20  711  831
119 131.000  78.000  10   8 2312 2432
120  53.000 285.000  10  10  892 1012
121 225.000 192.000   0  26 2185 2305
122 115.000 197.000  10  10  480  600
123 163.000 180.000  10  30  400  520
124 277.000 104.000  10  20  480  600
125  61.000 138.000  10   9 2572 2692
126 126.000 127.000  10  40   73  193
127  65.000 156.000  10  10  605  725
128 159.000 177.000  10  30  460  580
129  67.000 175.000  10   3 1105 1225
130  78.000 232.000  10  20    0 4704
131 249.000 133.000  10  10  388  508
132  57.000 123.000  10  19    0 4717
133 157.000 276.000  10  18  445  565
134 111.000  98.000  10  16 1086 1206
135 168.000 204.000  10  20  168  288
136 254.000 240.000  10  20    0 4676
137 241.000 183.000  10  12    0 4717
138  75.000 191.000  10  12  322  442
139  26.000  27.000  10  16    0 4639
140 224.000  77.000  10  20  497  617
141 166.000 123.000  10  14    0 4782
142  92.000 241.000  10   3    0 4706
143 280.000 180.000  10  20  518  638
144 151.000 113.000  10   4 1384 1504
145  65.000  49.000  10  20  695  815
146 166.000 105.000  10  20  388  508
147 129.000  98.000  10  20  492  612
148  30.000 226.000  10  14 3752 3872
149  15.000 178.000  10   9 3072 3192
150 236.000  72.000  10  20  768  888
151 277.000 177.000  10  20  942 1062
152  99.000  73.000  10  22    0 4721
153 166.000 113.000  10  10  547  667
154 228.000  41.000  10  16    0 4679
155 284.000 176.000  10  30  580  700
156 128.000 155.000  10  11   30  150
157 161.000 210.000  10  10    0 4752
158 168.000 176.000  10  20  198  318
159 165.000 204.000  10  20  262  382
160  57.000  68.000  10  10    0 4690
161  12.000 275.000  10  18 2048 2168
162  76.000 160.000  10   2  239  359
163 170.000  53.000  10  21  647  767
164 280.000 175.000  10  30  693  813
165 103.000   8.000  10  16 2727 2847
166 110.000  31.000  10  15 1452 1572
167 275.000 100.000  10  30  624  744
168 123.000  92.000  10  20  284  404
169  63.000 155.000  10  10  556  676
170 158.000 140.000  10   5   12  132
171 260.000  58.000  10  20  832  952
172 284.000 244.000  10  12 2944 3064
173 102.000 173.000  10  15    0 4760
174  24.000  76.000  10  23    0 4667
175 149.000 186.000  10  20  223  343
176 165.000 182.000  10  10  349  469
177 157.000  84.000  10  19  402  522
178  17.000 209.000  10  10  522  642
179 238.000 206.000  10  22 2292 2412
180 127.000 101.000  10  20    0 4759
181 263.000 291.000  10   2  749  869
182 251.000 237.000  10  10  602  722
183 108.000 109.000  10  20  401  521
184 252.000 219.000  10  23 1205 1325
185 234.000 213.000  10  15  568  688
186 136.000 140.000  10  10  157  277
187 191.000  49.000  10  12    0 4704
188 275.000 182.000  10  10  456  576
189 158.000 291.000  10  18    0 4672
190 230.000 248.000  10  20  494  614
191 207.000  20.000  10  13  741  861
192  59.000 280.000  10  20    0 4655
193 208.000 290.000  10  16 1222 1342
194 248.000 280.000  10  27 1162 1282
195   8.000 155.000  10  10  933 1053
196 111.000 112.000   0  20  198  318
197 239.000 295.000  10  11 3010 3130
198 147.000 178.000  10  10  513  633
199 157.000 254.000  10   8    0 4709
200 274.000  97.000  10  10    0 4679
201 158.000  27.000  10  10  962 1082
202 264.000  61.000  10  20    0 4669
203 220.000  66.000  10  20  508  628
204 209.000  84.000  10  13 1529 1649
205 250.000 134.000  10  30  433  553
206  62.000  53.000  10  10  590  710
207 107.000 174.000  10  21  137  257
208 124.000 174.000  10  22   82  202
209 112.000 201.000  10  20  317  437
210  80.000  86.000  10  32    0 4719
211 141.000 100.000  10  10  322  442
212 278.000 177.000  10  20  898 1018
213 134.000 148.000  10  20  405  525
214 283.000  65.000  10  27 1800 1920
215 108.000  80.000  10  20  712  832
216 141.000 137.000  10  30   93  213
217 224.000 138.000  10  16    0 4739
218 163.000 150.000  10  15   13  133
219 213.000  68.000  10  10  354  474
220 100.000 138.000  10  24    0 4762
221 126.000 266.000  10  27 1976 2096
222   5.000 195.000  10  18  742  862
223 166.000 203.000  10  30  217  337
224 100.000  73.000  10  20  387  507
225 147.000 185.000  10  10  272  392
226  60.000 156.000  10  20  459  579
227 239.000  77.000  10  20    0 4698
228 235.000 241.000  10  30  805  925
229  64.000  53.000  10  30  638  758
230 168.000  42.000  10  26    0 4704
231  87.000 183.000  10  17 2100 2220
232 234.000 107.000  10  24 1354 1474
233  52.000 288.000  10  20    0 4644
234 236.000  66.000  10  30  704  824
235 264.000  35.000  10  25    0 4652
236 144.000 100.000  10  20    0 4763
237 130.000  96.000  10  20  443  563
238  96.000  86.000  10  12  275  395
239 141.000 102.000  10  10  175  295
240  85.000 228.000  10  10  776  896
241  18.000 206.000  10  10  575  695
242 164.000 202.000  10  30  529  649
243 148.000 157.000  10  24    7  127
244 159.000 110.000  10  20  190  310
245 229.000  40.000  10  13    0 4678
246  67.000 161.000  10  10  275  395
247 131.000 220.000  10  23  483  603
248 112.000 199.000   0  20  269  389
249  59.000  67.000  10  10  473  593
250 151.000 294.000  10  20  639  759
251  56.000 212.000  10  10 1890 2010
252 148.000 288.000  10  30    0 4675
253 275.000 263.000  10  33  668  788
254 272.000  97.000  10  40  768  888
255 143.000  67.000  10  14  273  393
256  29.000   8.000  10  24    0 4627
257 176.000 235.000  10  33  296  416
258  61.000  70.000  10  30  419  539
259 168.000 108.000  10  10  485  605
260  15.000 209.000  10  25 3529 3649
261 211.000  66.000  10  10  818  938
262 256.000  54.000  10  30  596  716
263  11.000 207.000  10  40  782  902
264 131.000  95.000  10  20  398  518
265 154.000  31.000  10  20  416  536
266  86.000 230.000  10  20  391  511
267 134.000 146.000  10  10  264  384
268 229.000 179.000  10  16  968 1088
269 257.000 137.000  10  20  504  624
270 225.000  73.000  10   9 2075 2195
271 156.000  57.000  10  27 2726 2846
272 117.000 168.000  10  14   90  210
273 162.000 250.000  10  24    0 4713
274  50.000 285.000  10  10  742  862
275 140.000 100.000  10  20  366  486
276 236.000 248.000  10  10  558  678
277 161.000 112.000  10  10   98  218
278 144.000 173.000  10  20  576  696
279  65.000  56.000  10  10  493  613
280 130.000 102.000  10  20    0 4761
281 271.000 101.000  10  10    0 4683
282 136.000 241.000  10  11 1486 1606
283 160.000  17.000  10  24    0 4680
284 107.000  39.000  10   9 1362 1482
285 103.000  93.000  10  13 2265 2385
286  15.000  52.000  10  21  607  727
287 160.000 111.000  10  30  144  264
288 113.000 114.000  10  20  146  266
289 203.000 183.000  10  26  280  400
290 279.000 189.000  10  30 2378 2498
291   9.000 144.000  10  40    0 4672
292 253.000  57.000  10  10  495  615
293 296.000 252.000  10  18    0 4635
294 114.000 198.000  10  20  220  340
295 299.000 153.000  10  12 1640 1760
296 246.000 137.000  10  10  328  448
297 238.000 103.000  10  16 2889 3009
298 213.000  61.000  10  20  623  743
299 290.000 219.000  10  19    0 4657
300 244.000  13.000  10  10 2892 3012
301 189.000 240.000  10  18  379  499
302 145.000 183.000  10  10  365  485
303 140.000 108.000  10  10  616  736
304 138.000 101.000  10 -10  458  578
305 162.000 148.000  10 -13 3001 3121
306 129.000  83.000  10  -7 2487 2607
307 107.000  71.000  10 -20  497  617
308 217.000  21.000  10 -10  740  860
309 262.000  14.000  10 -21 2793 2913
310 203.000  36.000  10 -11    0 4688
311 183.000 282.000  10 -10 1766 1886
312  47.000 277.000  10 -21  594  714
313 110.000  79.000  10 -20    0 4732
314  28.000 141.000  10 -30    0 4691
315 208.000 117.000  10 -19    0 4747
316 246.000 133.000  10 -20    0 4716
317  61.000 157.000  10 -20  505  625
318  47.000 203.000  10 -10 2679 2799
319  59.000 287.000  10  -5 1986 2106
320 233.000 119.000  10 -38    0 4725
321  11.000 191.000  10 -17 2903 3023
322 163.000 200.000  10 -10  578  698
323 165.000 113.000  10 -22    0 4774
324 106.000  71.000  10 -20  453  573
325  60.000  64.000  10 -10  788  908
326 119.000 214.000  10 -15 2474 2594
327 218.000  20.000  10 -30    0 4667
328  37.000 159.000  10 -10    0 4700
329  80.000 131.000  10 -30    0 4741
330 116.000 240.000  10  -2 2101 2221
331 252.000 128.000  10 -20    0 4709
332  16.000 151.000  10  -2  476  596
333 149.000 285.000  10 -24    0 4678
334 219.000 152.000  10 -10 3836 3956
335 220.000  43.000  10  -6    0 4686
336 277.000  41.000  10 -20 1377 1497
337 259.000  58.000  10 -21  788  908
338 140.000 294.000  10 -20 1637 1757
339 176.000  70.000  10 -30    0 4729
340 136.000 104.000  10 -23    0 4765
341 278.000 176.000  10 -10    0 4683
342 161.000  22.000  10 -20    0 4685
343   8.000 265.000  10 -30  806  926
344  62.000  65.000  10 -20    0 4691
345 258.000 232.000  10 -10 1096 1216
346  45.000 190.000  10 -12 1780 1900
347 250.000 126.000  10 -10  798  918
348  54.000 285.000  10 -10    0 4648
349  17.000 205.000  10 -20  620  740
350 181.000 297.000  10 -13  650  770
351  69.000 134.000  10  -1 2496 2616
352   8.000   4.000  10 -10  755  875
353 250.000 124.000  10 -22  532  652
354 285.000 285.000  10 -20 2802 2922
355 188.000 142.000  10 -30 4567 4687
356 216.000  23.000  10 -20    0 4670
357 253.000  84.000  10 -20 1618 1738
358 258.000 247.000  10 -10  903 1023
359 109.000  61.000  10 -16 1587 1707
360  59.000  64.000  10 -10  744  864
361 175.000 281.000  10 -17 2562 2682
362  18.000 184.000  10 -20 1483 1603
363 112.000  43.000  10 -32 2211 2331
364 212.000 270.000  10 -16 2367 2487
365 170.000 174.000  10 -10  147  267
366   9.000 145.000  10 -20  685  805
367 221.000  70.000  10 -20  657  777
368 260.000  64.000  10 -20    0 4674
369   9.000 122.000  10 -16    0 4670
370 160.000 179.000  10 -31    0 4783
371 116.000  14.000  10  -9 2615 2735
372 116.000 245.000  10 -10 2309 2429
373  10.000 150.000  10 -20    0 4673
374 156.000  26.000  10 -14  665  785
375 140.000 214.000  10 -18 2458 2578
376  51.000   2.000  10 -20  868  988
377  19.000 290.000  10 -10    0 4622
378  72.000 286.000  10 -20 1609 1729
379 214.000 234.000  10 -30    0 4708
380   3.000 119.000  10 -20 2755 2875
381  53.000 141.000  10  -5  330  450
382 203.000 166.000  10 -20 3961 4081
383  73.000  81.000  10 -20 2223 2343
384 209.000 246.000  10 -30 1495 1615
385 207.000 237.000  10 -20 1951 2071
386 233.000 245.000  10 -20  615  735
387 186.000  26.000  10 -10 2259 2379
388  16.000 196.000  10 -16 1040 1160
389 250.000 228.000  10 -11 3107 3227
390  34.000 150.000  10 -17 1574 1694
391 231.000  70.000  10 -10  577  697
392  64.000  91.000  10 -30    0 4709
393 216.000  25.000  10 -10  837  957
394 159.000 287.000  10 -36 1586 1706
395 110.000 262.000  10 -17 1969 2089
396  94.000  93.000  10 -40 3638 3758
397 191.000 234.000  10  -7  314  434
398 296.000 211.000  10 -20  786  906
399 155.000  93.000  10 -10  553  673
400 133.000 187.000  10  -6 4270 4390
401 144.000 292.000  10  -5  749  869
402 224.000  61.000  10 -20 1894 2014
403 147.000 285.000  10 -40 1034 1154
404  93.000 117.000  10 -10 1399 1519
405  43.000  62.000  10 -20 3283 3403
406 113.000   4.000  10 -12    0 4663
407 122.000 127.000  10 -20    0 4777
408 208.000 235.000  10 -16 3290 3410
409  11.000 265.000  10 -10  703  823
410 254.000  87.000  10 -41 4184 4304
411 117.000 155.000  10 -10 4031 4151
412 167.000 179.000  10 -30  294  414
413 266.000 104.000  10 -20  929 1049
414 103.000 260.000  10 -19    0 4694
415 256.000 239.000  10 -15  749  869
416  81.000 238.000  10 -36    0 4702
417 132.000 146.000  10 -10  312  432
418 288.000 127.000  10 -10 2842 2962
419 153.000  28.000  10 -20  520  640
420 133.000  99.000  10 -20  549  669
421 161.000  26.000  10 -20    0 4689
422 127.000  77.000  10  -8    0 4737
423  97.000 232.000  10 -10 3732 3852
424 225.000 192.000  10 -26 2185 2305
425 223.000  74.000  10 -10  755  875
426 162.000 206.000  10 -30    0 4756
427 280.000 158.000  10 -20    0 4683
428  93.000 165.000  10  -9    0 4755
429 108.000 113.000  10 -40  250  370
430   3.000 205.000  10 -10  855  975
431  63.000  59.000  10 -30    0 4688
432  71.000 294.000  10  -3 2263 2383
433  81.000 223.000  10 -20  889 1009
434 277.000 100.000  10 -10  576  696
435  89.000  61.000  10 -19    0 4706
436 157.000 221.000  10 -18 1642 1762
437  57.000 155.000  10 -16    0 4720
438 140.000 290.000  10 -20  914 1034
439 233.000 242.000  10 -20    0 4690
440 257.000 243.000  10 -12  805  925
441  55.000 285.000  10 -12  980 1100
442  40.000   1.000  10 -16 1796 1916
443 257.000  58.000  10 -20  652  772
444 232.000 121.000  10 -14    0 4727
445 106.000 243.000  10  -3    0 4711
446 236.000 240.000  10 -20    0 4689
447 200.000  26.000  10  -4 1778 1898
448  12.000  10.000  10 -20 1675 1795
449 101.000 110.000  10 -20  512  632
450  37.000 126.000  10 -20  615  735
451  81.000 219.000  10 -14 3854 3974
452   2.000 238.000  10  -9 3362 3482
453 238.000  69.000  10 -20    0 4694
454 280.000 172.000  10 -20    0 4682
455  65.000  68.000  10 -22  973 1093
456 113.000  62.000  10 -10 2094 2214
457 259.000  59.000  10 -16  744  864
458 232.000 240.000  10 -30  902 1022
459  84.000 236.000  10 -11  456  576
460 167.000 193.000  10 -10 4092 4212
461 165.000 256.000  10 -20 2347 2467
462 149.000 282.000  10 -20  468  588
463  38.000  74.000  10 -10    0 4678
464  15.000 259.000  10 -18 2711 2831
465 113.000 188.000  10  -2 1215 1335
466 173.000  72.000  10 -21 2743 2863
467 205.000 130.000  10 -30 3758 3878
468  72.000  20.000  10 -16 2737 2857
469 139.000 110.000  10 -15 3436 3556
470 257.000 133.000  10 -30    0 4705
471 110.000  76.000  10 -20    0 4729
472  66.000 157.000  10 -10  651  771
473 179.000 123.000  10  -5   98  218
474  74.000 117.000  10 -20 3218 3338
475 206.000 157.000  10 -12 3642 3762
476  88.000 225.000  10 -15  329  449
477 129.000  77.000  10 -23 2551 2671
478  65.000  69.000  10 -20 1017 1137
479 162.000 203.000  10 -10  440  560
480 199.000  28.000  10 -19 1827 1947
481 113.000 202.000  10 -10    0 4750
482 201.000 175.000  10 -22 2771 2891
483   4.000 149.000  10 -20  797  917
484 209.000 269.000  10  -2 1783 1903
485 226.000 248.000  10 -10 3411 3531
486  55.000  62.000  10 -20  686  806
487 296.000 279.000  10 -23 1990 2110
488 285.000 283.000  10 -15    0 4624
489  15.000   2.000  10 -10    0 4613
490 262.000  62.000  10 -12  941 1061
491 235.000 243.000  10 -10    0 4688
492 140.000 292.000  10 -18  866  986
493 251.000 241.000  10 -20  546  666
494 170.000  93.000  10 -13    0 4753
495 119.000 254.000  10 -20 3227 3347
496 176.000 263.000  10 -16 2439 2559
497 163.000 202.000  10 -27    0 4760
498  13.000 202.000  10 -10    0 4667
499 111.000 112.000  10 -20  198  318
500 174.000 238.000  10 -11 4093 4213
501 241.000  71.000  10 -10    0 4693
502 149.000 294.000  10  -8  687  807
503 247.000 132.000  10 -10    0 4715
504 153.000  61.000  10 -10 1035 1155
505 248.000  41.000  10 -20    0 4667
506 108.000   3.000  10 -20 2683 2803
507 229.000  25.000  10 -13 1974 2094
508 283.000 144.000  10 -30  473  593
509  34.000   5.000  10 -10 2940 3060
510  58.000 240.000  10 -21 3098 3218
511 276.000  66.000  10 -22    0 4662
512 289.000  79.000  10 -20 1562 1682
513 152.000  29.000  10 -32 3597 3717
514 211.000  61.000  10 -10    0 4706
515 291.000 148.000  10 -20    0 4672
516  16.000 204.000  10 -20    0 4669
517 236.000 108.000  10 -27 3540 3660
518  66.000  56.000  10 -20  803  923
519 103.000  78.000  10 -30  324  444
520 277.000 172.000  10 -16  797  917
521 271.000 106.000  10 -15    0 4685
522 217.000  73.000  10 -10    0 4711
523  76.000 280.000  10 -24    0 4664
524 156.000 182.000  10 -27 2394 2514
525  72.000 180.000  10 -18 1488 1608
526 144.000 182.000  10 -30    0 4781
527 137.000 150.000  10 -20    0 4800
528  56.000 116.000  10 -10    0 4714
529 125.000 168.000  10 -20 3467 3587
530 250.000 130.000  10 -20  854  974
531 262.000 241.000  10 -30  972 1092
532   7.000  31.000  10 -30 3171 3291
533 157.000  31.000  10 -26 1019 1139
534 119.000 183.000  10 -17 2268 2388
535 300.000  44.000  10 -24 3027 3147
536  11.000 242.000  10 -20 2068 2188
537 222.000  73.000  10 -30    0 4708
538 293.000  62.000  10 -25    0 4646
539  12.000 198.000  10 -20    0 4667
540  10.000 198.000  10 -20    0 4665
541  72.000  89.000  10 -12 2211 2331
542 138.000 100.000  10 -10    0 4762
543 108.000 298.000  10 -10    0 4660
544 127.000 266.000  10 -10    0 4695
545 268.000 113.000  10 -30 3371 3491
546  70.000  57.000  10 -24    0 4691
547   6.000 168.000  10 -20 2978 3098
548 176.000  72.000  10 -13 2298 2418
549   5.000 189.000  10 -10  585  705
550 281.000  68.000  10 -23 2028 2148
551 112.000 199.000  10 -20  269  389
552  66.000  54.000  10 -10    0 4686
553 135.000 210.000  10 -20    0 4752
554   4.000 296.000  10 -10 3334 3454
555 155.000 180.000  10 -30    0 4783
556 177.000 281.000  10 -33 1702 1822
557 216.000 203.000  10 -40    0 4729
558 217.000  69.000  10 -14  451  571
559 102.000  76.000  10 -24 3374 3494
560 143.000 288.000  10 -33    0 4675
561  64.000  59.000  10 -30  441  561
562 120.000  60.000  10 -10 2050 2170
563  96.000 199.000  10 -25 4077 4197
564 271.000   8.000  10 -10 3042 3162
565 220.000 182.000  10 -30 2452 2572
566  14.000 204.000  10 -40    0 4667
567 128.000  94.000  10 -20  345  465
568 160.000  27.000  10 -20  914 1034
569   1.000 272.000  10 -20  885 1005
570  71.000 154.000  10 -10  759  879
571 254.000 206.000  10 -16 2485 2605
572 277.000 101.000  10 -20    0 4677
573  85.000  75.000  10  -9 2904 3024
574 149.000  76.000  10 -27 3200 3320
575  13.000 265.000  10 -14  655  775
576 141.000 286.000  10 -24  970 1090
577  12.000 270.000  10 -10  970 1090
578 155.000  28.000  10 -20  568  688
579 202.000 292.000  10 -10 3632 3752
580 167.000 105.000  10 -10  432  552
581 290.000  37.000  10 -20    0 4634
582  26.000   0.000  10 -10    0 4619
583   1.000  81.000  10 -20    0 4649
584 246.000 166.000  10 -10    0 4716
585 135.000 251.000  10 -11 1937 2057
586  69.000  90.000  10 -24 3105 3225
587 136.000  68.000  10  -9 2377 2497
588  30.000 145.000  10 -13 3388 3508
589  55.000  68.000  10 -21  570  690
590 160.000 107.000  10 -30  282  402
591 111.000 110.000  10 -20  307  427
592 248.000 245.000  10 -26    0 4677
593 206.000 121.000  10 -30 2984 3104
594  10.000 147.000  10 -40  636  756
595 275.000  97.000  10 -10  676  796
596 296.000 235.000  10 -18 2241 2361
597 240.000  71.000  10 -20    0 4694
598 272.000 183.000  10 -12 2825 2945
599 289.000 130.000  10 -10 1318 1438
600 213.000 119.000  10 -16 2915 3035
601 257.000  59.000  10 -20    0 4673
602 190.000 181.000  10 -19 3618 3738
603 282.000 104.000  10 -10    0 4674
604 147.000 281.000  10 -18 1090 1210
605 122.000  96.000  10 -10  590  710
606 106.000  77.000  10 -10  658  778
607 150.000 150.000   0   0    0 4823
