303 303 1000 1000 1000
  0 150.000 150.000   0   0    0 4823
  1  61.000  84.000  10   7 1094 1694
  2 125.000 103.000  10  20   53  653
  3 143.000 101.000  10  10   49  649
  4 230.000 128.000  10  21 1282 1882
  5  55.000  68.000  10  30  330  930
  6 186.000  26.000  10  25 2019 2619
  7 231.000 243.000  10  10  193  793
  8 247.000 132.000  10  10  668 1268
  9 110.000  79.000  10  20  521 1121
 10 110.000  74.000  10  30  314  914
 11 180.000 106.000  10  19   53  653
 12 240.000  73.000  10  20  217  817
 13 257.000  59.000  10  20  456 1056
 14 160.000 108.000  10  10   43  643
 15  69.000 208.000  10  17 2088 2688
 16 115.000 196.000  10  10   57  657
 17 105.000  81.000  10  20   82  682
 18 149.000 183.000  10  10   33  633
 19  47.000 277.000  10  20  354  954
 20 212.000  26.000  10  30  653 1253
 21 140.000 140.000  10  30   14  614
 22 222.000  83.000  10  20   98  698
 23 250.000 124.000  10   4  292  892
 24 109.000 299.000  10  24 1266 1866
 25 258.000 244.000  10  10  611 1211
 26 208.000  47.000  10   6  173  773
 27 212.000  62.000  10  20  476 1076
 28 150.000 104.000  10  21   46  646
 29  57.000 125.000  10  23  603 1203
 30 232.000 121.000  10  15 2069 2669
 31 255.000 132.000  10  10  369  969
 32 165.000 113.000  10  20  351  951
 33 143.000 111.000  10  20   39  639
 34 109.000 110.000  10  20  115  715
 35 259.000 240.000  10  10  784 1384
 36  43.000 286.000  10  10  433 1033
 37  60.000 160.000  10  20  103  703
 38 161.000  22.000  10  10  572 1172
 39 122.000 127.000  10   1   36  636
 40 175.000 281.000  10  17 2322 2922
 41 265.000 141.000  10  22  161  761
 42 250.000 126.000  10  20  558 1158
 43 255.000 240.000  10  20  463 1063
 44 235.000 242.000  10  10  470 1070
 45  34.000 150.000  10  15 1334 1934
 46 282.000 104.000  10  19  844 1444
 47 145.000 184.000  10  10   81  681
 48 184.000 277.000  10  17  567 1167
 49 129.000  77.000  10  11 2311 2911
 50 169.000 173.000  10  10   29  629
 51 106.000 108.000  10  20  210  810
 52 141.000 286.000  10  10  730 1330
 53 231.000  70.000  10  10  337  937
 54 242.000  73.000  10  20  265  865
 55  93.000 165.000  10  13   58  658
 56  10.000 198.000  10  10  695 1295
 57 172.000   2.000  10   9 2170 2770
 58 277.000 172.000  10  10  557 1157
 59 217.000  69.000  10  10  211  811
 60  85.000 224.000  10  10  592 1192
 61   0.000 153.000  10  20  620 1220
 62 147.000  43.000  10  14  171  771
 63 140.000 143.000  10  20   12  612
 64  53.000 288.000  10  20  600 1200
 65 224.000  79.000  10  30  209  809
 66 110.000 107.000  10  20  449 1049
 67 125.000 136.000  10   5   28  628
 68 211.000  61.000  10  20  431 1031
 69 107.000 103.000  10  20  348  948
 70 262.000  62.000  10  10  701 1301
 71 269.000 103.000  10  20  636 1236
 72 122.000  96.000  10  19  350  950
 73 181.000 297.000  10  10  410 1010
 74  16.000 151.000  10  20  236  836
 75 167.000 176.000  10  20   31  631
 76 280.000 172.000  10  10  505 1105
 77  11.000 191.000  10  12 2663 3263
 78  25.000 119.000  10  17  433 1033
 79 215.000  68.000  10  10  162  762
 80 137.000 104.000  10  30  316  916
 81 113.000 202.000  10  10  123  723
 82 262.000  14.000  10  21 2553 3153
 83 259.000 126.000  10  20  437 1037
 84 216.000  23.000  10  10  549 1149
 85 145.000 182.000  10  10  215  815
 86  51.000   2.000  10  41  628 1228
 87  30.000 243.000  10   6  905 1505
 88 176.000  72.000  10   6 2058 2658
 89 216.000  62.000  10  20  330  930
 90  64.000  59.000  10  30  201  801
 91  66.000 157.000  10  10  411 1011
 92  64.000  55.000  10  20  299  899
 93 213.000  65.000  10  20  529 1129
 94  17.000 205.000  10  20  380  980
 95 224.000 229.000  10  16 1124 1724
 96  78.000 236.000  10  10  366  966
 97 207.000 237.000  10  11 1711 2311
 98 161.000  26.000  10  10  628 1228
 99 169.000 171.000  10  30   28  628
100 212.000 270.000  10  21 2127 2727
101  47.000 203.000  10  29 2439 3039
102  69.000  90.000  10  23 2865 3465
103  33.000 231.000  10  36 2741 3341
104 136.000 144.000  10  10   15  615
105 286.000 175.000  10  10  389  989
106 151.000  30.000  10  20  229  829
107 150.000 184.000  10  20   34  634
108 157.000  25.000  10  20  471 1071
109  53.000 285.000  10  10  652 1252
110 115.000 197.000  10  10  240  840
111 167.000 179.000  10  20   54  654
112 277.000 104.000  10  20  240  840
113 262.000 241.000  10  20  732 1332
114  65.000 156.000  10  10  365  965
115 159.000 177.000  10  30  220  820
116  67.000 175.000  10   3  865 1465
117  78.000 232.000  10  20  464 1064
118 201.000 175.000  10  10 2531 3131
119 249.000 133.000  10  10  148  748
120 139.000 110.000   0  21 3196 3796
121  71.000 154.000  10  40  519 1119
122 157.000 276.000  10  18  205  805
123 221.000  70.000  10  10  417 1017
124 236.000 108.000  10  16 3300 3900
125 106.000 243.000  10  22  512 1112
126  37.000 126.000  10  19  375  975
127 259.000  58.000  10  30  548 1148
128 168.000 204.000  10  20   56  656
129  75.000 191.000  10  12   85  685
130  26.000  27.000  10  16 3239 3839
131  12.000 270.000  10  20  730 1330
132  81.000 238.000  10  20  311  911
133 140.000 294.000  10  18 1397 1997
134  11.000 242.000  10  16 1828 2428
135 224.000  77.000  10  20  257  857
136 166.000 123.000  10  14   31  631
137  92.000 241.000  10   3 2827 3427
138 280.000 180.000  10  20  278  878
139  65.000  49.000  10  20  455 1055
140 166.000 105.000  10  20  148  748
141  30.000 226.000  10  14 3512 4112
142 296.000 211.000  10  22  546 1146
143 236.000  72.000  10  20  528 1128
144  99.000  73.000  10  22  120  720
145 166.000 113.000  10  10  307  907
146  80.000 131.000  10  14 1095 1695
147 284.000 176.000  10  30  340  940
148 246.000 166.000  10  18 1937 2537
149 144.000 292.000  10  20  509 1109
150 128.000 155.000  10  11   22  622
151 161.000 210.000  10  10   91  691
152 168.000 176.000  10  20   31  631
153 241.000  71.000  10  20  314  914
154  57.000  68.000  10  10  282  882
155  72.000  89.000  10  13 1971 2571
156   3.000 205.000  10  10  615 1215
157  76.000 160.000  10   2   74  674
158 170.000  53.000  10  21  407 1007
159 288.000 127.000  10  23 2602 3202
160 120.000  60.000  10  12 1810 2410
161  88.000 225.000  10  20   97  697
162 123.000  92.000  10  20   63  663
163   4.000 149.000   0  20  557 1157
164 216.000  25.000   0  30  597 1197
165  63.000  59.000  10  20  611 1211
166  63.000 155.000  10  10  316  916
167 158.000 140.000  10   5   12  612
168  84.000 236.000  10  10  216  816
169 285.000 283.000  10  22 1974 2574
170  61.000 157.000  10  40  265  865
171 102.000 173.000  10  15   53  653
172 103.000  78.000  10  10   85  685
173 144.000 182.000  10  30  171  771
174 149.000 186.000  10  20   36  636
175 165.000 182.000  10  10  109  709
176 179.000 123.000  10   4   39  639
177 157.000  84.000  10  19  162  762
178 167.000 105.000  10  20  192  792
179 238.000 206.000  10  22 2052 2652
180   3.000 119.000  10   8 2515 3115
181 252.000 219.000  10  23  965 1565
182 234.000 213.000  10  15  328  928
183 136.000 140.000  10  10   17  617
184 251.000 241.000  10  10  306  906
185 275.000 182.000  10  10  216  816
186 230.000 248.000  10  20  254  854
187 160.000 107.000  10  30   44  644
188 138.000 100.000  10  30  174  774
189   8.000 155.000  10  10  693 1293
190 111.000 112.000  10  20   54  654
191 128.000  94.000  10  30  105  705
192 110.000 262.000  10  26 1729 2329
193 160.000 179.000  10  32 2878 3478
194 147.000 178.000  10  10  273  873
195 170.000 174.000  10  20   31  631
196 277.000 101.000  10  20  292  892
197 283.000 144.000  10   6  233  833
198 274.000  97.000  10  10  480 1080
199 158.000  27.000  10  10  722 1322
200 240.000  71.000  10  30  358  958
201 250.000 134.000  10  30  193  793
202  93.000 117.000  10  15 1159 1759
203  62.000  53.000  10  10  350  950
204 275.000  97.000  10  10  436 1036
205 107.000 174.000  10  21   49  649
206 224.000  61.000  10  22 1654 2254
207 124.000 174.000  10  22   35  635
208 101.000 110.000  10  10  272  872
209 112.000 201.000  10  20   77  677
210  80.000  86.000  10  32 2161 2761
211   5.000 189.000  10   5  345  945
212 141.000 100.000  10  10   82  682
213 165.000 256.000  10  12 2107 2707
214 108.000 113.000  10  10   55  655
215 136.000 104.000  10  20  272  872
216 107.000  71.000  10  20  257  857
217 127.000 266.000  10  13  250  850
218  55.000  62.000  10  20  446 1046
219 141.000 137.000  10  30   15  615
220 224.000 138.000  10  16 3395 3995
221 163.000 150.000  10  15   13  613
222 213.000  68.000  10  10  114  714
223 100.000 138.000  10  24  580 1180
224   5.000 195.000  10  18  502 1102
225 166.000 203.000  10  30   55  655
226 100.000  73.000  10  20  147  747
227 147.000 185.000  10  10   35  635
228 239.000  77.000  10  20  160  760
229 163.000 202.000  10  20  245  845
230 155.000  28.000  10  10  328  928
231 183.000 282.000  10  42 1526 2126
232 289.000  79.000  10  19 1322 1922
233  87.000 183.000  10  17 1860 2460
234  52.000 288.000  10  20  556 1156
235 233.000 245.000  10  10  375  975
236 144.000 100.000  10  20   50  650
237 260.000  64.000   0  23 1492 2092
238   7.000  31.000  10  29 2931 3531
239  96.000  86.000  10  12   83  683
240 141.000 102.000  10  10   48  648
241 170.000  93.000  10  39 1662 2262
242  18.000 206.000  10  10  335  935
243 164.000 202.000  10  30  289  889
244 148.000 157.000  10  24    7  607
245 159.000 110.000  10  20   41  641
246 229.000  40.000  10  13  717 1317
247 131.000 220.000  10  23  243  843
248 112.000 199.000  10  20   62  662
249 238.000  69.000  10  20  409 1009
250 151.000 294.000  10  20  399  999
251  26.000   0.000  10  12 1739 2339
252 148.000 288.000  10  30  333  933
253 275.000 263.000  10  33  428 1028
254 143.000  67.000  10  14   83  683
255 168.000 108.000  10  10  245  845
256  15.000 209.000   0  25 3289 3889
257  11.000 207.000  10  40  542 1142
258 154.000  31.000  10  20  176  776
259  86.000 230.000  10  20  151  751
260 133.000  99.000  10  20  309  909
261   9.000 145.000  10  30  445 1045
262 140.000 292.000  10  10  626 1226
263 134.000 146.000  10  10   24  624
264 257.000 137.000  10  20  264  864
265 117.000 168.000  10  14   37  637
266 153.000  28.000  10  10  280  880
267 176.000  70.000  10  18 2448 3048
268  50.000 285.000  10  10  502 1102
269 257.000 243.000  10  10  565 1165
270 246.000 133.000  10  30  714 1314
271 140.000 100.000  10  20  126  726
272  69.000 134.000  10  46 2256 2856
273 236.000 248.000  10  10  318  918
274 161.000 112.000  10  10   39  639
275 233.000 242.000  10  30  614 1214
276 155.000 180.000  10  30   30  630
277 144.000 173.000  10  20  336  936
278  65.000  56.000  10  10  253  853
279 130.000 102.000  10  20  366  966
280  76.000 280.000  10  27 1699 2299
281 110.000  76.000  10  30  362  962
282 136.000 241.000  10  11 1246 1846
283  64.000  91.000  10  29  158  758
284 106.000  77.000  10  10  418 1018
285  15.000  52.000  10  21  367  967
286 160.000 111.000  10  30   40  640
287  81.000 223.000  10  40  649 1249
288 113.000 114.000  10  20   51  651
289 162.000 206.000  10  30  148  748
290 203.000 183.000  10  26   62  662
291 176.000 263.000  10   5 2199 2799
292 114.000 198.000  10  20   60  660
293  11.000 265.000  10  10  463 1063
294 250.000 130.000  10  10  614 1214
295 299.000 153.000  10  12 1400 2000
296 133.000 187.000   0  16 4030 4630
297 246.000 137.000  10  10   96  696
298 213.000  61.000  10  20  383  983
299  55.000 285.000  10  30  740 1340
300 236.000 240.000  10  30  519 1119
301 163.000 200.000  10  10  338  938
302 145.000 183.000  10  10  125  725
303 140.000 108.000  10  10  376  976
304  74.000 117.000  10  -7 2978 3578
305 149.000  76.000  10 -20 2960 3560
306 138.000 101.000  10 -10  218  818
307 206.000 157.000  10 -21 3402 4002
308 152.000  29.000  10 -30 3357 3957
309 212.000  45.000  10 -25 2278 2878
310 266.000 212.000  10 -10 1090 1690
311 239.000 295.000  10 -10 2770 3370
312 111.000  98.000  10 -20  846 1446
313 244.000  13.000  10 -30 2652 3252
314 257.000  58.000  10 -19  412 1012
315 271.000 101.000  10 -20  585 1185
316 293.000  62.000  10 -20  429 1029
317 155.000  93.000  10 -10  313  913
318 135.000 210.000  10 -17 3368 3968
319 149.000 282.000  10 -10  228  828
320 173.000  72.000  10 -20 2503 3103
321 191.000 234.000  10 -10   93  693
322 159.000 287.000  10 -20 1346 1946
323 153.000  61.000  10 -30  795 1395
324 126.000 127.000  10 -30   33  633
325 227.000  80.000  10 -20  157  757
326 281.000  68.000  10  -4 1788 2388
327 177.000 281.000  10 -24 1462 2062
328 290.000 219.000  10 -10  508 1108
329 225.000  22.000  10  -6  342  942
330 222.000  73.000  10 -20  470 1070
331  59.000  64.000  10 -21  504 1104
332 103.000  93.000  10 -23 2025 2625
333 238.000 103.000  10 -15 2649 3249
334 278.000 177.000  10 -10  658 1258
335 208.000 208.000  10 -20  182  782
336 129.000  98.000  10 -20  252  852
337 284.000 244.000  10 -20 2704 3304
338 258.000 232.000  10 -10  856 1456
339  13.000 265.000  10 -10  415 1015
340  88.000 110.000  10 -20 2296 2896
341 160.000  27.000  10 -10  674 1274
342 111.000 110.000  10  -1   67  667
343 202.000 292.000  10 -17 3392 3992
344 200.000  26.000  10 -22 1538 2138
345 280.000 175.000  10 -20  453 1053
346 258.000 247.000  10 -20  663 1263
347 256.000 239.000  10 -10  509 1109
348 216.000 203.000  10 -15 1923 2523
349 296.000 235.000  10 -19 2001 2601
350  13.000 202.000  10 -10  480 1080
351 158.000 291.000  10 -17  409 1009
352 271.000   8.000  10 -11 2802 3402
353 134.000 148.000  10 -10  165  765
354 156.000 182.000  10 -20 2154 2754
355 152.000 241.000  10 -10 2444 3044
356 220.000  74.000  10 -10  567 1167
357 253.000  84.000  10 -20 1378 1978
358  14.000 177.000  10 -13  305  905
359 103.000 260.000  10 -10 3337 3937
360 127.000  77.000  10  -9 3079 3679
361 296.000 279.000  10 -10 1750 2350
362 236.000  66.000  10 -10  464 1064
363  77.000 233.000  10 -10  418 1018
364 109.000  61.000  10 -20 1347 1947
365 191.000  49.000  10 -14  281  881
366 220.000 182.000  10 -20 2212 2812
367 208.000 290.000  10 -20  982 1582
368 225.000  73.000  10 -30 1835 2435
369 136.000  68.000  10 -20 2137 2737
370 279.000 189.000  10  -5 2138 2738
371 290.000  37.000  10 -20 3025 3625
372 112.000  43.000  10 -20 1971 2571
373 234.000 107.000  10 -10 1114 1714
374 266.000 104.000  10 -20  689 1289
375 108.000   3.000  10 -19 2443 3043
376 186.000 228.000  10 -10 1412 2012
377  82.000 100.000  10 -20 2070 2670
378  53.000 141.000  10 -20   97  697
379 248.000  41.000  10 -10 1636 2236
380  28.000 141.000  10 -12 2340 2940
381 125.000 168.000  10 -17 3227 3827
382 264.000  61.000  10 -10  652 1252
383 109.000 105.000  10 -30  400 1000
384 132.000 297.000  10 -10  415 1015
385 205.000 130.000  10 -21 3518 4118
386 277.000 177.000  10 -20  702 1302
387 207.000  20.000  10 -10  501 1101
388 114.000 204.000  10 -10  172  772
389   8.000   4.000  10 -41  515 1115
390  59.000 287.000  10  -6 1746 2346
391 131.000  78.000  10  -6 2072 2672
392 276.000  66.000  10 -20  306  906
393  64.000  53.000  10 -30  398  998
394  10.000 147.000  10 -10  396  996
395 103.000   8.000  10 -20 2487 3087
396 253.000  57.000  10 -20  255  855
397  84.000 231.000  10 -20 1938 2538
398 213.000 119.000  10 -16 2675 3275
399  54.000 285.000  10 -10  696 1296
400 157.000 254.000  10 -11 1826 2426
401  29.000   8.000  10 -10 2764 3364
402 132.000 146.000  10 -30   72  672
403 167.000 193.000  10 -21 3852 4452
404  15.000 259.000  10 -29 2471 3071
405  30.000 145.000  10 -23 3148 3748
406  81.000 219.000  10 -36 3614 4214
407 199.000 213.000  10 -10 1804 2404
408 289.000 130.000  10 -10 1078 1678
409 159.000  41.000  10 -20  985 1585
410 162.000 250.000  10 -20  542 1142
411 110.000  31.000  10 -20 1212 1812
412   1.000 272.000  10 -10  645 1245
413 157.000 221.000  10 -10 1402 2002
414  38.000 139.000  10 -20 1108 1708
415 199.000  28.000  10 -20 1587 2187
416 265.000 197.000  10 -20 1046 1646
417  57.000 123.000  10 -10  421 1021
418 189.000 240.000  10 -30  139  739
419 250.000 228.000  10  -3 2867 3467
420   6.000 168.000  10 -20 2738 3338
421 190.000 181.000  10 -10 3378 3978
422 283.000  65.000  10 -10 1560 2160
423 139.000 110.000  10 -21 3196 3796
424  72.000 180.000  10 -40 1248 1848
425 126.000 266.000  10 -18 1736 2336
426 254.000  87.000  10 -10 3944 4544
427 188.000 142.000  10 -16 4175 4775
428  56.000 212.000  10 -22 1650 2250
429  65.000  68.000  10 -19  733 1333
430 274.000   6.000  10 -30 1837 2437
431 172.000 225.000  10 -20  198  798
432  19.000 290.000  10 -12 1309 1909
433  94.000  93.000  10 -16 3398 3998
434   4.000 296.000  10 -20 3094 3694
435   8.000 265.000  10 -20  566 1166
436   2.000 238.000  10 -18 3122 3722
437  58.000 240.000  10 -16 2858 3458
438 255.000  57.000  10 -20  303  903
439 232.000 240.000  10 -14  662 1262
440  97.000 232.000  10  -3 3492 4092
441 277.000  41.000  10 -20 1137 1737
442  59.000  67.000  10 -20  233  833
443  15.000   2.000  10 -20 1355 1955
444  96.000 199.000  10 -14 3837 4437
445 241.000 183.000  10 -22 3134 3734
446 272.000  97.000  10 -20  528 1128
447 151.000 113.000  10 -22 1144 1744
448 235.000 241.000  10 -10  565 1165
449 113.000  62.000  10 -14 1854 2454
450 214.000 234.000  10 -30 2681 3281
451 268.000 113.000  10 -18 3131 3731
452 147.000 285.000  10 -20  794 1394
453  60.000 156.000  10 -11  219  819
454 108.000 298.000  10 -10 3281 3881
455 137.000 150.000  10 -20  219  819
456 217.000  73.000  10 -20  620 1220
457 159.000  89.000  10 -10 3065 3665
458 117.000 155.000  10 -13 3791 4391
459   9.000 144.000  10 -10  489 1089
460  89.000  61.000  10  -2  772 1372
461 217.000  21.000  10 -21  500 1100
462 271.000 106.000  10 -23 2110 2710
463 233.000 119.000  10 -12 3514 4114
464  12.000 275.000  10 -20 1808 2408
465 156.000  57.000  10 -20 2486 3086
466   4.000 149.000  10 -20  557 1157
467 216.000  25.000  10 -30  597 1197
468  66.000  54.000  10 -20  515 1115
469  37.000 159.000  10 -10  226  826
470 260.000  58.000  10  -5  592 1192
471  16.000 196.000  10 -10  800 1400
472 285.000 285.000  10 -22 2562 3162
473  56.000 116.000  10 -40  679 1279
474  67.000 161.000  10 -15   83  683
475 173.000  64.000  10 -10 2047 2647
476 147.000 281.000  10 -30  850 1450
477 165.000 204.000  10 -20   56  656
478 163.000 180.000  10 -10  160  760
479 280.000 158.000  10  -4 2351 2951
480 227.000  26.000  10 -19  284  884
481 160.000  24.000  10 -20  523 1123
482 272.000 183.000  10 -22 2585 3185
483  15.000 178.000  10  -8 2832 3432
484 291.000 148.000  10 -23 2302 2902
485 206.000 121.000  10 -15 2744 3344
486 254.000 206.000  10 -10 2245 2845
487 254.000 240.000  10 -10  419 1019
488 203.000  36.000  10 -10 1349 1949
489 263.000 291.000  10 -20  509 1109
490  40.000   1.000  10 -30 1556 2156
491   1.000  81.000  10 -30 1042 1642
492  59.000 113.000  10 -10  736 1336
493  88.000 124.000  10 -20   67  667
494 119.000 104.000  10 -30  527 1127
495 119.000 254.000  10 -26 2987 3587
496 162.000 148.000  10 -32 2761 3361
497 140.000 290.000  10 -10  674 1274
498 134.000 147.000  10 -20  121  721
499 252.000 128.000  10 -20  507 1107
500 208.000 235.000  10  -6 3050 3650
501 209.000  84.000  10 -10 1289 1889
502 107.000  39.000  10 -10 1122 1722
503 256.000  54.000  10 -30  356  956
504 257.000 133.000  10 -30  320  920
505  85.000  75.000  10 -15 2664 3264
506  66.000  56.000  10 -10  563 1163
507 229.000  25.000  10 -10 1734 2334
508  57.000 155.000  10 -21  167  767
509 300.000  44.000  10 -22 2787 3387
510  72.000 286.000  10 -22 1369 1969
511 109.000 148.000  10 -10   41  641
512 149.000 294.000  10 -20  447 1047
513 102.000  76.000  10 -32 3134 3734
514  73.000  81.000  10  -5 1983 2583
515  72.000  20.000  10 -10 2497 3097
516 119.000 214.000  10 -12 2234 2834
517 108.000 109.000  10 -10  161  761
518 131.000  95.000  10 -20  158  758
519 108.000  80.000  10 -20  472 1072
520  12.000 198.000  10 -13  743 1343
521   2.000  81.000  10 -20  818 1418
522  67.000 154.000  10 -30  463 1063
523 219.000 152.000  10 -16 3596 4196
524 208.000 117.000  10 -15   73  673
525 259.000  59.000  10 -10  504 1104
526 113.000 188.000  10 -24  975 1575
527   9.000 122.000  10 -18  626 1226
528 194.000 234.000  10 -30   94  694
529 228.000  41.000  10 -20 3009 3609
530  18.000 184.000  10 -10 1243 1843
531 220.000  66.000  10 -20  268  868
532 176.000 235.000  10 -20   88  688
533 223.000  23.000  10 -10  391  991
534  14.000 204.000  10 -42 2132 2732
535 256.000 286.000  10 -19 2937 3537
536 140.000 214.000  10 -17 2218 2818
537 112.000 272.000  10 -20 1109 1709
538 248.000 245.000  10 -10  246  846
539 116.000  14.000  10 -20 2375 2975
540 260.000  64.000  10 -23 1492 2092
541  43.000  62.000  10 -29 3043 3643
542  60.000  64.000  10 -12  548 1148
543 127.000 101.000  10 -10   54  654
544 168.000  42.000  10 -39 2292 2892
545  10.000 150.000  10 -10  344  944
546  83.000 236.000  10 -30  260  860
547 116.000 245.000  10 -24 2069 2669
548 162.000 107.000  10 -20   90  690
549 160.000  17.000  10 -13 1121 1721
550 209.000 269.000  10 -23 1543 2143
551 135.000 251.000  10 -20 1697 2297
552 211.000  66.000  10 -20  578 1178
553 149.000 285.000  10 -20  280  880
554  12.000  10.000  10 -12 1435 2035
555 209.000 246.000  10 -30 1255 1855
556 234.000 146.000  10 -33 1168 1768
557 113.000   4.000  10 -14  923 1523
558 156.000  26.000  10 -10  425 1025
559  15.000 209.000  10 -25 3289 3889
560  14.000 149.000  10 -40  287  887
561 218.000  20.000  10 -20  454 1054
562  25.000 191.000  10 -20  679 1279
563  61.000  70.000  10 -20  179  779
564  65.000  69.000  10 -30  777 1377
565 174.000 238.000  10 -10 3853 4453
566 225.000 192.000  10 -10 1945 2545
567 277.000 100.000  10 -20  336  936
568  17.000 209.000  10 -14  282  882
569 157.000  31.000  10 -10  779 1379
570 264.000  35.000  10 -18 3692 4292
571   8.000 263.000  10 -10  518 1118
572 229.000 179.000  10 -10  728 1328
573 220.000  43.000  10 -30 1499 2099
574  70.000  57.000  10 -20  620 1220
575 119.000 183.000  10 -46 2028 2628
576 235.000 243.000  10 -10  426 1026
577 154.000  26.000  10 -10  377  977
578 203.000 166.000  10 -30 3721 4321
579 162.000 203.000  10 -30  200  800
580 143.000 288.000  10 -20  566 1166
581  38.000  74.000  10 -10  361  961
582  52.000  63.000  10 -20  393  993
583  71.000 294.000  10 -27 2023 2623
584 106.000  71.000  10 -30  213  813
585 116.000 240.000  10 -11 1861 2461
586  62.000  65.000  10 -29  676 1276
587 129.000  83.000  10 -10 2247 2847
588  24.000  76.000  10 -21 1746 2346
589  34.000   5.000  10 -30 2700 3300
590  51.000 217.000  10 -40  838 1438
591 296.000 252.000  10 -20 2917 3517
592  85.000 228.000  10 -30  536 1136
593 248.000 280.000  10 -26  922 1522
594  61.000 138.000  10  -5 2332 2932
595 159.000 300.000  10 -20  301  901
596  59.000 280.000  10 -10  806 1406
597 278.000 176.000  10 -10  614 1214
598 226.000 248.000  10 -12 3171 3771
599 133.000 187.000  10 -16 4030 4630
600 275.000 100.000  10 -10  384  984
601 223.000  74.000  10 -20  515 1115
602  27.000 255.000  10 -30  722 1322
603 251.000 237.000  10 -30  362  962
604  45.000 190.000  10 -10 1540 2140
605  16.000 204.000  10 -10  426 1026
606 130.000  96.000  10 -10  203  803
607 150.000 150.000   0   0    0 4823
