305 305 1000 1000 1000
  0 150.000 150.000   0   0    0 4823
  1 162.000 107.000  10  10  135  645
  2 143.000 101.000  10  10  105  464
  3  55.000  68.000  10  30  468  792
  4  72.000 180.000  10  27 1215 1881
  5 257.000  58.000  10  10  446  978
  6 231.000 243.000  10  10  361  625
  7 247.000 132.000  10  10  911 1025
  8  89.000  61.000  10  14  988 1156
  9 116.000 240.000  10  17 1886 2435
 10 110.000  79.000  10  20  585 1058
 11 180.000 106.000  10  19  128  298
 12 134.000 147.000  10  20  240  603
 13 257.000  59.000  10  20  685  827
 14 160.000 108.000  10  10  122  475
 15 289.000 130.000  10  27 1229 1527
 16  27.000 255.000  10   5  795 1250
 17  69.000 208.000   0  17 2242 2533
 18 115.000 196.000  10  10   57  740
 19 250.000 228.000  10  22 3039 3295
 20 159.000  89.000   0  22 3273 3457
 21 105.000  81.000  10  20   82  605
 22  47.000 277.000  10  20  383  926
 23  14.000 149.000  10  10  472  702
 24 140.000 140.000  10  30   14  358
 25 109.000 299.000  10  24 1553 1579
 26 208.000  47.000  10   6  213  733
 27 212.000  62.000  10  20  612  941
 28 259.000  59.000  10  10  667  941
 29 150.000 104.000  10  21  191  484
 30  77.000 233.000  10  20  390 1046
 31  57.000 125.000  10  23  735 1072
 32 232.000 121.000  10  15 2083 2655
 33 255.000 132.000  10  10  488  849
 34 165.000 113.000  10  20  419  883
 35 143.000 111.000  10  20   39  383
 36 109.000 110.000  10  20  142  689
 37  38.000 139.000  10  12 1316 1499
 38 277.000  41.000  10  14 1292 1582
 39   9.000 122.000  10  19  871  980
 40  60.000 160.000  10  20  149  658
 41 172.000 225.000  10  13  484  512
 42 161.000  22.000  10  10  685 1059
 43 122.000 127.000  10   1   36  336
 44  52.000  63.000   0  10  344 1042
 45  53.000 141.000  10  16  135  644
 46 265.000 141.000  10  22  134  788
 47  59.000  64.000  10  10  587 1021
 48 114.000 204.000  10  20  278  665
 49  34.000 150.000  10  15 1494 1773
 50 140.000 214.000  10  24 2309 2727
 51  59.000 113.000  10  16  738 1334
 52 208.000 208.000  10  16  412  552
 53 169.000 173.000  10  10   34  288
 54 106.000 108.000  10  20  277  743
 55 227.000  26.000  10  20  455  712
 56 141.000 286.000  10  10  789 1272
 57 231.000  70.000  10  10  296  977
 58 242.000  73.000  10  20  340  789
 59  93.000 165.000  10  13   58  436
 60  82.000 100.000  10  16 2258 2483
 61 277.000 172.000  10  10  681 1033
 62   0.000 153.000  10  20  650 1189
 63 147.000  43.000  10  14  394  547
 64 143.000 288.000  10  30  631 1101
 65 140.000 143.000  10  20   12  671
 66  83.000 236.000  10  10  543  578
 67 253.000  84.000  10  11 1510 1847
 68  53.000 288.000  10  20  598 1203
 69 256.000 239.000  10  10  706  912
 70 224.000  79.000  10  30  410  608
 71 110.000 107.000  10  20  567  930
 72 125.000 136.000  10   5   28  253
 73 211.000  61.000  10  20  595  867
 74 107.000 103.000  10  20  538  758
 75 262.000  62.000  10  10  921 1081
 76 227.000  80.000  10  30  294  619
 77 119.000 254.000  10  42 2956 3617
 78  65.000  69.000  10  10  788 1366
 79  16.000 151.000  10  20  456  617
 80 167.000 176.000  10  20  154  451
 81 280.000 172.000  10  10  531 1080
 82 149.000 282.000  10  10  264  793
 83 277.000 100.000  10  10  579  694
 84  25.000 191.000  10  16  692 1266
 85 215.000  68.000  10  10  262  661
 86 137.000 104.000  10  30  445  787
 87 113.000 202.000  10  10  119  726
 88 160.000  24.000  10  10  776  870
 89 225.000  22.000  10  40  336  947
 90 194.000 234.000  10   7  228  530
 91 214.000 234.000   0  21 2924 3038
 92 216.000  23.000  10  10  741  957
 93 111.000 110.000  10  10  255  480
 94 145.000 182.000  10  10  417  612
 95 186.000 228.000  10   5 1533 1890
 96 132.000 146.000  10  20  120  624
 97 216.000  62.000  10  20  569  692
 98  64.000  59.000  10  30  389  612
 99 109.000 105.000  10  10  552  848
100  64.000  55.000  10  20  572  626
101 213.000  65.000  10  20  626 1033
102 224.000 229.000  10  16 1333 1516
103 274.000   6.000  10  41 1880 2394
104 207.000 237.000  10  11 1930 2092
105 119.000 104.000  10  10  765  888
106 169.000 171.000  10  30   28  536
107 296.000 235.000  10  25 1990 2613
108 109.000 148.000  10  19   41  558
109 223.000  74.000  10  10  639  991
110  47.000 203.000  10  29 2503 2976
111 136.000 144.000  10  10   23  523
112 151.000  30.000  10  20  460  598
113 150.000 184.000  10  20  110  358
114 232.000 240.000  10  20  752 1172
115  53.000 285.000  10  10  772 1133
116 278.000 176.000  10  20  768 1060
117 115.000 197.000  10  10  389  691
118 167.000 179.000  10  20  297  412
119   6.000 168.000  10  21 2901 3174
120 163.000 180.000  10  30  199  720
121 277.000 104.000  10  20  199  881
122 162.000 148.000   0  25 2824 3298
123 126.000 127.000  10  40   33  274
124  19.000 290.000  10  12 1305 1912
125  65.000 156.000  10  10  417  913
126 159.000 177.000  10  30  118  922
127  78.000 232.000  10  20  538  991
128 249.000 133.000  10  10  291  604
129 139.000 110.000   0  21 3114 3878
130  57.000 123.000  10  19  710  732
131 157.000 276.000  10  18  318  692
132 268.000 113.000  10  22 3286 3576
133  40.000   1.000  10  38 1730 1982
134 106.000 243.000  10  22  711  913
135 259.000  58.000  10  30  775  922
136 168.000 204.000  10  20  120  335
137  72.000 286.000  10  17 1321 2016
138 254.000 240.000  10  20  374 1063
139  81.000 238.000  10  20  514  708
140 224.000  77.000  10  20  271  843
141 166.000 123.000  10  14   45  206
142 280.000 180.000  10  20  487  669
143 166.000 105.000  10  20  352  544
144 129.000  98.000  10  20  312  792
145  15.000 178.000  10   9 2876 3388
146 236.000  72.000  10  20  702  953
147 277.000 177.000  10  20  823 1180
148  99.000  73.000  10  22   92  747
149 166.000 113.000  10  10  461  753
150 208.000 117.000  10  15  212  535
151 246.000 166.000  10  18 1990 2483
152 144.000 292.000  10  20  640  979
153 128.000 155.000  10  11   22  396
154 155.000  93.000  10  33  537  688
155 168.000 176.000  10  20   31  668
156 165.000 204.000  10  20  153  492
157 241.000  71.000  10  20  360  867
158 219.000 152.000  10   8 3704 4088
159 235.000 243.000  10  20  611  840
160  76.000 160.000  10   2   78  519
161  56.000 116.000  10  22  927 1031
162 170.000  53.000  10  21  574  839
163  34.000   5.000  10  16 2704 3296
164 280.000 175.000  10  30  551  955
165  66.000  54.000  10  20  429 1201
166 120.000  60.000  10  12 1918 2302
167 226.000 248.000  10  17 3286 3657
168 217.000  73.000  10  20  895  944
169 293.000  62.000   0  10  560  899
170 216.000  25.000  10  30  709 1084
171  63.000 155.000  10  10  462  770
172 158.000 140.000  10   5   12  521
173  84.000 236.000  10  10  247  785
174 260.000  58.000  10  20  574 1211
175  61.000 157.000  10  40  349  780
176 102.000 173.000  10  15   85  340
177 103.000  78.000  10  10  118  649
178 144.000 182.000  10  30  146  795
179 165.000 182.000  10  10  142  676
180 179.000 123.000  10   4   39  651
181 157.000  84.000  10  19  420  503
182 167.000 105.000  10  20  230  754
183 127.000 101.000  10  20   54  637
184 108.000 109.000  10  20  258  664
185 199.000  28.000  10  12 1725 2048
186 252.000 219.000  10  23 1243 1288
187 136.000 140.000  10  10   17  503
188 191.000  49.000  10  12  380  783
189 251.000 241.000  10  10  428  784
190 103.000 260.000  10  14 3592 3682
191 158.000 291.000  10  18  466  952
192 207.000  20.000  10  13  588 1014
193  54.000 285.000  10  10  868 1124
194 160.000 107.000  10  30  124  560
195   8.000 155.000  10  10  754 1232
196 111.000 112.000  10  20  153  362
197 162.000 203.000  10  30  378  621
198  16.000 204.000  10  10  240 1211
199 147.000 178.000  10  10  305  840
200 170.000 174.000  10  20  118  295
201 277.000 101.000  10  20  429  756
202 283.000 144.000  10   6  279  787
203  66.000  56.000  10  30  676 1050
204 158.000  27.000  10  10  982 1062
205 257.000 133.000  10  20  476  763
206 264.000  61.000  10  20  869 1035
207 240.000  71.000  10  30  436  879
208 112.000  43.000  10  42 2168 2375
209   4.000 296.000  10  18 3109 3679
210 209.000  84.000  10  13 1316 1863
211 250.000 134.000  10  30  325  661
212  13.000 202.000  10  20  488 1072
213  93.000 117.000  10  15 1209 1710
214  62.000  53.000  10  10  525  776
215 107.000 174.000  10  21   49  425
216 124.000 174.000  10  22   35  549
217 101.000 110.000  10  10  392  751
218 112.000 201.000  10  20  182  572
219 165.000 256.000  10  12 2326 2487
220 108.000 113.000  10  10  304  317
221 136.000 104.000  10  20  243  902
222 127.000 266.000  10  13  369  731
223 278.000 177.000  10  20  687 1228
224 209.000 246.000  10  26 1468 1641
225 134.000 148.000  10  20  363  567
226  55.000  62.000  10  20  497  996
227 141.000 137.000  10  30   15  427
228 163.000 150.000  10  15   13  273
229 100.000 138.000  10  24  695 1064
230 126.000 266.000  10  27 1933 2139
231  10.000 150.000  10  10  407  881
232 137.000 150.000  10  30  382  656
233 258.000 232.000  10  20 1078 1235
234 100.000  73.000  10  20  290  605
235 147.000 185.000  10  10  266  399
236  60.000 156.000  10  20  281  757
237 239.000  77.000  10  20  391  529
238 155.000  28.000  10  10  362  895
239 160.000  27.000  10  30  756 1192
240 235.000 241.000  10  30  693 1036
241 183.000 282.000  10  42 1517 2136
242   1.000 272.000  10  10  678 1213
243 236.000  66.000  10  30  648  880
244 233.000 245.000  10  10  488  862
245 144.000 100.000  10  20  249  410
246 130.000  96.000  10  20  222  784
247  96.000  86.000  10  12   90  579
248 141.000 102.000  10  10   65  405
249  18.000 206.000  10  10  410  859
250 148.000 157.000  10  24    7  492
251 159.000 110.000  10  20   99  400
252  67.000 161.000  10  10   84  586
253 112.000 199.000  10  20  276  383
254 238.000  69.000  10  20  588  830
255 258.000 247.000  10  40  783 1142
256 205.000 130.000  10  30 3736 3899
257  59.000  67.000  10  10  323  744
258 151.000 294.000  10  20  562  836
259  56.000 212.000  10  10 1876 2025
260 148.000 288.000  10  30  380  886
261 275.000 263.000  10  33  546  910
262 176.000 235.000  10  33  269  442
263  61.000  70.000  10  30  197  760
264  58.000 240.000  10  20 3049 3267
265 131.000  95.000  10  20  359  556
266 116.000  14.000  10  20 2519 2832
267 154.000  31.000  10  20  239  714
268 133.000  99.000  10  20  266  952
269 140.000 292.000  10  10  831 1021
270 134.000 146.000  10  10  105  544
271 229.000 179.000  10  16  922 1133
272 149.000 285.000  10  10  305  856
273 257.000 137.000  10  20  368  759
274 117.000 168.000  10  14   41  260
275 162.000 250.000  10  24  804  880
276 153.000  28.000  10  10  210  950
277  50.000 285.000  10  10  717  886
278 257.000 243.000  10  10  676 1054
279 140.000 100.000  10  20  346  506
280 161.000 112.000  10  10   39  416
281 155.000 180.000  10  30   30  576
282 216.000 203.000  10   5 1964 2483
283 136.000 241.000  10  11 1313 1780
284  64.000  91.000  10  29  220  696
285 107.000  39.000  10   9 1142 1702
286 138.000 101.000  10  20  446  590
287  15.000  52.000  10  21  517  818
288 160.000 111.000  10  30  127  280
289  81.000 223.000  10  40  714 1183
290 162.000 206.000  10  30   86  809
291 203.000 183.000  10  26  270  411
292 279.000 189.000  10  30 2246 2630
293   9.000 144.000   0  40  607  970
294 253.000  57.000  10  10  411  700
295 296.000 252.000   0  18 2965 3469
296 114.000 198.000   0  20   60  503
297 220.000  43.000  10  28 1621 1977
298 246.000 137.000  10  10  251  525
299 220.000 182.000  10  13 2253 2770
300 290.000 219.000  10  19  685  931
301  55.000 285.000  10  30  906 1175
302 236.000 240.000  10  30  790  847
303 189.000 240.000  10  18  319  559
304 145.000 183.000  10  10  118  731
305 140.000 108.000  10  10  503  850
306 220.000  66.000  10 -10  285  851
307 130.000 102.000  10 -10  546  785
308   7.000  31.000  10 -30 2994 3469
309 112.000 272.000  10 -27 1225 1592
310 271.000 101.000  10 -10  732 1037
311 236.000 248.000  10 -10  550  685
312 230.000 128.000  10 -10 1341 1822
313  72.000  89.000  10 -14 2240 2302
314 152.000 241.000  10 -17 2354 3134
315 106.000  77.000  10 -20  344 1093
316 290.000  37.000  10 -19 3225 3425
317  37.000 159.000  10 -20  266  785
318 255.000  57.000  10 -20  463  743
319 221.000  70.000  10 -10  515  918
320 233.000 119.000  10 -27 3759 3869
321  11.000 242.000  10  -5 1927 2330
322  69.000 208.000  10 -17 2242 2533
323   8.000 263.000  10 -10  573 1063
324 241.000 183.000  10 -22 3315 3552
325 159.000  89.000  10 -22 3273 3457
326 157.000  25.000  10 -20  600  942
327  30.000 226.000  10 -20 3546 4078
328  16.000 196.000  10 -10  895 1306
329   8.000   4.000  10 -30  740  889
330 116.000 245.000  10 -24 2295 2443
331 127.000  77.000  10  -6 3205 3553
332 159.000  41.000  10 -20 1221 1348
333 281.000  68.000  10 -10 1831 2345
334  62.000  65.000  10 -21  869 1082
335 117.000 155.000  10 -20 3983 4198
336 157.000 221.000  10 -23 1349 2055
337 156.000  57.000  10 -15 2635 2937
338 296.000 211.000  10 -10  660 1032
339  88.000 110.000  10 -20 2413 2779
340  65.000  68.000  10 -20 1011 1055
341 154.000  26.000  10 -20  501  854
342   3.000 119.000  10 -12 2768 2862
343 244.000  13.000  10 -14 2939 2965
344 175.000 281.000  10 -19 2271 2972
345  10.000 198.000  10 -20  778 1212
346 172.000   2.000  10 -13 2164 2776
347 136.000  68.000  10 -10 2273 2601
348 161.000  26.000  10  -1  815 1041
349  52.000  63.000  10 -10  344 1042
350  67.000 154.000  10 -16  674  853
351 254.000 206.000  10 -22 2415 2676
352 113.000   4.000  10 -10 1072 1374
353  59.000 280.000  10 -20  852 1359
354  87.000 183.000  10 -15 1795 2525
355 160.000 179.000  10 -24 3013 3344
356 113.000 188.000  10 -16 1154 1396
357 258.000 244.000  10 -16  747 1075
358 248.000 245.000  10 -10  382  710
359 122.000  96.000  10 -20  469  830
360 129.000  83.000  10 -20 2294 2800
361 177.000 281.000  10 -10 1574 1950
362 229.000  40.000  10 -10  815 1219
363 275.000 100.000  10 -20  551  818
364  17.000 209.000  10 -13  378  785
365  85.000  75.000  10 -16 2673 3255
366 250.000 126.000  10 -10  657 1058
367  84.000 231.000  10 -20 2207 2270
368 125.000 168.000  10 -14 3380 3673
369 238.000 103.000  10 -30 2740 3158
370 111.000  98.000  10 -20  993 1298
371  59.000 287.000  10 -10 1868 2223
372 264.000  35.000  10 -11 3817 4167
373  96.000 199.000  10 -20 3868 4405
374 263.000 291.000  10 -10  599 1020
375 282.000 104.000  10 -30 1048 1241
376  70.000  57.000  10 -20  672 1167
377 113.000 114.000  10  -5   51  426
378 248.000  41.000  10 -20 1768 2105
379  24.000  76.000  10 -20 1801 2291
380 283.000  65.000  10 -10 1851 1870
381 262.000  14.000  10 -30 2631 3075
382 108.000 298.000  10 -42 3262 3900
383 103.000   8.000  10 -10 2621 2953
384   4.000 149.000  10 -20  539 1176
385 234.000 213.000  10 -20  312  944
386 234.000 107.000  10 -10 1315 1513
387 132.000 297.000  10 -10  625  805
388 256.000  54.000  10 -10  556  756
389   9.000 145.000  10 -16  461 1028
390 240.000  73.000  10 -10  398  635
391 168.000 108.000  10 -30  475  616
392  15.000 259.000  10 -10 2613 2928
393 211.000  66.000  10 -10  770  987
394 170.000  93.000  10 -40 1665 2259
395 159.000 300.000  10  -7  429  773
396 214.000 234.000  10 -21 2924 3038
397 212.000  26.000  10 -10  771 1135
398 143.000  67.000  10 -10  127  539
399 144.000 173.000  10 -10  472  800
400 176.000  70.000  10  -5 2691 2805
401  71.000 154.000  10 -20  657  981
402 222.000  73.000  10 -20  539 1000
403  38.000  74.000  10 -30  478  844
404   1.000  81.000  10 -10 1091 1593
405 102.000  76.000  10 -20 3313 3554
406 220.000  74.000  10 -20  771  964
407 209.000 269.000  10 -16 1654 2032
408 228.000  41.000  10 -41 3116 3501
409 173.000  72.000  10 -11 2547 3058
410  73.000  81.000  10 -10 2096 2471
411 256.000 286.000  10 -30 3089 3386
412 239.000 295.000  10 -25 2882 3257
413  88.000 124.000  10 -19  159  491
414 129.000  77.000  10 -10 2530 2692
415  11.000 191.000  10 -29 2799 3128
416  57.000 155.000  10 -10  325  609
417  61.000 138.000  10 -20 2327 2936
418 145.000 184.000  10 -20  118  643
419 265.000 197.000  10 -20 1136 1555
420  12.000 270.000  10 -10  774 1286
421 299.000 153.000  10 -20 1447 1954
422  13.000 265.000  10 -10  473  958
423 284.000 244.000  10 -20 2846 3162
424  97.000 232.000  10 -21 3467 4117
425 168.000  42.000  10 -30 2337 2846
426 275.000  97.000  10 -20  540  932
427 162.000 148.000  10 -25 2824 3298
428  45.000 190.000  10 -40 1650 2029
429  15.000 209.000  10 -12 3360 3819
430  66.000 157.000  10 -10  503  918
431 191.000 234.000  10 -30  346  401
432   8.000 265.000  10 -20  406 1325
433 275.000 182.000  10 -10  353  679
434 139.000 110.000  10 -21 3114 3878
435 110.000 262.000  10 -19 1897 2161
436 159.000 287.000  10 -18 1596 1696
437 236.000 108.000  10 -22 3590 3610
438  26.000  27.000  10 -38 3382 3695
439  11.000 265.000  10 -22  545  981
440 271.000   8.000  10 -30 2817 3387
441 166.000 203.000  10 -20  102  451
442  81.000 219.000  10 -17 3578 4251
443 251.000 237.000  10 -20  442  881
444  85.000 228.000  10 -20  577 1096
445 266.000 104.000  10 -20  740 1237
446 276.000  66.000  10 -14  493  719
447 234.000 146.000  10 -20 1340 1596
448 213.000  61.000  10 -20  556  809
449 123.000  92.000  10 -20  146  541
450 133.000 187.000  10  -9 4235 4426
451 217.000  21.000  10 -20  586 1013
452 271.000 106.000  10 -20 2301 2518
453 110.000  74.000  10 -22  368  859
454   2.000  81.000  10 -10 1051 1184
455 250.000 130.000  10 -15  875  952
456 238.000 206.000  10 -18 2132 2572
457 181.000 297.000  10 -20  618  802
458  14.000 204.000  10 -11 2271 2594
459  72.000  20.000  10 -33 2553 3042
460 255.000 240.000  10 -20  640  886
461 161.000 210.000  10 -20  279  503
462 269.000 103.000  10 -20  824 1048
463 203.000 166.000  10  -8 3664 4378
464 262.000 241.000  10 -20  823 1241
465   5.000 195.000  10  -2  536 1069
466  67.000 175.000  10 -22 1098 1232
467  28.000 141.000  10 -21 2489 2791
468  94.000  93.000  10 -16 3670 3726
469 272.000 183.000  10 -30 2771 2998
470  12.000  10.000  10 -20 1703 1766
471 103.000  93.000  10 -12 2055 2595
472 167.000 193.000  10 -17 3947 4357
473  18.000 184.000  10 -20 1322 1764
474 293.000  62.000  10 -10  560  899
475 176.000  72.000  10 -30 2176 2539
476  37.000 126.000  10 -10  368  982
477 217.000  69.000  10  -5  358  663
478  30.000 243.000  10 -10  964 1447
479 272.000  97.000  10 -20  686  970
480  17.000 205.000  10 -40  673  687
481  52.000 288.000  10 -15  845  868
482 110.000  76.000  10 -10  441  883
483 174.000 238.000  10 -30 3800 4506
484 186.000  26.000  10 -10 2161 2476
485 252.000 128.000  10  -4  473 1141
486 223.000  23.000  10 -19  502  879
487 222.000  83.000  10 -20  164  623
488  43.000  62.000  10 -20 3218 3469
489  61.000  84.000  10 -20 1303 1484
490 173.000  64.000  10 -12 2240 2453
491 285.000 283.000  10 -23 2168 2381
492 106.000  71.000  10 -10  364  661
493 160.000  17.000  10 -12 1057 1786
494 259.000 240.000  10 -10  760 1408
495 135.000 210.000  10 -14 3504 3833
496 147.000 285.000  10 -18  852 1336
497 225.000  73.000  10 -13 2012 2258
498  71.000 294.000  10 -10 2228 2418
499 218.000  20.000  10 -30  591  917
500  51.000 217.000  10 -10  967 1308
501  80.000 131.000  10 -20 1208 1581
502 164.000 202.000  10 -30  382  797
503  10.000 147.000  10 -10  604  788
504 163.000 202.000  10 -10  300  790
505 230.000 248.000  10 -20  459  649
506 300.000  44.000  10 -20 2787 3386
507 286.000 175.000  10  -6  547  832
508 109.000  61.000  10 -30 1435 1858
509 224.000  61.000  10 -10 1934 1974
510 259.000 126.000  10 -20  436 1039
511 260.000  64.000  10 -20 1753 1832
512 289.000  79.000  10 -30 1497 1747
513 149.000  76.000  10 -42 3098 3422
514   2.000 238.000  10 -18 3254 3589
515 229.000  25.000  10 -13 1866 2201
516 250.000 124.000  10 -30  379  805
517  85.000 224.000  10 -20  630 1154
518  69.000  90.000  10 -15 2925 3405
519  60.000  64.000  10 -10  706  990
520 131.000 220.000  10 -21  289  797
521  75.000 191.000  10 -22  277  486
522 108.000   3.000  10 -10 2595 2892
523  78.000 236.000  10 -20  489  842
524 156.000 182.000  10 -12 2209 2699
525 107.000  71.000  10 -10  272  841
526  80.000  86.000  10 -20 2279 2643
527 149.000 294.000  10 -13  385 1110
528 224.000 138.000  10 -20 3519 3871
529 208.000 290.000  10 -26 1020 1543
530  25.000 119.000  10 -20  505  961
531  29.000   8.000  10 -20 2965 3162
532 125.000 103.000  10 -30   53  522
533 288.000 127.000  10 -15 2755 3048
534 176.000 263.000  10 -24 2421 2576
535 119.000 214.000  10 -27 2397 2671
536  11.000 207.000  10 -10  650 1034
537 157.000 254.000  10 -30 1845 2407
538 206.000 157.000  10 -20 3562 3843
539  69.000 134.000  10 -20 2474 2638
540 208.000 235.000  10 -10 3177 3523
541   5.000 189.000  10 -20  354  937
542 254.000  87.000  10 -20 4162 4325
543 119.000 183.000  10 -10 2145 2511
544 151.000 113.000  10 -30 1268 1620
545 296.000 279.000  10 -30 2011 2088
546 199.000 213.000  10 -42 1842 2366
547  76.000 280.000  10 -10 1797 2201
548 203.000  36.000  10 -30 1443 1855
549 233.000 242.000  10 -10  714 1113
550 138.000 100.000  10 -20  404  544
551  64.000  53.000  10 -20  546  850
552  51.000   2.000  10 -12  906  950
553 141.000 100.000  10 -10  248  515
554  12.000 198.000  10 -10  966 1119
555 149.000 183.000  10 -24   33  349
556 153.000  61.000  10 -20  815 1375
557   3.000 205.000  10 -10  784 1045
558  88.000 225.000  10 -20  172  607
559 131.000  78.000  10 -20 2181 2564
560 248.000 280.000  10 -40 1126 1318
561 188.000 142.000  10 -30 4115 4775
562  65.000  49.000  10 -10  573  936
563 140.000 294.000  10 -20 1575 1819
564  30.000 145.000  10 -10 3274 3622
565 184.000 277.000  10 -30  687 1048
566 285.000 285.000  10 -33 2594 3130
567 201.000 175.000  10 -33 2586 3075
568  65.000  56.000  10 -30  338  769
569  92.000 241.000  10 -20 3023 3230
570  57.000  68.000  10 -20  348  816
571 152.000  29.000  10 -20 3212 4102
572  74.000 117.000  10 -20 3069 3486
573 128.000  94.000  10 -20   76  735
574 206.000 121.000  10 -10 2940 3149
575  14.000 177.000  10 -10  272  939
576 202.000 292.000  10 -16 3551 3833
577 147.000 281.000  10 -10  968 1332
578 280.000 158.000  10 -20 2424 2879
579  86.000 230.000  10 -14  206  696
580 212.000  45.000  10 -24 2416 2740
581 156.000  26.000  10 -10  626  825
582  43.000 286.000  10 -10  489  977
583 266.000 212.000  10 -10 1129 1651
584 113.000  62.000  10 -20 2021 2287
585 213.000  68.000  10 -10  330  498
586 149.000 186.000  10 -30   36  549
587 225.000 192.000  10  -5 2003 2487
588 135.000 251.000  10 -11 1751 2243
589  15.000   2.000  10 -29 1453 1856
590  26.000   0.000  10  -9 1783 2294
591  63.000  59.000  10 -20  763 1060
592 110.000  31.000  10 -21 1378 1646
593 157.000  31.000  10 -30 1067 1091
594  33.000 231.000  10 -40 2918 3164
595 212.000 270.000  10 -30 2174 2680
596 235.000 242.000  10 -26  566  973
597 291.000 148.000  10 -30 2326 2878
598   9.000 144.000  10 -40  607  970
599 274.000  97.000  10 -10  585  975
600 296.000 252.000  10 -18 2965 3469
601 114.000 198.000  10 -20   60  503
602 200.000  26.000  10 -28 1608 2068
603 284.000 176.000  10 -10  441  839
604 213.000 119.000  10 -13 2811 3140
605 246.000 133.000  10 -19  838 1189
606  12.000 275.000  10 -30 1884 2332
607 190.000 181.000  10 -30 3488 3867
608 140.000 290.000  10 -18  861 1086
609 163.000 200.000  10 -10  507  769
610 108.000  80.000  10 -10  532 1012
611 150.000 150.000   0   0    0 4823
