10 10 1000 20 1000 
  0  25.000  25.000   0   0    0 1000
  1  45.479  47.350   0   9  200  320
  2  14.637   2.649   0   5   40  160
  3  31.784  39.682   0  16  448  568
  4  22.594  49.458   0  20   13  133
  5   1.279   7.844   0  10  559  679
  6  49.591   5.129   0  20  207  327
  7  14.900   8.658   0   6  114  234
  8  21.227  46.868   0  18  364  484
  9   0.401   2.882   0   7   29  149
 10   0.992  42.377   0   9  112  232
 11   5.293  33.895   0  -9  242  362
 12  39.612  41.714   0  -5   86  206
 13  37.150   7.767   0 -16  480  600
 14  20.410  42.960   0 -20   19  139
 15  39.731   3.207   0 -10  597  717
 16  13.064  46.942   0 -20  262  382
 17  11.596  17.549   0  -6  123  243
 18  35.094  10.910   0 -18  402  522
 19  15.455  49.859   0  -7   78  198
 20   9.693   8.836   0  -9  146  266
 21  25.000  25.000   0   0    0 1000
