209 209 1000 200 1000
  0 100.000 100.000   0   0    0 1501
  1 181.000 172.000  90  10  204  564
  2  23.000 137.000   0  20  553  913
  3 190.000  28.000  90  20  115  475
  4  62.000  50.000   0  20  340  700
  5  89.000 161.000  90  10  167  527
  6  88.000 165.000  90  30   73  433
  7   8.000  74.000  90  20  385  745
  8 118.000 192.000  90  30   96  456
  9 146.000  11.000  90  10  100  460
 10 188.000 125.000  90  10  275  635
 11 123.000  31.000  90  20  535  895
 12  96.000 147.000  90  10   49  409
 13  87.000 191.000  90  10   91  451
 14 189.000 151.000  90  30  102  462
 15 179.000 141.000  90  20   93  453
 16 173.000  55.000  90  20   85  445
 17  90.000 161.000   0  10  258  618
 18  36.000 193.000  90  20  476  836
 19 159.000 160.000  90  20   84  444
 20 176.000 173.000  90  20  105  465
 21 186.000  96.000  90  20  745 1105
 22  39.000  56.000  90  10   75  435
 23 189.000 120.000  90  10  370  730
 24  29.000 139.000  90  10   81  441
 25 194.000 149.000  90  20  108  468
 26 187.000 112.000  90  30   87  447
 27 103.000  70.000  90  10   33  393
 28  77.000 115.000  90  20  212  572
 29 190.000 154.000  90  30  294  654
 30  17.000  93.000  90  20   83  443
 31 151.000 167.000  90  10  193  553
 32 120.000  11.000  90  10   91  451
 33   6.000  67.000  90  10  101  461
 34  10.000  67.000  90  30   95  455
 35  48.000  30.000  90  50   89  449
 36  53.000  67.000  90  20  440  800
 37 164.000 113.000  90  20   65  425
 38  46.000  51.000   0  20  820 1180
 39 152.000 168.000  90  20  102  462
 40 117.000  95.000  90  10   17  377
 41 195.000  25.000  90  10  764 1124
 42  39.000  58.000  90  30   74  434
 43  96.000 128.000  90  30   28  388
 44 104.000  68.000  90  10  217  577
 45 102.000 128.000  90  20  125  485
 46  18.000  89.000  90  10   82  442
 47 197.000  77.000   0  20  557  917
 48 144.000  33.000  90  30   80  440
 49 101.000  67.000  90  20  492  852
 50 159.000 121.000   0  20  634  994
 51  84.000 192.000  90  10  188  548
 52 139.000   7.000  90  20  103  463
 53 181.000 147.000  90  20  289  649
 54 104.000 170.000  90  20   70  430
 55  13.000  81.000  90  30  463  823
 56 172.000  57.000  90  10   83  443
 57  80.000 108.000  90  20   21  381
 58 180.000 171.000  90  20  295  655
 59 146.000   3.000  90  10  289  649
 60 185.000 115.000  90  20  466  826
 61 192.000 113.000  90  20   93  453
 62  85.000 110.000  90  10   18  378
 63 182.000 171.000  90  30  387  747
 64 102.000 170.000  90  40   73  433
 65 120.000 198.000  90  10  284  644
 66 149.000  99.000  90  20   49  409
 67 102.000 174.000  90  20  167  527
 68  30.000 142.000  90  10   81  441
 69 193.000  27.000  90  10  300  660
 70 193.000  82.000  90  10   94  454
 71 103.000  67.000   0  20  309  669
 72  55.000  64.000  90  30  251  611
 73 197.000  25.000  90  10  580  940
 74 120.000 115.000  90  20   25  385
 75 115.000  89.000  90  20  392  752
 76 131.000  38.000  90  20   69  429
 77 196.000 137.000  90  20  102  462
 78  98.000 150.000  90  10  143  503
 79 150.000   6.000  90  20  474  834
 80  53.000  59.000  90  20   65  425
 81  40.000 105.000  90  10  251  611
 82 100.000 151.000  90  10  326  686
 83  87.000 195.000  90  10  373  733
 84 140.000   6.000  90  30  194  554
 85 197.000 113.000  90  20  283  643
 86  40.000 183.000  90  20  102  462
 87 182.000  46.000  90  10  645 1005
 88  43.000  54.000  90  10   81  441
 89  13.000 152.000  90  20  101  461
 90 127.000 118.000  90  20  400  760
 91 118.000  92.000   0  30  208  568
 92 129.000  40.000  90  20   66  426
 93  41.000 182.000  90  30  101  461
 94  22.000 133.000  90  10  647 1007
 95 185.000 124.000   0  10  182  542
 96  93.000 167.000  90  40   67  427
 97 186.000  91.000  90  10   92  452
 98 124.000   6.000  90  20  657 1017
 99 149.000 167.000  90  40  386  746
100 123.000   8.000  90  10   98  458
101 199.000  76.000  90  30  375  735
102 124.000 117.000  90  30  210  570
103 115.000   4.000   0  20  467  827
104 100.000 150.000   0  10  235  595
105 146.000   7.000  90  10  105  465
106 100.000   6.000  90  30   94  454
107 118.000  97.000  90  20   21  381
108 172.000 114.000  90  20   73  433
109  14.000  92.000  90  30   90  450
110  54.000  30.000   0  10  465  825
111 141.000   8.000  90  20  100  460
112 134.000   6.000   0  20  952 1312
113 179.000  55.000   0  30  183  543
114  11.000 151.000  90  20  104  464
115  83.000 197.000  90  20  558  918
116  38.000 190.000  90  10  292  652
117  46.000  49.000  90  20  547  907
118  35.000 186.000  90  10  765 1125
119 177.000 146.000  90  10  563  923
120  26.000 147.000  90  20   91  451
121 195.000  97.000  90  20  466  826
122  99.000 146.000  90  10   46  406
123 195.000 129.000  90  40  482  842
124 105.000 127.000  90  10  311  671
125 190.000  24.000   0  20  934 1294
126  60.000  51.000  90  20  158  518
127 143.000 189.000  90  10   98  458
128  56.000  59.000  90  30   60  420
129  50.000  67.000  90  10  347  707
130 101.000  70.000  90  20   30  390
131 185.000 123.000  90  30   91  451
132 151.000  28.000   0  20  276  636
133 121.000   8.000  90  10  280  640
134  25.000 143.000  90  20  275  635
135  26.000 138.000  90  10  743 1103
136  51.000  31.000  90  20   84  444
137 109.000 175.000  90  20  264  624
138 180.000  52.000  90  10  368  728
139 166.000 117.000  90  20  170  530
140 113.000  94.000  90  30   14  374
141  83.000 188.000  90  30   89  449
142   8.000  73.000  90  20  476  836
143 154.000   2.000  90  20  843 1203
144  17.000 150.000  90  20   96  456
145 116.000 189.000  90  30   90  450
146 140.000  11.000  90  10   97  457
147 198.000  76.000  90  10  466  826
148 186.000  94.000  90  20  276  636
149  97.000  65.000  90  20  586  946
150 154.000 172.000  90  30   90  450
151 109.000 126.000  90  10  405  765
152 148.000  98.000  90  20   48  408
153 193.000  83.000  90  20   94  454
154 153.000  29.000  90  20  368  728
155  53.000  61.000  90  20  157  517
156  59.000  57.000  90  10   59  419
157 102.000 122.000  90  10  774 1134
158 120.000 192.000  90  10  188  548
159 165.000 113.000  90  10   66  426
160  69.000  47.000  90  10  438  798
161 150.000   3.000  90  10  567  927
162 178.000 123.000  90  30   81  441
163  53.000  31.000  90  10  556  916
164 193.000 131.000  90  20   98  458
165  83.000 118.000  90  20  402  762
166 145.000 189.000  90  30  282  642
167  79.000 115.000  90  30   30  390
168  63.000  58.000  90  20   55  415
169  99.000  12.000  90  30   88  448
170 181.000  89.000  90  10   81  441
171 192.000  28.000  90  30  118  478
172 198.000 132.000  90  10  388  748
173  57.000  54.000  90  20   64  424
174  39.000 112.000  90  20   63  423
175 118.000   5.000  90  20  374  734
176 122.000  37.000  90  30  259  619
177 100.000  70.000  90  30   30  390
178 150.000 103.000  90  20  509  869
179 152.000  31.000  90  10  740 1100
180 175.000  57.000  90  30   89  449
181 149.000 101.000  90  20  417  777
182 140.000   3.000  90  10  377  737
183 165.000 116.000  90  10  262  622
184 121.000 116.000  90  10  117  477
185  12.000  66.000   0  20   94  454
186  98.000   4.000  90  20   97  457
187  91.000 160.000  90  30   60  420
188 147.000  26.000  90  30  182  542
189 178.000 147.000  90  10  472  832
190  40.000 113.000  90  10   61  421
191 119.000 113.000  90  30   23  383
192   8.000 154.000   0  20  475  835
193  25.000 146.000  90  30  182  542
194 178.000 140.000  90  10   87  447
195  40.000 108.000  90  30  158  518
196 183.000 148.000  90  10   95  455
197  99.000 128.000  90  20   28  388
198  42.000 102.000  90  30  436  796
199  45.000  46.000  90  20  364  724
200 144.000 190.000  90  10  100  460
201 129.000  38.000  90  10   71  431
202 193.000 111.000  90  20  559  919
203 188.000  88.000  90  20   88  448
204  52.000  38.000  90  30   78  438
205 150.000  99.000  90  20  142  502
206 106.000 166.000  90  10   66  426
207 148.000  32.000  90  10   86  446
208 116.000  12.000  90  20   89  449
209  78.000 115.000  90  10  121  481
210 179.000 165.000  90 -10  576  936
211  23.000 137.000  90 -20  553  913
212 196.000  28.000  90 -20  393  753
213  62.000  50.000  90 -20  340  700
214  99.000 154.000  90 -10  419  779
215  89.000 158.000  90 -30  442  802
216   8.000  69.000  90 -20  660 1020
217 126.000 192.000  90 -30  382  742
218 149.000   5.000  90 -10  383  743
219 184.000 116.000  90 -10  558  918
220 121.000  36.000  90 -20  630  990
221  87.000 196.000  90 -10  464  824
222  85.000 192.000  90 -10   97  457
223 192.000 151.000  90 -30  201  561
224 193.000 159.000  90 -20  390  750
225 191.000  27.000  90 -20  116  476
226  90.000 161.000  90 -10  258  618
227  28.000 193.000  90 -20  574  934
228 179.000 174.000  90 -20  108  468
229 181.000 175.000  90 -20  111  471
230 180.000  93.000  90 -20  932 1292
231  47.000  50.000  90 -10  729 1089
232 187.000  97.000  90 -10  654 1014
233  12.000 156.000  90 -10  380  740
234 183.000 152.000  90 -20  585  945
235 190.000 112.000  90 -30   90  450
236 105.000 125.000  90 -10  589  949
237  42.000 105.000  90 -20  343  703
238 182.000 154.000  90 -30  492  852
239  15.000  87.000  90 -20  275  635
240 154.000 163.000  90 -10  573  933
241 143.000   0.000  90 -10  656 1016
242   5.000  73.000  90 -10  197  557
243   8.000  71.000  90 -30  568  928
244  53.000  29.000  90 -50  373  733
245  66.000  58.000  90 -20  994 1354
246 174.000 128.000  90 -20   79  439
247  46.000  51.000  90 -20  820 1180
248 144.000 170.000  90 -20  291  651
249 151.000 101.000  90 -10  325  685
250 193.000  23.000  90 -10  857 1217
251  44.000  52.000  90 -30  173  533
252  99.000 144.000  90 -30   44  404
253 103.000  66.000  90 -10  400  760
254 103.000 130.000  90 -20  217  577
255   3.000  75.000  90 -10  289  649
256 197.000  77.000  90 -20  557  917
257 145.000  31.000  90 -30   82  442
258 103.000 124.000  90 -20  681 1041
259 159.000 121.000  90 -20  634  994
260  82.000 194.000  90 -10  651 1011
261 140.000   4.000  90 -20  286  646
262 175.000 143.000  90 -20  837 1197
263 108.000 168.000  90 -20  361  721
264  14.000  84.000  90 -30  556  916
265 172.000  51.000  90 -10  837 1197
266  95.000  74.000  90 -20  776 1136
267 183.000 167.000  90 -20  481  841
268 152.000   3.000  90 -10  750 1110
269 189.000  97.000  90 -20  562  922
270 199.000 115.000  90 -20  190  550
271  30.000 187.000  90 -10  670 1030
272 178.000 165.000  90 -30  667 1027
273  93.000 150.000  90 -40  712 1072
274 121.000 188.000  90 -10  569  929
275 151.000  99.000  90 -20  233  593
276  97.000 162.000  90 -20  517  877
277  12.000 154.000  90 -10  288  648
278 199.000  28.000  90 -10  486  846
279 197.000  80.000  90 -10  100  460
280 103.000  67.000  90 -20  309  669
281  61.000  50.000  90 -30  249  609
282 196.000  27.000  90 -10  672 1032
283 149.000 182.000  90 -20  569  929
284 111.000  93.000  90 -20  488  848
285 123.000  33.000  90 -20  443  803
286 197.000 140.000  90 -20  108  468
287  87.000 117.000  90 -10  677 1037
288 156.000  11.000  90 -20  946 1306
289  55.000  24.000  90 -20  278  638
290  45.000 104.000  90 -10  621  981
291  78.000 119.000  90 -10  307  667
292  78.000 184.000  90 -10  844 1204
293 141.000   4.000  90 -30  469  829
294 196.000 111.000  90 -20  375  735
295  41.000 187.000  90 -20  107  467
296 175.000  50.000  90 -10  743 1103
297  40.000  49.000  90 -10  268  628
298   7.000 151.000  90 -20  658 1018
299 123.000 106.000  90 -20  592  952
300 118.000  92.000  90 -30  208  568
301 119.000  37.000  90 -20  723 1083
302  38.000 188.000  90 -30  200  560
303  21.000  85.000  90 -10  743 1103
304 185.000 124.000  90 -10  182  542
305  90.000 160.000  90 -40  349  709
306 189.000  95.000  90 -10  369  729
307 127.000   8.000  90 -20  751 1111
308 153.000 160.000  90 -40  666 1026
309 135.000   0.000  90 -10  844 1204
310 194.000  75.000  90 -30  742 1102
311 117.000  91.000  90 -30  299  659
312 115.000   4.000  90 -20  467  827
313 100.000 150.000  90 -10  235  595
314 147.000   6.000  90 -10  196  556
315 122.000   8.000  90 -30  189  549
316 120.000  92.000  90 -20  116  476
317 194.000 112.000  90 -20  468  828
318  15.000  88.000  90 -30  184  544
319  54.000  30.000  90 -10  465  825
320 137.000   1.000  90 -20  752 1112
321 134.000   6.000  90 -20  952 1312
322 179.000  55.000  90 -30  183  543
323   7.000 142.000  90 -20  757 1117
324  79.000 193.000  90 -20  744 1104
325  37.000 190.000  90 -10  383  743
326  47.000  49.000  90 -20  638  998
327  32.000 178.000  90 -10  864 1224
328 176.000 144.000  90 -10  746 1106
329   7.000 152.000  90 -20  567  927
330 185.000  96.000  90 -20  836 1196
331  87.000 118.000  90 -10  586  946
332 194.000 129.000  90 -40  573  933
333 127.000 114.000  90 -10  494  854
334 190.000  24.000  90 -20  934 1294
335  93.000  13.000  90 -20  380  740
336 151.000 190.000  90 -10  378  738
337  95.000  16.000  90 -30  474  834
338  63.000  55.000  90 -10  900 1260
339 105.000  70.000  90 -20  125  485
340 199.000 132.000  90 -30  297  657
341 151.000  28.000  90 -20  276  636
342 143.000   5.000  90 -10  561  921
343  23.000 142.000  90 -20  367  727
344  27.000 135.000  90 -10  836 1196
345  52.000  28.000  90 -20  183  543
346 108.000 165.000  90 -20  454  814
347 181.000  52.000  90 -10  459  819
348 162.000 123.000  90 -20  541  901
349 178.000  54.000  90 -30  275  635
350  84.000 194.000  90 -30  280  640
351  12.000  69.000  90 -20  754 1114
352 159.000   8.000  90 -20  941 1301
353  10.000 153.000  90 -20  196  556
354 117.000 193.000  90 -30   94  454
355 145.000   9.000  90 -10  101  461
356 196.000  78.000  90 -10  648 1008
357 146.000 103.000  90 -20  783 1143
358  97.000  67.000  90 -20  678 1038
359 140.000 181.000  90 -30   90  450
360 123.000 121.000  90 -10  305  665
361 150.000  98.000  90 -20   51  411
362 198.000  78.000  90 -20  282  642
363 154.000  31.000  90 -20  648 1008
364  64.000  52.000  90 -20  716 1076
365  93.000   7.000  90 -10  284  644
366 102.000 121.000  90 -10  865 1225
367 121.000 189.000  90 -10  478  838
368 183.000 120.000  90 -10   85  445
369  66.000  52.000  90 -10  624  984
370 152.000   4.000  90 -10  659 1019
371 180.000 147.000  90 -30  380  740
372  65.000  53.000  90 -10  807 1167
373 200.000 136.000  90 -20  203  563
374  84.000 118.000  90 -20  493  853
375 147.000 186.000  90 -30  474  834
376 110.000 164.000  90 -30  546  906
377  60.000  58.000  90 -20   58  418
378  97.000   7.000  90 -30  190  550
379 187.000  92.000  90 -10  184  544
380 193.000  28.000  90 -30  209  569
381 190.000 110.000  90 -10  652 1012
382 125.000  15.000  90 -20  848 1208
383  16.000  84.000  90 -20  648 1008
384 123.000   4.000  90 -20  565  925
385 123.000  36.000  90 -30  350  710
386 107.000 125.000  90 -30  497  857
387 149.000 103.000  90 -20  600  960
388 151.000  35.000  90 -10  834 1194
389 180.000  50.000  90 -30  551  911
390 148.000 103.000  90 -20  691 1051
391 137.000   4.000  90 -10  939 1299
392 162.000 118.000  90 -10  446  806
393 151.000 165.000  90 -10  479  839
394  12.000  66.000  90 -20   94  454
395 122.000  14.000  90 -20  941 1301
396  96.000 150.000  90 -30  619  979
397 154.000  27.000  90 -30  461  821
398 177.000 145.000  90 -10  654 1014
399  12.000  85.000  90 -10  369  729
400 121.000 115.000  90 -30   26  386
401   8.000 154.000  90 -20  475  835
402  24.000 140.000  90 -30  459  819
403 187.000 142.000  90 -10  191  551
404  49.000 104.000  90 -30  715 1075
405 181.000 151.000  90 -10  677 1037
406 100.000 129.000  90 -20   33  393
407  42.000 101.000  90 -30  527  887
408  45.000  48.000  90 -20  456  816
409 144.000 189.000  90 -10  191  551
410 125.000  38.000  90 -10  165  525
411 190.000 109.000  90 -20  743 1103
412 197.000  79.000  90 -20  191  551
413  68.000  50.000  90 -30  531  891
414 165.000 117.000  90 -20  353  713
415 119.000 188.000  90 -10  661 1021
416 157.000  30.000  90 -10  555  915
417 156.000  12.000  90 -20  947 1307
418  48.000 108.000  90 -10   52  412
419 100.000 100.000   0   0    0 1501
