208 208 1000 200 1000
  0 100.000 100.000   0   0    0 1501
  1 181.000 172.000  90  10  348  419
  2 154.000  31.000  90  10  795  860
  3 190.000  28.000  90  20  115  177
  4 103.000 130.000  90  20    0 1381
  5  62.000  50.000  90  20    0 1349
  6 117.000  91.000  90  20    0 1392
  7  88.000 165.000  90  30    0 1345
  8   8.000  74.000  90  20  535  595
  9 118.000 192.000  90  30    0 1318
 10 146.000  11.000  90  10  100  160
 11  93.000  13.000   0  30    0 1324
 12 188.000 125.000  90  10  426  484
 13 174.000 128.000  90  20   79  140
 14 140.000   4.000  90  10    0 1307
 15  87.000 191.000  90  10    0 1320
 16  99.000 144.000  90  10    0 1367
 17  64.000  52.000  90  20  865  926
 18 151.000  99.000  90  10    0 1360
 19  87.000 118.000   0  10  743  789
 20 192.000 151.000  90  10    0 1306
 21 143.000   0.000  90  10    0 1303
 22 122.000  14.000  90  20    0 1323
 23  66.000  52.000  90  10    0 1353
 24  90.000 161.000   0  10  404  472
 25  36.000 193.000  90  20    0 1299
 26 194.000 112.000  90  10  613  683
 27 176.000 173.000  90  20    0 1306
 28 117.000 193.000  90  30    0 1317
 29  39.000  56.000  90  10  129  204
 30  29.000 139.000   0  10    0 1330
 31  37.000 190.000  90  10    0 1302
 32  10.000 153.000  90  20    0 1307
 33 194.000 149.000  90  20    0 1305
 34 103.000  70.000  90  10  176  250
 35 193.000 159.000  90  20    0 1301
 36  77.000 115.000  90  20  359  425
 37   3.000  75.000  90  10    0 1311
 38  17.000  93.000  90  20    0 1328
 39 151.000 167.000  90  10    0 1327
 40 120.000  11.000  90  10  143  224
 41 140.000 181.000  90  20    0 1321
 42 103.000 124.000  90  20    0 1387
 43  48.000  30.000  90  50  239  299
 44 164.000 113.000  90  20    0 1346
 45 187.000  92.000  90  20  337  391
 46 121.000 115.000  90  20    0 1386
 47  46.000  51.000  90  20    0 1339
 48 144.000 189.000  90  30  341  402
 49 152.000 168.000  90  20    0 1326
 50 117.000  95.000  90  10    0 1394
 51 195.000  25.000  90  10    0 1290
 52  60.000  58.000  90  20    0 1353
 53  39.000  58.000  90  30    0 1337
 54 147.000 186.000  90  30    0 1313
 55 102.000 128.000  90  20  281  328
 56  18.000  89.000  90  10    0 1329
 57 156.000  11.000  90  20    0 1306
 58 144.000  33.000  90  30   80  129
 59 101.000  67.000  90  20    0 1378
 60 159.000 121.000   0  20    0 1349
 61 139.000   7.000  90  20    0 1311
 62 181.000 147.000  90  20    0 1318
 63 104.000 170.000  90  20  140  182
 64  13.000  81.000  90  30    0 1322
 65 172.000  57.000  90  10    0 1328
 66  80.000 108.000  90  20    0 1390
 67 194.000  75.000  90  10    0 1314
 68 135.000   0.000  90  10    0 1306
 69 197.000 140.000  90  10    0 1307
 70 102.000 170.000  90  40  216  290
 71 120.000 198.000  90  10    0 1311
 72 175.000  50.000  90  20  896  951
 73  23.000 142.000  90  10    0 1324
 74 149.000  99.000  90  20    0 1362
 75 102.000 174.000  90  20    0 1337
 76  30.000 142.000  90  10    0 1330
 77 193.000  27.000  90  10  449  512
 78 193.000  82.000  90  10    0 1317
 79 103.000  67.000  90  20    0 1378
 80  55.000  64.000   0  30    0 1354
 81 197.000  25.000  90  10    0 1289
 82 120.000 115.000  90  20    0 1386
 83 183.000 120.000  90  10    0 1326
 84 131.000  38.000  90  20    0 1342
 85 145.000  31.000  90  20  143  201
 86  15.000  88.000  90  10    0 1326
 87 196.000 111.000  90  30    0 1315
 88  42.000 101.000  90  10    0 1353
 89 193.000  23.000  90  20    0 1291
 90  40.000 105.000  90  10  396  465
 91 152.000   4.000  90  20  813  865
 92 100.000 151.000  90  10  476  536
 93  87.000 195.000  90  10    0 1316
 94  40.000 183.000  90  20    0 1309
 95 151.000 190.000  90  40    0 1308
 96   8.000  69.000  90  20  808  872
 97  43.000  54.000  90  10  236  285
 98 179.000 174.000  90  10  165  233
 99  13.000 152.000  90  20  157  225
100 127.000 118.000  90  20    0 1379
101 118.000  92.000  90  30    0 1392
102 129.000  40.000  90  20    0 1345
103 123.000   4.000   0  10  717  774
104  55.000  24.000  90  10    0 1323
105  41.000 182.000  90  30    0 1310
106  82.000 194.000  90  10  798  865
107 185.000 124.000  90  10    0 1323
108 180.000 147.000  90  10    0 1319
109  97.000   7.000  90  20    0 1318
110 124.000   6.000  90  20    0 1314
111 149.000 167.000  90  40    0 1328
112 125.000  38.000  90  30  319  371
113 199.000  76.000  90  30    0 1310
114 124.000 117.000  90  30  356  425
115 120.000  92.000  90  20    0 1390
116  14.000  84.000  90  20    0 1324
117 100.000   6.000  90  30  141  227
118 118.000  97.000   0  20    0 1393
119  12.000 154.000  90  10    0 1308
120  97.000 162.000  90  10  672  723
121 196.000  78.000  90  30    0 1313
122 172.000 114.000  90  20    0 1338
123  54.000  30.000  90  10    0 1328
124 141.000   8.000  90  20  160  222
125 198.000  78.000  90  20  432  493
126  52.000  28.000  90  10    0 1325
127 125.000  15.000  90  10    0 1323
128 199.000 115.000  90  20  336  404
129 179.000  55.000  90  30    0 1321
130  11.000 151.000   0  20    0 1309
131  99.000 154.000  90  10    0 1357
132  38.000 190.000  90  10    0 1302
133 183.000 167.000  90  10    0 1305
134 149.000   5.000   0  10  535  591
135  84.000 194.000  90  10    0 1316
136  21.000  85.000  90  20    0 1331
137 190.000 110.000  90  20    0 1321
138 181.000 151.000  90  10    0 1316
139  48.000 108.000  90  20    0 1359
140 185.000 123.000  90  30    0 1323
141 121.000   8.000  90  10    0 1317
142  25.000 143.000  90  20    0 1325
143  26.000 138.000  90  10    0 1328
144  78.000 119.000  90  30    0 1382
145 109.000 175.000  90  20    0 1336
146 150.000  98.000  90  10  207  254
147 180.000  52.000  90  10    0 1318
148 141.000   4.000  90  20    0 1307
149 152.000   3.000  90  20    0 1301
150 166.000 117.000  90  20    0 1343
151  83.000 188.000  90  30   89  141
152  17.000 150.000  90  20    0 1315
153 116.000 189.000  90  30    0 1321
154 140.000  11.000  90  10    0 1314
155 189.000  97.000  90  20    0 1322
156 186.000  94.000  90  20    0 1325
157 154.000 172.000  90  30  159  215
158  90.000 160.000  90  20    0 1351
159 148.000  98.000  90  20   48  123
160 193.000  83.000  90  20   94  156
161  15.000  87.000   0  20    0 1326
162 153.000  29.000  90  20    0 1323
163  53.000  61.000  90  20    0 1350
164 123.000  36.000  90  10    0 1343
165 185.000  96.000   0  30  981 1050
166 165.000 113.000  90  10    0 1345
167 177.000 145.000  90  10    0 1322
168 150.000   3.000  90  10  724  771
169 110.000 164.000  90  20    0 1347
170 178.000 123.000  90  30   81  166
171 193.000  28.000  90  20  369  410
172  63.000  58.000  90  20   55  111
173  99.000  12.000  90  30    0 1323
174 198.000 132.000  90  10    0 1308
175 150.000 103.000  90  20    0 1361
176  28.000 193.000  90  30    0 1294
177 175.000  57.000  90  30  237  301
178 149.000 101.000   0  20    0 1362
179 165.000 116.000  90  10    0 1345
180 153.000 160.000  90  40    0 1331
181 147.000   6.000  90  10    0 1306
182  12.000  66.000  90  20    0 1317
183  98.000   4.000  90  20    0 1315
184  91.000 160.000  90  30    0 1351
185  85.000 192.000  90  10    0 1318
186 119.000 113.000  90  30    0 1388
187  84.000 118.000  90  20  642  703
188   8.000 154.000  90  20    0 1305
189  25.000 146.000  90  30    0 1324
190 178.000 140.000   0  10    0 1324
191 183.000 148.000  90  10    0 1316
192  99.000 128.000  90  20   87  155
193 151.000  35.000   0  20    0 1329
194  42.000 102.000  90  30    0 1353
195  45.000  46.000  90  20  506  582
196 144.000 190.000   0  10  255  306
197 129.000  38.000  90  10    0 1343
198 188.000  88.000  90  20    0 1323
199  40.000  49.000  90  20    0 1333
200  52.000  38.000  90  30   78  138
201 178.000  54.000  90  20    0 1321
202 181.000 175.000  90  30    0 1301
203  49.000 104.000  90  30    0 1360
204 148.000  32.000  90  10    0 1328
205 182.000 154.000  90  10    0 1313
206 116.000  12.000  90  20    0 1322
207  78.000 115.000  90  10    0 1385
208  61.000  50.000  90  10    0 1348
209 178.000 165.000  90 -10  811  883
210 152.000  31.000  90 -10    0 1325
211 196.000  27.000  90 -20    0 1291
212 100.000 129.000  90 -20    0 1382
213  69.000  47.000  90 -20  585  650
214 104.000  68.000  90 -20    0 1379
215  89.000 161.000  90 -30    0 1350
216   8.000  71.000  90 -20    0 1315
217 119.000 188.000  90 -30    0 1321
218 150.000   6.000  90 -10    0 1305
219  93.000  13.000  90 -30    0 1324
220 193.000 131.000  90 -10    0 1313
221 196.000 137.000  90 -20  166  223
222 137.000   1.000  90 -10    0 1306
223  87.000 196.000  90 -10    0 1315
224  96.000 128.000  90 -10    0 1383
225  65.000  53.000  90 -20    0 1353
226 151.000 101.000  90 -10    0 1360
227  87.000 118.000  90 -10  743  789
228 189.000 151.000  90 -10    0 1309
229 143.000   5.000  90 -10    0 1307
230 123.000   8.000  90 -20    0 1317
231  66.000  58.000  90 -10 1145 1203
232  90.000 161.000  90 -10  404  472
233  30.000 187.000  90 -20    0 1300
234 190.000 112.000  90 -10    0 1321
235 182.000 171.000  90 -20    0 1303
236 126.000 192.000  90 -30    0 1316
237  44.000  52.000  90 -10    0 1338
238  29.000 139.000  90 -10    0 1330
239  85.000 110.000  90 -10    0 1393
240  12.000 156.000  90 -20  540  580
241 179.000 141.000  90 -20    0 1322
242 101.000  70.000  90 -10    0 1381
243 190.000 154.000  90 -20    0 1307
244 102.000 121.000  90 -20    0 1390
245   8.000  73.000  90 -10    0 1316
246  42.000 105.000  90 -20    0 1353
247 144.000 170.000  90 -10  436  505
248 115.000   4.000  90 -10  617  677
249 143.000 189.000  90 -20    0 1313
250 100.000 150.000  90 -20    0 1361
251  60.000  51.000  90 -50    0 1348
252 165.000 117.000  90 -20    0 1344
253 189.000  95.000  90 -20    0 1322
254 113.000  94.000  90 -20    0 1397
255  59.000  57.000  90 -20    0 1352
256 145.000 189.000  90 -30  437  488
257 151.000 165.000  90 -20    0 1329
258 184.000 116.000  90 -10    0 1326
259 191.000  27.000  90 -10    0 1295
260  56.000  59.000  90 -20    0 1351
261  47.000  50.000  90 -30    0 1339
262 109.000 126.000  90 -30    0 1384
263  98.000 150.000  90 -20    0 1361
264   5.000  73.000  90 -10    0 1313
265 146.000   7.000  90 -20    0 1308
266 147.000  26.000  90 -30    0 1324
267  95.000  74.000  90 -20    0 1385
268 159.000 121.000  90 -20    0 1349
269 146.000   3.000  90 -20    0 1304
270 178.000 147.000  90 -20    0 1320
271 108.000 165.000  90 -20    0 1346
272   6.000  67.000  90 -30    0 1312
273 173.000  55.000  90 -10    0 1326
274  79.000 115.000  90 -20    0 1386
275 198.000  76.000  90 -10  619  672
276 134.000   6.000  90 -10    0 1312
277 187.000 142.000  90 -10    0 1315
278 106.000 166.000  90 -40    0 1345
279 121.000 189.000  90 -10    0 1320
280 172.000  51.000  90 -20    0 1324
281  24.000 140.000  90 -10  609  670
282 146.000 103.000  90 -20    0 1365
283 107.000 125.000  90 -20    0 1386
284  40.000 113.000  90 -10    0 1350
285 199.000  28.000  90 -10    0 1289
286 181.000  89.000  90 -10    0 1330
287 100.000  70.000  90 -20    0 1381
288  55.000  64.000  90 -30    0 1354
289 190.000  24.000  90 -10 1099 1161
290 105.000 127.000  90 -20    0 1384
291 197.000 113.000  90 -10  435  491
292 121.000  36.000  90 -20  785  836
293 157.000  30.000  90 -20  709  761
294  14.000  92.000  90 -10    0 1325
295 192.000 113.000  90 -30    0 1319
296  45.000 104.000  90 -10    0 1356
297 196.000  28.000  90 -20  540  607
298  53.000  67.000  90 -10    0 1354
299 145.000   9.000  90 -20    0 1310
300  96.000 150.000  90 -10    0 1361
301  78.000 184.000  90 -10    0 1325
302  38.000 188.000  90 -20  351  409
303 149.000 182.000  90 -40    0 1316
304  10.000  67.000  90 -20    0 1316
305  46.000  49.000  90 -10    0 1337
306 179.000 165.000  90 -10    0 1309
307   7.000 151.000  90 -20    0 1305
308 127.000 114.000  90 -20    0 1381
309 103.000  66.000  90 -30  541  618
310 122.000  37.000  90 -20  410  467
311 123.000   4.000  90 -10  717  774
312  53.000  29.000  90 -10  513  593
313  41.000 187.000  90 -30    0 1306
314  79.000 193.000  90 -10    0 1316
315 195.000 129.000  90 -10    0 1312
316 175.000 143.000  90 -10    0 1325
317  97.000  67.000  90 -20    0 1378
318 127.000   8.000  90 -20  904  958
319 154.000 163.000  90 -40  714  792
320 119.000  37.000  90 -30    0 1346
321 197.000  79.000  90 -30    0 1312
322 111.000  93.000  90 -30    0 1398
323 182.000  46.000  90 -20    0 1313
324  12.000  85.000  90 -20  517  580
325  95.000  16.000  90 -30  619  689
326 118.000  97.000  90 -20    0 1393
327   7.000 142.000  90 -10    0 1309
328 108.000 168.000  90 -10    0 1343
329 180.000  93.000  90 -30    0 1331
330 187.000 112.000  90 -20    0 1324
331  53.000  31.000  90 -10    0 1328
332 140.000   3.000  90 -20    0 1307
333 197.000  77.000  90 -20  709  766
334  63.000  55.000  90 -10    0 1353
335 105.000  70.000  90 -10    0 1381
336 193.000 111.000  90 -20    0 1318
337 115.000  89.000  90 -30    0 1393
338  11.000 151.000  90 -20    0 1309
339  99.000 146.000  90 -10    0 1365
340  32.000 178.000  90 -10 1002 1085
341 159.000 160.000  90 -10    0 1327
342 149.000   5.000  90 -10  535  591
343  93.000 150.000  90 -10    0 1361
344  16.000  84.000  90 -20    0 1326
345 190.000 109.000  90 -20    0 1321
346 183.000 152.000  90 -10    0 1314
347  87.000 117.000  90 -20  832  881
348 200.000 136.000  90 -30    0 1305
349 122.000   8.000  90 -10    0 1317
350  23.000 137.000  90 -20  703  763
351  39.000 112.000  90 -10    0 1349
352  83.000 118.000  90 -30    0 1387
353 121.000 188.000  90 -20  723  775
354 150.000  99.000  90 -10    0 1361
355 181.000  52.000  90 -10  603  674
356 137.000   4.000  90 -20    0 1309
357 159.000   8.000  90 -20    0 1302
358 162.000 118.000  90 -20    0 1347
359  84.000 192.000  90 -30    0 1318
360  22.000 133.000  90 -20    0 1327
361 120.000 192.000  90 -30    0 1317
362 140.000   6.000  90 -10    0 1309
363 186.000  96.000  90 -20    0 1325
364 187.000  97.000  90 -20    0 1324
365 123.000 121.000  90 -30    0 1380
366  89.000 158.000  90 -20    0 1352
367 149.000 103.000  90 -20    0 1362
368 186.000  91.000  90 -20  242  303
369  15.000  87.000  90 -20    0 1326
370 154.000  27.000  90 -20  607  675
371  53.000  59.000  90 -20    0 1349
372 123.000  33.000  90 -10    0 1341
373 185.000  96.000  90 -30  981 1050
374 185.000 115.000  90 -10  618  675
375 162.000 123.000  90 -10    0 1345
376 156.000  12.000  90 -10    0 1307
377 105.000 125.000  90 -20    0 1386
378 194.000 129.000  90 -30    0 1313
379 192.000  28.000  90 -20    0 1295
380  57.000  54.000  90 -20    0 1349
381  97.000  65.000  90 -30  735  797
382 199.000 132.000  90 -10    0 1307
383 148.000 103.000  90 -20    0 1363
384  35.000 186.000  90 -30    0 1304
385 197.000  80.000  90 -30    0 1312
386 149.000 101.000  90 -20    0 1362
387 189.000 120.000  90 -10    0 1320
388 121.000 116.000  90 -40    0 1385
389 154.000   2.000  90 -10    0 1300
390  12.000  69.000  90 -20    0 1318
391  93.000   7.000  90 -20    0 1318
392  93.000 167.000  90 -30    0 1344
393  83.000 197.000  90 -10  703  774
394 123.000 106.000  90 -30    0 1388
395 102.000 122.000  90 -20    0 1389
396   7.000 152.000  90 -20  715  779
397  27.000 135.000  90 -30    0 1331
398 178.000 140.000  90 -10    0 1324
399 176.000 144.000  90 -10  893  958
400  96.000 147.000  90 -20  188  271
401 151.000  35.000  90 -20    0 1329
402  50.000  67.000  90 -30  497  556
403  47.000  49.000  90 -20    0 1338
404 144.000 190.000  90 -10  255  306
405 123.000  31.000  90 -10  682  748
406 195.000  97.000  90 -20    0 1316
407  45.000  48.000  90 -20    0 1336
408  51.000  31.000  90 -30    0 1327
409 180.000  50.000  90 -20    0 1317
410 180.000 171.000  90 -30  452  498
411  40.000 108.000  90 -30  309  367
412 151.000  28.000  90 -10    0 1323
413 177.000 146.000  90 -10  719  768
414 118.000   5.000  90 -20    0 1315
415  26.000 147.000  90 -10    0 1324
416  68.000  50.000  90 -10    0 1352
417 100.000 100.000   0   0    0 1501
