211 211 1000 200 1000
  0 100.000 100.000   0   0    0 1501
  1 181.000 172.000  90  10  294  474
  2 190.000  28.000  90  20  115  295
  3  62.000  50.000  90  20  430  610
  4  89.000 161.000  90  10  257  437
  5  88.000 165.000  90  30  163  343
  6   8.000  74.000  90  20  475  655
  7 118.000 192.000   0  30  186  366
  8 146.000  11.000  90  10  100  280
  9  93.000  13.000  90  30  470  650
 10 174.000 128.000  90  20   79  259
 11 197.000  80.000  90  10  190  370
 12 140.000   4.000   0  10  376  556
 13  96.000 150.000  90  20  709  889
 14  96.000 147.000  90  10  139  319
 15  87.000 191.000  90  10   95  275
 16 189.000 151.000  90  30  103  283
 17  99.000 144.000  90  10   44  224
 18  64.000  52.000  90  20  806  986
 19   7.000 151.000   0  20  748  928
 20 143.000   0.000  90  10  746  926
 21  66.000  52.000  90  10  714  894
 22 173.000  55.000  90  20   86  266
 23 199.000  28.000  90  20  576  756
 24  36.000 193.000   0  20  566  746
 25 159.000 160.000  90  20   84  264
 26 194.000 112.000  90  10  558  738
 27 176.000 173.000  90  20  105  285
 28 117.000 193.000  90  30   95  275
 29  39.000  56.000   0  10   76  256
 30  29.000 139.000  90  10   81  261
 31  37.000 190.000  90  10  473  653
 32  10.000 153.000  90  20  286  466
 33 187.000 112.000  90  30   87  267
 34 193.000 159.000  90  20  480  660
 35 190.000 154.000   0  30  384  564
 36  17.000  93.000  90  20   87  267
 37 140.000 181.000  90  20   90  270
 38   6.000  67.000  90  10  191  371
 39 164.000 113.000  90  20   65  245
 40 187.000  92.000  90  20  274  454
 41 121.000 115.000  90  20  116  296
 42 144.000 189.000  90  30  281  461
 43 152.000 168.000  90  20  192  372
 44 117.000  95.000  90  10   18  198
 45 195.000  25.000  90  10  854 1034
 46  60.000  58.000   0  20   58  238
 47  39.000  58.000  90  30   74  254
 48 154.000 163.000   0  10  663  843
 49  96.000 128.000  90  30   28  208
 50  30.000 187.000  90  10  760  940
 51 102.000 128.000  90  20  215  395
 52  18.000  89.000  90  10   82  262
 53 156.000  11.000  90  20 1125 1305
 54 144.000  33.000  90  30   80  260
 55 101.000  67.000  90  20  582  762
 56 159.000 121.000   0  20  724  904
 57  84.000 192.000  90  10  278  458
 58 139.000   7.000  90  20  193  373
 59   7.000 152.000  90  10  657  837
 60 104.000 170.000  90  20   71  251
 61 172.000  57.000  90  10   83  263
 62  80.000 108.000  90  20   23  203
 63 146.000   3.000  90  10  379  559
 64 185.000 115.000  90  20  556  736
 65  85.000 110.000  90  10   18  198
 66  79.000 193.000  90  30  834 1014
 67 181.000  52.000  90  10  549  729
 68 102.000 170.000  90  40  163  343
 69 149.000  99.000  90  20   49  229
 70  30.000 142.000  90  10   84  264
 71 193.000  82.000  90  10   96  276
 72 103.000  67.000   0  20  399  579
 73 100.000 129.000  90  30  123  303
 74 183.000 120.000  90  10   87  267
 75 115.000  89.000  90  20  482  662
 76 145.000  31.000  90  20   82  262
 77 196.000 137.000  90  20  105  285
 78 191.000  27.000  90  10  117  297
 79 150.000   6.000  90  20  564  744
 80  53.000  59.000  90  20  155  335
 81  87.000 195.000  90  10  463  643
 82 140.000   6.000  90  30  284  464
 83 197.000 113.000  90  20  373  553
 84  43.000  54.000  90  10  171  351
 85 179.000 174.000  90  10  109  289
 86  13.000 152.000  90  20  101  281
 87 127.000 118.000  90  20  490  670
 88 129.000  40.000  90  20   66  246
 89 123.000   4.000  90  10  655  835
 90  41.000 182.000  90  30  101  281
 91 180.000 147.000   0  10  470  650
 92 108.000 165.000   0  10  544  724
 93  47.000  50.000  90  10  819  999
 94  93.000 167.000  90  40   68  248
 95 186.000  91.000  90  10  182  362
 96 149.000 167.000  90  40  476  656
 97 123.000   8.000  90  10  188  368
 98 115.000   4.000  90  20  557  737
 99 105.000  70.000  90  10  215  395
100  14.000  84.000  90  20  646  826
101 100.000 150.000   0  10  325  505
102 190.000 112.000  90  20   91  271
103 146.000   7.000  90  10  195  375
104 100.000   6.000  90  30   94  274
105 118.000  97.000  90  20  111  291
106 196.000  78.000  90  30  738  918
107 172.000 114.000  90  20  163  343
108  14.000  92.000  90  30  180  360
109  54.000  30.000  90  10  555  735
110  52.000  28.000  90  10  273  453
111  11.000 151.000  90  20  194  374
112  99.000 154.000  90  10  509  689
113  95.000  16.000   0  20  564  744
114  26.000 147.000  90  20  181  361
115 195.000  97.000  90  20  556  736
116  99.000 146.000  90  10   46  226
117 178.000 165.000   0  30  757  937
118  68.000  50.000   0  10  621  801
119  60.000  51.000  90  20  248  428
120 180.000  50.000  90  20  641  821
121 143.000 189.000  90  10   99  279
122  56.000  59.000  90  30   62  242
123  48.000 108.000  90  20   52  232
124  50.000  67.000  90  10  437  617
125 101.000  70.000  90  20   31  211
126 185.000 123.000  90  30  181  361
127  38.000 188.000  90  20  290  470
128 151.000  28.000  90  20  366  546
129 121.000   8.000  90  10  370  550
130  25.000 143.000  90  20  365  545
131 176.000 144.000  90  20  836 1016
132  51.000  31.000  90  20   85  265
133 109.000 175.000  90  20  354  534
134 150.000  98.000  90  10  141  321
135 141.000   4.000  90  20  559  739
136 152.000   3.000  90  20  840 1020
137 166.000 117.000  90  20  260  440
138 113.000  94.000  90  30   14  194
139  83.000 188.000   0  30   89  269
140   8.000  73.000  90  20  566  746
141  17.000 150.000  90  20   96  276
142 116.000 189.000  90  30   90  270
143 140.000  11.000  90  10   97  277
144 198.000  76.000  90  10  556  736
145 186.000  94.000  90  20  366  546
146 154.000 172.000  90  30   97  277
147  90.000 160.000  90  20  439  619
148 148.000  98.000  90  20   48  228
149 193.000  83.000  90  20   94  274
150  15.000  87.000  90  20  365  545
151 123.000  36.000  90  10  440  620
152  59.000  57.000  90  10   60  240
153  45.000  48.000  90  10  546  726
154 120.000 192.000  90  10  278  458
155 165.000 113.000  90  10   66  246
156 178.000 123.000  90  30   81  261
157 193.000 131.000  90  20   98  278
158  83.000 118.000  90  20  492  672
159 193.000  28.000  90  20  299  479
160  79.000 115.000  90  30  120  300
161  63.000  58.000  90  20   55  235
162 187.000 142.000  90  10  281  461
163  99.000  12.000  90  30   88  268
164 181.000  89.000  90  10   81  261
165 192.000  28.000  90  30  208  388
166 198.000 132.000  90  10  478  658
167  39.000 112.000  90  20  153  333
168 122.000  37.000  90  30  349  529
169 100.000  70.000  90  30   30  210
170 121.000  36.000  90  20  720  900
171 152.000  31.000   0  10  830 1010
172 175.000  57.000  90  30  179  359
173 149.000 101.000  90  20  507  687
174 140.000   3.000  90  10  467  647
175 121.000 116.000  90  10  207  387
176 147.000   6.000  90  10  286  466
177 162.000 118.000   0  20  536  716
178  12.000  66.000  90  20   94  274
179  98.000   4.000  90  20  187  367
180  91.000 160.000   0  30   60  240
181 147.000  26.000  90  30  272  452
182  85.000 192.000  90  10  187  367
183 178.000 147.000  90  10  562  742
184  40.000 113.000  90  10   62  242
185 122.000   8.000  90  20  279  459
186 119.000 113.000  90  30   23  203
187  84.000 118.000  90  20  583  763
188  25.000 146.000  90  30  272  452
189 178.000 140.000  90  10   92  272
190 146.000 103.000   0  10  873 1053
191  40.000 108.000  90  30  248  428
192 183.000 148.000  90  10   95  275
193  99.000 128.000  90  20   31  211
194 154.000  27.000  90  20  551  731
195  42.000 102.000  90  30  526  706
196  45.000  46.000  90  20  454  634
197 144.000 190.000  90  10  190  370
198 129.000  38.000  90  10  161  341
199 199.000 132.000  90  10  387  567
200 193.000 111.000  90  20  649  829
201 172.000  51.000   0  10  927 1107
202 188.000  88.000  90  20   89  269
203  52.000  38.000  90  30   78  258
204 181.000 175.000  90  30  201  381
205  41.000 187.000  90  20  197  377
206 150.000  99.000  90  20  232  412
207 106.000 166.000  90  10   66  246
208   5.000  73.000  90  10  287  467
209 182.000 154.000  90  10  582  762
210 116.000  12.000  90  20   89  269
211 121.000 188.000  90  20  659  839
212 182.000 171.000  90 -10  477  657
213 197.000  25.000  90 -20  670  850
214  66.000  58.000  90 -20 1084 1264
215  90.000 161.000  90 -10  348  528
216  93.000 150.000  90 -30  802  982
217   8.000  71.000  90 -20  658  838
218 118.000 192.000  90 -30  186  366
219 145.000   9.000  90 -10  102  282
220  97.000  67.000  90 -30  768  948
221 177.000 146.000  90 -20  653  833
222 197.000  79.000  90 -10  281  461
223 140.000   4.000  90 -10  376  556
224 103.000 124.000  90 -20  771  951
225 102.000 121.000  90 -10  955 1135
226  84.000 194.000  90 -10  370  550
227 192.000 151.000  90 -30  291  471
228 100.000 151.000  90 -10  416  596
229  63.000  55.000  90 -20  990 1170
230   7.000 151.000  90 -20  748  928
231 134.000   6.000  90 -10 1122 1302
232  65.000  53.000  90 -10  897 1077
233 179.000  55.000  90 -20  273  453
234 190.000  24.000  90 -20 1040 1220
235  36.000 193.000  90 -20  566  746
236 153.000 160.000  90 -20  756  936
237 190.000 109.000  90 -10  833 1013
238 179.000 165.000  90 -20  666  846
239 126.000 192.000  90 -30  472  652
240  39.000  56.000  90 -10   76  256
241  22.000 133.000  90 -10  737  917
242  28.000 193.000  90 -10  664  844
243   7.000 142.000  90 -20  847 1027
244 199.000 115.000  90 -30  280  460
245 183.000 152.000  90 -20  675  855
246 190.000 154.000  90 -30  384  564
247  13.000  81.000  90 -20  553  733
248 151.000 190.000  90 -20  468  648
249   3.000  75.000  90 -10  379  559
250 123.000 106.000  90 -20  682  862
251 187.000  97.000  90 -20  744  924
252 124.000 117.000  90 -20  300  480
253 147.000 186.000  90 -30  564  744
254 144.000 170.000  90 -20  381  561
255 117.000  91.000  90 -10  389  569
256 193.000  23.000  90 -10  947 1127
257  60.000  58.000  90 -20   58  238
258  44.000  52.000  90 -30  263  443
259 154.000 163.000  90 -10  663  843
260 103.000 130.000  90 -30  307  487
261  35.000 186.000  90 -10  855 1035
262 105.000 127.000  90 -20  401  581
263  12.000  85.000  90 -10  459  639
264 156.000  12.000  90 -20 1127 1307
265 153.000  29.000  90 -30  458  638
266  95.000  74.000  90 -20  866 1046
267 159.000 121.000  90 -20  724  904
268  82.000 194.000  90 -10  741  921
269 137.000   4.000  90 -20 1029 1209
270  27.000 135.000  90 -10  926 1106
271 105.000 125.000  90 -20  679  859
272 180.000  52.000  90 -10  458  638
273  77.000 115.000  90 -20  302  482
274 149.000   5.000  90 -10  473  653
275 184.000 116.000  90 -20  648  828
276  78.000 119.000  90 -10  397  577
277  78.000 184.000  90 -30  934 1114
278 182.000  46.000  90 -10  735  915
279 102.000 174.000  90 -40  257  437
280 150.000 103.000  90 -20  599  779
281  23.000 137.000  90 -10  643  823
282 198.000  78.000  90 -10  372  552
283 103.000  67.000  90 -20  399  579
284 109.000 126.000  90 -30  495  675
285 185.000 124.000  90 -10  272  452
286 111.000  93.000  90 -20  578  758
287 148.000  32.000  90 -20  176  356
288 197.000 140.000  90 -20  198  378
289 196.000  27.000  90 -10  762  942
290 150.000   3.000  90 -20  657  837
291  55.000  64.000  90 -20  341  521
292  87.000 196.000  90 -10  554  734
293 143.000   5.000  90 -30  651  831
294 196.000 111.000  90 -20  465  645
295  40.000  49.000  90 -10  358  538
296 180.000 171.000  90 -10  385  565
297  12.000 156.000  90 -20  470  650
298 127.000 114.000  90 -20  584  764
299 131.000  38.000  90 -20   69  249
300 125.000  15.000  90 -10  938 1118
301  40.000 183.000  90 -30  102  282
302 180.000 147.000  90 -10  470  650
303 108.000 165.000  90 -10  544  724
304  46.000  51.000  90 -10  910 1090
305  97.000 162.000  90 -40  607  787
306 185.000  96.000  90 -10  926 1106
307 151.000 165.000  90 -40  569  749
308 122.000  14.000  90 -10 1031 1211
309 124.000   6.000  90 -20  747  927
310 104.000  68.000  90 -10  307  487
311  16.000  84.000  90 -20  738  918
312 100.000 150.000  90 -10  325  505
313 192.000 113.000  90 -20  183  363
314 154.000   2.000  90 -10  933 1113
315  97.000   7.000  90 -30  280  460
316 118.000  92.000  90 -20  298  478
317 194.000  75.000  90 -30  832 1012
318 165.000 116.000  90 -20  352  532
319  15.000  88.000  90 -30  274  454
320  53.000  31.000  90 -10  646  826
321  53.000  29.000  90 -10  463  643
322  12.000 154.000  90 -20  378  558
323 102.000 122.000  90 -10  864 1044
324  95.000  16.000  90 -20  564  744
325  24.000 140.000  90 -20  549  729
326 189.000  97.000  90 -20  652  832
327  98.000 150.000  90 -10  233  413
328 178.000 165.000  90 -30  757  937
329  68.000  50.000  90 -10  621  801
330  69.000  47.000  90 -20  528  708
331 175.000  50.000  90 -20  833 1013
332 149.000 182.000  90 -10  659  839
333  53.000  61.000  90 -30  247  427
334  42.000 101.000  90 -20  617  797
335  53.000  67.000  90 -10  530  710
336 103.000  70.000  90 -20  123  303
337 188.000 125.000  90 -30  365  545
338  32.000 178.000  90 -20  954 1134
339 157.000  30.000  90 -20  645  825
340 127.000   8.000  90 -10  841 1021
341  23.000 142.000  90 -20  457  637
342 175.000 143.000  90 -20  927 1107
343  48.000  30.000  90 -20  179  359
344 108.000 168.000  90 -20  451  631
345 151.000 101.000  90 -10  415  595
346 135.000   0.000  90 -20  934 1114
347 159.000   8.000  90 -20 1031 1211
348 162.000 123.000  90 -20  631  811
349 120.000  92.000  90 -30  206  386
350  83.000 188.000  90 -30   89  269
351  12.000  69.000  90 -20  844 1024
352   8.000 154.000  90 -20  565  745
353 120.000 198.000  90 -30  374  554
354 141.000   8.000  90 -10  101  281
355 197.000  77.000  90 -10  647  827
356 189.000  95.000  90 -20  459  639
357 151.000 167.000  90 -30  283  463
358  89.000 158.000  90 -20  532  712
359 151.000  99.000  90 -20  323  503
360 199.000  76.000  90 -20  465  645
361  21.000  85.000  90 -20  833 1013
362 123.000  33.000  90 -10  533  713
363  61.000  50.000  90 -10  339  519
364  47.000  49.000  90 -10  728  908
365 121.000 189.000  90 -10  568  748
366 165.000 117.000  90 -10  443  623
367 189.000 120.000  90 -30  460  640
368 200.000 136.000  90 -20  293  473
369  87.000 117.000  90 -20  767  947
370 196.000  28.000  90 -20  483  663
371  78.000 115.000  90 -30  211  391
372  57.000  54.000  90 -20  154  334
373 181.000 147.000  90 -10  379  559
374  97.000  65.000  90 -30  676  856
375 180.000  93.000  90 -10 1022 1202
376 193.000  27.000  90 -30  390  570
377 194.000 129.000  90 -10  663  843
378  49.000 104.000  90 -20  805  985
379 123.000  31.000  90 -30  625  805
380 103.000  66.000  90 -30  490  670
381 119.000  37.000  90 -20  813  993
382 152.000  31.000  90 -10  830 1010
383 178.000  54.000  90 -30  365  545
384 148.000 103.000  90 -20  781  961
385 137.000   1.000  90 -10  842 1022
386 123.000 121.000  90 -10  395  575
387 152.000   4.000  90 -10  749  929
388 162.000 118.000  90 -20  536  716
389  10.000  67.000  90 -20   97  277
390  93.000   7.000  90 -20  374  554
391  91.000 160.000  90 -30   60  240
392 151.000  35.000  90 -30  924 1104
393  83.000 197.000  90 -10  648  828
394 177.000 145.000  90 -10  744  924
395  42.000 105.000  90 -10  433  613
396 118.000   5.000  90 -20  464  644
397 120.000 115.000  90 -30   25  205
398  87.000 118.000  90 -20  676  856
399  26.000 138.000  90 -30  833 1013
400 179.000 141.000  90 -10  183  363
401 146.000 103.000  90 -10  873 1053
402  40.000 105.000  90 -30  341  521
403 194.000 149.000  90 -10  198  378
404 107.000 125.000  90 -20  587  767
405 154.000  31.000  90 -20  738  918
406  45.000 104.000  90 -30  711  891
407  46.000  49.000  90 -20  637  817
408 145.000 189.000  90 -10  372  552
409 125.000  38.000  90 -10  255  435
410 195.000 129.000  90 -10  572  752
411 190.000 110.000  90 -20  742  922
412 172.000  51.000  90 -10  927 1107
413 186.000  96.000  90 -20  835 1015
414  55.000  24.000  90 -30  368  548
415 183.000 167.000  90 -30  571  751
416  38.000 190.000  90 -20  382  562
417 149.000 103.000  90 -20  690  870
418 110.000 164.000  90 -10  636  816
419   8.000  69.000  90 -10  750  930
420 181.000 151.000  90 -10  767  947
421 120.000  11.000  90 -20   94  274
422 119.000 188.000  90 -20  751  931
423 100.000 100.000   0   0    0 1501
