211 211 1000 200 1000
  0 100.000 100.000   0   0    0 1501
  1 181.000 172.000  90  10  348  419
  2 154.000  31.000   0  10  795  860
  3 123.000 106.000   0  20  747  797
  4 190.000  28.000  90  20  115  177
  5 103.000 130.000   0  20  369  426
  6  62.000  50.000  90  20  486  555
  7  89.000 161.000  90  10  309  385
  8 117.000  91.000  90  20  446  513
  9  12.000 156.000  90  30  540  580
 10  88.000 165.000  90  30  220  286
 11 107.000 125.000  90  10  657  697
 12 146.000  11.000  90  10  100  160
 13 188.000 125.000  90  10  426  484
 14 123.000  31.000  90  20  682  748
 15 174.000 128.000  90  20   79  140
 16 197.000  80.000  90  10  248  313
 17 151.000 165.000  90  10  630  688
 18  87.000 191.000  90  10  152  218
 19 189.000 151.000  90  30  159  227
 20  99.000 144.000  90  10   44  102
 21 151.000  99.000  90  10  377  448
 22 179.000 141.000  90  20  251  296
 23 192.000 151.000   0  10  348  413
 24 173.000  55.000  90  20  150  203
 25 199.000  28.000  90  20  637  695
 26 159.000 160.000  90  20   84  140
 27 176.000 173.000   0  20  105  168
 28 117.000 193.000  90  30  151  219
 29  39.000  56.000   0  10  129  204
 30  29.000 139.000  90  10   81  135
 31  37.000 190.000   0  10  528  598
 32  16.000  84.000  90  20  805  852
 33 187.000 112.000  90  30   87  137
 34 103.000  70.000  90  10  176  250
 35  77.000 115.000  90  20  359  425
 36 190.000 154.000  90  30  443  506
 37   3.000  75.000  90  10  445  494
 38  17.000  93.000  90  20  152  202
 39 151.000 167.000  90  10  337  410
 40 120.000  11.000  90  10  143  224
 41 140.000 181.000  90  20   90  140
 42   6.000  67.000  90  10  251  310
 43  48.000  30.000  90  50  239  299
 44  53.000  67.000   0  20  590  650
 45 164.000 113.000  90  20   65  119
 46 187.000  92.000  90  20  337  391
 47 121.000 115.000  90  20  178  234
 48 144.000 189.000  90  30  341  402
 49 117.000  95.000  90  10   68  149
 50 108.000 168.000   0  20  512  569
 51 149.000 103.000  90  20  753  808
 52  60.000  58.000  90  20   58  102
 53  39.000  58.000  90  30   74  131
 54  96.000 128.000  90  30   28   89
 55  30.000 187.000  90  10  817  884
 56 123.000 121.000  90  20  456  513
 57 104.000  68.000  90  10  364  430
 58  18.000  89.000  90  10   82  136
 59 197.000  77.000  90  20  709  766
 60 144.000  33.000  90  30   80  129
 61 101.000  67.000   0  20  641  702
 62  84.000 192.000  90  10  342  393
 63 139.000   7.000  90  20  242  323
 64 104.000 170.000  90  20  140  182
 65 172.000  57.000  90  10   83  140
 66  80.000 108.000  90  20   86  140
 67 180.000 171.000  90  20  452  498
 68 146.000   3.000  90  10  439  500
 69 127.000   8.000  90  20  904  958
 70 192.000 113.000  90  20  248  299
 71  85.000 110.000  90  10   18   73
 72 182.000 171.000  90  30  548  587
 73 181.000  52.000  90  10  603  674
 74 197.000 140.000  90  10  250  326
 75 120.000 198.000   0  10  427  501
 76  30.000 142.000  90  10  146  202
 77 193.000  82.000  90  10  148  223
 78 100.000 129.000  90  30  180  245
 79 183.000 120.000  90  10  152  202
 80 196.000  27.000  90  10  822  882
 81 131.000  38.000  90  20  124  194
 82 145.000  31.000  90  20  143  201
 83 196.000 137.000  90  20  166  223
 84 159.000   8.000  90  10 1095 1146
 85  15.000  88.000  90  10  335  394
 86 191.000  27.000  90  10  174  239
 87 196.000 111.000  90  30  522  589
 88  42.000 101.000  90  10  682  732
 89  40.000 105.000  90  10  396  465
 90 100.000 151.000  90  10  476  536
 91  24.000 140.000  90  20  609  670
 92 140.000   6.000  90  30  347  401
 93  40.000 183.000  90  20  168  216
 94   8.000  69.000  90  20  808  872
 95  44.000  52.000  90  20  316  389
 96 179.000 174.000  90  10  165  233
 97  13.000 152.000  90  20  157  225
 98 129.000  40.000  90  20   66  154
 99 123.000   4.000  90  10  717  774
100  41.000 182.000  90  30  101  166
101  82.000 194.000   0  10  798  865
102 180.000 147.000  90  10  533  587
103  97.000   7.000   0  20  340  400
104 108.000 165.000  90  10  603  665
105  93.000 167.000  90  40  135  181
106 125.000  38.000  90  30  319  371
107 123.000   8.000  90  10  252  304
108 199.000  76.000  90  30  516  593
109 105.000  70.000  90  10  278  333
110 200.000 136.000  90  20  361  405
111 100.000 150.000  90  10  384  445
112 190.000 112.000  90  20  148  213
113 146.000   7.000  90  10  265  304
114 100.000   6.000  90  30  141  227
115 118.000  97.000  90  20  169  232
116  12.000 154.000  90  10  433  503
117  97.000 162.000  90  10  672  723
118 172.000 114.000   0  20  229  278
119  14.000  92.000  90  30  251  290
120  54.000  30.000  90  10  612  678
121 141.000   8.000  90  20  160  222
122 134.000   6.000   0  20 1186 1238
123  52.000  28.000  90  10  328  399
124 199.000 115.000  90  20  336  404
125 179.000  55.000  90  30  337  389
126  11.000 151.000   0  20  260  307
127  95.000  16.000  90  20  619  689
128  83.000 197.000  90  20  703  774
129  87.000 196.000  90  30  616  673
130  38.000 190.000  90  10  435  508
131 149.000   5.000  90  10  535  591
132  99.000 146.000  90  10  108  165
133  60.000  51.000   0  20  305  371
134 143.000 189.000  90  10  153  224
135  56.000  59.000  90  30  125  179
136  48.000 108.000  90  20   52  106
137 185.000 123.000  90  30  247  295
138 151.000  28.000  90  20  428  484
139  25.000 143.000  90  20  423  486
140  51.000  31.000  90  20  141  210
141 109.000 175.000  90  20  411  477
142 150.000  98.000  90  10  207  254
143 180.000  52.000  90  10  526  570
144 141.000   4.000  90  20  615  683
145 166.000 117.000  90  20  318  382
146 113.000  94.000  90  30   14   74
147  83.000 188.000  90  30   89  141
148  17.000 150.000  90  20   96  163
149 116.000 189.000  90  30   90  153
150 140.000  11.000  90  10   97  139
151 186.000  94.000  90  20  433  479
152 154.000 172.000  90  30  159  215
153 148.000  98.000  90  20   48  123
154 193.000  83.000  90  20   94  156
155 183.000 152.000  90  30  730  800
156  53.000  61.000  90  20  311  364
157  59.000  57.000  90  10  116  185
158  45.000  48.000  90  10  598  674
159 185.000  96.000  90  30  981 1050
160 120.000 192.000  90  10  335  401
161 165.000 113.000  90  10  125  187
162  69.000  47.000  90  10  585  650
163 110.000 164.000  90  20  688  764
164 178.000 123.000  90  30   81  166
165 193.000 131.000  90  20   98  164
166 145.000   9.000  90  10  161  224
167 193.000  28.000  90  20  369  410
168  79.000 115.000  90  30  187  234
169  63.000  58.000  90  20   55  111
170 187.000 142.000  90  10  343  399
171  99.000  12.000  90  30   88  125
172 181.000  89.000  90  10   81  151
173 192.000  28.000  90  30  263  333
174  57.000  54.000  90  20  213  275
175  39.000 112.000  90  20  213  273
176 100.000  70.000  90  30   30   75
177  28.000 193.000  90  30  727  781
178 152.000  31.000  90  10  885  954
179 175.000  57.000   0  30  237  301
180 165.000 116.000  90  10  421  462
181 143.000   5.000  90  10  711  772
182 153.000 160.000   0  40  819  873
183 121.000 116.000  90  10  266  328
184 147.000   6.000  90  10  351  401
185  12.000  66.000  90  20   94  159
186  98.000   4.000  90  20  237  316
187 189.000  95.000  90  10  517  581
188  91.000 160.000   0  30   60  107
189 147.000  26.000  90  30  325  398
190 178.000 147.000  90  10  630  675
191  40.000 113.000  90  10  120  185
192 122.000   8.000  90  20  344  393
193 119.000 113.000  90  30   23   77
194   8.000 154.000  90  20  629  681
195  25.000 146.000  90  30  337  386
196 178.000 140.000   0  10  147  217
197 146.000 103.000   0  10  938  988
198 183.000 148.000  90  10   95  158
199  99.000 128.000  90  20   87  155
200  45.000  46.000  90  20  506  582
201 144.000 190.000  90  10  255  306
202 129.000  38.000  90  10  223  280
203 188.000  88.000  90  20  154  203
204  40.000  49.000  90  20  413  482
205  52.000  38.000  90  30   78  138
206 150.000  99.000  90  20  300  344
207 106.000 166.000  90  10   66  114
208   5.000  73.000  90  10  342  412
209 116.000  12.000  90  20   89  155
210  78.000 115.000  90  10  278  325
211 121.000 188.000  90  20  723  775
212 178.000 165.000  90 -10  811  883
213 154.000  31.000  90 -10  795  860
214 123.000 106.000  90 -20  747  797
215 197.000  25.000  90 -20  732  788
216 103.000 130.000  90 -20  369  426
217  68.000  50.000  90 -20  681  741
218  89.000 158.000  90 -10  601  642
219 115.000  89.000  90 -20  554  591
220  27.000 135.000  90 -30  983 1049
221  90.000 161.000  90 -30  404  472
222 105.000 125.000  90 -10  746  793
223 154.000   2.000  90 -10  993 1053
224 185.000 115.000  90 -10  618  675
225 119.000  37.000  90 -20  874  931
226 176.000 144.000  90 -20  893  958
227 198.000  76.000  90 -10  619  672
228 154.000 163.000  90 -10  714  792
229  85.000 192.000  90 -10  245  308
230 193.000 159.000  90 -30  544  597
231  98.000 150.000  90 -10  295  350
232 150.000 103.000  90 -10  659  719
233 181.000 147.000  90 -20  445  493
234 192.000 151.000  90 -10  348  413
235 178.000  54.000  90 -20  429  480
236 195.000  25.000  90 -20  906  982
237 152.000 168.000  90 -20  260  303
238 176.000 173.000  90 -20  105  168
239 118.000 192.000  90 -30  243  309
240  39.000  56.000  90 -10  129  204
241  23.000 142.000  90 -10  522  573
242  37.000 190.000  90 -10  528  598
243  21.000  85.000  90 -20  899  947
244 193.000 111.000  90 -30  708  771
245 103.000  66.000  90 -10  541  618
246  78.000 119.000  90 -20  458  515
247 182.000 154.000  90 -30  645  699
248   8.000  73.000  90 -10  632  680
249  13.000  81.000  90 -20  610  676
250 144.000 170.000  90 -10  436  505
251 118.000   5.000  90 -10  522  586
252 149.000 182.000  90 -20  724  773
253   8.000  74.000  90 -10  535  595
254  55.000  24.000  90 -50  442  475
255  53.000  67.000  90 -20  590  650
256 165.000 117.000  90 -20  513  553
257 195.000  97.000  90 -20  623  668
258 127.000 114.000  90 -20  638  710
259 145.000 189.000  90 -30  437  488
260 118.000  92.000  90 -10  365  412
261 108.000 168.000  90 -20  512  569
262 148.000 103.000  90 -20  835  908
263  53.000  59.000  90 -20  221  270
264  43.000  54.000  90 -30  236  285
265 109.000 126.000  90 -30  566  604
266  35.000 186.000  90 -10  920  971
267 127.000 118.000  90 -20  555  604
268 103.000  67.000  90 -10  463  515
269  15.000  87.000  90 -10  430  481
270 196.000  78.000  90 -20  802  854
271 148.000  32.000  90 -30  228  304
272 101.000  67.000  90 -20  641  702
273  84.000 194.000  90 -10  437  483
274 140.000   4.000  90 -20  428  505
275 102.000 174.000  90 -20  310  383
276 172.000  51.000  90 -10  983 1051
277  84.000 118.000  90 -20  642  703
278 179.000 165.000  90 -20  729  783
279 152.000   3.000  90 -10  894  966
280 122.000  14.000  90 -20 1087 1155
281 190.000 109.000  90 -20  892  955
282  83.000 118.000  90 -10  550  614
283 183.000 167.000  90 -30  629  694
284 180.000  50.000  90 -10  699  763
285 198.000 132.000  90 -10  540  597
286 120.000 198.000  90 -10  427  501
287  26.000 147.000  90 -10  246  296
288 197.000  79.000  90 -10  333  409
289 105.000 127.000  90 -30  460  521
290 184.000 116.000  90 -10  711  764
291 193.000  23.000  90 -10 1008 1067
292 123.000  36.000  90 -20  501  560
293 154.000  27.000  90 -20  607  675
294 194.000 129.000  90 -20  714  793
295 156.000  11.000  90 -10 1190 1240
296  12.000  85.000  90 -10  517  580
297 196.000  28.000  90 -10  540  607
298 194.000 112.000  90 -30  613  683
299  49.000 104.000  90 -10  862  928
300  42.000 102.000  90 -10  585  647
301  96.000 150.000  90 -10  765  834
302  23.000 137.000  90 -20  703  763
303 140.000   3.000  90 -30  526  589
304  38.000 188.000  90 -20  351  409
305  12.000  69.000  90 -20  902  965
306  47.000  49.000  90 -20  787  849
307 181.000 175.000  90 -10  262  320
308   7.000 142.000  90 -20  914  960
309 123.000  33.000  90 -20  586  660
310 124.000   6.000  90 -10  803  872
311  41.000 187.000  90 -30  262  311
312  82.000 194.000  90 -10  798  865
313 175.000 143.000  90 -10  988 1047
314  97.000   7.000  90 -20  340  400
315 102.000 122.000  90 -10  920  988
316  90.000 160.000  90 -40  495  564
317 121.000  36.000  90 -30  785  836
318 125.000  15.000  90 -10  997 1060
319 194.000  75.000  90 -30  892  952
320  95.000  74.000  90 -10  928  983
321 199.000 132.000  90 -20  446  509
322  99.000 154.000  90 -10  575  622
323 197.000 113.000  90 -20  435  491
324 156.000  12.000  90 -10 1247 1307
325  97.000  67.000  90 -30  822  894
326 120.000  92.000  90 -20  274  318
327   7.000 152.000  90 -10  715  779
328  93.000 150.000  90 -10  862  922
329 172.000 114.000  90 -20  229  278
330  14.000  84.000  90 -30  704  768
331  64.000  52.000  90 -10  865  926
332 135.000   0.000  90 -20  988 1060
333 134.000   6.000  90 -20 1186 1238
334  53.000  31.000  90 -10  703  769
335 190.000 110.000  90 -20  798  866
336 175.000  50.000  90 -30  896  951
337  11.000 151.000  90 -20  260  307
338  97.000  65.000  90 -20  735  797
339  79.000 193.000  90 -20  892  956
340  78.000 184.000  90 -30  993 1055
341  36.000 193.000  90 -10  633  678
342 152.000   4.000  90 -10  813  865
343  96.000 147.000  90 -10  188  271
344  60.000  51.000  90 -20  305  371
345 147.000 186.000  90 -10  625  683
346  50.000  67.000  90 -30  497  556
347  45.000 104.000  90 -20  770  832
348 185.000 124.000  90 -30  332  392
349 157.000  30.000  90 -20  709  761
350  26.000 138.000  90 -20  886  960
351  53.000  29.000  90 -20  513  593
352 103.000 124.000  90 -20  821  901
353 149.000 101.000  90 -10  560  633
354 182.000  46.000  90 -10  799  851
355 137.000   4.000  90 -20 1091 1146
356 162.000 123.000  90 -20  693  749
357 111.000  93.000  90 -30  636  699
358  87.000 195.000  90 -30  525  581
359  10.000 153.000  90 -20  348  404
360 121.000 189.000  90 -30  628  688
361 143.000   0.000  90 -10  809  863
362 186.000  96.000  90 -20  895  955
363 149.000 167.000  90 -30  537  595
364 149.000  99.000  90 -20  112  167
365 198.000  78.000  90 -20  432  493
366 181.000 151.000  90 -30  829  885
367  55.000  64.000  90 -20  398  463
368  66.000  58.000  90 -10 1145 1203
369  46.000  51.000  90 -10  969 1031
370 180.000  93.000  90 -30 1072 1151
371 126.000 192.000  90 -10  536  588
372 162.000 118.000  90 -10  595  656
373  65.000  53.000  90 -10  951 1023
374 102.000 121.000  90 -20 1016 1074
375 189.000 120.000  90 -30  522  578
376 195.000 129.000  90 -20  635  689
377 150.000   6.000  90 -10  623  686
378 190.000  24.000  90 -20 1099 1161
379  87.000 117.000  90 -30  832  881
380  66.000  52.000  90 -20  780  828
381 177.000 146.000  90 -10  719  768
382  93.000  13.000  90 -30  525  595
383 186.000  91.000  90 -10  242  303
384 193.000  27.000  90 -30  449  512
385  61.000  50.000  90 -20  397  462
386  40.000 108.000  90 -20  309  367
387 101.000  70.000  90 -30   97  146
388  32.000 178.000  90 -30 1002 1085
389 151.000  35.000  90 -10  988 1040
390 175.000  57.000  90 -30  237  301
391 159.000 121.000  90 -10  786  843
392 137.000   1.000  90 -10  913  952
393 153.000 160.000  90 -40  819  873
394 124.000 117.000  90 -10  356  425
395 150.000   3.000  90 -10  724  771
396  10.000  67.000  90 -20  150  224
397  93.000   7.000  90 -20  431  497
398 189.000  97.000  90 -10  715  768
399  91.000 160.000  90 -30   60  107
400 153.000  29.000  90 -30  526  571
401 177.000 145.000  90 -10  800  868
402  42.000 105.000  90 -10  494  552
403 115.000   4.000  90 -20  617  677
404 120.000 115.000  90 -30   80  151
405   7.000 151.000  90 -20  808  867
406  22.000 133.000  90 -30  796  858
407 178.000 140.000  90 -10  147  217
408 146.000 103.000  90 -10  938  988
409 194.000 149.000  90 -10  254  321
410 102.000 128.000  90 -20  281  328
411  46.000  49.000  90 -20  695  759
412 151.000 190.000  90 -10  523  593
413 122.000  37.000  90 -10  410  467
414 187.000  97.000  90 -20  811  857
415  47.000  50.000  90 -20  891  928
416  63.000  55.000  90 -30 1046 1115
417 151.000 101.000  90 -20  472  538
418 102.000 170.000  90 -10  216  290
419   8.000  71.000  90 -10  713  783
420 121.000   8.000  90 -20  431  488
421  87.000 118.000  90 -10  743  789
422 119.000 188.000  90 -20  807  875
423 100.000 100.000   0   0    0 1501
