210 210 1000 200 1000
  0 100.000 100.000   0   0    0 1501
  1 181.000 172.000  90  10  348  419
  2 190.000  28.000  90  20  115  177
  3   8.000  71.000  90  10    0 1315
  4 103.000 130.000   0  20    0 1381
  5  62.000  50.000  90  20    0 1349
  6  12.000 156.000  90  30  540  580
  7  88.000 165.000  90  30    0 1345
  8 118.000 192.000  90  30    0 1318
  9 146.000  11.000  90  10  100  160
 10 188.000 125.000  90  10  426  484
 11 121.000 189.000  90  20    0 1320
 12 174.000 128.000  90  20   79  140
 13 140.000   4.000  90  10    0 1307
 14  96.000 147.000  90  10  188  271
 15  87.000 191.000  90  10    0 1320
 16 189.000 151.000  90  30    0 1309
 17   7.000 151.000  90  20    0 1305
 18 151.000  99.000  90  10    0 1360
 19  87.000 118.000  90  10  743  789
 20 179.000 141.000  90  20    0 1322
 21 143.000   0.000  90  10  809  863
 22  66.000  52.000  90  10    0 1353
 23 173.000  55.000  90  20    0 1326
 24  90.000 161.000  90  10  404  472
 25  36.000 193.000  90  20  633  678
 26 176.000 173.000  90  20    0 1306
 27 186.000  96.000  90  20    0 1325
 28  39.000  56.000   0  10  129  204
 29 165.000 117.000  90  10    0 1344
 30 194.000 149.000  90  20    0 1305
 31 187.000 112.000  90  30   87  137
 32 103.000  70.000  90  10  176  250
 33 193.000 159.000   0  20    0 1301
 34  77.000 115.000  90  20  359  425
 35 190.000 154.000  90  30  443  506
 36   3.000  75.000  90  10    0 1311
 37  17.000  93.000  90  20  152  202
 38 151.000 167.000  90  10    0 1327
 39 120.000  11.000  90  10  143  224
 40 140.000 181.000  90  20    0 1321
 41 103.000 124.000  90  20  821  901
 42  10.000  67.000  90  30    0 1316
 43 164.000 113.000  90  20    0 1346
 44  47.000  49.000  90  20    0 1338
 45 187.000  92.000  90  20  337  391
 46 121.000 115.000  90  20  178  234
 47 144.000 189.000  90  30  341  402
 48 152.000 168.000  90  20  260  303
 49 117.000  95.000  90  10   68  149
 50 108.000 168.000  90  20  512  569
 51  60.000  58.000  90  20   58  102
 52 197.000  79.000  90  10    0 1312
 53  39.000  58.000  90  30   74  131
 54 147.000 186.000  90  30  625  683
 55  96.000 128.000  90  30    0 1383
 56  30.000 187.000  90  10    0 1300
 57 102.000 128.000  90  20  281  328
 58  18.000  89.000  90  10   82  136
 59 156.000  11.000  90  20 1190 1240
 60 144.000  33.000  90  30   80  129
 61 101.000  67.000  90  20    0 1378
 62 159.000 121.000   0  20    0 1349
 63  84.000 192.000  90  10    0 1318
 64 139.000   7.000  90  20    0 1311
 65   7.000 152.000   0  10  715  779
 66 104.000 170.000  90  20  140  182
 67  13.000  81.000  90  30  610  676
 68 172.000  57.000  90  10   83  140
 69 146.000   3.000  90  10    0 1304
 70 192.000 113.000  90  20    0 1319
 71 135.000   0.000  90  10  988 1060
 72 157.000  30.000  90  10  709  761
 73  53.000  29.000  90  30  513  593
 74  79.000 193.000  90  30    0 1316
 75 181.000  52.000  90  10  603  674
 76 148.000 103.000  90  30    0 1363
 77 197.000 140.000  90  10    0 1307
 78 102.000 170.000  90  40  216  290
 79 120.000 198.000  90  10    0 1311
 80 175.000  50.000  90  20  896  951
 81 102.000 174.000  90  20    0 1337
 82  30.000 142.000  90  10  146  202
 83 193.000  27.000  90  10  449  512
 84 193.000  82.000  90  10  148  223
 85 197.000  25.000  90  10  732  788
 86  42.000 105.000  90  20    0 1353
 87 183.000 120.000  90  10    0 1326
 88 131.000  38.000  90  20  124  194
 89 196.000 137.000  90  20  166  223
 90  15.000  88.000  90  10    0 1326
 91 100.000 151.000  90  10  476  536
 92  24.000 140.000  90  20  609  670
 93 140.000   6.000  90  30    0 1309
 94 197.000 113.000  90  20  435  491
 95  40.000 183.000  90  20    0 1309
 96  44.000  52.000  90  20  316  389
 97  13.000 152.000  90  20  157  225
 98 127.000 118.000  90  20    0 1379
 99 118.000  92.000  90  30  365  412
100 129.000  40.000  90  20    0 1345
101 123.000   4.000  90  10  717  774
102  55.000  24.000  90  10    0 1323
103  41.000 182.000  90  30  101  166
104 185.000 124.000   0  10    0 1323
105 186.000  91.000  90  10  242  303
106 149.000 167.000  90  40    0 1328
107 123.000   8.000  90  10  252  304
108 199.000  76.000  90  30    0 1310
109 124.000 117.000  90  30  356  425
110 105.000  70.000   0  10  278  333
111  14.000  84.000  90  20    0 1324
112 146.000   7.000  90  10  265  304
113 196.000  28.000  90  20  540  607
114 100.000   6.000  90  30  141  227
115   7.000 142.000  90  20  914  960
116  54.000  30.000  90  10    0 1328
117 198.000  78.000  90  20  432  493
118  65.000  53.000   0  10    0 1353
119 199.000 115.000  90  20  336  404
120  32.000 178.000   0  10 1002 1085
121  11.000 151.000  90  20  260  307
122  38.000 190.000  90  10  435  508
123 183.000 167.000  90  10  629  694
124  46.000  49.000  90  20    0 1337
125 149.000   5.000  90  10  535  591
126  84.000 194.000   0  10    0 1316
127  35.000 186.000  90  10    0 1304
128 177.000 146.000  90  10  719  768
129  26.000 147.000  90  20    0 1324
130  99.000 146.000   0  10    0 1365
131 105.000 127.000  90  10    0 1384
132 178.000 165.000  90  30  811  883
133  68.000  50.000  90  10    0 1352
134 180.000  50.000   0  20  699  763
135 181.000 151.000  90  10    0 1316
136 143.000 189.000  90  10    0 1313
137  56.000  59.000  90  30    0 1351
138  48.000 108.000  90  20   52  106
139  50.000  67.000   0  10  497  556
140 101.000  70.000  90  20    0 1381
141 185.000 123.000  90  30    0 1323
142  38.000 188.000  90  20  351  409
143  26.000 138.000  90  10    0 1328
144  78.000 119.000  90  30    0 1382
145  51.000  31.000  90  20    0 1327
146 150.000  98.000  90  10  207  254
147  93.000   7.000  90  20  431  497
148 113.000  94.000  90  30    0 1397
149  83.000 188.000  90  30   89  141
150   8.000  73.000  90  20    0 1316
151 154.000   2.000  90  20    0 1300
152  17.000 150.000  90  20    0 1315
153 116.000 189.000  90  30    0 1321
154 140.000  11.000  90  10    0 1314
155 184.000 116.000   0  20    0 1326
156 186.000  94.000  90  20    0 1325
157  97.000  65.000  90  20  735  797
158 148.000  98.000  90  20   48  123
159 144.000 170.000  90  10  436  505
160 193.000  83.000  90  20   94  156
161  89.000 158.000  90  30  601  642
162 153.000  29.000   0  20  526  571
163  53.000  61.000  90  20    0 1350
164 123.000  36.000   0  10    0 1343
165  59.000  57.000  90  10  116  185
166  45.000  48.000  90  10    0 1336
167 120.000 192.000  90  10  335  401
168 165.000 113.000  90  10    0 1345
169 178.000 123.000  90  30   81  166
170 193.000 131.000  90  20   98  164
171 145.000   9.000  90  10    0 1310
172 145.000 189.000   0  30  437  488
173 193.000  28.000  90  20  369  410
174  63.000  58.000  90  20   55  111
175 187.000 142.000  90  10  343  399
176  99.000  12.000   0  30    0 1323
177 181.000  89.000  90  10   81  151
178 111.000  93.000   0  10  636  699
179 192.000  28.000  90  30    0 1295
180 198.000 132.000  90  10    0 1308
181 118.000   5.000  90  20    0 1315
182 122.000  37.000  90  30  410  467
183 100.000  70.000  90  30   30   75
184 150.000 103.000  90  20    0 1361
185 175.000  57.000  90  30  237  301
186 140.000   3.000  90  10    0 1307
187 153.000 160.000  90  40    0 1331
188 162.000 118.000  90  20    0 1347
189  12.000  66.000  90  20   94  159
190  98.000   4.000  90  20    0 1315
191  91.000 160.000  90  30   60  107
192 147.000  26.000  90  30  325  398
193  85.000 192.000  90  10  245  308
194  40.000 113.000  90  10    0 1350
195 122.000   8.000  90  20  344  393
196 119.000 113.000  90  30   23   77
197  45.000 104.000   0  20  770  832
198   8.000 154.000  90  20    0 1305
199 178.000 140.000  90  10    0 1324
200  40.000 108.000  90  30  309  367
201  99.000 128.000  90  20   87  155
202 154.000  27.000  90  20  607  675
203 129.000  38.000  90  10  223  280
204 193.000 111.000  90  20  708  771
205 188.000  88.000  90  20  154  203
206  52.000  38.000  90  30   78  138
207 181.000 175.000  90  30    0 1301
208 148.000  32.000  90  10    0 1328
209 116.000  12.000  90  20    0 1322
210  78.000 115.000  90  10  278  325
211 180.000 171.000  90 -10  452  498
212 191.000  27.000  90 -20    0 1295
213  12.000  69.000  90 -10    0 1318
214 103.000 130.000  90 -20    0 1381
215  69.000  47.000  90 -20  585  650
216  22.000 133.000  90 -30  796  858
217  89.000 161.000  90 -30    0 1350
218 119.000 188.000  90 -30  807  875
219 152.000   3.000  90 -10  894  966
220 185.000 115.000  90 -10  618  675
221 109.000 175.000  90 -20    0 1336
222 192.000 151.000  90 -20    0 1306
223 137.000   1.000  90 -10    0 1306
224  98.000 150.000  90 -10    0 1361
225  82.000 194.000  90 -10  798  865
226 182.000 154.000  90 -30  645  699
227  25.000 146.000  90 -20    0 1324
228 149.000  99.000  90 -10    0 1362
229  79.000 115.000  90 -10    0 1386
230 180.000 147.000  90 -20    0 1319
231 134.000   6.000  90 -10 1186 1238
232  66.000  58.000  90 -10 1145 1203
233 180.000  52.000  90 -20    0 1318
234  97.000 162.000  90 -10  672  723
235  37.000 190.000  90 -20    0 1302
236 179.000 174.000  90 -20  165  233
237 185.000  96.000  90 -20  981 1050
238  39.000  56.000  90 -10  129  204
239 162.000 123.000  90 -10  693  749
240 183.000 152.000  90 -20    0 1314
241 190.000 112.000  90 -30    0 1321
242 103.000  67.000  90 -10  463  515
243 193.000 159.000  90 -20    0 1301
244  85.000 110.000  90 -20    0 1393
245 178.000 147.000  90 -30    0 1320
246   8.000  74.000  90 -10  535  595
247  14.000  92.000  90 -20    0 1325
248 154.000 172.000  90 -10  159  215
249 121.000   8.000  90 -10    0 1317
250 144.000 190.000  90 -20  255  306
251 102.000 121.000  90 -20    0 1390
252   5.000  73.000  90 -30    0 1313
253 172.000 114.000  90 -20  229  278
254  46.000  51.000  90 -20    0 1339
255 187.000  97.000  90 -20  811  857
256 166.000 117.000  90 -20  318  382
257 109.000 126.000  90 -30    0 1384
258 154.000 163.000  90 -20  714  792
259 115.000  89.000  90 -10    0 1393
260 106.000 166.000  90 -20    0 1345
261  53.000  67.000  90 -20  590  650
262 194.000  75.000  90 -10    0 1314
263  43.000  54.000  90 -30  236  285
264 149.000 182.000  90 -30    0 1316
265 100.000 129.000  90 -30  180  245
266  41.000 187.000  90 -10    0 1306
267 102.000 122.000  90 -20    0 1389
268  15.000  87.000  90 -10  430  481
269 156.000  12.000  90 -20    0 1307
270 145.000  31.000  90 -30  143  201
271  95.000  74.000  90 -20    0 1385
272 159.000 121.000  90 -20    0 1349
273  87.000 196.000  90 -10    0 1315
274 141.000   4.000  90 -20    0 1307
275   7.000 152.000  90 -10  715  779
276 110.000 164.000  90 -20  688  764
277  21.000  85.000  90 -30  899  947
278 179.000  55.000  90 -10  337  389
279 152.000   4.000  90 -10  813  865
280 196.000 111.000  90 -20    0 1315
281 125.000  15.000  90 -10    0 1323
282 151.000  35.000  90 -10  988 1040
283  63.000  55.000  90 -30 1046 1115
284  78.000 184.000  90 -30    0 1325
285 182.000  46.000  90 -10    0 1313
286 118.000  97.000  90 -30    0 1393
287 199.000 132.000  90 -10    0 1307
288  99.000 154.000  90 -40    0 1357
289 121.000 188.000  90 -10  723  775
290 172.000  51.000  90 -20  983 1051
291 108.000 165.000  90 -20    0 1346
292  42.000 101.000  90 -10  682  732
293 199.000  28.000  90 -10    0 1289
294 197.000  80.000  90 -10    0 1312
295 195.000  25.000  90 -10  906  982
296  42.000 102.000  90 -20    0 1353
297 149.000 101.000  90 -10    0 1362
298 121.000  36.000  90 -20  785  836
299 194.000 129.000  90 -20    0 1313
300  12.000  85.000  90 -10  517  580
301  93.000 167.000  90 -10    0 1344
302  39.000 112.000  90 -20    0 1349
303 137.000   4.000  90 -30 1091 1146
304 194.000 112.000  90 -20  613  683
305  93.000 150.000  90 -20    0 1361
306  40.000  49.000  90 -20    0 1333
307  29.000 139.000  90 -20    0 1330
308 120.000 115.000  90 -20    0 1386
309 117.000  91.000  90 -30  446  513
310 125.000  38.000  90 -20  319  371
311 119.000  37.000  90 -10    0 1346
312  53.000  31.000  90 -10  703  769
313  84.000 118.000  90 -30  642  703
314 185.000 124.000  90 -10    0 1323
315 180.000  93.000  90 -10    0 1331
316 121.000 116.000  90 -40    0 1385
317 122.000  14.000  90 -10    0 1323
318 198.000  76.000  90 -30  619  672
319 146.000 103.000  90 -30  938  988
320 105.000  70.000  90 -10  278  333
321  16.000  84.000  90 -20    0 1326
322 150.000   6.000  90 -10    0 1305
323 193.000  23.000  90 -20 1008 1067
324  97.000   7.000  90 -30    0 1318
325  25.000 143.000  90 -20    0 1325
326  61.000  50.000  90 -10    0 1348
327 196.000  78.000  90 -20    0 1313
328  65.000  53.000  90 -10    0 1353
329 190.000 109.000  90 -20  892  955
330  32.000 178.000  90 -10 1002 1085
331  27.000 135.000  90 -20  983 1049
332  96.000 150.000  90 -10    0 1361
333 179.000 165.000  90 -10    0 1309
334  47.000  50.000  90 -20    0 1339
335 150.000   3.000  90 -10  724  771
336  84.000 194.000  90 -10    0 1316
337  28.000 193.000  90 -10    0 1294
338 176.000 144.000  90 -10  893  958
339  10.000 153.000  90 -20  348  404
340  99.000 146.000  90 -10    0 1365
341 105.000 125.000  90 -10  746  793
342 159.000 160.000  90 -30    0 1327
343  64.000  52.000  90 -10  865  926
344 180.000  50.000  90 -20  699  763
345 183.000 148.000  90 -10    0 1316
346 151.000 190.000  90 -10    0 1308
347  53.000  59.000  90 -30    0 1349
348  49.000 104.000  90 -20    0 1360
349  50.000  67.000  90 -10  497  556
350 104.000  68.000  90 -20    0 1379
351 151.000 101.000  90 -30    0 1360
352  99.000 144.000  90 -20    0 1367
353  12.000 154.000  90 -10    0 1308
354  83.000 118.000  90 -30  550  614
355  52.000  28.000  90 -20    0 1325
356 123.000 106.000  90 -10  747  797
357  95.000  16.000  90 -20  619  689
358 120.000  92.000  90 -30  274  318
359  83.000 197.000  90 -30  703  774
360   8.000  69.000  90 -20  808  872
361 159.000   8.000  90 -20    0 1302
362  23.000 137.000  90 -20  703  763
363 117.000 193.000  90 -30  151  219
364 141.000   8.000  90 -10  160  222
365 184.000 116.000  90 -20    0 1326
366 189.000  97.000  90 -20  715  768
367  97.000  67.000  90 -20    0 1378
368 150.000  99.000  90 -20  300  344
369 151.000 165.000  90 -10  630  688
370 197.000  77.000  90 -20  709  766
371  90.000 160.000  90 -30    0 1351
372 153.000  29.000  90 -20  526  571
373  55.000  64.000  90 -20    0 1354
374 123.000  36.000  90 -10    0 1343
375  60.000  51.000  90 -10    0 1348
376  45.000  46.000  90 -10  506  582
377 126.000 192.000  90 -10    0 1316
378 189.000 120.000  90 -10  522  578
379 181.000 147.000  90 -30  445  493
380 200.000 136.000  90 -20  361  405
381 147.000   6.000  90 -10    0 1306
382 145.000 189.000  90 -30  437  488
383 196.000  27.000  90 -20  822  882
384  57.000  54.000  90 -20    0 1349
385 175.000 143.000  90 -10    0 1325
386  99.000  12.000  90 -30    0 1323
387 189.000  95.000  90 -10    0 1322
388 111.000  93.000  90 -10  636  699
389 190.000  24.000  90 -30 1099 1161
390 195.000 129.000  90 -10    0 1312
391 115.000   4.000  90 -20  617  677
392 123.000  33.000  90 -30    0 1341
393 103.000  66.000  90 -30  541  618
394 149.000 103.000  90 -20    0 1362
395 178.000  54.000  90 -30  429  480
396 143.000   5.000  90 -10  711  772
397 123.000 121.000  90 -40    0 1380
398 127.000 114.000  90 -20    0 1381
399   6.000  67.000  90 -20    0 1312
400  93.000  13.000  90 -20    0 1324
401 100.000 150.000  90 -30    0 1361
402 151.000  28.000  90 -30  428  484
403  87.000 195.000  90 -10    0 1316
404  80.000 108.000  90 -10    0 1390
405 124.000   6.000  90 -20    0 1314
406 165.000 116.000  90 -30  421  462
407  45.000 104.000  90 -20  770  832
408  23.000 142.000  90 -20    0 1324
409 177.000 145.000  90 -10    0 1322
410  40.000 105.000  90 -30  396  465
411 107.000 125.000  90 -20    0 1386
412 152.000  31.000  90 -20    0 1325
413 123.000  31.000  90 -10  682  748
414 190.000 110.000  90 -20    0 1321
415 195.000  97.000  90 -20    0 1316
416  48.000  30.000  90 -30  239  299
417 182.000 171.000  90 -30    0 1303
418 154.000  31.000  90 -10  795  860
419 127.000   8.000  90 -20  904  958
420  87.000 117.000  90 -10  832  881
421 100.000 100.000   0   0    0 1501
