202 202 1000 700 1000
  0 100.000 100.000   0   0    0 3693
  1  37.000  48.000  90  10   81  961
  2  17.000 166.000  90  10 1524 2404
  3 147.000 134.000  90  20 2535 3415
  4  48.000 103.000  90  10  565 1445
  5 127.000 166.000  90  20 1835 2715
  6  19.000 156.000  90  10 1825 2705
  7  93.000 166.000  90  10 1257 2137
  8  73.000 112.000  90  10   29  909
  9  48.000 166.000  90  30  113  993
 10  45.000  88.000  90  30   56  936
 11  61.000 101.000  90  10  252 1132
 12  54.000 175.000  90  20  409 1289
 13 107.000  73.000  90  30   27  907
 14  42.000  75.000  90  20 1212 2092
 15  74.000 102.000  90  10  149 1029
 16  72.000 118.000  90  20  692 1572
 17  65.000 135.000  90  20  981 1861
 18  84.000 133.000  90  10   36  916
 19  28.000  96.000  90  20   72  952
 20 100.000  47.000  90  20   53  933
 21  69.000 167.000  90  20   73  953
 22  98.000  59.000  90  10   41  921
 23  61.000 174.000  90  10 1093 1973
 24 119.000 169.000  90  20 1737 2617
 25  66.000 192.000  90  20 2026 2906
 26 170.000  64.000  90  20 1784 2664
 27  85.000 134.000  90  20   37  917
 28  95.000 137.000  90  10  300 1180
 29  78.000 188.000  90  20 2512 3392
 30  59.000  98.000  90  10 1442 2322
 31 170.000  49.000  90  30  515 1395
 32  78.000 154.000  90  10   58  938
 33  60.000 171.000  90  20   81  961
 34  28.000  50.000  90  10  141 1021
 35  97.000 163.000  90  20 1352 2232
 36 150.000 135.000  90  20  477 1357
 37  79.000  89.000  90  10 2672 3552
 38 103.000  91.000  90  20    9  889
 39 126.000  31.000  90  20 1868 2748
 40  37.000 162.000  90  20 2497 3377
 41  72.000  10.000  90  20  787 1667
 42  55.000 160.000  90  10  212 1092
 43  76.000 157.000  90  20   61  941
 44  85.000  14.000  90  10 1954 2834
 45 142.000 141.000  90  20  758 1638
 46   7.000 176.000  90  10 1329 2209
 47 168.000  43.000  90  10  419 1299
 48  93.000   1.000  90  20 1549 2429
 49 144.000  58.000  90  30 1010 1890
 50  32.000 191.000  90  10  113  993
 51 140.000  51.000  90  10 1313 2193
 52  37.000 195.000  90  10  113  993
 53 118.000  59.000  90  10  526 1406
 54  90.000  74.000  90  10   27  907
 55 125.000  72.000  90  20  903 1783
 56  67.000  60.000  90  10 1092 1972
 57 179.000  78.000  90  20 1575 2455
 58  83.000  74.000  90  40  768 1648
 59 101.000  37.000  90  30   63  943
 60  99.000  61.000  90  20  237 1117
 61 168.000 126.000  90  20 2150 3030
 62 134.000  46.000  90  20 1391 2271
 63  66.000  78.000  90  30  177 1057
 64  57.000  73.000  90  30   50  930
 65   5.000  58.000  90  20  623 1503
 66 186.000  50.000  90  20 1090 1970
 67  14.000 199.000  90  30 1027 1907
 68  80.000 139.000  90  30 1182 2062
 69 110.000  72.000  90  10   29  909
 70 155.000  38.000  90  10   82  962
 71 155.000 108.000  90  20   55  935
 72  55.000 195.000  90  20  704 1584
 73  36.000 107.000  90  20  851 1731
 74  29.000  88.000  90  10 2009 2889
 75  79.000 132.000  90  20 1654 2534
 76  23.000 102.000  90  30 2103 2983
 77 128.000  80.000  90  10 1098 1978
 78  82.000 100.000  90  10   18  898
 79 162.000  37.000  90  40  225 1105
 80  65.000 182.000  90  20  994 1874
 81  53.000 168.000  90  20   82  962
 82  74.000   5.000  90  20  972 1852
 83 144.000  38.000  90  30  783 1663
 84  93.000  11.000  90  20 1449 2329
 85  73.000 106.000  90  10   55  935
 86  51.000 190.000  90  30  102  982
 87  81.000  80.000  90  10   27  907
 88 138.000  22.000  90  30  585 1465
 89  75.000  18.000  90  30  597 1477
 90  89.000  68.000  90  10  670 1550
 91 126.000  59.000   0  20 1419 2299
 92 132.000  51.000  90  20 1295 2175
 93 100.000 147.000  90  10  401 1281
 94  36.000  96.000  90  10   97  977
 95 102.000  62.000  90  30   54  934
 96  55.000 188.000  90  30   98  978
 97   6.000  66.000  90  20  902 1782
 98  29.000  75.000  90  20 1315 2195
 99 143.000 140.000  90  10  667 1547
100  17.000  99.000  90  20 1333 2213
101  27.000 187.000  90  30  920 1800
102  40.000  34.000  90  10   89  969
103 149.000 149.000  90  20 1132 2012
104 110.000 150.000  90  20  683 1563
105  83.000 149.000  90  20   51  931
106  83.000 108.000  90  10   18  898
107 101.000  74.000  90  30   26  906
108  73.000 110.000  90  20   28  908
109  81.000 136.000  90  20 1560 2440
110  14.000 163.000  90  30 1618 2498
111  88.000  41.000  90  10   60  940
112  20.000  92.000  90  20 1521 2401
113  17.000  87.000  90  10 1708 2588
114 123.000  32.000  90  30 1961 2841
115  84.000 141.000  90  30 1277 2157
116 116.000  44.000  90  20 2157 3037
117 107.000  23.000  90  20  181 1061
118  25.000 102.000  90  20 1135 2015
119  83.000 147.000  90  20   49  929
120  38.000  94.000  90  10   62  942
121 143.000 135.000  90  10 2629 3509
122  68.000  69.000  90  30  874 1754
123  97.000 157.000  90  20 1157 2037
124 146.000 113.000  90  20   47  927
125 118.000   9.000  90  10  381 1261
126 125.000  16.000  90  10  481 1361
127 148.000  57.000  90  10   64  944
128  89.000  27.000  90  20 2427 3307
129  25.000 101.000  90  10 1044 1924
130  89.000  80.000  90  20   22  902
131  76.000  15.000  90  20  690 1570
132  30.000  75.000  90  10 1204 2084
133 160.000 137.000  90  10  102  982
134 156.000 137.000  90  20  289 1169
135 169.000  54.000  90  10  610 1490
136  39.000  99.000  90  20  364 1244
137  91.000  43.000  90  10   57  937
138  60.000 197.000  90  20 2219 3099
139 101.000 164.000  90  10 1446 2326
140 153.000 161.000  90  20 1329 2209
141 127.000  55.000  90  20 2643 3523
142  33.000 103.000  90  10  946 1826
143  43.000 101.000  90  30  661 1541
144 122.000 144.000  90  20 2674 3554
145  79.000  31.000  90  10   72  952
146  86.000 155.000  90  30   97  977
147  87.000  67.000  90  30  578 1458
148  99.000  48.000  90  10 2671 3551
149  72.000   8.000  90  20  879 1759
150 108.000  82.000  90  30   19  899
151  69.000 121.000   0  20  877 1757
152  67.000  13.000  90  30  315 1195
153  35.000  90.000  90  10 2195 3075
154  21.000  76.000  90  20 1400 2280
155  69.000  40.000  90  10  100  980
156  68.000 173.000  90  30 1281 2161
157 190.000 122.000  90  10 1855 2735
158 104.000  59.000  90  10  332 1212
159  52.000  79.000   0  20 2671 3551
160 108.000  26.000  90  10   87  967
161  65.000 164.000  90  20   72  952
162 106.000  83.000  90  20   18  898
163  55.000  97.000  90  20   45  925
164 146.000  62.000  90  20   59  939
165  26.000 169.000  90  20 2020 2900
166 161.000 139.000  90  20  194 1074
167  77.000 126.000  90  20 1751 2631
168 132.000  36.000  90  20 1678 2558
169 158.000 122.000  90  30   62  942
170  81.000  20.000  90  20 2144 3024
171 180.000 126.000  90  10 1955 2835
172  60.000  37.000  90  30  200 1080
173  35.000 185.000  90  10  244 1124
174  36.000 177.000  90  30  433 1313
175  48.000 191.000  90  10  606 1486
176 169.000  36.000  90  10  322 1202
177 177.000  45.000  90  30  989 1869
178  15.000  57.000  90  10  428 1308
179  68.000 152.000  90  30   61  941
180  40.000 101.000  90  10  193 1073
181 132.000 139.000   0  10 2673 3553
182 157.000  59.000  90  30 2441 3321
183  81.000  32.000  90  10   70  950
184  47.000  80.000  90  10 2580 3460
185 119.000  62.000  90  10  620 1500
186  43.000  98.000  90  30  378 1258
187 101.000  55.000  90  30   45  925
188  31.000  63.000  90  30   78  958
189 145.000 144.000  90  10  945 1825
190  30.000  86.000  90  20 2397 3277
191  33.000 188.000  90  30  151 1031
192 154.000  44.000  90  30   77  957
193 121.000  52.000  90  40 1518 2398
194 139.000 102.000  90  10   39  919
195   7.000  63.000  90  10  809 1689
196 184.000  55.000  90  10 1185 2065
197  58.000 168.000  90  20  311 1191
198 165.000  52.000  90  20  898 1778
199  79.000 106.000  90  20   21  901
200  64.000 172.000  90  10 1187 2067
201  99.000 156.000  90  30 1065 1945
202  14.000  81.000  90  30 1679 2559
203   3.000  56.000  90 -10  531 1411
204  23.000 172.000  90 -10 2114 2994
205 139.000 131.000  90 -20 2674 3554
206  62.000 120.000  90 -10  592 1472
207 139.000 169.000  90 -20 2125 3005
208  93.000 117.000  90 -10 2705 3585
209 128.000 141.000  90 -10 2674 3554
210  67.000  89.000  90 -10 1826 2706
211 124.000 154.000  90 -30 2436 3316
212  72.000 119.000  90 -30  783 1663
213   6.000  95.000  90 -10 1877 2757
214  63.000 189.000  90 -20 2121 3001
215  79.000  70.000  90 -30  479 1359
216  33.000  73.000  90 -20 1297 2177
217  66.000  81.000  90 -10   84  964
218  97.000 116.000  90 -20 2540 3420
219  82.000 128.000  90 -20 1846 2726
220  99.000 152.000  90 -10  784 1664
221  64.000 140.000  90 -20 1076 1956
222 118.000  50.000  90 -20 1611 2491
223   2.000 178.000  90 -20 1233 2113
224 111.000  24.000  90 -10  275 1155
225  81.000 191.000  90 -10 2606 3486
226 133.000 168.000  90 -20 2029 2909
227  73.000 196.000  90 -20 2322 3202
228 167.000  55.000  90 -20 2159 3039
229  95.000 150.000  90 -20  197 1077
230 119.000 130.000  90 -10 2688 3568
231  89.000 168.000  90 -20 2655 3535
232  70.000  89.000  90 -10 1919 2799
233 178.000  54.000  90 -30  890 1770
234 103.000 148.000  90 -10  586 1466
235  56.000 192.000  90 -20  797 1677
236  20.000  54.000  90 -10  240 1120
237 124.000 170.000  90 -20 1930 2810
238 148.000 139.000  90 -20  572 1452
239  81.000  92.000  90 -10 2578 3458
240 109.000  73.000  90 -20   28  908
241  96.000  62.000  90 -20 2423 3303
242  88.000 116.000  90 -20 2441 3321
243  84.000  10.000  90 -20 1260 2140
244  69.000 178.000  90 -10 1557 2437
245  50.000 181.000  90 -20  506 1386
246  84.000  20.000  90 -10 2237 3117
247 177.000 122.000  90 -20 2050 2930
248  13.000 173.000  90 -10 1426 2306
249 164.000  61.000  90 -10 2063 2943
250  91.000  39.000  90 -20 2662 3542
251 126.000  39.000  90 -30 1581 2461
252  29.000 163.000  90 -10 2399 3279
253 135.000  54.000  90 -10 1201 2081
254  12.000 186.000  90 -10 1131 2011
255 120.000  70.000  90 -10  808 1688
256 114.000  55.000  90 -10 2258 3138
257 136.000  57.000  90 -20 1108 1988
258  34.000  84.000  90 -10 2492 3372
259 156.000  64.000  90 -20 2536 3416
260  87.000  87.000  90 -40 2299 3179
261  92.000  55.000  90 -30 2325 3205
262 119.000  66.000  90 -20  714 1594
263 164.000 124.000  90 -20 2245 3125
264 127.000  46.000  90 -20 2544 3424
265  21.000  56.000  90 -30  332 1212
266  30.000  54.000  90 -30   83  963
267  16.000  77.000  90 -20 1100 1980
268 170.000  83.000  90 -20 1675 2555
269  28.000 168.000  90 -30 2304 3184
270  89.000 113.000  90 -30 2254 3134
271  75.000  61.000  90 -10  379 1259
272 162.000  44.000  90 -10  128 1008
273 170.000 156.000  90 -20 1725 2605
274  57.000 183.000  90 -20  896 1776
275  26.000 107.000  90 -20 1231 2111
276  34.000  89.000  90 -10 2104 2984
277  88.000 111.000  90 -20 2346 3226
278  69.000  99.000  90 -30 1635 2515
279 130.000  42.000  90 -10 1486 2366
280  64.000  78.000  90 -10  269 1149
281 173.000  56.000  90 -40  705 1585
282  68.000 176.000  90 -20 1465 2345
283  68.000 190.000  90 -20 1842 2722
284  91.000  14.000  90 -20 1858 2738
285 112.000  53.000  90 -30 1708 2588
286  93.000  32.000  90 -20 2617 3497
287  20.000  96.000  90 -10 1427 2307
288  25.000 187.000  90 -30  828 1708
289   6.000  59.000  90 -10  715 1595
290  91.000  49.000  90 -30 2229 3109
291  84.000  25.000  90 -30 2332 3212
292  49.000  64.000  90 -10  984 1864
293 126.000  59.000  90 -20 1419 2299
294 120.000  50.000  90 -20 2446 3326
295 101.000 158.000  90 -10  972 1852
296  84.000 136.000  90 -10 1467 2347
297 140.000  70.000  90 -30 1204 2084
298  15.000 181.000  90 -30  726 1606
299  11.000  83.000  90 -20 1805 2685
300  54.000  73.000  90 -20 2670 3550
301 146.000 157.000  90 -10 1231 2111
302  67.000 102.000  90 -20 1541 2421
303  16.000 146.000  90 -30 1725 2605
304  27.000  89.000  90 -10 2207 3087
305 136.000 134.000  90 -20 2674 3554
306 106.000 113.000  90 -20 2640 3520
307 116.000 171.000  90 -20 1643 2523
308  42.000 105.000  90 -10  755 1635
309  20.000  78.000  90 -30 1492 2372
310  82.000  88.000  90 -20 2394 3274
311  87.000 132.000  90 -20 1942 2822
312  29.000 171.000  90 -30 2211 3091
313  73.000  20.000  90 -10  504 1384
314  21.000  91.000  90 -20 1612 2492
315  38.000  85.000  90 -10 2291 3171
316 115.000  40.000  90 -30 2063 2943
317 106.000 127.000  90 -30 2052 2932
318  94.000  75.000  90 -20 2526 3406
319 130.000  47.000  90 -20   60  940
320  81.000  89.000  90 -20 2485 3365
321 133.000 162.000  90 -20 2334 3214
322  32.000  93.000  90 -10   68  948
323 138.000 135.000  90 -10 2672 3552
324  20.000  79.000  90 -30 1583 2463
325 147.000 158.000  90 -20 2229 3109
326 165.000 157.000  90 -20 1630 2510
327 105.000  55.000  90 -10 1805 2685
328 108.000  13.000  90 -10 1658 2538
329 177.000  55.000  90 -10  799 1679
330  92.000  39.000  90 -20 2662 3542
331  77.000  86.000  90 -10 2016 2896
332 101.000  62.000  90 -20  145 1025
333  95.000  18.000  90 -20 1762 2642
334  47.000  76.000  90 -10 2665 3545
335 152.000 149.000  90 -10 1431 2311
336 149.000 146.000  90 -20 1039 1919
337 163.000  55.000  90 -10 2343 3223
338  46.000 128.000  90 -20  484 1364
339  89.000  11.000  90 -10 1355 2235
340 120.000 153.000  90 -20 2530 3410
341 109.000 169.000  90 -10 1546 2426
342 138.000 132.000  90 -20 2674 3554
343 117.000  53.000  90 -20 2352 3232
344  13.000  90.000  90 -10 1778 2658
345  67.000  97.000  90 -30 1728 2608
346 114.000 138.000  90 -20 2636 3516
347  68.000  16.000  90 -10  408 1288
348 102.000 146.000  90 -30  493 1373
349  27.000  83.000  90 -30 2303 3183
350  98.000  85.000  90 -10 2627 3507
351  79.000  19.000  90 -20 2051 2931
352  39.000  79.000  90 -30 2482 3362
353  69.000 121.000  90 -20  877 1757
354  79.000  13.000  90 -30 1072 1952
355  74.000  91.000  90 -10 2696 3576
356  81.000  83.000  90 -20 2201 3081
357  84.000  13.000  90 -10 1167 2047
358  71.000 189.000  90 -30 1749 2629
359 150.000 130.000  90 -10 2440 3320
360 106.000  60.000  90 -10  424 1304
361  52.000  79.000  90 -20 2671 3551
362 143.000  30.000  90 -10  685 1565
363  69.000 173.000  90 -20 1372 2252
364  97.000  71.000  90 -20   29  909
365  46.000  99.000  90 -20  471 1351
366 178.000  69.000  90 -20 1382 2262
367  24.000 164.000  90 -20 1925 2805
368 156.000 135.000  90 -20  381 1261
369  99.000 123.000  90 -20 2150 3030
370 102.000  56.000  90 -20 1899 2779
371 146.000 142.000  90 -30  853 1733
372  95.000  29.000  90 -20 2016 2896
373 163.000 125.000  90 -10 2336 3216
374  93.000  26.000  90 -30 2521 3401
375  25.000 182.000  90 -10  535 1415
376  19.000 179.000  90 -30  632 1512
377  69.000 190.000  90 -10 1933 2813
378 182.000  68.000  90 -10 1288 2168
379 171.000  63.000  90 -30 1875 2755
380  16.000  78.000  90 -10 1902 2782
381 101.000 152.000  90 -30  876 1756
382  88.000 137.000  90 -10 1373 2253
383 132.000 139.000  90 -10 2673 3553
384 143.000  72.000  90 -30 2641 3521
385  74.000  31.000  90 -10   73  953
386  82.000 104.000  90 -10 2705 3585
387 120.000  76.000  90 -10 1000 1880
388  13.000 120.000  90 -30 1993 2873
389 131.000  31.000  90 -30 1773 2653
390  15.000  69.000  90 -30 1002 1882
391 165.000 151.000  90 -10 1534 2414
392  79.000  84.000  90 -20 2109 2989
393  34.000 182.000  90 -30  337 1217
394 166.000  55.000  90 -30 2250 3130
395  82.000  48.000  90 -40 2129 3009
396 160.000 136.000  90 -10   69  949
397  40.000  87.000  90 -10 2384 3264
398 175.000  70.000  90 -10 1476 2356
399  70.000 185.000  90 -20 1655 2535
400 165.000  62.000  90 -20 1971 2851
401  42.000 100.000  90 -20  285 1165
402  74.000 196.000  90 -10 2413 3293
403 135.000 146.000  90 -30 2666 3546
404  86.000 100.000  90 -30 2709 3589
405 100.000 100.000   0   0    0 3693
