203 203 1000 700 1000
  0 100.000 100.000   0   0    0 3693
  1  37.000  48.000  90  10  287  447
  2  42.000 100.000  90  30  645  805
  3 127.000 166.000  90  20 2195 2355
  4  50.000 181.000  90  20  866 1026
  5  19.000 156.000  90  10 2185 2345
  6 146.000 157.000  90  40 1591 1751
  7  93.000 166.000  90  10 1617 1777
  8 170.000  83.000  90  30 2035 2195
  9  79.000  13.000  90  20 1432 1592
 10  73.000 112.000  90  10  229  389
 11  79.000  70.000  90  20  839  999
 12  45.000  88.000  90  30   69  229
 13  61.000 101.000  90  10  612  772
 14  54.000 175.000  90  20  769  929
 15 126.000  39.000  90  10 1941 2101
 16 107.000  73.000  90  30   27  187
 17  42.000  75.000  90  20 1572 1732
 18  74.000 102.000  90  10  509  669
 19  65.000 135.000  90  20 1341 1501
 20  84.000 133.000  90  10   36  196
 21  28.000  96.000  90  20  359  519
 22 100.000  47.000  90  20  244  404
 23  69.000 167.000  90  20  270  430
 24  98.000  59.000  90  10   51  211
 25  61.000 174.000  90  10 1453 1613
 26 119.000 169.000  90  20 2097 2257
 27 120.000  76.000  90  30 1360 1520
 28  89.000  11.000  90  10 1715 1875
 29  85.000 134.000  90  20   48  208
 30  19.000 179.000  90  30  992 1152
 31  59.000  98.000  90  10 1802 1962
 32 170.000  49.000  90  30  875 1035
 33  78.000 154.000  90  10   58  218
 34  69.000 190.000  90  30 2293 2453
 35  60.000 171.000  90  20  370  530
 36 112.000  53.000  90  10 2068 2228
 37  99.000 123.000  90  10 2510 2670
 38  28.000  50.000  90  10  501  661
 39 150.000 135.000  90  20  837  997
 40 120.000 153.000  90  10 2890 3050
 41 103.000  91.000  90  20    9  169
 42  74.000  91.000  90  20 3127 3287
 43  84.000  20.000   0  10 2597 2757
 44  55.000 160.000  90  10  572  732
 45 164.000 124.000   0  20 2605 2765
 46  20.000  96.000  90  20 1787 1947
 47  76.000 157.000  90  20   72  232
 48  74.000 196.000  90  30 2773 2933
 49  85.000  14.000  90  10 2314 2474
 50 142.000 141.000  90  20 1118 1278
 51 119.000  66.000  90  10 1074 1234
 52  92.000  55.000  90  20 2685 2845
 53 168.000  43.000  90  10  779  939
 54  46.000  99.000  90  10  831  991
 55  62.000 120.000  90  30  952 1112
 56  20.000  54.000  90  20  600  760
 57  32.000 191.000  90  10  316  476
 58  68.000 190.000   0  20 2202 2362
 59  37.000 195.000   0  10  413  573
 60 120.000  70.000  90  10 1168 1328
 61  90.000  74.000  90  10  145  305
 62 165.000 151.000  90  20 1894 2054
 63 125.000  72.000  90  20 1263 1423
 64 177.000 122.000  90  30 2410 2570
 65  64.000  78.000  90  10  629  789
 66 167.000  55.000  90  30 2519 2679
 67 173.000  56.000  90  20 1065 1225
 68  81.000 191.000  90  20 2966 3126
 69 101.000  37.000  90  30  344  504
 70  34.000 182.000  90  20  697  857
 71  99.000  61.000  90  20  597  757
 72 139.000 131.000  90  20 3178 3338
 73  70.000 185.000  90  20 2015 2175
 74  16.000  78.000  90  30 2262 2422
 75  57.000  73.000  90  30   50  210
 76  75.000  61.000  90  20  739  899
 77  14.000 199.000  90  30 1387 1547
 78 110.000  72.000  90  10  311  471
 79 155.000  38.000  90  10  389  549
 80 155.000 108.000  90  20  162  322
 81 152.000 149.000  90  20 1791 1951
 82  55.000 195.000  90  20 1064 1224
 83  29.000  88.000  90  10 2369 2529
 84  32.000  93.000  90  20  264  424
 85  25.000 182.000  90  10  895 1055
 86  25.000 187.000  90  30 1188 1348
 87  23.000 102.000  90  30 2463 2623
 88  34.000  84.000  90  10 2852 3012
 89  82.000 100.000  90  10   18  178
 90 162.000  37.000  90  40  585  745
 91  53.000 168.000  90  20   82  242
 92  24.000 164.000  90  30 2285 2445
 93 109.000  73.000  90  10  219  379
 94  51.000 190.000  90  30  207  367
 95  81.000  80.000  90  10  339  499
 96 138.000  22.000  90  30  945 1105
 97 126.000  59.000  90  20 1779 1939
 98  88.000 137.000  90  10 1733 1893
 99  99.000 152.000  90  40 1144 1304
100 178.000  54.000  90  20 1250 1410
101 132.000  51.000  90  20 1655 1815
102 100.000 147.000  90  10  761  921
103  36.000  96.000  90  10  457  617
104   6.000  59.000  90  20 1075 1235
105 102.000  62.000  90  30  414  574
106  55.000 188.000  90  30  113  273
107   6.000  66.000  90  20 1262 1422
108 143.000 140.000  90  10 1027 1187
109 130.000  42.000  90  30 1846 2006
110  27.000 187.000  90  30 1280 1440
111  40.000  34.000  90  10  391  551
112  64.000 140.000  90  20 1436 1596
113 110.000 150.000  90  20 1043 1203
114  83.000 149.000  90  20  243  403
115  83.000 108.000  90  10   36  196
116 101.000  74.000  90  30   44  204
117  73.000 110.000  90  20  321  481
118 130.000  47.000  90  10   60  220
119  88.000  41.000  90  10   71  231
120  73.000  20.000  90  10  864 1024
121  17.000  87.000  90  10 2068 2228
122 123.000  32.000  90  30 2321 2481
123 107.000  23.000  90  20  541  701
124  25.000 102.000  90  20 1495 1655
125  97.000  71.000  90  10   29  189
126  83.000 147.000  90  20  151  311
127  84.000 136.000  90  20 1827 1987
128 143.000 135.000  90  10 2989 3149
129 143.000  30.000  90  30 1045 1205
130 148.000 139.000  90  20  932 1092
131 146.000 113.000  90  20   62  222
132 118.000   9.000  90  10  741  901
133 125.000  16.000   0  10  841 1001
134 148.000  57.000  90  10  188  348
135  89.000  27.000  90  20 2787 2947
136  70.000  89.000  90  20 2279 2439
137  25.000 101.000  90  10 1404 1564
138  89.000  80.000  90  20  241  401
139  76.000  15.000  90  20 1050 1210
140   3.000  56.000  90  20  891 1051
141  30.000  75.000  90  10 1564 1724
142 160.000 137.000  90  10  462  622
143 150.000 130.000  90  20 2800 2960
144  49.000  64.000  90  20 1344 1504
145  39.000  99.000  90  20  724  884
146  91.000  43.000  90  10   57  217
147  15.000  69.000  90  20 1362 1522
148 153.000 161.000  90  20 1689 1849
149 175.000  70.000  90  20 1836 1996
150  68.000  16.000  90  10  768  928
151  93.000  32.000  90  20 2977 3137
152  87.000  67.000  90  30  938 1098
153  72.000   8.000  90  20 1239 1399
154 108.000  82.000  90  30  120  280
155  33.000  73.000  90  20 1657 1817
156  68.000 176.000  90  10 1825 1985
157 106.000  60.000  90  10  784  944
158  84.000  13.000  90  10 1527 1687
159  21.000  76.000  90  20 1760 1920
160  69.000  40.000  90  10  460  620
161  13.000 120.000  90  20 2353 2513
162 117.000  53.000   0  20 2712 2872
163  84.000  25.000  90  10 2692 2852
164 120.000  50.000  90  10 2806 2966
165  69.000  99.000  90  10 1995 2155
166 108.000  26.000  90  10  447  607
167 106.000  83.000  90  20   28  188
168  55.000  97.000  90  20   45  205
169  13.000 173.000  90  30 1786 1946
170 146.000  62.000  90  20   93  253
171  95.000 150.000  90  30  557  717
172  66.000  81.000  90  10  444  604
173 101.000 152.000  90  20 1236 1396
174 158.000 122.000  90  30  267  427
175  60.000  37.000  90  30  560  720
176  36.000 177.000  90  30  793  953
177 169.000  36.000  90  10  682  842
178 177.000  45.000  90  30 1349 1509
179  72.000 119.000  90  20 1143 1303
180  26.000 107.000  90  20 1591 1751
181  68.000 152.000  90  30  349  509
182  46.000 128.000  90  30  844 1004
183  81.000  32.000  90  10  173  333
184  47.000  80.000  90  10 2940 3100
185  43.000  98.000  90  30  738  898
186  31.000  63.000  90  30   89  249
187  56.000 192.000  90  20 1157 1317
188 101.000 158.000  90  20 1332 1492
189  33.000 188.000  90  30  511  671
190 154.000  44.000  90  30  293  453
191 139.000 169.000  90  30 2485 2645
192 121.000  52.000  90  40 1878 2038
193 139.000 102.000  90  10   39  199
194  84.000  10.000  90  40 1620 1780
195   7.000  63.000  90  10 1169 1329
196 184.000  55.000  90  10 1545 1705
197 156.000 135.000  90  20  741  901
198 165.000  52.000  90  20 1258 1418
199 128.000 141.000  90  10 3193 3353
200  79.000 106.000  90  20  131  291
201  64.000 172.000  90  10 1547 1707
202  99.000 156.000  90  30 1425 1585
203  14.000  81.000  90  30 2039 2199
204  15.000  57.000  90 -10  788  948
205 106.000 127.000  90 -30 2412 2572
206 133.000 168.000  90 -20 2389 2549
207  68.000 173.000  90 -20 1641 1801
208  28.000 168.000  90 -10 2664 2824
209 165.000 157.000  90 -40 1990 2150
210 101.000 164.000  90 -10 1806 1966
211 166.000  55.000  90 -30 2610 2770
212  95.000  18.000  90 -20 2122 2282
213  73.000 106.000  90 -10  415  575
214  83.000  74.000  90 -20 1128 1288
215  43.000 101.000  90 -30 1021 1181
216  87.000 132.000  90 -10 2302 2462
217  57.000 183.000  90 -20 1256 1416
218 126.000  31.000  90 -10 2228 2388
219 101.000  55.000  90 -30  146  306
220  82.000  88.000  90 -20 2754 2914
221  97.000 116.000  90 -10 2900 3060
222  77.000 126.000  90 -20 2111 2271
223  86.000 155.000  90 -10  457  617
224  42.000 105.000  90 -20 1115 1275
225 111.000  24.000  90 -20  635  795
226  48.000 166.000  90 -20  473  633
227 136.000  57.000  90 -10 1468 1628
228  69.000 173.000  90 -10 1732 1892
229 124.000 170.000  90 -20 2290 2450
230 132.000  36.000  90 -30 2038 2198
231  93.000  11.000  90 -10 1809 1969
232 103.000 148.000  90 -20  946 1106
233  15.000 181.000  90 -30 1086 1246
234  67.000  97.000  90 -10 2088 2248
235 165.000  62.000  90 -30 2331 2491
236  48.000 191.000  90 -10  966 1126
237  63.000 189.000  90 -30 2481 2641
238  58.000 168.000  90 -20  671  831
239  98.000  85.000  90 -10 2987 3147
240  88.000 116.000  90 -10 2801 2961
241  21.000  56.000  90 -10  692  852
242 147.000 134.000  90 -20 2895 3055
243 132.000 139.000  90 -10 3393 3553
244 118.000  59.000  90 -20  886 1046
245  86.000 100.000  90 -20 3328 3488
246  84.000  20.000  90 -10 2597 2757
247  60.000 197.000  90 -10 2579 2739
248 164.000 124.000  90 -20 2605 2765
249  21.000  91.000  90 -20 1972 2132
250  65.000 164.000  90 -20  175  335
251  78.000 188.000  90 -30 2872 3032
252  93.000  26.000  90 -10 2881 3041
253 149.000 146.000  90 -20 1399 1559
254 128.000  80.000  90 -10 1458 1618
255  94.000  75.000  90 -20 2886 3046
256 179.000  78.000  90 -10 1935 2095
257  36.000 107.000  90 -10 1211 1371
258  84.000 141.000  90 -30 1637 1797
259  29.000  75.000  90 -20 1675 1835
260  12.000 186.000  90 -10 1491 1651
261  68.000 190.000  90 -20 2202 2362
262  37.000 195.000  90 -10  413  573
263 131.000  31.000  90 -10 2133 2293
264  68.000  69.000  90 -10 1234 1394
265 136.000 134.000  90 -20 3273 3433
266 115.000  40.000  90 -20 2423 2583
267 168.000 126.000  90 -30 2510 2670
268  81.000  89.000  90 -10 2845 3005
269 143.000  72.000  90 -30 3001 3161
270 164.000  61.000  90 -20 2423 2583
271  89.000 168.000  90 -20 3081 3241
272 102.000  56.000  90 -30 2259 2419
273  29.000 163.000  90 -20 2759 2919
274 114.000  55.000  90 -20 2618 2778
275 138.000 132.000  90 -20 3296 3456
276  66.000 192.000  90 -20 2386 2546
277  47.000  76.000  90 -30 3034 3194
278  20.000  78.000  90 -30 1852 2012
279  81.000  92.000  90 -20 2938 3098
280  23.000 172.000  90 -30 2474 2634
281 119.000  62.000  90 -10  980 1140
282 162.000  44.000  90 -10  488  648
283 163.000 125.000  90 -20 2696 2856
284 190.000 122.000  90 -20 2215 2375
285  71.000 189.000  90 -20 2109 2269
286  39.000  79.000  90 -10 2842 3002
287  40.000 101.000  90 -20  553  713
288  93.000 117.000  90 -10 3109 3269
289  37.000 162.000  90 -30 2857 3017
290  27.000  83.000  90 -30 2663 2823
291  52.000  79.000  90 -10 3130 3290
292  69.000 121.000  90 -10 1237 1397
293 178.000  69.000  90 -40 1742 1902
294  35.000 185.000  90 -20  604  764
295  26.000 169.000  90 -30 2380 2540
296 104.000  59.000  90 -10  692  852
297  16.000 146.000  90 -30 2085 2245
298  66.000  78.000  90 -10  537  697
299  82.000  48.000  90 -30 2489 2649
300  95.000  29.000  90 -20 2376 2536
301  81.000 136.000  90 -10 1920 2080
302  97.000 163.000  90 -40 1712 1872
303 186.000  50.000  90 -20 1450 1610
304 105.000  55.000  90 -20 2165 2325
305 109.000 169.000  90 -10 1906 2066
306  48.000 103.000  90 -10  925 1085
307  54.000  73.000  90 -20 3226 3386
308 140.000  51.000  90 -30 1673 1833
309  14.000 163.000  90 -30 1978 2138
310  20.000  79.000  90 -20 1943 2103
311 146.000 142.000  90 -10 1213 1373
312 127.000  46.000  90 -30 2904 3064
313  29.000 171.000  90 -30 2571 2731
314   5.000  58.000  90 -10  983 1143
315  89.000 113.000  90 -20 2614 2774
316 116.000 171.000  90 -20 2003 2163
317  95.000 137.000  90 -20  660  820
318  80.000 139.000  90 -10 1542 1702
319  81.000  83.000  90 -30 2561 2721
320 106.000 113.000  90 -20 3000 3160
321 157.000  59.000  90 -10 2801 2961
322  79.000  31.000  90 -10  265  425
323  74.000   5.000  90 -10 1332 1492
324  13.000  90.000  90 -10 2138 2298
325 116.000  44.000  90 -30 2517 2677
326 144.000  38.000  90 -20 1143 1303
327  30.000  86.000  90 -20 2757 2917
328  79.000  89.000  90 -10 3032 3192
329 102.000 146.000  90 -20  853 1013
330  82.000 128.000  90 -20 2206 2366
331 119.000 130.000  90 -10 3405 3565
332  96.000  62.000  90 -30 2783 2943
333 170.000 156.000  90 -20 2085 2245
334 156.000 137.000  90 -20  649  809
335 135.000  54.000  90 -10 1561 1721
336 125.000  16.000  90 -10  841 1001
337 177.000  55.000  90 -10 1159 1319
338  92.000  39.000  90 -20 3165 3325
339  87.000  87.000  90 -20 2659 2819
340   6.000  95.000  90 -10 2237 2397
341  67.000 102.000  90 -20 1901 2061
342  72.000  10.000  90 -20 1147 1307
343  35.000  90.000  90 -20 2555 2715
344  11.000  83.000  90 -10 2165 2325
345 161.000 139.000  90 -10  554  714
346 138.000 135.000  90 -20 3084 3244
347  79.000  84.000  90 -20 2469 2629
348  33.000 103.000  90 -20 1306 1466
349  74.000  31.000  90 -10  360  520
350  16.000  77.000  90 -20 1460 1620
351 180.000 126.000  90 -20 2315 2475
352 156.000  64.000  90 -20 2896 3056
353  91.000  14.000  90 -10 2218 2378
354  99.000  48.000  90 -20 3267 3427
355  89.000  68.000  90 -30 1030 1190
356  93.000   1.000  90 -20 1909 2069
357 140.000  70.000  90 -30 1564 1724
358  77.000  86.000  90 -20 2376 2536
359  69.000 178.000  90 -10 1917 2077
360 134.000  46.000  90 -10 1751 1911
361 108.000  13.000  90 -10 2018 2178
362  34.000  89.000  90 -20 2464 2624
363  67.000  13.000  90 -10  675  835
364  27.000  89.000  90 -20 2567 2727
365 117.000  53.000  90 -20 2712 2872
366  91.000  39.000  90 -10 3074 3234
367 127.000  55.000  90 -10 3003 3163
368  67.000  89.000  90 -10 2186 2346
369 144.000  58.000  90 -10 1370 1530
370 101.000  62.000  90 -20  505  665
371  38.000  94.000  90 -20  168  328
372  17.000 166.000  90 -30 1884 2044
373 171.000  63.000  90 -20 2235 2395
374 147.000 158.000  90 -30 2589 2749
375  67.000  60.000  90 -10 1452 1612
376 133.000 162.000  90 -20 2694 2854
377 145.000 144.000  90 -30 1305 1465
378  81.000  20.000  90 -30 2504 2664
379   7.000 176.000  90 -30 1689 1849
380 169.000  54.000  90 -10  970 1130
381 170.000  64.000  90 -30 2144 2304
382  79.000 132.000  90 -20 2014 2174
383  17.000  99.000  90 -20 1693 1853
384 114.000 138.000  90 -30 2996 3156
385  72.000 118.000  90 -30 1052 1212
386  75.000  18.000  90 -10  957 1117
387  82.000 104.000  90 -10 3232 3392
388  20.000  92.000  90 -30 1881 2041
389  30.000  54.000  90 -30  188  348
390  65.000 182.000  90 -20 1354 1514
391 124.000 154.000  90 -20 2796 2956
392   2.000 178.000  90 -30 1593 1753
393 163.000  55.000  90 -30 2703 2863
394 122.000 144.000  90 -30 3096 3256
395 118.000  50.000  90 -40 1971 2131
396 160.000 136.000  90 -10  371  531
397  79.000  19.000  90 -40 2411 2571
398  40.000  87.000  90 -10 2744 2904
399 182.000  68.000  90 -10 1648 1808
400 149.000 149.000  90 -20 1492 1652
401  91.000  49.000  90 -20 2589 2749
402 135.000 146.000  90 -10 3375 3535
403  88.000 111.000  90 -20 2706 2866
404  73.000 196.000  90 -10 2682 2842
405  97.000 157.000  90 -30 1517 1677
406  38.000  85.000  90 -30 2651 2811
407 100.000 100.000   0   0    0 3693
