203 203 1000 700 1000
  0 100.000 100.000   0   0    0 3693
  1  37.000  48.000  90  10  287  447
  2  42.000 100.000  90  30    0 3545
  3 108.000  13.000  90  20    0 3516
  4  17.000 166.000  90  10    0 3497
  5  19.000 156.000  90  10    0 3505
  6 146.000 157.000  90  40 1591 1751
  7  93.000 166.000  90  10    0 3537
  8 170.000  83.000  90  30 2035 2195
  9  79.000  13.000  90  20    0 3514
 10  73.000 112.000   0  10    0 3574
 11 118.000  50.000  90  10    0 3550
 12  79.000  70.000  90  20  839  999
 13  48.000 166.000  90  30    0 3519
 14  61.000 101.000  90  10    0 3564
 15 107.000  73.000  90  30    0 3576
 16  65.000 135.000  90  20    0 3554
 17  84.000 133.000  90  10    0 3567
 18 178.000  69.000  90  40    0 3520
 19  28.000  96.000  90  20    0 3531
 20 100.000  47.000  90  20    0 3550
 21 170.000 156.000  90  10    0 3514
 22 120.000  76.000   0  30    0 3572
 23  29.000 171.000  90  20    0 3503
 24  95.000 137.000  90  10    0 3566
 25 163.000 125.000  90  30    0 3536
 26  30.000  54.000  90  30    0 3520
 27  28.000 168.000  90  20 2664 2824
 28  78.000 188.000  90  20 2872 3032
 29 136.000  57.000  90  30    0 3547
 30 170.000  49.000  90  30  875 1035
 31  78.000 154.000  90  10    0 3545
 32 112.000  53.000  90  10    0 3555
 33  99.000 123.000  90  10    0 3580
 34  28.000  50.000  90  10    0 3516
 35 150.000 135.000  90  20  837  997
 36 136.000 134.000  90  10    0 3554
 37 120.000 153.000  90  10    0 3547
 38  84.000  20.000  90  10    0 3522
 39  21.000  91.000  90  20    0 3524
 40  37.000 162.000  90  20    0 3515
 41  55.000 160.000  90  10  572  732
 42 164.000 124.000  90  20    0 3535
 43  74.000 196.000  90  30    0 3504
 44  85.000  14.000  90  10    0 3516
 45  77.000  86.000  90  20 2376 2536
 46 142.000 141.000  90  20    0 3545
 47  62.000 120.000  90  30  952 1112
 48  93.000   1.000  90  20    0 3504
 49  20.000  54.000  90  20    0 3511
 50  32.000 191.000  90  10    0 3490
 51 143.000  72.000  90  20    0 3552
 52  37.000 195.000  90  10    0 3490
 53  29.000 163.000  90  30    0 3509
 54 120.000  70.000  90  10    0 3567
 55  12.000 186.000  90  10    0 3480
 56 118.000  59.000  90  10  886 1046
 57  90.000  74.000  90  10    0 3576
 58 173.000  56.000  90  20    0 3518
 59 140.000  70.000  90  30 1564 1724
 60  81.000 191.000  90  20    0 3511
 61 101.000  37.000  90  30  344  504
 62  99.000  61.000  90  20  597  757
 63 168.000 126.000  90  20    0 3531
 64  71.000 189.000  90  10 2109 2269
 65  16.000  78.000  90  30    0 3517
 66  57.000  73.000  90  30   50  210
 67   5.000  58.000  90  20  983 1143
 68 186.000  50.000  90  20    0 3504
 69 110.000  72.000  90  10    0 3574
 70  40.000  87.000  90  20    0 3542
 71 155.000  38.000  90  10  389  549
 72 152.000 149.000  90  20    0 3532
 73  55.000 195.000  90  20 1064 1224
 74 103.000 148.000  90  20    0 3555
 75  25.000 182.000  90  10    0 3492
 76  25.000 187.000  90  30 1188 1348
 77  23.000 102.000  90  30    0 3526
 78 165.000  62.000  90  20    0 3528
 79 114.000  55.000  90  10    0 3556
 80  24.000 164.000  90  30    0 3504
 81 144.000  38.000  90  30 1143 1303
 82  93.000  11.000  90  20 1809 1969
 83  73.000 106.000  90  10    0 3576
 84  51.000 190.000  90  30    0 3501
 85  81.000  80.000  90  10  339  499
 86  69.000 173.000  90  40    0 3524
 87  75.000  18.000  90  30    0 3518
 88 166.000  55.000  90  10    0 3524
 89 126.000  59.000  90  20    0 3555
 90 178.000  54.000  90  20    0 3513
 91  36.000  96.000  90  10    0 3539
 92   6.000  59.000   0  20    0 3501
 93 102.000  62.000  90  30  414  574
 94   6.000  66.000  90  20 1262 1422
 95  88.000 116.000   0  30    0 3583
 96  29.000  75.000  90  20    0 3528
 97  15.000 181.000  90  20    0 3486
 98 182.000  68.000  90  10    0 3515
 99  40.000  34.000  90  10    0 3514
100  57.000 183.000  90  10    0 3510
101   2.000 178.000  90  10    0 3478
102  34.000  89.000  90  20    0 3537
103  42.000 105.000  90  20 1115 1275
104  83.000 108.000  90  10    0 3585
105 101.000  74.000  90  30    0 3577
106  73.000 110.000  90  20    0 3575
107  81.000 136.000  90  20    0 3563
108  21.000  56.000  90  40    0 3513
109  88.000  41.000  90  10    0 3543
110  73.000  20.000  90  10  864 1024
111 123.000  32.000  90  30    0 3532
112 124.000 170.000  90  10    0 3529
113  84.000 141.000  90  30    0 3559
114 116.000  44.000  90  20    0 3545
115 133.000 162.000  90  10    0 3533
116  74.000  31.000  90  10    0 3530
117 107.000  23.000  90  20    0 3526
118  83.000 147.000   0  20  151  311
119  93.000 117.000  90  40    0 3585
120 115.000  40.000  90  20    0 3542
121 143.000 135.000  90  10 2989 3149
122 143.000  30.000  90  30    0 3521
123  68.000  69.000  90  30    0 3559
124  97.000 157.000  90  20    0 3546
125 146.000 113.000  90  20    0 3556
126 118.000   9.000  90  10    0 3511
127 125.000  16.000  90  10    0 3516
128 148.000  57.000  90  10    0 3539
129  89.000  27.000  90  20    0 3530
130 165.000 157.000  90  20    0 3517
131  70.000  89.000  90  20    0 3572
132  89.000  80.000  90  20    0 3581
133  76.000  15.000  90  20 1050 1210
134  20.000  79.000  90  30    0 3521
135  30.000  75.000  90  10    0 3529
136  13.000  90.000  90  20 2138 2298
137  49.000  64.000  90  20    0 3541
138  91.000  43.000  90  10    0 3546
139  60.000 197.000  90  20    0 3499
140  15.000  69.000  90  20 1362 1522
141 101.000 164.000  90  10    0 3539
142  11.000  83.000  90  10    0 3513
143  43.000 101.000  90  30    0 3546
144 122.000 144.000  90  20 3096 3256
145  68.000  16.000   0  10    0 3514
146  93.000  32.000  90  20 2977 3137
147  79.000  31.000  90  10  265  425
148  86.000 155.000  90  30    0 3547
149  99.000  48.000  90  10    0 3551
150  69.000 121.000  90  20    0 3566
151  33.000  73.000  90  20    0 3531
152 106.000  60.000  90  10    0 3563
153 133.000 168.000  90  10    0 3528
154  67.000  97.000  90  10    0 3570
155  69.000  40.000  90  10    0 3536
156  13.000 120.000  90  20    0 3514
157 190.000 122.000  90  10    0 3511
158  84.000  25.000  90  10    0 3527
159 120.000  50.000  90  10    0 3550
160  52.000  79.000  90  20    0 3551
161  69.000  99.000  90  10 1995 2155
162 108.000  26.000  90  10  447  607
163 116.000 171.000  90  20    0 3531
164  65.000 164.000  90  20    0 3531
165 106.000  83.000  90  20    0 3585
166  55.000  97.000  90  20    0 3558
167  39.000  79.000  90  10    0 3539
168 160.000 136.000  90  20    0 3534
169 146.000  62.000  90  20    0 3544
170 161.000 139.000  90  20  554  714
171  66.000  81.000  90  10    0 3565
172 101.000 152.000  90  20    0 3551
173 158.000 122.000  90  30    0 3541
174 180.000 126.000  90  10    0 3519
175  35.000 185.000  90  10  604  764
176  48.000 191.000  90  10  966 1126
177 169.000  36.000  90  10  682  842
178 177.000  45.000  90  30    0 3509
179  72.000 119.000  90  20    0 3570
180  26.000 107.000  90  20    0 3529
181  54.000  73.000  90  30    0 3550
182  40.000 101.000  90  10  553  713
183 111.000  24.000  90  10    0 3527
184  46.000 128.000  90  30  844 1004
185 177.000  55.000  90  10 1159 1319
186  97.000 116.000  90  30    0 3587
187 157.000  59.000  90  30 2801 2961
188 119.000  62.000  90  10    0 3561
189  31.000  63.000  90  30   89  249
190 101.000 158.000  90  20    0 3545
191  30.000  86.000  90  20 2757 2917
192  33.000 188.000  90  30    0 3493
193 154.000  44.000  90  30    0 3526
194 139.000 102.000  90  10    0 3564
195  84.000  10.000  90  40    0 3512
196   7.000  63.000  90  10    0 3503
197 184.000  55.000  90  10    0 3508
198  58.000 168.000  90  20    0 3524
199 156.000 135.000  90  20    0 3537
200  79.000 106.000  90  20    0 3582
201  87.000 132.000  90  20 2302 2462
202  64.000 172.000  90  10 1547 1707
203  82.000 104.000  90  10    0 3585
204  43.000  98.000  90 -10    0 3546
205  61.000 174.000  90 -30 1453 1613
206 140.000  51.000  90 -20    0 3540
207  14.000 199.000  90 -10    0 3472
208  54.000 175.000  90 -10    0 3516
209 147.000 158.000  90 -40    0 3529
210  89.000 168.000  90 -10 3081 3241
211 169.000  54.000  90 -30    0 3521
212  91.000  39.000  90 -20    0 3542
213  73.000 112.000  90 -10    0 3574
214  87.000  67.000  90 -10    0 3568
215  53.000 168.000  90 -20    0 3521
216  85.000 134.000  90 -30    0 3566
217  79.000  84.000  90 -10 2469 2629
218  89.000  11.000  90 -30 1715 1875
219  64.000 140.000  90 -20    0 3550
220 106.000 127.000  90 -10 2412 2572
221 163.000  55.000  90 -40    0 3526
222  29.000  88.000  90 -20    0 3531
223 109.000  73.000  90 -20    0 3575
224 147.000 134.000  90 -10    0 3545
225 120.000  76.000  90 -30    0 3572
226  68.000 152.000  90 -20    0 3542
227 102.000 146.000  90 -10  853 1013
228 156.000 137.000  90 -30    0 3536
229  27.000  83.000  90 -30    0 3529
230  77.000 126.000  90 -20    0 3569
231  69.000 167.000  90 -20    0 3530
232 134.000  46.000  90 -30    0 3540
233 164.000  61.000  90 -30    0 3529
234  60.000 171.000  90 -10  370  530
235 105.000  55.000  90 -10 2165 2325
236 109.000 169.000  90 -10 1906 2066
237   3.000  56.000  90 -10  891 1051
238 138.000 132.000  90 -20    0 3554
239 119.000 130.000  90 -10    0 3568
240 106.000 113.000  90 -10    0 3589
241  96.000  62.000  90 -10    0 3565
242  20.000  92.000  90 -20    0 3523
243  50.000 181.000  90 -20    0 3508
244  69.000 178.000  90 -10 1917 2077
245 149.000 146.000  90 -20 1399 1559
246  76.000 157.000  90 -30    0 3542
247  93.000  26.000  90 -10    0 3529
248  86.000 100.000  90 -20    0 3589
249 148.000 139.000  90 -20    0 3542
250  74.000 102.000  90 -30    0 3577
251  95.000  29.000  90 -20 2376 2536
252  15.000  57.000  90 -20  788  948
253  68.000 190.000  90 -10    0 3508
254 125.000  72.000  90 -20    0 3566
255  65.000 182.000  90 -10    0 3514
256  34.000 182.000  90 -30    0 3498
257 104.000  59.000  90 -10  692  852
258  16.000 146.000  90 -10 2085 2245
259 101.000  55.000  90 -10    0 3558
260  17.000  99.000  90 -10    0 3520
261 179.000  78.000  90 -20    0 3521
262 144.000  58.000  90 -30    0 3543
263  68.000 173.000  90 -20    0 3524
264 130.000  42.000  90 -30    0 3538
265 121.000  52.000  90 -20    0 3551
266 153.000 161.000  90 -20    0 3523
267  63.000 189.000  90 -10    0 3507
268  33.000 103.000  90 -30    0 3536
269  42.000  75.000  90 -30    0 3540
270  14.000  81.000  90 -20    0 3515
271 167.000  55.000  90 -20    0 3523
272 103.000  91.000  90 -10    0 3594
273  38.000  94.000  90 -20    0 3541
274 101.000  62.000  90 -10    0 3565
275 150.000 130.000  90 -20 2800 2960
276  70.000 185.000  90 -20    0 3513
277 127.000 166.000  90 -20    0 3532
278  13.000 173.000  90 -10    0 3490
279  23.000 172.000  90 -30 2474 2634
280  39.000  99.000  90 -30    0 3542
281 165.000  52.000  90 -20    0 3523
282  89.000  68.000  90 -10    0 3570
283   7.000 176.000  90 -30    0 3483
284 127.000  55.000  90 -30 3003 3163
285  81.000  32.000  90 -20    0 3533
286  87.000  87.000  90 -10 2659 2819
287  56.000 192.000  90 -30    0 3502
288  97.000 163.000  90 -10    0 3540
289  80.000 139.000  90 -40    0 3560
290  74.000   5.000  90 -30    0 3505
291 162.000  44.000  90 -10    0 3520
292 108.000  82.000  90 -20    0 3584
293 171.000  63.000  90 -20    0 3523
294  32.000  93.000  90 -10    0 3535
295   6.000  59.000  90 -20    0 3501
296 119.000  66.000  90 -30 1074 1234
297  20.000  96.000  90 -20    0 3523
298  88.000 116.000  90 -30    0 3583
299  47.000  80.000  90 -20    0 3547
300  36.000 177.000  90 -20    0 3503
301 156.000  64.000  90 -10    0 3537
302  16.000  77.000  90 -10    0 3516
303  66.000 192.000  90 -10    0 3505
304  19.000 179.000  90 -10    0 3490
305  27.000  89.000  90 -20    0 3530
306  88.000 137.000  90 -20 1733 1893
307  27.000 187.000  90 -10 1280 1440
308 126.000  31.000  90 -30    0 3530
309  67.000  89.000  90 -20    0 3569
310  69.000 190.000  90 -20    0 3508
311  25.000 102.000  90 -40    0 3528
312  91.000  14.000  90 -10    0 3517
313  84.000  13.000  90 -10    0 3515
314 126.000  39.000  90 -30    0 3537
315 135.000 146.000  90 -10    0 3546
316  84.000 136.000  90 -30    0 3564
317  94.000  75.000  90 -20 2886 3046
318 124.000 154.000  90 -10    0 3544
319  92.000  39.000  90 -10    0 3542
320 135.000  54.000  90 -20    0 3546
321  83.000 147.000  90 -20  151  311
322  99.000 156.000  90 -40 1425 1585
323  91.000  49.000  90 -20 2589 2749
324 138.000 135.000  90 -10    0 3552
325 132.000  36.000  90 -30 2038 2198
326  45.000  88.000  90 -30    0 3547
327  89.000 113.000  90 -20    0 3586
328 160.000 137.000  90 -20  462  622
329 132.000  51.000  90 -10    0 3545
330 138.000  22.000  90 -10  945 1105
331  98.000  85.000  90 -10    0 3588
332  72.000  10.000  90 -20 1147 1307
333 146.000 142.000  90 -20    0 3541
334  81.000  89.000  90 -20    0 3582
335  83.000  74.000  90 -20    0 3572
336  81.000  20.000  90 -20 2504 2664
337  25.000 101.000  90 -30    0 3528
338  35.000  90.000  90 -10    0 3538
339  17.000  87.000  90 -20    0 3519
340  67.000  60.000  90 -20 1452 1612
341  79.000  19.000  90 -10    0 3520
342  82.000 128.000  90 -20    0 3570
343  46.000  99.000  90 -20    0 3549
344 128.000 141.000  90 -10    0 3554
345   6.000  95.000  90 -10 2237 2397
346  83.000 149.000  90 -30    0 3552
347 114.000 138.000  90 -20    0 3563
348  68.000  16.000  90 -10    0 3514
349  98.000  59.000  90 -20    0 3562
350  60.000  37.000  90 -10    0 3529
351  79.000 132.000  90 -30    0 3565
352  97.000  71.000  90 -10    0 3574
353  14.000 163.000  90 -20 1978 2138
354  38.000  85.000  90 -20    0 3540
355  82.000  48.000  90 -10 2489 2649
356 139.000 169.000  90 -10 2485 2645
357  82.000  88.000  90 -10    0 3582
358  21.000  76.000  90 -10    0 3521
359  81.000  83.000  90 -20 2561 2721
360 149.000 149.000  90 -10 1492 1652
361  67.000  13.000  90 -10  675  835
362 102.000  56.000  90 -10 2259 2419
363  66.000  78.000  90 -20    0 3563
364  82.000 100.000  90 -10    0 3585
365 130.000  47.000  90 -10    0 3543
366 132.000 139.000  90 -20    0 3553
367  68.000 176.000  90 -20    0 3521
368  72.000   8.000  90 -20 1239 1399
369  59.000  98.000  90 -20    0 3562
370  47.000  76.000  90 -10 3034 3194
371 139.000 131.000  90 -20    0 3554
372 127.000  46.000  90 -20 2904 3064
373 143.000 140.000  90 -20    0 3545
374  81.000  92.000  90 -10    0 3583
375  99.000 152.000  90 -20 1144 1304
376 165.000 151.000  90 -30 1894 2054
377 145.000 144.000  90 -10    0 3541
378  73.000 196.000  90 -10    0 3504
379  55.000 188.000  90 -10    0 3505
380 175.000  70.000  90 -10    0 3523
381 162.000  37.000  90 -30    0 3515
382  74.000  91.000  90 -20 3127 3287
383  79.000  89.000  90 -20    0 3580
384  34.000  84.000  90 -30    0 3536
385  36.000 107.000  90 -10    0 3539
386 131.000  31.000  90 -10    0 3528
387  72.000 118.000  90 -30 1052 1212
388 170.000  64.000  90 -10    0 3525
389 110.000 150.000  90 -30 1043 1203
390 128.000  80.000  90 -30    0 3569
391 117.000  53.000  90 -10    0 3554
392  75.000  61.000  90 -30    0 3557
393 119.000 169.000  90 -20 2097 2257
394  64.000  78.000  90 -20    0 3561
395  26.000 169.000  90 -30    0 3502
396  92.000  55.000  90 -30    0 3558
397 155.000 108.000  90 -10  162  322
398  95.000  18.000  90 -40    0 3521
399  20.000  78.000  90 -10    0 3521
400 168.000  43.000  90 -10    0 3515
401  88.000 111.000  90 -20    0 3587
402 177.000 122.000  90 -20    0 3523
403  48.000 103.000  90 -20    0 3551
404  95.000 150.000  90 -20    0 3553
405 100.000 147.000  90 -10    0 3556
406  67.000 102.000  90 -10    0 3570
407 100.000 100.000   0   0    0 3693
