202 202 1000 700 1000
  0 100.000 100.000   0   0    0 3693
  1  42.000 100.000  90  30    0 3545
  2 131.000  31.000  90  10 2133 2293
  3 147.000 134.000  90  20    0 3545
  4  48.000 103.000  90  10  925 1085
  5  93.000 166.000  90  10 1617 1777
  6 170.000  83.000  90  30 2035 2195
  7  79.000  13.000  90  20    0 3514
  8  73.000 112.000  90  10    0 3574
  9 118.000  50.000  90  10 1971 2131
 10  79.000  70.000  90  20  839  999
 11  48.000 166.000  90  30  473  633
 12  45.000  88.000  90  30   69  229
 13  61.000 101.000  90  10    0 3564
 14  54.000 175.000  90  20  769  929
 15 107.000  73.000  90  30   27  187
 16  42.000  75.000  90  20 1572 1732
 17  74.000 102.000  90  10    0 3577
 18  72.000 118.000  90  20 1052 1212
 19  84.000 133.000  90  10   36  196
 20 100.000  47.000  90  20  244  404
 21  69.000 167.000  90  20    0 3530
 22  98.000  59.000  90  10   51  211
 23  61.000 174.000  90  10 1453 1613
 24 138.000 135.000  90  10 3084 3244
 25 120.000  76.000  90  30 1360 1520
 26  29.000 171.000  90  20 2571 2731
 27  85.000 134.000  90  20   48  208
 28  30.000  54.000  90  30    0 3520
 29 136.000  57.000  90  30    0 3547
 30 170.000  49.000  90  30  875 1035
 31  99.000 123.000  90  10 2510 2670
 32  28.000  50.000  90  10  501  661
 33  97.000 163.000  90  20 1712 1872
 34 150.000 135.000  90  20  837  997
 35 120.000 153.000  90  10 2890 3050
 36 103.000  91.000  90  20    9  169
 37  16.000 146.000  90  10 2085 2245
 38  89.000 168.000  90  20 3081 3241
 39  72.000  10.000  90  20 1147 1307
 40  55.000 160.000  90  10  572  732
 41  20.000  96.000  90  20 1787 1947
 42  82.000  88.000  90  20    0 3582
 43  74.000 196.000  90  30 2773 2933
 44  85.000  14.000  90  10    0 3516
 45  77.000  86.000  90  20 2376 2536
 46  92.000  55.000  90  20 2685 2845
 47 168.000  43.000  90  10  779  939
 48  62.000 120.000  90  30  952 1112
 49  20.000  54.000  90  20  600  760
 50  32.000 191.000  90  10  316  476
 51 140.000  51.000  90  10 1673 1833
 52  37.000 195.000  90  10  413  573
 53  29.000 163.000  90  30 2759 2919
 54 120.000  70.000  90  10 1168 1328
 55  12.000 186.000  90  10 1491 1651
 56 165.000 151.000  90  20 1894 2054
 57  64.000  78.000  90  10  629  789
 58 173.000  56.000  90  20 1065 1225
 59  83.000  74.000  90  40    0 3572
 60 101.000  37.000  90  30  344  504
 61  34.000 182.000  90  20  697  857
 62  66.000  78.000  90  30  537  697
 63  71.000 189.000  90  10 2109 2269
 64  16.000  78.000  90  30 2262 2422
 65  57.000  73.000  90  30   50  210
 66  92.000  39.000  90  10 3165 3325
 67   5.000  58.000  90  20  983 1143
 68  75.000  61.000  90  20    0 3557
 69 110.000  72.000  90  10  311  471
 70 155.000 108.000  90  20  162  322
 71  55.000 195.000  90  20 1064 1224
 72  36.000 107.000  90  20 1211 1371
 73 103.000 148.000  90  20  946 1106
 74  32.000  93.000  90  20  264  424
 75  25.000 182.000  90  10  895 1055
 76  53.000 168.000  90  20   82  242
 77  74.000   5.000  90  20 1332 1492
 78 109.000  73.000  90  10  219  379
 79 102.000 146.000  90  10  853 1013
 80 144.000  38.000  90  30 1143 1303
 81  73.000 106.000  90  10    0 3576
 82  51.000 190.000  90  30  207  367
 83  81.000  80.000  90  10  339  499
 84 138.000  22.000  90  30  945 1105
 85  69.000 173.000  90  40 1732 1892
 86  75.000  18.000  90  30  957 1117
 87 166.000  55.000  90  10 2610 2770
 88  89.000  68.000  90  10 1030 1190
 89 126.000  59.000  90  20 1779 1939
 90  99.000 152.000  90  40 1144 1304
 91 178.000  54.000  90  20 1250 1410
 92 132.000  51.000  90  20    0 3545
 93 100.000 147.000  90  10  761  921
 94 102.000  62.000  90  30  414  574
 95  55.000 188.000  90  30  113  273
 96 135.000  54.000  90  30 1561 1721
 97 143.000 140.000  90  10 1027 1187
 98  15.000 181.000  90  20 1086 1246
 99 182.000  68.000  90  10 1648 1808
100  27.000 187.000  90  30 1280 1440
101  40.000  34.000  90  10  391  551
102  57.000 183.000  90  10    0 3510
103  64.000 140.000  90  20 1436 1596
104   2.000 178.000  90  10 1593 1753
105  34.000  89.000  90  20 2464 2624
106 149.000 149.000  90  20 1492 1652
107  83.000 149.000  90  20  243  403
108  42.000 105.000  90  20 1115 1275
109  83.000 108.000  90  10   36  196
110 101.000  74.000  90  30   44  204
111  73.000 110.000  90  20  321  481
112  91.000  14.000  90  20 2218 2378
113 130.000  47.000  90  10   60  220
114  88.000  41.000  90  10   71  231
115  20.000  92.000  90  20    0 3523
116  73.000  20.000  90  10  864 1024
117  17.000  87.000  90  10    0 3519
118 124.000 170.000  90  10 2290 2450
119 116.000  44.000  90  20    0 3545
120  74.000  31.000  90  10  360  520
121 107.000  23.000  90  20    0 3526
122  25.000 102.000  90  20 1495 1655
123  97.000  71.000  90  10    0 3574
124  83.000 147.000  90  20  151  311
125  38.000  94.000  90  10  168  328
126 149.000 146.000  90  10 1399 1559
127  84.000 136.000  90  20    0 3564
128  68.000  69.000  90  30 1234 1394
129 146.000 113.000  90  20    0 3556
130 125.000  16.000  90  10  841 1001
131 148.000  57.000  90  10  188  348
132 165.000 157.000  90  20 1990 2150
133  70.000  89.000  90  20    0 3572
134  89.000  80.000  90  20  241  401
135  82.000  48.000  90  30 2489 2649
136  20.000  79.000  90  30 1943 2103
137  30.000  75.000  90  10 1564 1724
138 160.000 137.000  90  10  462  622
139 150.000 130.000  90  20 2800 2960
140 156.000 137.000  90  20  649  809
141  13.000  90.000  90  20 2138 2298
142  49.000  64.000  90  20    0 3541
143  39.000  99.000  90  20  724  884
144  91.000  43.000  90  10   57  217
145  60.000 197.000  90  20 2579 2739
146  15.000  69.000  90  20 1362 1522
147 101.000 164.000  90  10 1806 1966
148 153.000 161.000  90  20    0 3523
149  43.000 101.000  90  30 1021 1181
150 175.000  70.000  90  20    0 3523
151 164.000  61.000   0  10 2423 2583
152  79.000  31.000  90  10  265  425
153  69.000 178.000  90  20 1917 2077
154  99.000  48.000   0  10 3267 3427
155  72.000   8.000  90  20 1239 1399
156  33.000  73.000  90  20 1657 1817
157  21.000  76.000  90  20 1760 1920
158  69.000  40.000  90  10    0 3536
159 190.000 122.000  90  10    0 3511
160 104.000  59.000  90  10  692  852
161  84.000  25.000  90  10    0 3527
162  52.000  79.000  90  20    0 3551
163 108.000  26.000  90  10  447  607
164  65.000 164.000  90  20  175  335
165  55.000  97.000  90  20   45  205
166  13.000 173.000  90  30    0 3490
167  95.000  29.000  90  10 2376 2536
168 160.000 136.000  90  20  371  531
169  95.000 150.000  90  30  557  717
170  26.000 169.000  90  20 2380 2540
171 132.000  36.000  90  20 2038 2198
172 158.000 122.000  90  30  267  427
173  47.000  76.000  90  30 3034 3194
174  48.000 191.000  90  10  966 1126
175 169.000  36.000  90  10  682  842
176  72.000 119.000  90  20 1143 1303
177  15.000  57.000  90  10  788  948
178  54.000  73.000  90  30    0 3550
179  40.000 101.000  90  10  553  713
180 111.000  24.000  90  10  635  795
181  46.000 128.000  90  30  844 1004
182 177.000  55.000  90  10 1159 1319
183 132.000 139.000   0  10 3393 3553
184 101.000  62.000  90  40  505  665
185 157.000  59.000  90  30 2801 2961
186  81.000  32.000  90  10  173  333
187 101.000  55.000  90  30    0 3558
188  31.000  63.000  90  30   89  249
189 145.000 144.000   0  10    0 3541
190  56.000 192.000  90  20    0 3502
191 101.000 158.000  90  20 1332 1492
192 139.000 169.000  90  30 2485 2645
193 139.000 102.000  90  10    0 3564
194  84.000  10.000  90  40 1620 1780
195   7.000  63.000  90  10    0 3503
196 184.000  55.000  90  10 1545 1705
197  58.000 168.000  90  20  671  831
198 156.000 135.000  90  20  741  901
199 165.000  52.000  90  20 1258 1418
200 102.000  56.000  90  30 2259 2419
201  99.000 156.000  90  30 1425 1585
202  14.000  81.000  90  30 2039 2199
203  88.000 137.000  90 -30 1733 1893
204 127.000  55.000  90 -10 3003 3163
205 138.000 132.000  90 -20 3296 3456
206  17.000  99.000  90 -10 1693 1853
207  88.000 116.000  90 -10    0 3583
208 167.000  55.000  90 -30 2519 2679
209  89.000  11.000  90 -20 1715 1875
210  39.000  79.000  90 -10    0 3539
211 114.000  55.000  90 -10    0 3556
212  79.000  84.000  90 -20 2469 2629
213  68.000 173.000  90 -30 1641 1801
214 152.000 149.000  90 -30 1791 1951
215  67.000 102.000  90 -10    0 3570
216  68.000 176.000  90 -20    0 3521
217 128.000  80.000  90 -30 1458 1618
218  69.000  99.000  90 -20 1995 2155
219  13.000 120.000  90 -10    0 3514
220 180.000 126.000  90 -20 2315 2475
221  78.000 154.000  90 -10   58  218
222 126.000  39.000  90 -20 1941 2101
223  60.000 171.000  90 -20  370  530
224 130.000  42.000  90 -10    0 3538
225  65.000 182.000  90 -10    0 3514
226 119.000 130.000  90 -10 3405 3565
227 112.000  53.000  90 -30 2068 2228
228  93.000 117.000  90 -20 3109 3269
229 101.000 152.000  90 -20 1236 1396
230  21.000  56.000  90 -30    0 3513
231 134.000  46.000  90 -30 1751 1911
232 177.000  45.000  90 -30    0 3509
233 106.000 113.000  90 -10 3000 3160
234   3.000  56.000  90 -10  891 1051
235  82.000 128.000  90 -20 2206 2366
236 146.000 142.000  90 -20 1213 1373
237 114.000 138.000  90 -10 2996 3156
238 162.000  44.000  90 -20  488  648
239  24.000 164.000  90 -10 2285 2445
240  76.000 157.000  90 -20    0 3542
241  93.000  11.000  90 -20 1809 1969
242  78.000 188.000  90 -10 2872 3032
243  27.000  89.000  90 -20 2567 2727
244  81.000  89.000  90 -20 2845 3005
245  81.000 191.000  90 -30 2966 3126
246  93.000  26.000  90 -10    0 3529
247  86.000 100.000  90 -20    0 3589
248  96.000  62.000  90 -20 2783 2943
249 169.000  54.000  90 -10  970 1130
250  84.000 141.000  90 -30 1637 1797
251   6.000  66.000  90 -20 1262 1422
252  14.000 199.000  90 -10 1387 1547
253 108.000  82.000  90 -10    0 3584
254  35.000 185.000  90 -10  604  764
255  68.000 152.000  90 -30    0 3542
256 105.000  55.000  90 -10 2165 2325
257  19.000 156.000  90 -10 2185 2345
258 170.000 156.000  90 -20    0 3514
259  28.000  96.000  90 -10    0 3531
260 178.000  69.000  90 -20 1742 1902
261  67.000  60.000  90 -40 1452 1612
262 154.000  44.000  90 -30    0 3526
263  36.000 177.000  90 -20    0 3503
264  23.000 102.000  90 -30    0 3526
265  86.000 155.000  90 -10    0 3547
266  27.000  83.000  90 -30    0 3529
267  37.000  48.000  90 -30  287  447
268  90.000  74.000  90 -10    0 3576
269  29.000  88.000  90 -20 2369 2529
270  82.000 100.000  90 -20    0 3585
271 119.000  62.000  90 -10  980 1140
272 119.000 169.000  90 -20 2097 2257
273  95.000 137.000  90 -20    0 3566
274  21.000  91.000  90 -20 1972 2132
275  77.000 126.000  90 -20 2111 2271
276  80.000 139.000  90 -20 1542 1702
277  37.000 162.000  90 -10 2857 3017
278  23.000 172.000  90 -20 2474 2634
279  91.000  39.000  90 -20 3074 3234
280  99.000  61.000  90 -10  597  757
281  89.000 113.000  90 -10 2614 2774
282 127.000  46.000  90 -30 2904 3064
283  46.000  99.000  90 -10    0 3549
284  33.000 188.000  90 -30    0 3493
285  67.000  97.000  90 -10 2088 2248
286 144.000  58.000  90 -30    0 3543
287  69.000 190.000  90 -40 2293 2453
288  93.000   1.000  90 -30    0 3504
289 163.000  55.000  90 -10 2703 2863
290  81.000  83.000  90 -10 2561 2721
291 121.000  52.000  90 -20    0 3551
292  97.000 157.000  90 -40 1517 1677
293 171.000  63.000  90 -20 2235 2395
294 106.000  83.000  90 -20    0 3585
295 110.000 150.000  90 -10 1043 1203
296 106.000  60.000  90 -30  784  944
297  19.000 179.000  90 -30  992 1152
298 120.000  50.000  90 -30    0 3550
299 135.000 146.000  90 -10    0 3546
300  25.000 187.000  90 -20 1188 1348
301 156.000  64.000  90 -10 2896 3056
302   7.000 176.000  90 -30    0 3483
303  60.000  37.000  90 -10  560  720
304  64.000 172.000  90 -10 1547 1707
305 136.000 134.000  90 -20 3273 3433
306  14.000 163.000  90 -10 1978 2138
307  40.000  87.000  90 -20 2744 2904
308 133.000 168.000  90 -20    0 3528
309  79.000 132.000  90 -20    0 3565
310  34.000  84.000  90 -20 2852 3012
311  79.000 106.000  90 -10  131  291
312 119.000  66.000  90 -30 1074 1234
313  33.000 103.000  90 -20 1306 1466
314  79.000  19.000  90 -20 2411 2571
315 162.000  37.000  90 -10    0 3515
316  84.000  13.000  90 -10 1527 1687
317  47.000  80.000  90 -20 2940 3100
318  76.000  15.000  90 -10 1050 1210
319   6.000  95.000  90 -10 2237 2397
320 122.000 144.000  90 -10 3096 3256
321 117.000  53.000  90 -20 2712 2872
322  81.000  20.000  90 -10 2504 2664
323 143.000  30.000  90 -20    0 3521
324  26.000 107.000  90 -20 1591 1751
325 115.000  40.000  90 -10 2423 2583
326  88.000 111.000  90 -20 2706 2866
327 168.000 126.000  90 -10 2510 2670
328 128.000 141.000  90 -10    0 3554
329 106.000 127.000  90 -20 2412 2572
330  67.000  89.000  90 -30    0 3569
331 133.000 162.000  90 -20 2694 2854
332 146.000  62.000  90 -10    0 3544
333 155.000  38.000  90 -10  389  549
334 143.000 135.000  90 -20 2989 3149
335  79.000  89.000  90 -20 3032 3192
336  87.000  67.000  90 -20  938 1098
337  98.000  85.000  90 -30    0 3588
338  43.000  98.000  90 -30    0 3546
339  29.000  75.000  90 -10 1675 1835
340 161.000 139.000  90 -10  554  714
341 139.000 131.000  90 -20 3178 3338
342 148.000 139.000  90 -20  932 1092
343  30.000  86.000  90 -20 2757 2917
344  87.000  87.000  90 -20 2659 2819
345  65.000 135.000  90 -20    0 3554
346  68.000  16.000  90 -10  768  928
347  73.000 196.000  90 -20    0 3504
348  38.000  85.000  90 -20    0 3540
349  97.000 116.000  90 -10 2900 3060
350 116.000 171.000  90 -20    0 3531
351  25.000 101.000  90 -30    0 3528
352 165.000  62.000  90 -20    0 3528
353 164.000  61.000  90 -10 2423 2583
354  67.000  13.000  90 -10  675  835
355  63.000 189.000  90 -20 2481 2641
356  99.000  48.000  90 -10 3267 3427
357  95.000  18.000  90 -20    0 3521
358  35.000  90.000  90 -20 2555 2715
359  20.000  78.000  90 -20 1852 2012
360  74.000  91.000  90 -10 3127 3287
361 177.000 122.000  90 -10 2410 2570
362 140.000  70.000  90 -10 1564 1724
363  93.000  32.000  90 -10 2977 3137
364  59.000  98.000  90 -20 1802 1962
365 126.000  31.000  90 -10    0 3530
366  50.000 181.000  90 -20  866 1026
367  36.000  96.000  90 -20  457  617
368  17.000 166.000  90 -30 1884 2044
369  84.000  20.000  90 -10 2597 2757
370 147.000 158.000  90 -20    0 3529
371  87.000 132.000  90 -30 2302 2462
372  28.000 168.000  90 -20 2664 2824
373 123.000  32.000  90 -20 2321 2481
374 146.000 157.000  90 -30 1591 1751
375  66.000  81.000  90 -30    0 3565
376  66.000 192.000  90 -10 2386 2546
377 179.000  78.000  90 -10 1935 2095
378  69.000 121.000  90 -20    0 3566
379   6.000  59.000  90 -10 1075 1235
380  81.000  92.000  90 -30    0 3583
381 163.000 125.000  90 -10 2696 2856
382 118.000   9.000  90 -10  741  901
383 164.000 124.000  90 -30    0 3535
384 186.000  50.000  90 -10    0 3504
385 132.000 139.000  90 -10 3393 3553
386 118.000  59.000  90 -40  886 1046
387 125.000  72.000  90 -30    0 3566
388 108.000  13.000  90 -10 2018 2178
389  91.000  49.000  90 -30 2589 2749
390  11.000  83.000  90 -30 2165 2325
391 145.000 144.000  90 -10    0 3541
392  70.000 185.000  90 -20 2015 2175
393  81.000 136.000  90 -20    0 3563
394 124.000 154.000  90 -30 2796 2956
395 127.000 166.000  90 -10 2195 2355
396  89.000  27.000  90 -40 2787 2947
397  16.000  77.000  90 -10 1460 1620
398 170.000  64.000  90 -10    0 3525
399  68.000 190.000  90 -20    0 3508
400 142.000 141.000  90 -20    0 3545
401 143.000  72.000  90 -20 3001 3161
402  94.000  75.000  90 -30 2886 3046
403 109.000 169.000  90 -30 1906 2066
404  82.000 104.000  90 -30 3232 3392
405 100.000 100.000   0   0    0 3693
