205 205 1000 700 1000
  0 100.000 100.000   0   0    0 3693
  1  37.000  48.000  90  10   81  708
  2  42.000 100.000  90  30  461  989
  3 108.000  13.000  90  20 1647 2550
  4  48.000 103.000   0  10  772 1238
  5 127.000 166.000  90  20 1833 2717
  6  50.000 181.000  90  20  263 1628
  7  19.000 156.000  90  10 1746 2785
  8 146.000 157.000  90  40 1165 2177
  9  73.000 112.000  90  10   29  721
 10 118.000  50.000  90  10 1913 2189
 11  48.000 166.000  90  30   97 1008
 12  45.000  88.000  90  30   56  344
 13  61.000 101.000  90  10  394  991
 14 107.000  73.000  90  30   27  730
 15  42.000  75.000  90  20 1154 2150
 16  65.000 135.000  90  20  870 1973
 17  84.000 133.000  90  10   36  423
 18 127.000  46.000  90  20 2595 3373
 19  69.000 167.000  90  20   73  960
 20  98.000  59.000  90  10  124  139
 21  79.000  84.000  90  10 2076 3022
 22  89.000  11.000  90  10 1376 2213
 23 135.000 146.000  90  10 2213 3546
 24  85.000 134.000  90  20   37 1172
 25  95.000 137.000  90  10  272 1208
 26  16.000  77.000  90  20 1534 1546
 27  27.000  83.000  90  20 2289 3198
 28 136.000  57.000  90  30 1290 1807
 29 170.000  49.000  90  30  172 1738
 30  60.000 171.000  90  20  210  689
 31  97.000 163.000  90  20 1132 2452
 32 150.000 135.000  90  20  689 1145
 33 162.000  44.000  90  20  247  889
 34 163.000  55.000  90  20 2422 3144
 35 103.000  91.000  90  20    9  963
 36 126.000  31.000  90  20 1649 2967
 37  16.000 146.000  90  10 1891 2438
 38  84.000  20.000  90  10 2571 2783
 39  21.000  91.000  90  20 1564 2541
 40  72.000  10.000  90  20  760 1694
 41  55.000 160.000  90  10   75 1578
 42  20.000  96.000  90  20 1237 2497
 43  76.000 157.000  90  20   61  673
 44  77.000  86.000   0  20 1742 3171
 45 142.000 141.000  90  20  468 1928
 46 119.000  66.000  90  10  817 1491
 47 168.000  43.000  90  10  191 1527
 48  46.000  99.000  90  10  424 1397
 49 144.000  58.000  90  30 1127 1773
 50  20.000  54.000  90  20  120 1240
 51  32.000 191.000  90  10  113  920
 52  37.000 195.000  90  10  113 1448
 53  12.000 186.000  90  10  947 2195
 54  90.000  74.000  90  10   27 1382
 55 165.000 151.000  90  20 1727 2221
 56 177.000 122.000  90  30 1853 3128
 57  64.000  78.000  90  10  442  976
 58 173.000  56.000  90  20  696 1594
 59  83.000  74.000  90  40  573 1843
 60 101.000  37.000  90  30   63 1298
 61  34.000 182.000  90  20  282 1272
 62  99.000  61.000  90  20  596  758
 63 139.000 131.000   0  20 3021 3495
 64  66.000  78.000  90  30  256  978
 65  71.000 189.000  90  10 1512 2865
 66  70.000 185.000  90  20 1972 2217
 67   5.000  58.000  90  20  747 1380
 68  75.000  61.000  90  20  337 1301
 69  80.000 139.000  90  30 1284 1961
 70 110.000  72.000  90  10   29 1242
 71  40.000  87.000  90  20 2676 2971
 72 155.000  38.000  90  10   82  930
 73 155.000 108.000  90  20   55 1208
 74  55.000 195.000  90  20  677 1611
 75  86.000 100.000   0  10 3327 3489
 76 103.000 148.000  90  20  570 1482
 77  32.000  93.000  90  20   68 1080
 78  25.000 182.000  90  10  512 1437
 79 128.000  80.000  90  10 1236 1840
 80  82.000 100.000  90  10   18 1182
 81 162.000  37.000  90  40   88 1619
 82  65.000 182.000   0  20  765 2104
 83  53.000 168.000  90  20   82  264
 84  24.000 164.000  90  30 2276 2453
 85  74.000   5.000  90  20 1138 1687
 86 109.000  73.000  90  10   28 1101
 87 144.000  38.000  90  30  763 1682
 88  73.000 106.000  90  10   27  998
 89  51.000 190.000  90  30  102  575
 90  81.000  80.000  90  10  125  713
 91  69.000 173.000  90  40 1418 2207
 92  75.000  18.000  90  30  561 1514
 93 166.000  55.000   0  10 2291 3089
 94 126.000  59.000  90  20 1568 2151
 95  99.000 152.000  90  40  891 1557
 96 102.000  62.000  90  30   38 1303
 97  55.000 188.000  90  30   98  958
 98  88.000 116.000  90  30 2517 3246
 99  29.000  75.000  90  20 1276 2233
100  15.000 181.000  90  20  863 1470
101 130.000  42.000  90  30 1466 2387
102 182.000  68.000  90  10 1668 1788
103  27.000 187.000  90  30 1061 1658
104  40.000  34.000  90  10  107  836
105  57.000 183.000  90  10  809 1863
106  64.000 140.000  90  20 1404 1629
107  34.000  89.000  90  20 2040 3048
108 110.000 150.000  90  20 1056 1190
109  83.000 149.000  90  20   51 1049
110  42.000 105.000  90  20  727 1662
111  83.000 108.000  90  10   18  457
112 101.000  74.000  90  30   26 1266
113  82.000 128.000  90  20 1959 2613
114  21.000  56.000  90  40  540 1005
115  88.000  41.000  90  10   60  720
116  73.000  20.000  90  10  514 1375
117  95.000  18.000  90  30 1910 2494
118  17.000  87.000  90  10 1438 2858
119  74.000  31.000  90  10   73  951
120  25.000 102.000  90  20 1082 2068
121  97.000  71.000  90  10   29  870
122  83.000 147.000  90  20   49 1586
123  84.000 136.000  90  20 1338 2475
124  88.000 111.000   0  20 2433 3139
125 143.000  30.000  90  30  871 1379
126  68.000  69.000  90  30 1085 1543
127 118.000   9.000  90  10  378 1264
128 148.000  57.000  90  10   64  561
129 165.000 157.000  90  20 1789 2351
130  70.000  89.000  90  20 2125 2592
131  25.000 101.000  90  10 1430 1539
132  89.000  80.000  90  20  219  423
133  82.000  48.000  90  30 2523 2616
134  30.000  75.000  90  10 1108 2180
135 160.000 137.000  90  10   70 1066
136 150.000 130.000  90  20 2647 3113
137 156.000 137.000  90  20  568  890
138 169.000  54.000  90  10  969 1131
139  13.000  90.000  90  20 1755 2681
140  49.000  64.000  90  20  904 1944
141  39.000  99.000  90  20  361 1248
142 153.000 161.000  90  20 1470 2068
143  11.000  83.000  90  10 1775 2715
144  33.000 103.000  90  10 1155 1617
145 175.000  70.000  90  20 1466 2365
146  86.000 155.000  90  30  171  902
147  72.000   8.000  90  20  859 1778
148 108.000  82.000  90  30   19  659
149  33.000  73.000  90  20 1273 2201
150 106.000 127.000  90  30 2021 2963
151  84.000  13.000  90  10 1102 2112
152 133.000 168.000  90  10 1851 3088
153  67.000  97.000  90  10 1500 2836
154  69.000  40.000  90  10   86  995
155  13.000 120.000  90  20 2098 2767
156 104.000  59.000  90  10  191 1354
157 117.000  53.000   0  20 2231 3352
158  84.000  25.000   0  10 2117 3427
159 109.000 169.000  90  10 1818 2153
160  91.000  39.000  90  10 3133 3175
161 108.000  26.000  90  10   74 1255
162 116.000 171.000  90  20 1669 2496
163  65.000 164.000  90  20   72  714
164 106.000  83.000  90  20   18  464
165  55.000  97.000  90  20   45 1402
166 160.000 136.000  90  20   69 1524
167 105.000  55.000  90  20 1751 2740
168 146.000  62.000  90  20   59  774
169  73.000 196.000  90  20 2529 2995
170  95.000 150.000  90  30  522  753
171 161.000 139.000  90  20  376  893
172  66.000  81.000  90  10  156  893
173 132.000  36.000  90  20 2038 2199
174  94.000  75.000   0  20 2523 3409
175 158.000 122.000  90  30  149  545
176 180.000 126.000  90  10 1697 3093
177  60.000  37.000  90  30   74 1419
178  35.000 185.000  90  10  631  737
179  36.000 177.000  90  30  468 1277
180 169.000  36.000  90  10  583  941
181  72.000 119.000  90  20  922 1525
182  26.000 107.000  90  20 1055 2286
183  15.000  57.000  90  10  389 1348
184  68.000 152.000  90  30   61 1249
185 111.000  24.000  90  10   76 1568
186  46.000 128.000  90  30  492 1356
187 177.000  55.000  90  10  938 1540
188  81.000  32.000  90  10   70  890
189 119.000  62.000  90  10  354 1765
190  43.000  98.000  90  30  384 1252
191 101.000  55.000  90  30   45  921
192  31.000  63.000  90  30   78  615
193 145.000 144.000  90  10  587 2182
194  30.000  86.000  90  20 2558 3117
195  33.000 188.000  90  30  110 1371
196 154.000  44.000  90  30  126  619
197 171.000  63.000  90  20 2105 2526
198 139.000 169.000  90  30 2049 3081
199 121.000  52.000  90  40 1573 2342
200 139.000 102.000  90  10   39  433
201   7.000  63.000  90  10 1121 1377
202  58.000 168.000  90  20  106 1395
203 156.000 135.000  90  20  572 1070
204 128.000 141.000  90  10 2668 3554
205  79.000 106.000  90  20   21 1263
206  21.000  76.000  90 -10 1324 2356
207  40.000 101.000  90 -30  415  852
208  93.000  26.000  90 -20 2716 3207
209  48.000 103.000  90 -10  772 1238
210 132.000 139.000  90 -20 2541 3553
211  68.000 176.000  90 -20 1598 2213
212  28.000 168.000  90 -10 2331 3156
213 168.000 126.000  90 -40 2255 2926
214  73.000 110.000  90 -10  172  630
215  92.000  55.000  90 -10 2711 2818
216  69.000 190.000  90 -30 1846 2900
217  38.000  94.000  90 -30   62 1138
218  72.000 118.000  90 -10  703 1562
219  79.000  19.000  90 -30 2118 2865
220  67.000 102.000  90 -20 1696 2267
221  93.000 117.000  90 -20 1969 3585
222  68.000 190.000  90 -10 1970 2593
223 114.000  55.000  90 -20 2181 3215
224  64.000 172.000  90 -20 1372 1881
225 115.000  40.000  90 -10 2172 2834
226  87.000  87.000  90 -10 2175 3302
227  91.000  14.000  90 -10 1896 2699
228 122.000 144.000  90 -10 2948 3404
229 100.000 147.000  90 -20  540 1143
230 133.000 162.000  90 -10 2430 3117
231  16.000  78.000  90 -20 2034 2651
232  79.000  89.000  90 -20 2451 3580
233 140.000  51.000  90 -30 1519 1987
234 165.000  62.000  90 -30 2047 2776
235  60.000 197.000  90 -20 2151 3168
236 120.000 153.000  90 -20 2834 3105
237 163.000 125.000  90 -20 2074 3478
238 170.000  64.000  90 -20 1641 2807
239 143.000  72.000  90 -20 2889 3273
240  79.000  13.000  90 -20 1196 1828
241 123.000  32.000  90 -20 2085 2718
242  29.000 171.000  90 -10 2210 3091
243  96.000  62.000  90 -10 2573 3153
244  35.000  90.000  90 -20 2213 3058
245  84.000  10.000  90 -20 1272 2127
246  48.000 191.000  90 -10  759 1334
247  29.000  88.000  90 -20 2001 2896
248  97.000 157.000  90 -20 1207 1988
249  77.000  86.000  90 -20 1742 3171
250 119.000 130.000  90 -20 2160 3568
251 132.000  51.000  90 -10 1582 1888
252 167.000  55.000  90 -10 2158 3040
253 106.000 113.000  90 -10 3002 3157
254 127.000  55.000  90 -30 2819 3347
255  15.000  69.000  90 -20 1247 1636
256  19.000 179.000  90 -10  814 1330
257  25.000 187.000  90 -10  698 1838
258  14.000 163.000  90 -10 1715 2400
259  28.000  50.000  90 -10  264  899
260 143.000 135.000  90 -20 2685 3454
261 164.000 124.000  90 -30 2515 2855
262  89.000  68.000  90 -10  502 1718
263 186.000  50.000  90 -20  984 2075
264  87.000  67.000  90 -40  347 1688
265 125.000  16.000  90 -30  492 1350
266   2.000 178.000  90 -20 1171 2175
267 118.000  59.000  90 -20  720 1213
268 139.000 131.000  90 -20 3021 3495
269  79.000  70.000  90 -30  424 1414
270  78.000 188.000  90 -10 2797 3108
271  89.000 168.000  90 -20 2404 3535
272   6.000  95.000  90 -20 1746 2887
273  59.000  98.000  90 -20 1115 2650
274  79.000 132.000  90 -30 1720 2468
275 120.000  70.000  90 -10 1081 1415
276  52.000  79.000  90 -20 2718 3551
277 138.000  22.000  90 -10  501 1550
278 152.000 149.000  90 -20 1069 2672
279  68.000 173.000  90 -20 1183 2260
280  86.000 100.000  90 -10 3327 3489
281 101.000 164.000  90 -20 1651 2121
282  74.000  91.000  90 -20 2147 3576
283  14.000 199.000  90 -10 1049 1886
284  92.000  39.000  90 -10 3089 3401
285  28.000  96.000  90 -10   72 1063
286 164.000  61.000  90 -40 2044 2962
287  65.000 182.000  90 -20  765 2104
288  54.000 175.000  90 -20  315 1382
289  37.000 162.000  90 -30 2630 3243
290  95.000  29.000  90 -20 2153 2759
291 101.000  62.000  90 -10  370  800
292 140.000  70.000  90 -30 1467 1821
293  84.000 141.000  90 -10 1449 1984
294  61.000 174.000  90 -30 1017 2050
295  67.000  89.000  90 -10 1998 2533
296  63.000 189.000  90 -40 2198 2924
297  76.000  15.000  90 -30  941 1320
298 166.000  55.000  90 -10 2291 3089
299  98.000  85.000  90 -20 2548 3585
300  99.000 156.000  90 -40 1232 1778
301  91.000  49.000  90 -30 2279 3058
302  56.000 192.000  90 -30  974 1500
303  89.000 113.000  90 -30 1957 3432
304  39.000  79.000  90 -20 2625 3218
305  13.000 173.000  90 -20 1244 2488
306 131.000  31.000  90 -30 1548 2878
307 134.000  46.000  90 -10 1449 2212
308  17.000 166.000  90 -30 1361 2567
309  30.000  54.000  90 -10   83 1134
310  66.000 192.000  90 -10 1998 2934
311  81.000 136.000  90 -20 1650 2349
312  82.000 104.000  90 -20 2722 3585
313 101.000 152.000  90 -20  578 2054
314  93.000 166.000  90 -20 1344 2051
315  38.000  85.000  90 -20 2553 2909
316  62.000 120.000  90 -10  837 1227
317 170.000  83.000  90 -30 1663 2566
318  99.000 123.000  90 -20 2127 3054
319   6.000  59.000  90 -40  516 1794
320  79.000  31.000  90 -10   72 1026
321  68.000  16.000  90 -10  560 1136
322  89.000  27.000  90 -30 2281 3453
323  54.000  73.000  90 -10 2474 3550
324  93.000   1.000  90 -10 1473 2505
325  17.000  99.000  90 -20 1191 2355
326  91.000  43.000  90 -10   57  567
327  78.000 154.000  90 -20   58  892
328  77.000 126.000  90 -20 1548 2833
329  88.000 111.000  90 -20 2433 3139
330 135.000  54.000  90 -30 1120 2163
331  67.000  60.000  90 -30 1227 1837
332 116.000  44.000  90 -10 2570 2623
333 184.000  55.000  90 -10  960 2290
334 170.000 156.000  90 -20 1712 2619
335  82.000  88.000  90 -20 2530 3137
336  43.000 101.000  90 -10  528 1674
337  57.000  73.000  90 -20   50  986
338  81.000  20.000  90 -30 2150 3018
339  14.000  81.000  90 -10 1682 2557
340 149.000 146.000  90 -10  945 2013
341 136.000 134.000  90 -20 2183 3554
342 138.000 132.000  90 -20 2933 3554
343 157.000  59.000  90 -10 2871 2890
344  47.000  76.000  90 -20 2927 3300
345  81.000  89.000  90 -20 2497 3353
346  36.000 107.000  90 -20  800 1783
347 190.000 122.000  90 -20 2168 2422
348  81.000  92.000  90 -10 2546 3491
349  20.000  92.000  90 -10 1785 2137
350 179.000  78.000  90 -20 1270 2759
351 101.000 158.000  90 -30  799 2025
352  85.000  14.000  90 -20 1987 2801
353 106.000  60.000  90 -30   99 1630
354  20.000  79.000  90 -20 1745 2300
355  97.000 116.000  90 -30 2837 3124
356  93.000  32.000  90 -10 2604 3510
357 147.000 158.000  90 -10 2123 3215
358  81.000  83.000  90 -10 2204 3079
359  67.000  13.000  90 -10   93 1637
360  47.000  80.000  90 -20 2123 3547
361 130.000  47.000  90 -10   60 1101
362 117.000  53.000  90 -20 2231 3352
363  84.000  25.000  90 -10 2117 3427
364 124.000 170.000  90 -10 2146 2594
365  99.000  48.000  90 -10 2958 3551
366 107.000  23.000  90 -10  604  637
367 119.000 169.000  90 -20 1770 2583
368  69.000 178.000  90 -20 1657 2338
369 125.000  72.000  90 -20  683 2004
370  69.000 121.000  90 -20  972 1661
371 147.000 134.000  90 -20 2551 3399
372 102.000  56.000  90 -20 2165 2513
373 177.000  45.000  90 -20  941 1918
374  81.000 191.000  90 -20 2088 3511
375 102.000 146.000  90 -30  429 1437
376 143.000 140.000  90 -20  964 1250
377  69.000  99.000  90 -10 1848 2302
378 120.000  50.000  90 -20 2666 3106
379  94.000  75.000  90 -20 2523 3409
380 148.000 139.000  90 -30  590 1434
381 138.000 135.000  90 -10 2981 3348
382  20.000  78.000  90 -30 1606 2257
383   7.000 176.000  90 -10 1663 1875
384  23.000 172.000  90 -30 2320 2788
385 178.000  54.000  90 -10 1099 1562
386  87.000 132.000  90 -20 2010 2754
387  23.000 102.000  90 -20 1867 3219
388   3.000  56.000  90 -10  706 1235
389  26.000 169.000  90 -30 2245 2675
390 126.000  39.000  90 -10 1659 2384
391  88.000 137.000  90 -30 1235 2391
392 165.000  52.000  90 -10  885 1791
393  93.000  11.000  90 -10 1564 2214
394 120.000  76.000  90 -10  987 1892
395  36.000  96.000  90 -30   64 1153
396 100.000  47.000  90 -30   86  563
397  27.000  89.000  90 -30 2440 2855
398 149.000 149.000  90 -10 1322 1822
399  34.000  84.000  90 -20 2779 3085
400  29.000 163.000  90 -30 2382 3295
401 178.000  69.000  90 -30 1191 2453
402 156.000  64.000  90 -20 2641 3310
403 124.000 154.000  90 -30 2545 3206
404 112.000  53.000  90 -40 1874 2422
405 146.000 113.000  90 -10   47  752
406   6.000  66.000  90 -10  518 2166
407  74.000 196.000  90 -20 2379 3327
408 146.000 142.000  90 -20  941 1645
409 114.000 138.000  90 -10 2703 3449
410  74.000 102.000  90 -20  353  826
411 100.000 100.000   0   0    0 3693
