204 204 1000 700 1000
  0 100.000 100.000   0   0    0 3693
  1  37.000  48.000  90  10   81  720
  2  42.000 100.000  90  30  433 1018
  3 147.000 134.000  90  20 2754 3197
  4  48.000 103.000  90  10  804 1206
  5  50.000 181.000  90  20  636 1255
  6  93.000 166.000  90  10 1198 2196
  7  73.000 112.000  90  10  170  449
  8 118.000  50.000  90  10 1551 2552
  9  48.000 166.000  90  30   84 1095
 10  45.000  88.000  90  30   56  832
 11  61.000 101.000  90  10  466  919
 12 126.000  39.000  90  10 1697 2345
 13 107.000  73.000  90  30   27  343
 14  74.000 102.000  90  10  383  796
 15  65.000 135.000  90  20 1012 1830
 16  27.000  89.000  90  10 2297 2998
 17  84.000 133.000  90  10   36  646
 18 178.000  69.000  90  40 1607 2038
 19  28.000  96.000  90  20   72 1038
 20 100.000  47.000  90  20   53  707
 21  69.000 167.000  90  20   97  602
 22  98.000  59.000  90  10   41  385
 23  79.000  84.000  90  10 2121 2977
 24  61.000 174.000  90  10 1168 1898
 25 170.000 156.000  90  10 1760 2570
 26 119.000 169.000  90  20 1943 2410
 27  29.000 171.000  90  20 2516 2786
 28  89.000  11.000  90  10 1616 1974
 29 170.000  64.000  90  20 1938 2509
 30  85.000 134.000  90  20   37  577
 31  19.000 179.000  90  30  851 1293
 32  95.000 137.000  90  10  514  967
 33 163.000 125.000  90  30 2292 3260
 34  30.000  54.000  90  30   83  608
 35  16.000  77.000  90  20 1319 1760
 36  28.000 168.000  90  20 2483 3004
 37 136.000  57.000  90  30 1384 1712
 38  59.000  98.000  90  10 1742 2023
 39 170.000  49.000  90  30  677 1234
 40  78.000 154.000  90  10   58  814
 41  69.000 190.000  90  30 1902 2843
 42 112.000  53.000  90  10 1910 2386
 43  28.000  50.000  90  10  466  696
 44  97.000 163.000  90  20 1310 2274
 45 136.000 134.000   0  10 2805 3554
 46 162.000  44.000  90  20  235  901
 47 103.000  91.000  90  20    9  729
 48  74.000  91.000   0  20 2917 3497
 49  89.000 168.000  90  20 2992 3329
 50 164.000 124.000  90  20 2123 3246
 51  76.000 157.000  90  20   61  459
 52  74.000 196.000  90  30 2552 3155
 53  85.000  14.000  90  10 1890 2898
 54 119.000  66.000  90  10  635 1673
 55   7.000 176.000  90  10 1477 2061
 56  46.000  99.000  90  10  592 1229
 57  93.000   1.000  90  20 1703 2274
 58 144.000  58.000  90  30 1430 1470
 59  32.000 191.000  90  10  113 1552
 60 143.000  72.000   0  20 2942 3220
 61 140.000  51.000  90  10 1451 2055
 62  37.000 195.000  90  10  373  612
 63  90.000  74.000  90  10   79  371
 64 165.000 151.000  90  20 1759 2190
 65  64.000  78.000  90  10  417 1001
 66  67.000  60.000  90  10 1057 2007
 67  83.000  74.000  90  40  996 1421
 68 140.000  70.000  90  30 1404 1884
 69 101.000  37.000  90  30  369  479
 70  34.000 182.000  90  20  664  891
 71  99.000  61.000  90  20  439  915
 72 134.000  46.000  90  20 1280 2381
 73  71.000 189.000  90  10 2099 2279
 74  70.000 185.000  90  20 1732 2457
 75  57.000  73.000  90  30   50  835
 76   5.000  58.000  90  20  409 1717
 77 186.000  50.000  90  20 1150 1910
 78  80.000 139.000  90  30 1175 2069
 79 110.000  72.000  90  10   29  940
 80 155.000  38.000  90  10   82  960
 81 155.000 108.000  90  20   69  415
 82 152.000 149.000  90  20 1690 2051
 83  55.000 195.000  90  20  824 1465
 84 103.000 148.000  90  20  851 1200
 85  32.000  93.000  90  20   68  946
 86  79.000 132.000  90  20 1845 2343
 87  25.000 182.000  90  10  527 1422
 88  23.000 102.000  90  30 2296 2790
 89  34.000  84.000  90  10 2697 3166
 90  82.000 100.000  90  10   18  618
 91  65.000 182.000  90  20 1178 1691
 92  53.000 168.000  90  20   82  528
 93 109.000  73.000  90  10   28  608
 94 102.000 146.000  90  10  419 1447
 95  73.000 106.000  90  10  221  769
 96  51.000 190.000  90  30  131  443
 97  81.000  80.000  90  10  393  445
 98  75.000  18.000  90  30  578 1496
 99  89.000  68.000  90  10  827 1392
100  88.000 137.000  90  10 1368 2258
101 178.000  54.000  90  20  931 1730
102 100.000 147.000  90  10  718  964
103  36.000  96.000  90  10  403  670
104 102.000  62.000   0  30  199  789
105  55.000 188.000  90  30   98  994
106 135.000  54.000  90  30 1505 1777
107   6.000  66.000  90  20  722 1962
108  88.000 116.000   0  30 2547 3215
109 143.000 140.000  90  10  714 1501
110  17.000  99.000   0  20 1637 1909
111   2.000 178.000  90  10 1090 2257
112 149.000 149.000  90  20 1331 1814
113 147.000 158.000  90  10 2448 2889
114 110.000 150.000  90  20  794 1453
115  83.000 149.000  90  20   51  856
116  42.000 105.000  90  20 1030 1359
117  83.000 108.000  90  10   18  577
118  20.000  78.000  90  20 1737 2126
119  38.000  85.000  90  20 2332 3129
120 101.000  74.000  90  30   26  624
121  73.000 110.000  90  20  376  427
122 130.000  47.000  90  10   60  614
123  21.000  56.000  90  40  503 1042
124  88.000  41.000  90  10   60  809
125  73.000  20.000  90  10  681 1208
126  17.000  87.000  90  10 1719 2576
127  84.000 141.000  90  30 1404 2029
128  74.000  31.000  90  10  261  619
129 107.000  23.000  90  20  214 1028
130  97.000  71.000  90  10   29  525
131  83.000 147.000  90  20   49  517
132 149.000 146.000  90  10 1320 1639
133 115.000  40.000  90  20 2316 2690
134 148.000 139.000  90  20  908 1115
135  68.000  69.000  90  30  814 1815
136 146.000 113.000  90  20   47  820
137 118.000   9.000  90  10  552 1090
138 148.000  57.000  90  10   64  912
139 165.000 157.000  90  20 1669 2472
140  89.000  80.000  90  20   22 1230
141   3.000  56.000  90  20  502 1440
142 160.000 137.000  90  10  148  936
143 156.000 137.000  90  20  576  882
144 169.000  54.000  90  10  600 1501
145  91.000  43.000  90  10   57  543
146  15.000  69.000  90  20 1047 1836
147  11.000  83.000  90  10 1805 2686
148  33.000 103.000  90  10 1238 1535
149  68.000  16.000  90  10  342 1354
150  93.000  32.000  90  20 2436 3535
151  79.000  31.000  90  10   72  743
152  69.000 178.000  90  20 1668 2326
153  87.000  67.000  90  30  753 1283
154 108.000  82.000  90  30   19  820
155  33.000  73.000  90  20 1350 2124
156 133.000 168.000   0  10 2179 2760
157  21.000  76.000  90  20 1472 2208
158  67.000  89.000  90  30 1915 2617
159  67.000  97.000  90  10 2005 2331
160  69.000  40.000  90  10  294  786
161 104.000  59.000  90  10  456 1089
162 109.000 169.000  90  10 1836 2136
163  69.000  99.000  90  10 1673 2477
164  91.000  39.000  90  10 2848 3461
165  65.000 164.000  90  20   72  567
166 106.000  83.000  90  20   18  484
167  55.000  97.000  90  20   45  360
168 105.000  55.000  90  20 1901 2589
169 146.000  62.000  90  20   59  789
170  26.000 169.000  90  20 2063 2858
171 161.000 139.000  90  20  249 1019
172  94.000  75.000   0  20 2508 3423
173  60.000  37.000  90  30  395  885
174  35.000 185.000  90  10  413  955
175  36.000 177.000  90  30  525 1220
176  48.000 191.000  90  10  933 1160
177 169.000  36.000  90  10  509 1015
178  72.000 119.000  90  20  814 1633
179  15.000  57.000  90  10  116 1621
180  68.000 152.000  90  30  203  654
181  93.000  26.000  90  20 2667 3255
182  40.000 101.000  90  10  165 1101
183 111.000  24.000  90  10  192 1237
184 177.000  55.000  90  10 1045 1433
185 101.000  62.000  90  40  334  835
186  81.000  32.000  90  10  184  321
187  47.000  80.000  90  10 2861 3179
188 101.000  55.000  90  30   45  901
189  31.000  63.000  90  30   78  656
190 145.000 144.000  90  10 1011 1759
191 101.000 158.000  90  20 1334 1490
192  30.000  86.000  90  20 2574 3101
193  33.000 188.000  90  30  478  703
194 154.000  44.000  90  30  134  611
195 171.000  63.000  90  20 2065 2566
196 139.000 169.000  90  30 2351 2779
197 121.000  52.000  90  40 1695 2221
198 139.000 102.000  90  10   39  597
199  84.000  10.000  90  40 1217 2183
200  58.000 168.000  90  20  668  834
201 165.000  52.000  90  20 1325 1352
202  79.000 106.000  90  20   21  750
203  14.000  81.000  90  30 1561 2678
204  79.000  19.000  90  10 2170 2813
205  40.000  34.000  90 -10  229  713
206  67.000 102.000  90 -30 1563 2400
207 139.000 131.000  90 -20 2928 3554
208  77.000 126.000  90 -10 1607 2774
209  60.000 197.000  90 -20 2429 2889
210 101.000 164.000  90 -10 1596 2176
211  99.000 123.000  90 -10 2220 2961
212  96.000  62.000  90 -10 2518 3207
213  55.000 160.000  90 -30  278 1027
214  38.000  94.000  90 -30   62  634
215  82.000 128.000  90 -10 1536 3036
216 127.000  46.000  90 -10 2705 3263
217 119.000  62.000  90 -30  757 1362
218  97.000 116.000  90 -10 2632 3329
219  87.000 132.000  90 -20 1933 2831
220  29.000  88.000  90 -10 2137 2761
221 128.000 141.000  90 -10 2988 3554
222 156.000  64.000  90 -40 2342 3537
223  43.000  98.000  90 -20  491 1145
224 108.000  26.000  90 -20  481  574
225  17.000 166.000  90 -20 1812 2115
226 125.000  16.000  90 -10  594 1248
227  81.000  83.000  90 -10 2489 2793
228  64.000 172.000  90 -10 1364 1890
229 168.000 126.000  90 -10 2154 3027
230 127.000 166.000  90 -20 2125 2426
231  88.000 111.000  90 -20 2431 3141
232  93.000  11.000  90 -10 1583 2195
233 167.000  55.000  90 -20 1978 3220
234  95.000 150.000  90 -20  424  851
235  89.000 113.000  90 -30 2094 3295
236  97.000 157.000  90 -10 1359 1835
237 138.000 135.000  90 -30 2877 3451
238  21.000  91.000  90 -30 1972 2133
239  81.000  92.000  90 -20 2635 3402
240  29.000 163.000  90 -20 2530 3148
241 116.000  44.000  90 -30 2233 2961
242  77.000  86.000  90 -10 1994 2918
243 166.000  55.000  90 -30 2280 3100
244 133.000 162.000  90 -10 2506 3042
245  73.000 196.000  90 -30 2595 2929
246 102.000  56.000  90 -10 2074 2603
247   6.000  95.000  90 -10 1984 2649
248 124.000 154.000  90 -20 2658 3094
249 136.000 134.000  90 -10 2805 3554
250 184.000  55.000  90 -20 1275 1975
251 106.000  60.000  90 -20  393 1336
252  74.000  91.000  90 -20 2917 3497
253 114.000 138.000  90 -20 2625 3527
254 143.000 135.000  90 -20 2759 3380
255  63.000 189.000  90 -20 2382 2739
256  78.000 188.000  90 -30 2586 3318
257  84.000  20.000  90 -10 2292 3062
258  92.000  55.000  90 -10 2388 3141
259  14.000 163.000  90 -10 1633 2482
260  64.000 140.000  90 -10 1224 1808
261  91.000  14.000  90 -20 2031 2565
262 123.000  32.000  90 -30 2081 2721
263  14.000 199.000  90 -10 1257 1677
264 143.000  72.000  90 -20 2942 3220
265 132.000  51.000  90 -10 1383 2088
266  27.000 187.000  90 -10  876 1844
267  40.000  87.000  90 -10 2475 3173
268 180.000 126.000  90 -20 2100 2690
269  75.000  61.000  90 -10  543 1095
270  49.000  64.000  90 -10 1289 1558
271  20.000  79.000  90 -40 1900 2146
272 126.000  59.000  90 -30 1587 2132
273 130.000  42.000  90 -30 1713 2140
274  24.000 164.000  90 -20 1941 2788
275  95.000  29.000  90 -20 2071 2842
276 132.000  36.000  90 -20 1777 2459
277  66.000 192.000  90 -10 2109 2823
278  81.000 191.000  90 -20 2568 3511
279  20.000  92.000  90 -30 1674 2247
280  54.000  73.000  90 -20 3043 3550
281 170.000  83.000  90 -20 1745 2484
282  93.000 117.000  90 -30 2790 3585
283 128.000  80.000  90 -10 1402 1674
284 162.000  37.000  90 -10  332  997
285 160.000 136.000  90 -20  302  600
286 153.000 161.000  90 -20 1420 2118
287  68.000 173.000  90 -20 1324 2119
288 124.000 170.000  90 -20 1777 2963
289  36.000 107.000  90 -20 1274 1309
290 106.000 127.000  90 -20 2199 2785
291  19.000 156.000  90 -10 2059 2472
292  79.000  89.000  90 -30 2438 3580
293  47.000  76.000  90 -10 2816 3412
294  39.000  99.000  90 -10  634  975
295  69.000 173.000  90 -20 1573 2052
296  56.000 192.000  90 -20  734 1740
297 120.000  76.000  90 -10 1033 1847
298  99.000 156.000  90 -10 1375 1636
299  69.000 121.000  90 -10  837 1797
300  16.000 146.000  90 -30 1987 2343
301  66.000  81.000  90 -10  346  703
302  72.000  10.000  90 -30  906 1547
303 118.000  59.000  90 -10  533 1400
304  84.000 136.000  90 -10 1448 2365
305 182.000  68.000  90 -20 1221 2235
306  99.000 152.000  90 -10  835 1614
307  43.000 101.000  90 -10  951 1250
308 102.000  62.000  90 -30  199  789
309  15.000 181.000  90 -30  882 1450
310 117.000  53.000  90 -30 2525 3059
311  20.000  96.000  90 -20 1384 2350
312  88.000 116.000  90 -30 2547 3215
313 150.000 130.000  90 -10 2706 3054
314  17.000  99.000  90 -20 1637 1909
315  37.000 162.000  90 -10 2733 3140
316 138.000 132.000  90 -20 2740 3554
317 120.000 153.000  90 -10 2441 3499
318 101.000 152.000  90 -20 1135 1497
319 116.000 171.000  90 -20 1810 2356
320  25.000 102.000  90 -20 1191 1959
321  62.000 120.000  90 -10  476 1588
322  82.000 104.000  90 -20 2713 3585
323  86.000 100.000  90 -20 2780 3589
324 126.000  31.000  90 -30 1872 2745
325  46.000 128.000  90 -20  631 1217
326 177.000  45.000  90 -10 1225 1634
327  39.000  79.000  90 -40 2784 3060
328  67.000  13.000  90 -10  532  978
329  79.000  13.000  90 -10 1242 1782
330  13.000  90.000  90 -10 1894 2542
331  81.000 136.000  90 -30 1534 2466
332 108.000  13.000  90 -10 1593 2603
333 144.000  38.000  90 -20 1140 1306
334  42.000  75.000  90 -10 1296 2008
335  86.000 155.000  90 -20   56 1308
336 146.000 157.000  90 -10 1296 2046
337 120.000  50.000  90 -20 2233 3539
338 142.000 141.000  90 -20 1004 1393
339  79.000  70.000  90 -30  616 1222
340 158.000 122.000  90 -20   73  621
341 143.000  30.000  90 -10  661 1588
342 175.000  70.000  90 -10 1702 2130
343 119.000 130.000  90 -20 2516 3568
344  66.000  78.000  90 -20  318  916
345   6.000  59.000  90 -20  910 1400
346 177.000 122.000  90 -10 2312 2668
347 146.000 142.000  90 -20 1194 1391
348 163.000  55.000  90 -10 2545 3022
349  76.000  15.000  90 -10  691 1569
350  13.000 120.000  90 -20 2047 2819
351  34.000  89.000  90 -10 2351 2736
352  81.000  89.000  90 -10 2888 2963
353  72.000   8.000  90 -10  765 1873
354  99.000  48.000  90 -20 2930 3551
355  95.000  18.000  90 -10 1975 2428
356  68.000 190.000  90 -20 1980 2584
357  30.000  75.000  90 -30 1456 1831
358 164.000  61.000  90 -30 2152 2853
359  29.000  75.000  90 -20 1627 1883
360 133.000 168.000  90 -10 2179 2760
361  16.000  78.000  90 -20 2155 2530
362  70.000  89.000  90 -30 2292 2425
363  82.000  88.000  90 -10 2433 3234
364  74.000   5.000  90 -10  953 1871
365 120.000  70.000  90 -10 1019 1477
366 132.000 139.000  90 -10 3487 3553
367  87.000  87.000  90 -10 2315 3162
368  98.000  85.000  90 -10 2795 3338
369  68.000 176.000  90 -20 1611 2200
370  82.000  48.000  90 -20 2172 2967
371  26.000 107.000  90 -20 1269 2072
372  91.000  49.000  90 -20 2569 2768
373 168.000  43.000  90 -20  492 1225
374  23.000 172.000  90 -20 2047 3061
375 156.000 135.000  90 -20  415 1227
376  94.000  75.000  90 -20 2508 3423
377  81.000  20.000  90 -30 2462 2706
378  13.000 173.000  90 -10 1393 2339
379  12.000 186.000  90 -30 1161 1980
380  57.000 183.000  90 -10 1201 1471
381 157.000  59.000  90 -10 2590 3171
382 106.000 113.000  90 -20 2800 3359
383   7.000  63.000  90 -10  982 1515
384  60.000 171.000  90 -30  129  770
385  92.000  39.000  90 -20 2932 3542
386  25.000 101.000  90 -10 1366 1603
387 138.000  22.000  90 -10  666 1384
388 179.000  78.000  90 -10 1878 2152
389 125.000  72.000  90 -40  876 1810
390  84.000  13.000  90 -10 1312 1902
391  52.000  79.000  90 -10 2890 3529
392 127.000  55.000  90 -30 2703 3462
393  20.000  54.000  90 -30  191 1169
394 190.000 122.000  90 -10 1847 2742
395 135.000 146.000  90 -20 2799 3546
396  35.000  90.000  90 -20 2389 2881
397  25.000 187.000  90 -30  893 1642
398 173.000  56.000  90 -30  804 1485
399 165.000  62.000  90 -20 2159 2664
400 122.000 144.000  90 -30 2979 3373
401 114.000  55.000  90 -40 2017 3379
402 150.000 135.000  90 -10  770 1065
403  89.000  27.000  90 -40 2597 3138
404  54.000 175.000  90 -20  472 1226
405 131.000  31.000  90 -20 1951 2476
406  72.000 118.000  90 -20  950 1315
407  27.000  83.000  90 -30 2481 3006
408  84.000  25.000  90 -10 2665 2879
409 100.000 100.000   0   0    0 3693
