208 208 1000 200 1000
  0 100.000 100.000   0   0    0  804
  1  20.000  59.000  10  20    0  705
  2 178.000  61.000  10  19  369  379
  3 186.000  65.000  10  39    0  702
  4  58.000  19.000  10  10  192  202
  5  60.000  71.000  10  22  254  264
  6  86.000 150.000   0  22  499  509
  7 123.000  90.000  10  21   25   35
  8  55.000 100.000  10  22    0  749
  9  18.000  35.000  10  24  629  639
 10  24.000 131.000  10  31  319  329
 11  97.000 192.000  10  23  204  214
 12   1.000  54.000  10  14    0  685
 13 134.000 157.000  10  20  428  438
 14 176.000 132.000  10  10  348  358
 15 159.000 187.000  10   9  487  497
 16 174.000 194.000  10   8  472  482
 17   1.000 149.000   0  35  413  423
 18  63.000 141.000  10  14    0  739
 19 184.000 140.000  10  15  366  376
 20  50.000  31.000  10  20   90  100
 21 171.000  69.000  10  19  197  207
 22 111.000 189.000  10   3    0  705
 23   5.000 122.000  10  15  373  383
 24 159.000 105.000   0  20  586  596
 25  49.000  99.000  10  32    0  743
 26  53.000 175.000  10  28  213  223
 27  48.000 106.000  10  23  183  193
 28 101.000 127.000  10  31   27   37
 29 149.000  78.000  10   6    0  741
 30 157.000 142.000  10  13   70   80
 31  85.000  85.000  10  14    0  773
 32 189.000  83.000  10  43  214  224
 33  66.000   3.000  10   9    0  692
 34  45.000  95.000   0  15    0  739
 35 162.000 162.000  10  20    0  707
 36  84.000 188.000  10  17    0  705
 37  55.000  51.000  10  17    0  728
 38 173.000 147.000   0  19    0  708
 39  35.000   9.000  10  29  240  250
 40 112.000  42.000  10  33    0  735
 41  11.000 118.000  10  33  122  132
 42  42.000 174.000  10  13    0  700
 43 181.000  39.000   0  11    0  693
 44  60.000 153.000  10  11  107  117
 45 171.000  36.000  10   6    0  699
 46 112.000 174.000  10  20   80   90
 47 124.000 191.000  10  24  206  216
 48 158.000  20.000  10  19    0  696
 49 180.000  66.000  10  13    0  708
 50  86.000  69.000  10  14    0  760
 51  67.000  70.000  10  18    0  750
 52 119.000 113.000  10  35   48   58
 53 136.000  12.000  10  21  134  144
 54  49.000  71.000  10  36    0  736
 55 121.000  48.000  10  17  293  303
 56 118.000 117.000  10  20   49   59
 57  46.000  40.000  10  15  262  272
 58  78.000  72.000  10   9    0  759
 59   6.000 120.000   0  25    0  698
 60 172.000 186.000  10  35    0  682
 61  23.000 168.000  10  13    0  692
 62  65.000  42.000   0  12    0  727
 63  53.000 180.000  10   4    0  702
 64  76.000 102.000   0  15   24   34
 65 104.000 142.000  10  24    0  752
 66 141.000 146.000  10  15    0  733
 67  20.000  72.000  10  21  261  271
 68  67.000 138.000  10  11   81   91
 69  63.000 149.000  10  17    0  733
 70 182.000   9.000  10  30  302  312
 71  60.000 184.000  10   7  336  346
 72 137.000  41.000  10  15  425  435
 73  63.000 151.000  10  22    0  731
 74  51.000 162.000  10  20    0  715
 75  57.000 118.000  10  21  431  441
 76 100.000 144.000  10  17  259  269
 77 177.000 134.000  10  26  336  346
 78 155.000 107.000  10  10    0  739
 79  62.000 152.000  10  19    0  730
 80 178.000 127.000  10  23  213  223
 81  41.000  16.000  10   6    0  692
 82 122.000  13.000  10  27    0  705
 83 197.000   7.000  10  13    0  660
 84 149.000 176.000  10  16   90  100
 85 108.000 148.000  10  21   48   58
 86 149.000 103.000  10  17    0  745
 87  42.000 148.000  10  14  603  613
 88 103.000  97.000  10   9    4   14
 89  95.000  50.000  10  25    0  744
 90 114.000 183.000  10  35    0  710
 91 142.000  27.000  10  11  380  390
 92  25.000 165.000  10  24  383  393
 93 168.000  58.000   0  29  232  242
 94 135.000 110.000  10   7   36   46
 95 184.000 110.000  10  23  191  201
 96 152.000 122.000  10  25   73   83
 97  94.000 119.000  10  25   19   29
 98  81.000 183.000  10  11   97  107
 99 191.000 124.000  10   7    0  700
100 135.000  45.000  10   7  298  308
101 125.000  49.000  10  17    0  738
102  23.000 123.000  10  15    0  714
103 161.000   3.000  10  22    0  680
104 145.000  71.000   0  10    0  741
105 183.000 170.000  10  17    0  686
106  36.000 104.000  10  11  251  261
107 124.000 165.000  10  24    0  725
108 198.000  97.000  10  14  234  244
109 121.000  50.000  10  24    0  740
110  92.000 178.000  10  26    0  716
111  68.000 156.000  10  28  326  336
112 115.000  75.000  10  26   29   39
113 112.000  78.000  10  34   58   68
114   7.000 119.000  10  30    0  700
115   5.000 162.000  10  26    0  681
116 147.000 193.000  10  29  130  140
117 122.000  58.000  10  15    0  747
118 113.000 158.000  10  19  418  428
119  40.000 115.000  10  41  229  239
120  53.000  79.000  10  14  482  492
121 172.000  55.000  10  11    0  710
122 137.000  10.000  10  21    0  697
123  37.000 177.000   0  21  432  442
124 131.000 136.000  10  18    0  747
125 159.000 129.000  10  10    0  729
126 114.000  72.000  10  22   31   41
127 157.000 196.000  10  30  331  341
128 148.000 196.000  10  13  350  360
129  24.000 197.000  10  17    0  671
130  85.000 193.000  10  25    0  700
131  68.000  40.000  10  23   68   78
132 111.000 129.000  10  27   31   41
133 174.000 185.000  10  15  122  132
134  26.000  45.000  10   8    0  702
135 127.000 143.000   0   7  551  561
136  75.000 134.000  10  16   42   52
137   8.000   8.000  10  11    0  664
138 142.000  60.000  10  13  423  433
139 116.000   4.000  10  13  102  112
140  94.000  31.000  10  18    0  725
141  28.000  15.000  10  18  342  352
142   7.000 108.000   0  32    0  701
143  42.000 165.000  10  22  393  403
144 182.000  89.000  10  21    0  712
145 125.000  34.000  10  14  282  292
146 118.000 139.000  10  13   42   52
147  59.000  24.000  10  19  374  384
148  75.000 173.000  10  30   77   87
149 143.000 103.000  10  15    0  751
150  78.000 136.000  10  31  302  312
151 103.000  25.000  10   2   80   90
152 137.000  59.000  10  23  322  332
153  98.000  77.000  10   7    0  771
154 172.000  66.000  10  23  296  306
155  20.000 113.000  10  22   89   99
156  67.000 127.000  10  21   42   52
157  70.000  37.000  10  10   69   79
158 135.000 171.000  10  27  173  183
159  98.000  89.000  10  29    0  783
160  23.000 176.000  10  20  363  373
161 116.000 118.000  10  12    0  770
162 127.000  60.000  10  23  138  148
163 103.000  77.000  10  21   54   64
164  17.000 166.000  10  22    0  688
165  42.000 144.000  10  30    0  722
166  44.000  10.000  10  16  128  138
167  83.000  81.000  10  21    0  769
168 120.000  39.000  10  31    0  730
169 109.000  45.000  10  14   55   65
170 114.000 153.000  10  23  362  372
171  87.000  30.000  10  10  198  208
172 131.000  92.000  10  22    0  762
173 137.000 158.000  10   3  220  230
174 191.000 138.000  10   2    0  696
175 164.000  37.000  10  19    0  705
176 144.000  59.000  10  18    0  734
177  28.000 127.000  10  24    0  718
178 165.000 181.000  10  22  103  113
179  50.000 135.000  10   8    0  733
180  70.000  28.000  10  11    0  716
181  51.000 112.000  10  13    0  744
182  84.000 180.000  10  12  371  381
183  99.000  45.000  10  21   94  104
184  62.000  15.000  10  29   99  109
185  71.000 131.000  10  11    0  752
186 197.000  29.000  10  16    0  674
187 138.000  69.000  10   9    0  745
188  59.000  83.000   0  24  237  247
189  74.000  55.000  10   3    0  743
190   6.000 193.000  10  13    0  662
191  45.000  55.000   0  11    0  723
192  80.000 167.000  10  10  232  242
193 179.000   5.000  10   9    0  671
194  12.000 131.000  10  28  145  155
195  66.000 196.000  10  23    0  693
196 110.000 184.000  10  10  461  471
197  71.000 145.000  10   7    0  741
198  45.000 142.000  10  15    0  725
199  56.000  19.000  10  22  481  491
200 101.000  29.000  10   7   71   81
201 125.000 180.000  10   1   90  100
202  28.000  77.000  10  12    0  719
203  89.000 153.000  10  12  131  141
204 109.000  48.000  10   3  145  155
205 195.000 132.000  10   6  273  283
206 108.000 141.000  10  13    0  753
207 110.000   8.000  10  26  488  498
208  64.000 123.000  10  17  180  190
209  42.000  72.000  10 -20    0  730
210 154.000  59.000  10 -19    0  727
211 152.000  68.000  10 -39    0  733
212  63.000  44.000  10 -10  510  520
213  74.000  67.000  10 -22  335  345
214  86.000 150.000  10 -22  499  509
215 155.000  17.000  10 -21  106  116
216  41.000  73.000  10 -22  292  302
217  19.000  38.000  10 -24    0  692
218   5.000 130.000  10 -31    0  695
219 109.000 197.000  10 -23    0  697
220  18.000  59.000  10 -14    0  703
221 114.000 112.000  10 -20    0  776
222 200.000 162.000  10 -10  504  514
223 143.000 116.000  10  -9    0  749
224 165.000 156.000  10  -8    0  709
225   1.000 149.000  10 -35  413  423
226  26.000 197.000  10 -14  581  591
227 151.000 132.000  10 -15    0  734
228  25.000  48.000  10 -20  452  462
229 158.000  81.000  10 -19  519  529
230 107.000 133.000  10  -3    0  761
231   8.000  89.000  10 -15    0  702
232 159.000 105.000  10 -20  586  596
233  48.000  94.000  10 -32    0  742
234  39.000 186.000  10 -28    0  689
235  27.000  97.000  10 -23  306  316
236 108.000 187.000  10 -31    0  707
237 188.000  70.000  10  -6  214  224
238 176.000 134.000  10 -13    0  711
239  84.000  81.000  10 -14    0  770
240 181.000  70.000  10 -43    0  708
241 104.000   5.000  10  -9    0  699
242  45.000  95.000  10 -15    0  739
243 161.000 158.000  10 -20    0  710
244  80.000 190.000  10 -17  454  464
245  19.000  51.000  10 -17    0  700
246 173.000 147.000  10 -19    0  708
247  41.000  43.000  10 -29    0  712
248 116.000  52.000  10 -33  402  412
249  47.000 118.000  10 -33  729  739
250  38.000 183.000  10 -13  319  329
251 181.000  39.000  10 -11    0  693
252  30.000 183.000  10 -11  297  307
253 154.000  29.000  10  -6  269  279
254 154.000 184.000  10 -20  328  338
255 151.000 179.000  10 -24    0  700
256 155.000  22.000  10 -19  137  147
257 176.000  58.000  10 -13    0  708
258  31.000  63.000  10 -14  316  326
259  69.000  64.000  10 -18    0  747
260 111.000  98.000  10 -35  608  618
261 146.000   3.000  10 -21    0  687
262  55.000  87.000  10 -36    0  748
263 115.000  50.000  10 -17  380  390
264 114.000 122.000  10 -20  223  233
265  17.000  32.000  10 -15  481  491
266  76.000  93.000  10  -9  477  487
267   6.000 120.000  10 -25    0  698
268 168.000 146.000  10 -35    0  712
269  34.000 145.000  10 -13    0  715
270  65.000  42.000  10 -12    0  727
271  97.000 129.000  10  -4  594  604
272  76.000 102.000  10 -15   24   34
273  88.000 143.000  10 -24    0  750
274 141.000 132.000  10 -15    0  742
275  23.000  74.000  10 -21  567  577
276  32.000 166.000  10 -11    0  700
277  32.000 190.000  10 -17    0  682
278 186.000   8.000  10 -30  334  344
279  90.000 174.000  10  -7    0  720
280 125.000  78.000  10 -15    0  761
281  83.000 112.000  10 -22    0  774
282  41.000 186.000  10 -20    0  690
283  38.000 101.000  10 -21    0  732
284  71.000 114.000  10 -17  671  681
285 179.000 151.000  10 -26    0  700
286 168.000 119.000  10 -10    0  724
287  57.000 157.000  10 -19   90  100
288 193.000 127.000  10 -23    0  698
289  62.000  38.000  10  -6  549  559
290 105.000  26.000  10 -27    0  720
291 193.000  12.000  10 -13  384  394
292 159.000 196.000  10 -16  248  258
293 143.000 179.000  10 -21  281  291
294 156.000  93.000  10 -17    0  738
295  62.000 138.000  10 -14    0  741
296 173.000  42.000  10  -9    0  701
297 121.000  46.000  10 -25    0  737
298 126.000 199.000  10 -35  165  175
299 138.000  72.000  10 -11    0  747
300  28.000 160.000  10 -24  403  413
301 168.000  58.000  10 -29  232  242
302 179.000  95.000  10  -7  485  495
303 184.000 101.000  10 -23  249  259
304 182.000 110.000  10 -25  173  183
305  74.000 163.000  10 -25    0  726
306  68.000 191.000  10 -11  542  552
307 196.000 126.000  10  -7    0  695
308 104.000  88.000  10  -7    0  782
309 127.000  39.000  10 -17  110  120
310   3.000 101.000  10 -15  577  587
311 148.000  38.000  10 -22    0  716
312 145.000  71.000  10 -10    0  741
313 158.000 132.000  10 -17    0  728
314  40.000  95.000  10 -11  512  522
315 129.000 176.000  10 -24    0  713
316 199.000 123.000  10 -14    0  693
317 107.000  96.000  10 -24    0  786
318  98.000 193.000  10 -26  212  222
319  86.000 110.000  10 -28  549  559
320 123.000  59.000  10 -26    0  747
321 125.000  53.000  10 -34    0  741
322  31.000  79.000  10 -30  567  577
323  37.000 146.000  10 -26  320  330
324 148.000 157.000  10 -29    0  720
325 109.000  85.000  10 -15    0  777
326  85.000 164.000  10 -19    0  729
327  66.000  98.000  10 -41  643  653
328  56.000  90.000  10 -14  539  549
329 151.000  66.000  10 -11    0  733
330 145.000  19.000  10 -21  335  345
331  37.000 177.000  10 -21  432  442
332 110.000 110.000  10 -18  602  612
333 181.000 156.000  10 -10  517  527
334 144.000  92.000  10 -22    0  750
335 151.000 180.000  10 -30  565  575
336 152.000 190.000  10 -13    0  691
337  15.000 197.000  10 -17    0  666
338  63.000 192.000  10 -25    0  695
339  10.000  60.000  10 -23  538  548
340 113.000 151.000  10 -27  350  360
341 172.000 179.000  10 -15  571  581
342  22.000  61.000  10  -8    0  707
343 127.000 143.000  10  -7  551  561
344  89.000 176.000  10 -16  437  447
345  10.000  20.000  10 -11    0  674
346 126.000 100.000  10 -13    0  768
347 138.000  31.000  10 -13    0  716
348 106.000  41.000  10 -18    0  735
349  32.000  23.000  10 -18    0  692
350   7.000 108.000  10 -32    0  701
351  28.000 187.000  10 -22  509  519
352 136.000 111.000  10 -21  611  621
353 113.000  14.000  10 -14  564  574
354  77.000 119.000  10 -13  370  380
355  46.000  22.000  10 -19    0  700
356  83.000 180.000  10 -30  276  286
357 136.000  90.000  10 -15    0  757
358  68.000 115.000  10 -31  575  585
359  88.000  15.000  10  -2    0  709
360 139.000  97.000  10 -23  635  645
361  89.000  39.000  10  -7   73   83
362 178.000  88.000  10 -23  332  342
363  16.000 141.000  10 -22  536  546
364  40.000 130.000  10 -21  148  158
365  46.000   5.000  10 -10    0  685
366 139.000 158.000  10 -27  488  498
367  30.000  67.000  10 -29  280  290
368  59.000 139.000  10 -20    0  738
369  88.000 152.000  10 -12    0  741
370 138.000  61.000  10 -23  272  282
371 122.000  38.000  10 -21  450  460
372  46.000 131.000  10 -22  351  361
373  39.000 151.000  10 -30  122  132
374  90.000   4.000  10 -16    0  698
375  73.000  81.000  10 -21    0  761
376 100.000  53.000  10 -31  686  696
377 154.000   7.000  10 -14    0  687
378  78.000 118.000  10 -23  638  648
379 118.000  45.000  10 -10  364  374
380 175.000  60.000  10 -22    0  709
381 130.000 149.000  10  -3    0  737
382 172.000 161.000  10  -2    0  700
383 130.000  55.000  10 -19  432  442
384 113.000 100.000  10 -18    0  781
385  12.000 113.000  10 -24    0  706
386 188.000 194.000  10 -22  290  300
387   9.000 122.000  10  -8  387  397
388  12.000  15.000  10 -11    0  672
389  39.000 112.000  10 -13    0  732
390  78.000 169.000  10 -12    0  722
391  82.000  48.000  10 -21    0  739
392  97.000   9.000  10 -29    0  703
393  56.000 148.000  10 -11    0  729
394 198.000  16.000  10 -16  206  216
395 150.000  26.000  10  -9    0  705
396  59.000  83.000  10 -24  237  247
397  32.000  47.000  10  -3  160  170
398  69.000 133.000  10 -13    0  749
399  45.000  55.000  10 -11    0  723
400  69.000 150.000  10 -10    0  736
401 153.000  19.000  10  -9    0  698
402  13.000 139.000  10 -28  682  692
403  75.000 170.000  10 -23    0  720
404 104.000 176.000  10 -10    0  718
405  70.000 130.000  10  -7    0  752
406  35.000 160.000  10 -15    0  706
407  26.000  41.000  10 -22    0  700
408  54.000  37.000  10  -7    0  716
409 146.000 166.000  10  -1    0  714
410  65.000  77.000  10 -12    0  753
411  64.000 156.000  10 -12  360  370
412 113.000 105.000  10  -3  255  265
413 186.000 149.000  10  -6    0  696
414  63.000 116.000  10 -13  505  515
415 112.000   6.000  10 -26  628  638
416  29.000 121.000  10 -17    0  720
417 100.000 100.000   0   0    0  804
