209 209 1000 200 1000
  0 100.000 100.000   0   0    0  804
  1  20.000  59.000  10  20  458  575
  2  39.000 186.000  10   5  132  249
  3 186.000  65.000  10  39  407  557
  4  58.000  19.000  10  10  151  243
  5 123.000  90.000  10  21   25  132
  6  55.000 100.000  10  22   45  170
  7  88.000 152.000  10  13   99  232
  8  26.000  41.000  10  14  106  210
  9  24.000 131.000  10  31  276  372
 10   1.000  54.000  10  14  260  345
 11 176.000 132.000  10  10  297  409
 12 155.000  17.000  10  32   99  174
 13 136.000  90.000  10  18   37  191
 14   1.000 149.000  10  35  376  460
 15  83.000 180.000  10  15  224  339
 16  39.000 112.000  10  26   94  196
 17  50.000  31.000  10  20   85  203
 18  39.000 151.000  10  26   80  174
 19 171.000  69.000  10  19  137  267
 20   5.000 122.000  10  15  310  445
 21  53.000 175.000  10  28  160  276
 22  48.000 106.000  10  23  137  239
 23 101.000 127.000  10  31   27  110
 24 149.000  78.000  10   6  398  526
 25 157.000 142.000  10  13   70  255
 26  75.000 170.000  10  17  481  584
 27  85.000  85.000  10  14  503  665
 28 189.000  83.000  10  43  160  278
 29  45.000  95.000   0  15  184  248
 30 162.000 162.000   0  20  308  407
 31  38.000 101.000  10  10  264  431
 32  55.000  51.000  10  17  197  368
 33  48.000  94.000  10  15  324  451
 34 112.000  42.000  10  33  402  524
 35 181.000  39.000  10  11  318  451
 36 171.000  36.000   0   6  561  699
 37 112.000 174.000  10  20   74  188
 38  68.000 191.000  10  15  468  627
 39  18.000  59.000  10  20  375  501
 40  17.000  32.000   0  16  412  560
 41  86.000  69.000  10  14  125  257
 42 119.000 113.000  10  35   23  153
 43 121.000  48.000  10  17  237  359
 44 118.000 117.000  10  20   24  127
 45  78.000  72.000  10   9   35  122
 46 172.000 186.000   0  35  112  228
 47  65.000  42.000  10  12  150  306
 48  53.000 180.000  10   4  241  346
 49  76.000 102.000  10  15   24   96
 50 138.000  72.000  10   8   89  225
 51  68.000 115.000  10  20  503  657
 52  84.000  81.000  10  11   24  155
 53  30.000 183.000  10   9  248  356
 54 159.000 196.000  10   6  195  311
 55  20.000  72.000  10  21  194  338
 56 113.000 100.000   0   5  168  322
 57 184.000 101.000  10  17  200  308
 58  82.000  48.000  10   8   55  166
 59  57.000 157.000  10  26   71  220
 60  67.000 138.000  10  11   50  186
 61 181.000  70.000  10  25  460  620
 62  63.000 149.000  10  17   61  167
 63 138.000  61.000  10  19  235  320
 64 104.000 176.000  10  19  171  319
 65  60.000 184.000  10   7  263  419
 66 137.000  41.000  10  15  382  478
 67 186.000   8.000  10  31  289  388
 68  51.000 162.000  10  20   92  143
 69 107.000  96.000  10  23    8  120
 70 154.000 184.000  10  36  255  411
 71  46.000   5.000  10   8  314  442
 72 121.000  46.000  10   3  126  235
 73 155.000 107.000  10  10  502  629
 74  62.000 152.000  10  19  404  535
 75 148.000  38.000  10   6  217  285
 76 178.000 127.000  10  23  166  269
 77  41.000  16.000  10   6  102  229
 78 122.000  13.000  10  27   89  225
 79 197.000   7.000  10  13  240  345
 80   9.000 122.000  10  17  324  460
 81  27.000  97.000  10  30  249  373
 82 149.000 176.000  10  16   90  214
 83 106.000  41.000  10  13  218  344
 84  19.000  51.000  10  19  126  235
 85 151.000 132.000  10   6  123  237
 86  41.000  73.000  10  21  233  361
 87 149.000 103.000  10  17   49  195
 88 103.000  97.000  10   9    4  184
 89  95.000  50.000  10  25  202  303
 90 114.000 183.000   0  35  234  301
 91 113.000 105.000  10  23  160  361
 92 142.000  27.000  10  11  323  446
 93 168.000  58.000  10  29  195  279
 94 135.000 110.000  10   7   36  211
 95 115.000  50.000  10  14  343  427
 96  97.000   9.000  10  13  272  397
 97 184.000 110.000  10  23  130  263
 98 152.000 122.000  10  25   56  239
 99  94.000 119.000  10  25   19  134
100  46.000 131.000  10  21  297  415
101   3.000 101.000  10  33  531  633
102 125.000  49.000  10  17  250  360
103 173.000  42.000  10   3   93  203
104 118.000  45.000   0  28  319  419
105  10.000  20.000  10  14  546  662
106  19.000  38.000  10  16  424  515
107 145.000  71.000  10  10  140  255
108  42.000  72.000  10  18  148  243
109 183.000 170.000  10  17  163  253
110 198.000  97.000  10  14  159  319
111 121.000  50.000  10  24   59  195
112  68.000 156.000  10  28  263  399
113 115.000  75.000  10  26   29  210
114 112.000  78.000  10  34   25  130
115 147.000 193.000  10  29  104  221
116 113.000 158.000  10  19  347  499
117  40.000 115.000  10  41  175  293
118  37.000 177.000   0  21  386  488
119 113.000  14.000   0  20  488  649
120 114.000  72.000  10  22   31  158
121 148.000 196.000  10  13  331  379
122  68.000  40.000  10  23   68  244
123  85.000 164.000  10  23   65  199
124 111.000 129.000  10  27   31   99
125  69.000  64.000  10  48  175  274
126 174.000 185.000  10  15  112  230
127 165.000 156.000  10  17   85  201
128  26.000  45.000  10   8  191  283
129  75.000 134.000  10  16   42  170
130 141.000 132.000  10  18   52  206
131   8.000   8.000  10  11  130  303
132  12.000 113.000  10   2  286  409
133  41.000 186.000  10  27  104  254
134  62.000  38.000   0  19  506  602
135 116.000   4.000  10  13   97  273
136  94.000  31.000  10  18   69  184
137   7.000 108.000  10  32   93  243
138  42.000 165.000  10  22  349  448
139 118.000 139.000  10  13   42  140
140 148.000 157.000  10  21  285  380
141  75.000 173.000  10  30   77  199
142 143.000 103.000  10  15  117  250
143  78.000 136.000  10  31  201  412
144 146.000 166.000   0  24  330  432
145 103.000  25.000  10   2   75  185
146  98.000  77.000  10   7   23  183
147 179.000 151.000  10  20  262  407
148 125.000  78.000  10  11   33  116
149  67.000 127.000  10  21   42  147
150  70.000  37.000  10  10   69  190
151 135.000 171.000  10  27  125  231
152  35.000 160.000  10  16   88  254
153 193.000  12.000  10   3  333  445
154  98.000  89.000  10  29   11   56
155  23.000 176.000  10  20  326  410
156 127.000  60.000  10  23   65  221
157  17.000 166.000   0  22  382  520
158  46.000  22.000  10  10  379  460
159  83.000  81.000  10  21   25  156
160 199.000 123.000  10  20  253  387
161 109.000  45.000  10  14   55  120
162 114.000 153.000  10  23  304  431
163 131.000  92.000   0  22   32  170
164 137.000 158.000  10   3  190  259
165  65.000  77.000  10  19  183  263
166 164.000  37.000  10  19   89  195
167  28.000 127.000   0  24  170  261
168 165.000 181.000  10  22  103  161
169  50.000 135.000  10   8  380  497
170 105.000  26.000  10  24  282  393
171  70.000  28.000  10  11  446  582
172 172.000 161.000  10   6   94  215
173  51.000 112.000  10  13  177  248
174  69.000 133.000  10   8   45  230
175 127.000  39.000  10  13   66  212
176 138.000  69.000  10   9   49  141
177 126.000 199.000  10  18  110  230
178  32.000  47.000  10  27  102  228
179 188.000 194.000  10   9  264  325
180  13.000 139.000  10  34  596  699
181 130.000 149.000  10  17   57  201
182 178.000  88.000  10  23  279  394
183 129.000 176.000  10  18   81  272
184  80.000 167.000  10  10  179  295
185  12.000 131.000  10  28   93  271
186  15.000 197.000   0  10  560  666
187  66.000 196.000  10  23  346  519
188 110.000 184.000  10  10  377  554
189  71.000 145.000   0   7  122  253
190  45.000 142.000  10  15  434  531
191  83.000 112.000  10  28   20   87
192 125.000 180.000  10   1   83  228
193 145.000  19.000  10  20  271  410
194 150.000  26.000  10  16  247  330
195  98.000 193.000  10  27  169  265
196 143.000 116.000  10  18  336  463
197 175.000  60.000  10  18   85  211
198  88.000  15.000  10  22   85  188
199  89.000 153.000  10  12   86  187
200  38.000 183.000  10  10  255  392
201 109.000  48.000  10   3   83  216
202  89.000  39.000  10  19   61  192
203 195.000 132.000  10   6  230  326
204 108.000 141.000  10  13  240  331
205  64.000 123.000  10  17  150  220
206 168.000 119.000  10  14  520  626
207 151.000  66.000   0  11   61  127
208  29.000 121.000  10  46  208  370
209  32.000 166.000  10  17  273  370
210  10.000  60.000  10 -20  498  588
211  32.000 190.000  10  -5  215  353
212 144.000  59.000  10 -39  383  530
213  87.000  30.000  10 -10  166  241
214 176.000 134.000  10 -21   83  195
215  49.000  99.000  10 -22  174  289
216  69.000 150.000  10 -13  515  643
217  12.000  15.000  10 -14  487  593
218  16.000 141.000  10 -31  445  638
219  41.000  43.000  10 -14  477  566
220 159.000 129.000  10 -10  334  462
221 155.000  22.000  10 -32   95  234
222 111.000  98.000  10 -18  564  662
223  28.000 160.000  10 -35  343  473
224  74.000 163.000  10 -15  594  716
225  57.000 118.000  10 -26  383  489
226  46.000  40.000  10 -20  184  350
227  25.000 165.000  10 -26  304  473
228 176.000  58.000  10 -19  168  315
229   5.000 130.000  10 -15  565  695
230  42.000 174.000  10 -28   94  190
231  20.000 113.000  10 -23   81  192
232  70.000 130.000  10 -31  438  530
233 152.000  68.000  10  -6  561  663
234 186.000 149.000  10 -13   98  266
235  62.000 138.000  10 -17  581  698
236 104.000  88.000  10 -14  669  782
237 179.000  95.000  10 -43  442  539
238  45.000  95.000  10 -15  184  248
239 162.000 162.000  10 -20  308  407
240  86.000 110.000  10 -10  483  624
241  67.000  70.000  10 -17  404  491
242  40.000  95.000  10 -15  467  568
243 100.000  53.000  10 -33  639  744
244 158.000  20.000  10 -11  516  658
245 171.000  36.000  10  -6  561  699
246 111.000 189.000  10 -20  451  584
247  80.000 190.000  10 -15  422  496
248  31.000  79.000  10 -20  524  620
249  17.000  32.000  10 -16  412  560
250  53.000  79.000  10 -14  454  520
251  97.000 129.000  10 -35  525  673
252 125.000  53.000  10 -17  349  427
253 100.000 144.000  10 -20  222  305
254  45.000  55.000  10  -9  118  259
255 172.000 186.000  10 -35  112  228
256  74.000  67.000  10 -12  280  400
257  84.000 180.000  10  -4  298  454
258  55.000  87.000  10 -15  184  253
259 178.000  61.000  10  -8  339  409
260  78.000 118.000  10 -20  613  673
261  73.000  81.000  10 -11  669  761
262   6.000 193.000  10  -9  326  502
263 159.000 187.000  10  -6  421  563
264  22.000  61.000  10 -21  243  328
265 113.000 100.000  10  -5  168  322
266 144.000  92.000  10 -17  448  605
267 112.000   6.000  10  -8  576  690
268  85.000 193.000  10 -26  245  406
269  60.000 153.000  10 -11   66  183
270 172.000  55.000  10 -25  418  521
271  63.000 141.000  10 -17  114  222
272 109.000  85.000  10 -19  540  712
273 109.000 197.000  10 -19  350  492
274  92.000 178.000  10  -7  424  547
275 130.000  55.000  10 -15  386  489
276 197.000  29.000  10 -31  355  492
277  63.000 192.000  10 -20  195  301
278  77.000 119.000  10 -23  323  427
279 161.000 158.000  10 -36  358  459
280  28.000  15.000  10  -8  287  408
281 137.000  10.000  10  -3  387  523
282 126.000 100.000  10 -10  600  725
283  88.000 143.000  10 -19  503  569
284 142.000  60.000  10  -6  351  504
285 168.000 146.000  10 -23  215  321
286  35.000   9.000  10  -6  206  285
287 154.000  29.000  10 -27  216  332
288 179.000   5.000  10 -13  486  616
289   6.000 120.000  10 -17  520  629
290  36.000 104.000  10 -30  207  305
291 151.000 179.000  10 -16   94  247
292 125.000  34.000  10 -13  237  337
293  31.000  63.000  10 -19  242  401
294 191.000 138.000  10  -6  102  273
295  28.000  77.000  10 -21  176  294
296 182.000 110.000  10 -17  121  235
297 135.000  45.000  10  -9  262  344
298  76.000  93.000  10 -25  444  519
299 114.000 183.000  10 -35  234  301
300 114.000 122.000  10 -23  152  304
301 138.000  31.000  10 -11  353  451
302 172.000  66.000  10 -29  238  365
303 181.000 156.000  10  -7  475  568
304 123.000  59.000  10 -14  343  472
305  66.000   3.000  10 -13  331  441
306 191.000 124.000  10 -23  106  225
307 200.000 162.000  10 -25  448  571
308  64.000 156.000  10 -25  303  426
309  42.000 144.000  10 -21  659  712
310  66.000  98.000  10 -33  604  692
311 116.000  52.000  10 -17  350  465
312 182.000   9.000  10  -3  252  362
313 118.000  45.000  10 -28  319  419
314  18.000  35.000  10 -14  559  690
315  54.000  37.000  10 -16  624  697
316 154.000  59.000  10 -10   67  176
317  25.000  48.000  10 -18  381  532
318 174.000 194.000  10 -17  435  519
319 156.000  93.000  10 -14  369  502
320 122.000  38.000  10 -24  362  548
321  86.000 150.000  10 -28  478  529
322 107.000 133.000  10 -26  368  511
323 113.000 151.000  10 -34  269  441
324 152.000 190.000  10 -29  256  377
325 124.000 165.000  10 -19  387  546
326  71.000 114.000  10 -41  602  749
327  37.000 177.000  10 -21  386  488
328 113.000  14.000  10 -20  488  649
329 122.000  58.000  10 -22   47  214
330 127.000 143.000  10 -13  490  622
331  23.000  74.000  10 -23  513  631
332  90.000 174.000  10 -23  183  280
333 108.000 148.000  10 -27   48  157
334  60.000  71.000  10 -48  220  298
335 172.000 179.000  10 -15  508  644
336 177.000 134.000  10 -17  277  405
337  30.000  67.000  10  -8  221  349
338  59.000 139.000  10 -16  281  391
339 158.000 132.000  10 -18  355  390
340  32.000  23.000  10 -11  160  229
341   7.000 119.000  10  -2  325  428
342  24.000 197.000  10 -27  418  567
343  62.000  38.000  10 -19  506  602
344 136.000  12.000  10 -13   95  182
345 110.000   8.000  10 -18  425  562
346   8.000  89.000  10 -32  186  260
347  56.000 148.000  10 -22  478  606
348 110.000 110.000  10 -13  563  651
349 131.000 136.000  10 -21  587  704
350  81.000 183.000  10 -30   85  209
351 193.000 127.000  10 -15  478  567
352  71.000 131.000  10 -31  476  552
353 146.000 166.000  10 -24  330  432
354 120.000  39.000  10  -2  396  507
355  59.000  83.000  10  -7  180  304
356 173.000 147.000  10 -20  417  552
357 180.000  66.000  10 -11   86  216
358  40.000 130.000  10 -21  109  197
359  62.000  15.000  10 -10   93  163
360 143.000 179.000  10 -27  245  328
361  23.000 168.000  10 -16  441  546
362 161.000   3.000  10  -3  439  634
363 103.000  77.000  10 -29   23  154
364  26.000 197.000  10 -20  503  670
365 137.000  59.000  10 -23  276  378
366  17.000 166.000  10 -22  382  520
367  59.000  24.000  10 -10  314  445
368  74.000  55.000  10 -21  293  439
369 196.000 126.000  10 -20  386  504
370  99.000  45.000  10 -14   56  142
371 116.000 118.000  10 -23  445  645
372 131.000  92.000  10 -22   32  170
373 114.000 112.000  10  -3  572  669
374  49.000  71.000  10 -19  436  550
375 198.000  16.000  10 -19  141  280
376  28.000 127.000  10 -24  170  261
377 157.000 196.000  10 -22  273  398
378  37.000 146.000  10  -8  234  417
379  56.000  19.000  10 -24  415  556
380  63.000  44.000  10 -11  447  582
381 184.000 140.000  10  -6  302  441
382  63.000 116.000  10 -13  443  577
383   5.000 162.000  10  -8  113  216
384 154.000   7.000  10 -13  309  421
385 182.000  89.000  10  -9  382  507
386 141.000 146.000  10 -18  494  599
387  44.000  10.000  10 -27  106  288
388 151.000 180.000  10  -9  489  651
389  47.000 118.000  10 -34  590  739
390 134.000 157.000  10 -17  384  482
391 158.000  81.000  10 -23  480  568
392 139.000 158.000  10 -18  435  551
393  78.000 169.000  10 -10  228  379
394  11.000 118.000  10 -28   90  226
395  15.000 197.000  10 -10  560  666
396  84.000 188.000  10 -23  427  579
397  89.000 176.000  10 -10  379  506
398  71.000 145.000  10  -7  122  253
399  42.000 148.000  10 -15  528  688
400  56.000  90.000  10 -28  499  589
401 124.000 191.000  10  -1  150  272
402 153.000  19.000  10 -20  277  419
403 146.000   3.000  10 -16  385  508
404  97.000 192.000  10 -27  176  243
405 136.000 111.000  10 -18  538  693
406 188.000  70.000  10 -18  131  308
407 104.000   5.000  10 -22  151  261
408 108.000 187.000  10 -12   87  153
409  28.000 187.000  10 -10  470  558
410 101.000  29.000  10  -3   71  258
411  90.000   4.000  10 -19   96  182
412 139.000  97.000  10  -6  563  718
413 104.000 142.000  10 -13  582  700
414  34.000 145.000  10 -17  240  340
415 159.000 105.000  10 -14  520  662
416 151.000  66.000  10 -11   61  127
417  23.000 123.000  10 -46  251  359
418  63.000 151.000  10 -17  525  606
419 100.000 100.000   0   0    0  804
