208 208 1000 200 1000
  0 100.000 100.000   0   0    0  804
  1 182.000 110.000  10  15  163  193
  2 186.000  65.000  10  39    0  702
  3  60.000  71.000  10  22  244  274
  4 123.000  90.000   0  21   25   55
  5  55.000 100.000  10  22    0  749
  6  18.000  35.000  10  24  619  649
  7  88.000 152.000  10  13    0  741
  8  24.000 131.000   0  31  309  339
  9 134.000 157.000  10  20  418  448
 10 174.000 194.000  10   8  462  492
 11 136.000  90.000  10  18    0  757
 12   1.000 149.000  10  35  403  433
 13  63.000 141.000  10  14    0  739
 14  39.000 112.000  10  26    0  732
 15  50.000  31.000  10  20   85  115
 16  28.000 160.000  10  27  393  423
 17  39.000 151.000  10  26  112  142
 18 171.000  69.000  10  19  187  217
 19 111.000 189.000  10   3    0  705
 20   5.000 122.000  10  15  363  393
 21  49.000  99.000  10  32    0  743
 22  53.000 175.000  10  28  203  233
 23  48.000 106.000  10  23  173  203
 24 101.000 127.000  10  31   27   57
 25 157.000 142.000  10  13   70  100
 26  75.000 170.000   0  17    0  720
 27   5.000 130.000  10  15    0  695
 28  66.000   3.000  10   9    0  692
 29  45.000  95.000   0  15    0  739
 30  84.000 188.000  10  17    0  705
 31  55.000  51.000  10  17    0  728
 32 176.000  58.000  10  21    0  708
 33 112.000  42.000  10  33    0  735
 34 155.000  22.000  10  24  127  157
 35 181.000  39.000  10  11    0  693
 36  60.000 153.000  10  11   97  127
 37 171.000  36.000  10   6    0  699
 38 158.000 132.000  10  12    0  728
 39 112.000 174.000  10  20   74  104
 40 124.000 191.000   0  24  196  226
 41 158.000  20.000  10  19    0  696
 42 180.000  66.000  10  13    0  708
 43  18.000  59.000   0  20    0  703
 44 139.000 158.000  10   9  478  508
 45  37.000 146.000  10  10  310  340
 46  86.000  69.000  10  14    0  760
 47 119.000 113.000  10  35   38   68
 48 136.000  12.000  10  21  124  154
 49  89.000 176.000  10  13  427  457
 50   6.000 120.000  10  25    0  698
 51 154.000  29.000  10  19  259  289
 52  70.000 130.000  10   8    0  752
 53  65.000  42.000  10  12    0  727
 54  53.000 180.000  10   4    0  702
 55  90.000   4.000  10  22    0  698
 56  76.000 102.000  10  15   24   54
 57  30.000  67.000  10   7  270  300
 58  84.000  81.000  10  11    0  770
 59 104.000 142.000  10  24    0  752
 60  31.000  63.000  10  11  306  336
 61 141.000 146.000  10  15    0  733
 62 159.000 196.000  10   6  238  268
 63  20.000  72.000  10  21  251  281
 64 113.000 100.000  10   5    0  781
 65 184.000 101.000  10  17  239  269
 66  57.000 157.000  10  26   80  110
 67  67.000 138.000  10  11   71  101
 68 181.000  70.000  10  25    0  708
 69  41.000  43.000  10  30    0  712
 70 182.000   9.000  10  30  292  322
 71  60.000 184.000  10   7  326  356
 72  63.000 192.000  10  12    0  695
 73  63.000 151.000  10  22    0  731
 74  51.000 162.000  10  20    0  715
 75  57.000 118.000  10  21  421  451
 76 107.000  96.000  10  23    0  786
 77 154.000 184.000  10  36  318  348
 78  46.000   5.000  10   8    0  685
 79 100.000 144.000  10  17  249  279
 80 177.000 134.000  10  26  326  356
 81  62.000 152.000  10  19    0  730
 82 148.000  38.000  10   6    0  716
 83 178.000 127.000   0  23  203  233
 84  41.000  16.000   0   6    0  692
 85 122.000  13.000  10  27    0  705
 86 149.000 176.000  10  16   90  120
 87  19.000  51.000  10  19    0  700
 88 114.000 122.000  10  10  213  243
 89 108.000 148.000  10  21   48   78
 90 149.000 103.000  10  17    0  745
 91 103.000  97.000  10   9    4   34
 92  95.000  50.000  10  25    0  744
 93 114.000 183.000  10  35    0  710
 94 142.000  27.000  10  11  370  400
 95 135.000 110.000  10   7   36   66
 96 116.000  52.000  10  10  392  422
 97  97.000   9.000  10  13    0  703
 98 184.000 110.000  10  23  181  211
 99 152.000 122.000  10  25   63   93
100  94.000 119.000  10  25   19   49
101  46.000 131.000  10  21  341  371
102  81.000 183.000  10  11   87  117
103 191.000 124.000  10   7    0  700
104 135.000  45.000  10   7  288  318
105 125.000  49.000  10  17    0  738
106 173.000  42.000  10   3    0  701
107  12.000  15.000  10  16    0  672
108 118.000  45.000  10  28  354  384
109  32.000  23.000  10  10    0  692
110 193.000 127.000  10   7    0  698
111  36.000 104.000  10  11  241  271
112 124.000 165.000  10  24    0  725
113 198.000  97.000  10  14  224  254
114 168.000 146.000  10  19    0  712
115 121.000  50.000  10  24    0  740
116 115.000  75.000  10  26   29   59
117  59.000 139.000  10  26    0  738
118 112.000  78.000  10  34   48   78
119   5.000 162.000  10  26    0  681
120 186.000 149.000  10  25    0  696
121 113.000 158.000  10  19  408  438
122  40.000 115.000  10  41  219  249
123 172.000  55.000  10  11    0  710
124 137.000  10.000  10  21    0  697
125  37.000 177.000  10  21  422  452
126 131.000 136.000   0  18    0  747
127 100.000  53.000   0  22  676  706
128 159.000 129.000  10  10    0  729
129  85.000 193.000  10  25    0  700
130  68.000  40.000  10  23   68   98
131  23.000  74.000  10  21  557  587
132 111.000 129.000  10  27   31   61
133 174.000 185.000  10  15  112  142
134  26.000  45.000  10   8    0  702
135  75.000 134.000  10  16   42   72
136 141.000 132.000  10  18    0  742
137   8.000   8.000  10  11    0  664
138  12.000 113.000  10   2    0  706
139  62.000  38.000  10  19  539  569
140  40.000 130.000  10   1  138  168
141 142.000  60.000  10  13  413  443
142 116.000   4.000  10  13   97  127
143  94.000  31.000  10  18    0  725
144 152.000 190.000  10  10    0  691
145  42.000 165.000  10  22  383  413
146 118.000 139.000  10  13   42   72
147 148.000 157.000   0  21    0  720
148  75.000 173.000  10  30   77  107
149 143.000 103.000  10  15    0  751
150 137.000  59.000  10  23  312  342
151  98.000  77.000  10   7    0  771
152 198.000  16.000  10  18  196  226
153 114.000 112.000  10  17    0  776
154  20.000 113.000  10  22   81  111
155  67.000 127.000  10  21   42   72
156  70.000  37.000  10  10   69   99
157  98.000  89.000  10  29    0  783
158  23.000 176.000  10  20  353  383
159  54.000  37.000  10  21    0  716
160 127.000  60.000  10  23  128  158
161 103.000  77.000  10  21   44   74
162  17.000 166.000  10  22    0  688
163  42.000 144.000  10  30    0  722
164  44.000  10.000  10  16  118  148
165  83.000  81.000  10  21    0  769
166 199.000 123.000  10  20    0  693
167  87.000  30.000  10  10  188  218
168 137.000 158.000   0   3  210  240
169 164.000  37.000  10  19    0  705
170 165.000 181.000  10  22  103  133
171  50.000 135.000  10   8    0  733
172  10.000  60.000  10  16  528  558
173 172.000 161.000   0   6    0  700
174  51.000 112.000  10  13    0  744
175  73.000  81.000  10  19    0  761
176  69.000 133.000  10   8    0  749
177  99.000  45.000  10  21   84  114
178 127.000  39.000  10  13  100  130
179  62.000  15.000  10  29   93  123
180 197.000  29.000  10  16    0  674
181 138.000  69.000  10   9    0  745
182  59.000  83.000  10  24  227  257
183 126.000 199.000  10  18  155  185
184 188.000 194.000  10   9  280  310
185 109.000  85.000   0   3    0  777
186 126.000 100.000  10  36    0  768
187 178.000  88.000  10  23  322  352
188 129.000 176.000  10  18    0  713
189  80.000 167.000  10  10  222  252
190  12.000 131.000   0  28  135  165
191 110.000 184.000  10  10  451  481
192  45.000 142.000  10  15    0  725
193  26.000 197.000  10  17  571  601
194 101.000  29.000  10   7   71  101
195 125.000 180.000  10   1   83  113
196 150.000  26.000  10  16    0  705
197  98.000 193.000  10  27  202  232
198  28.000  77.000   0  12    0  719
199  88.000  15.000  10  22    0  709
200  89.000 153.000  10  12  121  151
201  89.000  39.000  10  19   63   93
202 195.000 132.000  10   6  263  293
203 108.000 141.000  10  13    0  753
204  64.000 123.000  10  17  170  200
205 168.000 119.000  10  14    0  724
206 151.000  66.000  10  11    0  733
207  29.000 121.000  10  46    0  720
208  32.000 166.000  10  17    0  700
209 149.000  78.000  10 -15    0  741
210 189.000  83.000  10 -39  204  234
211  65.000  77.000  10 -22    0  753
212 123.000  90.000  10 -21   25   55
213  55.000  87.000  10 -22    0  748
214  26.000  41.000  10 -24    0  700
215  74.000 163.000  10 -13    0  726
216  24.000 131.000  10 -31  309  339
217 116.000 118.000  10 -20    0  770
218 183.000 170.000  10  -8    0  686
219 131.000  92.000  10 -18    0  762
220  47.000 118.000  10 -35  709  739
221  56.000 148.000  10 -14    0  729
222  40.000  95.000  10 -26  502  532
223  45.000  55.000  10 -20    0  723
224  16.000 141.000  10 -27  526  556
225  13.000 139.000  10 -26  669  699
226 144.000  59.000  10 -19    0  734
227 108.000 187.000  10  -3    0  707
228  66.000  98.000  10 -15  633  663
229  48.000  94.000  10 -32    0  742
230  66.000 196.000  10 -28    0  693
231  38.000 101.000  10 -23    0  732
232 114.000 153.000  10 -31  352  382
233 161.000 158.000  10 -13    0  710
234  75.000 170.000  10 -17    0  720
235   9.000 122.000  10 -15  377  407
236 104.000   5.000  10  -9    0  699
237  45.000  95.000  10 -15    0  739
238  97.000 192.000  10 -17  194  224
239  46.000  22.000  10 -17    0  700
240 168.000  58.000  10 -21  222  252
241 120.000  39.000  10 -33    0  730
242 113.000  14.000  10 -24  554  584
243 197.000   7.000  10 -11    0  660
244  68.000 191.000  10 -11  532  562
245 153.000  19.000  10  -6    0  698
246 127.000 143.000  10 -12  541  571
247 147.000 193.000  10 -20  120  150
248 124.000 191.000  10 -24  196  226
249 145.000  19.000  10 -19  325  355
250 179.000  95.000  10 -13  475  505
251  18.000  59.000  10 -20    0  703
252 143.000 116.000  10  -9    0  749
253  35.000 160.000  10 -10    0  706
254  82.000  48.000  10 -14    0  739
255 118.000 117.000  10 -35   39   69
256 122.000  38.000  10 -21  440  470
257  90.000 174.000  10 -13    0  720
258   3.000 101.000  10 -25  567  597
259 137.000  41.000  10 -19  415  445
260  69.000 150.000  10  -8    0  736
261  78.000  72.000  10 -12    0  759
262  42.000 174.000  10  -4    0  700
263 112.000   6.000  10 -22  618  648
264   8.000  89.000  10 -15    0  702
265   1.000  54.000  10  -7    0  685
266  69.000  64.000  10 -11    0  747
267  97.000 129.000  10 -24  584  614
268  19.000  38.000  10 -11    0  692
269 136.000 111.000  10 -15  601  631
270 159.000 187.000  10  -6  477  507
271  25.000  48.000  10 -21  442  472
272 156.000  93.000  10  -5    0  738
273 175.000  60.000  10 -17    0  709
274  23.000 168.000  10 -26    0  692
275  71.000 114.000  10 -11  661  691
276 188.000  70.000  10 -25  204  234
277  53.000  79.000  10 -30  472  502
278 161.000   3.000  10 -30    0  680
279  39.000 186.000  10  -7    0  689
280  71.000 145.000  10 -12    0  741
281  63.000 149.000  10 -22    0  733
282  32.000 190.000  10 -20    0  682
283  63.000 116.000  10 -21  495  525
284 110.000 110.000  10 -23  592  622
285 151.000 179.000  10 -36    0  700
286  35.000   9.000  10  -8  230  260
287 113.000 151.000  10 -17  340  370
288 130.000 149.000  10 -26    0  737
289  71.000 131.000  10 -19    0  752
290 155.000  17.000  10  -6   99  129
291 178.000 127.000  10 -23  203  233
292  41.000  16.000  10  -6    0  692
293 105.000  26.000  10 -27    0  720
294 151.000 180.000  10 -16  555  585
295  42.000  72.000  10 -19    0  730
296 176.000 132.000  10 -10  338  368
297 157.000 196.000  10 -21  321  351
298 159.000 105.000  10 -17  576  606
299 109.000  48.000  10  -9  135  165
300  67.000  70.000  10 -25    0  750
301 148.000 196.000  10 -35  340  370
302 138.000  31.000  10 -11    0  716
303 178.000  61.000  10  -7  359  389
304 123.000  59.000  10 -10    0  747
305 110.000   8.000  10 -13  478  508
306 158.000  81.000  10 -23  509  539
307 196.000 126.000  10 -25    0  695
308  64.000 156.000  10 -25  350  380
309  68.000 115.000  10 -21  565  595
310  80.000 190.000  10 -11  444  474
311 173.000 147.000  10  -7    0  708
312 138.000  72.000  10  -7    0  747
313 125.000  53.000  10 -17    0  741
314 186.000   8.000  10  -3  324  354
315  17.000  32.000  10 -16  471  501
316 115.000  50.000  10 -28  370  400
317  41.000  73.000  10 -10  282  312
318 191.000 138.000  10  -7    0  696
319  56.000  90.000  10 -11  529  559
320 143.000 179.000  10 -24  271  301
321 172.000  66.000  10 -14  286  316
322 165.000 156.000  10 -19    0  709
323 122.000  58.000  10 -24    0  747
324 113.000 105.000  10 -26  245  275
325  78.000 118.000  10 -26  628  658
326 104.000  88.000  10 -34    0  782
327  34.000 145.000  10 -26    0  715
328 179.000 151.000  10 -25    0  700
329 109.000 197.000  10 -19    0  697
330  27.000  97.000  10 -41  296  326
331 154.000  59.000  10 -11    0  727
332 146.000   3.000  10 -21    0  687
333  41.000 186.000  10 -21    0  690
334 131.000 136.000  10 -18    0  747
335 100.000  53.000  10 -22  676  706
336 176.000 134.000  10 -10    0  711
337  84.000 180.000  10 -25  361  391
338  46.000  40.000  10 -23  252  282
339  85.000  85.000  10 -21    0  773
340 146.000 166.000  10 -27    0  714
341 172.000 186.000  10 -15    0  682
342  22.000  61.000  10  -8    0  707
343  62.000 138.000  10 -16    0  741
344 151.000 132.000  10 -18    0  734
345  10.000  20.000  10 -11    0  674
346   7.000 108.000  10  -2    0  701
347  74.000  55.000  10 -19    0  743
348  28.000 127.000  10  -1    0  718
349 152.000  68.000  10 -13    0  733
350 154.000   7.000  10 -13    0  687
351  70.000  28.000  10 -18    0  716
352 172.000 179.000  10 -10  561  591
353  42.000 148.000  10 -22  593  623
354  86.000 150.000  10 -13  489  519
355 148.000 157.000  10 -21    0  720
356  83.000 180.000  10 -30  266  296
357 144.000  92.000  10 -15    0  750
358 130.000  55.000  10 -23  422  452
359 109.000  45.000  10  -7   55   85
360 193.000  12.000  10 -18  374  404
361 107.000 133.000  10 -17    0  761
362  11.000 118.000  10 -22  112  142
363  77.000 119.000  10 -21  360  390
364  58.000  19.000  10 -10  182  212
365 114.000  72.000  10 -29   31   61
366  28.000 187.000  10 -20  499  529
367  32.000  47.000  10 -21  150  180
368 138.000  61.000  10 -23  262  292
369 121.000  48.000  10 -21  283  313
370  38.000 183.000  10 -22  309  339
371   7.000 119.000  10 -30    0  700
372  28.000  15.000  10 -16  332  362
373  74.000  67.000  10 -21  325  355
374 184.000 140.000  10 -20  356  386
375  63.000  44.000  10 -10  500  530
376 137.000 158.000  10  -3  210  240
377 179.000   5.000  10 -19    0  671
378 162.000 162.000  10 -22    0  707
379  25.000 165.000  10  -8  373  403
380  20.000  59.000  10 -16    0  705
381 172.000 161.000  10  -6    0  700
382  31.000  79.000  10 -13  557  587
383  76.000  93.000  10 -19  467  497
384  78.000 136.000  10  -8  292  322
385  83.000 112.000  10 -21    0  774
386 125.000  34.000  10 -13  272  302
387 106.000  41.000  10 -29    0  735
388 111.000  98.000  10 -16  598  628
389 125.000  78.000  10  -9    0  761
390  49.000  71.000  10 -24    0  736
391  88.000 143.000  10 -18    0  750
392 200.000 162.000  10  -9  494  524
393 109.000  85.000  10  -3    0  777
394 155.000 107.000  10 -36    0  739
395 139.000  97.000  10 -23  625  655
396  85.000 164.000  10 -18    0  729
397  86.000 110.000  10 -10  539  569
398  12.000 131.000  10 -28  135  165
399 104.000 176.000  10 -10    0  718
400   6.000 193.000  10 -15    0  662
401  15.000 197.000  10 -17    0  666
402 103.000  25.000  10  -7   75  105
403  92.000 178.000  10  -1    0  716
404 121.000  46.000  10 -16    0  737
405  78.000 169.000  10 -27    0  722
406  28.000  77.000  10 -12    0  719
407  59.000  24.000  10 -22  364  394
408  68.000 156.000  10 -12  316  346
409  56.000  19.000  10 -19  471  501
410 181.000 156.000  10  -6  507  537
411 135.000 171.000  10 -13  163  193
412  24.000 197.000  10 -17    0  671
413 182.000  89.000  10 -14    0  712
414 145.000  71.000  10 -11    0  741
415  23.000 123.000  10 -46    0  714
416  30.000 183.000  10 -17  287  317
417 100.000 100.000   0   0    0  804
