201 201 1000 1000 1000
  0 100.000 100.000   0   0    0 3213
  1 150.000  26.000  10  16 1066 1245
  2  84.000 188.000  10  17 1937 2085
  3  83.000 112.000  10  28   41  126
  4 112.000 174.000  10  20  277  403
  5 146.000 166.000  10  24 1466 1586
  6  45.000  95.000  10  15  825  903
  7  81.000 183.000  10  11  357  455
  8 142.000  27.000  10  11 1487 1593
  9  28.000 127.000  10  24  793  927
 10  67.000 127.000  10  21  110  232
 11  16.000 141.000  10  20 2084 2246
 12   8.000  89.000  10  13  851  933
 13  25.000  48.000  10  11 1747 1908
 14  58.000  19.000  10  10  736  838
 15  95.000  50.000  10  25  925 1093
 16 130.000 149.000  10  17  238  350
 17 155.000  17.000  10  32  362  529
 18  76.000  93.000  10   7 1871 1983
 19 191.000 138.000  10   2  669  828
 20  28.000 160.000  10  27 1543 1718
 21  90.000   4.000  10  22  421  526
 22  84.000  81.000  10  11   31  168
 23 107.000 133.000  10  22 1713 1807
 24 129.000 176.000  10  18  591  690
 25 186.000 149.000  10  25  359  525
 26 168.000 146.000  10  19 1024 1121
 27 172.000 161.000  10   6  508  562
 28 112.000   6.000  10  39 2429 2633
 29  39.000 151.000  10  26  434  581
 30 138.000  72.000  10   8  570  685
 31  53.000  79.000  10  14 1838 2057
 32  75.000 134.000  10  16  110  227
 33 111.000 189.000  10   3 1990 2153
 34  70.000 130.000  10   8 1892 1983
 35  85.000 193.000  10  25 1262 1340
 36 113.000 100.000  10   5  919 1043
 37 120.000  39.000  10  31 1712 1902
 38 125.000  53.000  10  24 1533 1572
 39 172.000 186.000  10  35  468  537
 40  12.000 131.000  10  28  528  671
 41   1.000  54.000  10  14 1141 1278
 42 101.000 127.000  10  31   74  143
 43 149.000 176.000  10  16  294  429
 44 148.000 196.000  10  13 1375 1463
 45  78.000 136.000  10  31 1168 1286
 46 145.000  71.000  10  10  758  823
 47 124.000 191.000  10  24  795  896
 48  38.000 101.000  10  10 1308 1470
 49   7.000 119.000  10  30 1435 1575
 50  85.000 164.000  10  23  207  318
 51  83.000 180.000  10  15 1115 1135
 52 149.000 103.000  10  17  158  234
 53 118.000 117.000  10  20  196  236
 54  82.000  48.000  10   8  349  489
 55  80.000 190.000  10  13 1810 1862
 56 108.000 141.000  10  13 1113 1168
 57 156.000  93.000  10  25 1712 1775
 58  63.000 141.000  10  14  596  751
 59 159.000 187.000  10   9 1901 2033
 60 125.000  78.000  10  11   98  168
 61 136.000  12.000  10  21  514  596
 62 199.000 123.000  10  20 1258 1303
 63 154.000  29.000  10  19 1037 1153
 64 114.000 122.000  10  10  880  944
 65 161.000 158.000  10  24 1598 1670
 66  60.000 153.000  10  11  414  483
 67 186.000   8.000  10  31 1278 1430
 68  40.000 130.000  10   1  553  668
 69  71.000 131.000  10  11 1987 2125
 70  45.000  55.000  10  11  726  782
 71  32.000  47.000  10  27  609  708
 72 171.000  69.000  10  19  762  854
 73  94.000  31.000  10  18  203  351
 74 179.000 151.000  10  20 1305 1368
 75 152.000 190.000  10  10 1225 1305
 76  66.000 196.000  10  23 1648 1811
 77  36.000 104.000  10  11  964 1081
 78  83.000  81.000  10  21   25  262
 79 151.000 180.000  10  14 2242 2322
 80 109.000  48.000  10   3  551  645
 81 135.000 110.000  10   7  125  166
 82  59.000  24.000  10  19 1437 1596
 83 175.000  60.000  10  18  285  395
 84 127.000  39.000  10  13  363  555
 85 103.000  97.000  10   9    4  130
 86  71.000 145.000  10   7  696  803
 87  40.000 115.000  10  41  890  981
 88 114.000  72.000  10  22   60  191
 89  51.000 162.000  10  20  395  542
 90 193.000  12.000  10   3 1488 1623
 91  19.000  51.000  10  19  674  769
 92 151.000 179.000  10  12  317  435
 93  88.000 143.000  10  17 2067 2219
 94  32.000 190.000  10  13 1095 1181
 95  76.000 102.000  10  15   51  141
 96 139.000  97.000  10   4 2505 2617
 97  90.000 174.000  10  18  874  982
 98 122.000  58.000  10  15  187  273
 99  98.000  89.000  10  29   11  137
100  44.000  10.000  10  16  454  613
101  97.000   9.000  10  13 1316 1359
102 154.000  59.000  10  17  286  379
103 122.000  13.000  10  27  553  683
104  70.000  37.000  10  10  208  350
105 188.000  70.000  10  13  834  920
106 157.000 142.000  10  13  243  324
107  65.000  42.000  10  12  843  985
108  51.000 112.000  10  13  785  915
109  50.000  31.000  10  20  292  471
110 181.000  70.000  10  25 2124 2194
111  20.000 113.000  10  22  324  427
112 125.000  49.000  10  17 1149 1289
113  27.000  97.000  10  30 1176 1309
114 116.000   4.000  10  13  403  456
115 104.000 142.000   0  24 2504 2623
116 145.000  19.000  10  20 1281 1442
117 168.000  58.000  10  29  903  992
118 137.000  59.000  10  23 1266 1346
119 198.000  16.000  10  18  751  937
120  26.000 197.000  10  17 2300 2389
121 136.000  90.000  10  18  124  174
122 123.000  90.000  10  21   25  203
123  19.000  38.000  10  16 1847 1906
124  39.000 112.000  10  26  550  612
125  89.000 176.000  10  13 1681 1856
126  74.000  67.000  10   2 1280 1441
127 151.000  66.000  10  11  313  397
128  55.000 100.000  10  22  155  206
129 186.000  65.000  10  39 1869 1989
130 159.000 196.000  10   6  951 1074
131 107.000  96.000  10  23    8  129
132   5.000 162.000  10  26  487  623
133 173.000 147.000  10  19 1895 1978
134 121.000  46.000  10   3  664  781
135 134.000 157.000  10  20 1692 1774
136  88.000 152.000  10  13  598  726
137 183.000 170.000  10  17  804  857
138 103.000  77.000  10  21  149  322
139   1.000 149.000  10  35 1616 1726
140 137.000  41.000  10  15 1652 1784
141 115.000  75.000  10  26   51  182
142 112.000  78.000  10  34  168  335
143  24.000 131.000  10  31 1234 1354
144  80.000 167.000  10  10  877 1018
145 195.000 132.000  10   6 1069 1159
146  38.000 183.000  10  10 1246 1343
147  32.000  23.000  10  10  747  809
148 111.000 129.000  10  27   83  165
149  32.000 166.000  10  17 1196 1373
150 158.000 132.000  10  12 1422 1559
151 114.000 183.000  10  35 1039 1101
152  42.000  72.000  10  18  723  840
153 108.000 148.000  10  21  113  276
154  99.000  45.000  10  21  305  490
155 165.000 181.000  10  22  359  472
156 176.000  58.000   0  21  925 1004
157 198.000  97.000  10  14  890 1019
158  89.000 153.000  10  12  459  631
159 138.000  61.000  10  19 1024 1193
160  11.000 118.000  10  33  445  571
161 143.000 179.000  10  24 1093 1198
162 182.000  89.000  10  21 1685 1875
163 141.000 146.000  10  15 2120 2253
164  25.000 165.000  10  24 1506 1601
165  22.000  61.000  10  17 1066 1214
166 159.000 129.000  10  10 1532 1650
167  98.000  77.000  10   7   94  184
168  28.000  15.000  10  18 1328 1449
169  68.000 156.000  10  28 1270 1382
170  94.000 119.000  10  25   19  140
171  31.000  63.000  10  11 1242 1327
172  23.000 123.000  10  15 1156 1287
173 141.000 132.000  10  18  316  422
174  56.000  19.000  10  22 1897 1990
175  75.000 173.000  10  30  233  385
176 113.000 105.000  10  23  954 1127
177 165.000 156.000  10  17  427  526
178 109.000 197.000  10  15 1629 1742
179  55.000  51.000  10  17 1061 1202
180  89.000  39.000  10  19  194  428
181   6.000 120.000  10  25 2225 2370
182  65.000  77.000  10  19  886  900
183 108.000 187.000  10  22  302  397
184 176.000 132.000  10  10 1367 1457
185   7.000 108.000  10  32  329  417
186  34.000 145.000  10  21 1080 1240
187  42.000 174.000  10  13  418  603
188  57.000 157.000  10  26  308  451
189 148.000  38.000  10   6  949 1055
190 119.000 113.000  10  35  147  277
191 164.000  37.000  10  19  408  507
192 173.000  42.000  10   3  308  437
193 106.000  41.000  10  13 1063 1183
194 155.000 107.000  10  10 2208 2312
195  49.000  71.000  10  36 1938 2003
196  68.000 191.000  10  15 2137 2242
197  68.000  40.000  10  23  208  336
198  64.000 123.000  10  17  682  801
199 109.000  45.000  10  14  129  316
200  42.000 148.000  10  14 2414 2446
201  67.000 138.000  10  11  321  366
202 146.000   3.000  10 -16 1738 1835
203  31.000  79.000  10 -17 2221 2358
204  59.000 139.000  10 -28 1288 1397
205  64.000 156.000  10 -20 1423 1495
206 184.000 140.000  10 -24 1400 1569
207  17.000 166.000  10 -15 1731 1879
208 110.000 184.000  10 -11 1817 1910
209 171.000  36.000  10 -11 2501 2682
210  53.000 180.000  10 -24 1086 1260
211  69.000 133.000  10 -21  146  216
212  66.000  98.000  10 -20 2537 2650
213 105.000  26.000  10 -13 1298 1406
214  63.000  44.000  10 -11 1983 2136
215  59.000  83.000  10 -10  892 1041
216 159.000 105.000  10 -25 2303 2425
217 174.000 185.000  10 -17  463  553
218 197.000  29.000  10 -32 1597 1793
219 100.000  53.000  10  -7 2715 2815
220 148.000 157.000  10  -2 1289 1373
221  92.000 178.000  10 -27 1898 1989
222  62.000  15.000  10 -22  362  468
223  26.000  41.000  10 -11  569  696
224 174.000 194.000  10 -22 1875 1939
225 135.000 171.000  10 -18  694  734
226 178.000 127.000  10 -25  818  923
227 172.000 179.000  10 -19 2275 2336
228 184.000 110.000  10  -6  722  846
229 109.000  85.000  10 -39 2446 2564
230  53.000 175.000  10 -26  811  935
231 197.000   7.000  10  -8 1146 1196
232  20.000  59.000  10 -14 2008 2124
233  69.000 150.000  10 -16 2262 2371
234  56.000  90.000  10  -3 2100 2253
235  13.000 139.000  10  -8 2675 2822
236  42.000 165.000  10 -25 1538 1648
237 149.000  78.000  10  -5 1782 1916
238 112.000  42.000  10 -31 1811 1897
239 123.000  59.000  10 -24 1597 1666
240  98.000 193.000  10 -35  830  908
241  46.000   5.000  10 -28 1443 1579
242  74.000  55.000  10 -14 1412 1517
243  35.000 160.000  10 -31  339  451
244  97.000 192.000  10 -16  779  896
245 113.000 158.000  10 -13 1616 1768
246  60.000 184.000  10 -31 1309 1423
247 137.000  10.000  10 -10 1771 1872
248 143.000 116.000  10 -24 1568 1630
249  77.000 119.000  10 -10 1412 1591
250  28.000 187.000  10 -30 2003 2109
251  41.000 186.000  10 -23  533  665
252 154.000 184.000  10 -15 1251 1410
253 152.000 122.000  10 -17  280  346
254  23.000  74.000  10 -20 2213 2365
255  57.000 118.000  10  -8 1655 1834
256  62.000 152.000  10 -13 1807 1949
257  78.000 169.000  10 -13 1148 1279
258 144.000  92.000  10 -25 2033 2177
259  23.000 168.000  10 -14 1914 2037
260 139.000 158.000  10  -9 1913 2033
261 180.000  66.000  10 -11  355  424
262 142.000  60.000  10 -21 1661 1762
263 177.000 134.000  10 -20 1286 1440
264 116.000  52.000  10 -19 1537 1721
265 138.000  31.000  10 -10 1547 1667
266 181.000 156.000  10 -24 2031 2144
267   6.000 193.000  10 -11 1571 1742
268 118.000  45.000  10 -31 1371 1583
269  35.000   9.000  10  -1  907 1055
270   5.000 130.000  10 -11 2575 2747
271  60.000  71.000  10 -11  991 1078
272  69.000  64.000  10 -27  847  947
273 182.000   9.000  10 -19 1153 1304
274 130.000  55.000  10 -18 1669 1828
275 111.000  98.000  10 -20 2369 2537
276 124.000 165.000  10 -10 1830 1903
277  75.000 170.000  10 -23 2060 2204
278  30.000  67.000  10 -11 1086 1194
279   8.000   8.000  10 -21  519  708
280 110.000 110.000  10 -14 2349 2506
281 181.000  39.000  10  -3 1468 1612
282 191.000 124.000  10  -7  638  684
283  46.000  22.000  10 -19 1621 1734
284  87.000  30.000  10 -18  772  853
285 127.000  60.000  10 -13  489  656
286 138.000  69.000  10  -9  203  321
287  73.000  81.000  10  -7 2787 2936
288   9.000 122.000  10 -41 1464 1670
289 110.000   8.000  10 -22 1945 1999
290  29.000 121.000  10 -20 1057 1256
291 179.000  95.000  10  -3 1887 2035
292  18.000  35.000  10 -19 2473 2596
293 114.000 153.000  10 -12 1448 1488
294  86.000 110.000  10 -17 2170 2259
295   5.000 122.000  10 -13 1428 1593
296  17.000  32.000  10 -15 1862 2023
297 126.000 100.000  10  -4 2560 2744
298  37.000 177.000  10 -18 1706 1788
299 103.000  25.000  10 -15  244  439
300  78.000  72.000  10 -29   99  185
301  41.000  16.000  10 -16  456  560
302  66.000   3.000  10 -13 1475 1613
303  86.000  69.000  10 -17  678  848
304 125.000  34.000  10 -27 1082 1212
305  88.000  15.000  10 -10  376  486
306 122.000  38.000  10 -13 1741 1897
307 182.000 110.000  10 -13  654  772
308  45.000 142.000  10 -12 1858 2004
309  46.000 131.000  10 -13 1333 1511
310  41.000  73.000  10 -20 1099 1276
311 136.000 111.000  10 -25 2433 2495
312  26.000  45.000  10 -22  893 1000
313 144.000  59.000  10 -17 1778 1877
314  48.000  94.000  10 -30 1507 1594
315 154.000   7.000  10 -13 1415 1509
316 104.000 142.000  10 -24 2504 2623
317 153.000  19.000  10 -20 1308 1475
318 172.000  66.000  10 -29 1113 1299
319 178.000  61.000  10 -23 1478 1514
320 115.000  50.000  10 -18 1506 1576
321  15.000 197.000  10 -17 2415 2515
322 196.000 126.000  10 -18 1721 1839
323 131.000  92.000  10 -21  108  148
324  70.000  28.000  10 -16 1979 2131
325  55.000  87.000  10 -26  810  936
326  63.000 116.000  10 -13 1947 2133
327  10.000  20.000  10  -2 2354 2476
328 155.000  22.000  10 -11  494  641
329  28.000  77.000  10 -22  904  977
330 168.000 119.000  10 -39 2261 2322
331 157.000 196.000  10  -6 1292 1394
332 151.000 132.000  10 -23  612  825
333 104.000 176.000  10 -26  934 1028
334 200.000 162.000  10 -19 1980 2095
335 121.000  48.000  10  -3 1111 1275
336  74.000 163.000  10 -20 2548 2692
337  85.000  85.000  10 -13 2281 2388
338 184.000 101.000  10 -17  953 1082
339 101.000  29.000  10 -21  219  349
340  56.000 148.000  10 -35 2118 2221
341 158.000  20.000  10 -15 2307 2389
342 135.000  45.000  10 -26 1159 1261
343 143.000 103.000  10 -34  660  806
344  68.000 115.000  10 -31 2232 2410
345 100.000 144.000  10 -10  999 1112
346 188.000 194.000  10  -6 1125 1233
347  23.000 176.000  10 -10 1368 1580
348  10.000  60.000  10 -10 2125 2220
349 118.000 139.000  10 -27  119  225
350  12.000 113.000  10 -17 1317 1467
351 116.000 118.000  10 -12 2153 2207
352 113.000 151.000  10 -35 1354 1484
353  41.000  43.000  10 -18 2009 2167
354  39.000 186.000  10 -21  678  845
355 121.000  50.000  10 -21  450  569
356 147.000 193.000  10 -22  486  593
357 176.000  58.000  10 -21  925 1004
358 162.000 162.000  10 -14 1396 1465
359  49.000  99.000  10 -12  834 1019
360 172.000  55.000  10 -19 1850 1908
361  46.000  40.000  10 -33 1019 1119
362   3.000 101.000  10 -24 2270 2385
363 127.000 143.000  10 -21 2191 2259
364 114.000 112.000  10 -15 2439 2526
365  42.000 144.000  10 -24 2675 2810
366 104.000  88.000  10 -17 2908 3030
367 193.000 127.000  10 -10 2022 2157
368 189.000  83.000  10  -7  799  954
369 113.000  14.000  10 -18 2197 2355
370  24.000 197.000  10 -28 1921 2022
371 125.000 180.000  10 -25  288  469
372  54.000  37.000  10 -11 2613 2674
373  37.000 146.000  10 -15 1245 1358
374 126.000 199.000  10 -18  626  730
375  62.000  38.000  10 -22 2169 2260
376  86.000 150.000  10 -30 1951 2078
377 158.000  81.000  10 -23 2012 2184
378 176.000 134.000  10 -17  509  589
379  71.000 114.000  10 -15 2669 2736
380  18.000  59.000  10 -17 1672 1830
381  50.000 135.000  10 -19 1694 1814
382  62.000 138.000  10 -25 2499 2621
383  20.000  72.000  10 -19 1019 1112
384  84.000 180.000  10 -22 1471 1535
385  97.000 129.000  10 -10 2322 2473
386  67.000  70.000  10 -32 1736 1841
387  30.000 183.000  10 -21 1123 1291
388  63.000 192.000  10 -13  913 1070
389  63.000 151.000  10 -26 2230 2293
390 161.000   3.000  10  -6 2086 2203
391 137.000 158.000  10 -35  834  964
392 131.000 136.000  10 -19 2524 2643
393 104.000   5.000  10  -3  749  897
394 178.000  88.000  10 -13 1271 1425
395 152.000  68.000  10 -10 2415 2479
396  40.000  95.000  10 -36 2001 2138
397  47.000 118.000  10 -15 2900 2998
398  12.000  15.000  10 -23 2104 2216
399  48.000 106.000  10 -17  716  788
400 179.000   5.000  10 -14 2142 2269
401  78.000 118.000  10 -14 2512 2635
402  63.000 149.000  10 -11  222  378
403 100.000 100.000   0   0    0 3213
