202 202 1000 1000 1000
  0 100.000 100.000   0   0    0 3213
  1 150.000  26.000  10  16 1065 1245
  2  83.000 112.000  10  28   20  419
  3 191.000 124.000   0   7  410  912
  4 112.000 174.000  10  20  292  387
  5  45.000  95.000  10  15  681 1048
  6  81.000 183.000  10  11  179  633
  7 142.000  27.000  10  11 1208 1872
  8 184.000 110.000  10  23  648  921
  9   5.000 122.000  10  15 1443 1579
 10  28.000 160.000  10  27 1551 1709
 11  90.000   4.000  10  22  439  508
 12  53.000 175.000  10  28  694 1052
 13  84.000  81.000  10  11   24  310
 14 118.000 139.000  10  13   42  571
 15 103.000  25.000  10   2  155  528
 16 129.000 176.000  10  18  415  865
 17 186.000 149.000  10  25  143  742
 18 172.000 161.000  10   6  384  685
 19  15.000 197.000  10  10 2299 2631
 20  78.000  72.000  10   9   35  294
 21 135.000 171.000  10  27  592  835
 22  53.000  79.000  10  14 1820 2074
 23  75.000 134.000  10  16   42  437
 24  66.000   3.000  10   9 1404 1683
 25 100.000  53.000  10  22 2734 2796
 26  46.000 131.000  10  21 1330 1514
 27  62.000  15.000  10  29  343  486
 28 100.000 144.000  10  17  894 1217
 29 113.000 100.000  10   5  860 1102
 30  71.000 114.000  10  25 2551 2854
 31 120.000  39.000  10  31 1642 1972
 32 125.000  53.000  10  24 1288 1818
 33 172.000 186.000  10  35  195  809
 34  12.000 131.000  10  28  454  746
 35 101.000 127.000  10  31   27  741
 36  42.000 165.000   0  22 1469 1717
 37 149.000 176.000  10  16  186  538
 38 148.000 196.000  10  13 1253 1585
 39  78.000 136.000  10  31 1005 1449
 40 145.000  71.000  10  10  735  846
 41 124.000 191.000  10  24  777  914
 42  57.000 118.000  10  21 1602 1887
 43  85.000 164.000  10  23  128  397
 44 180.000  66.000  10  13   86  723
 45 149.000 103.000  10  17   49  472
 46 178.000  88.000  10  23 1299 1397
 47 118.000 117.000  10  20  140  292
 48  82.000  48.000  10   8  348  489
 49 108.000 141.000  10  13  970 1310
 50  77.000 119.000  10  17 1311 1691
 51 143.000 103.000  10  15  646  820
 52 104.000 176.000  10  19  771 1190
 53  63.000 141.000  10  14  476  871
 54 125.000  78.000  10  11   33  486
 55 136.000  12.000  10  21  422  688
 56 199.000 123.000  10  20 1258 1304
 57 121.000  50.000  10  24  262  757
 58 161.000 158.000  10  24 1420 1848
 59   8.000   8.000  10  11  493  733
 60  39.000 186.000  10   5  744  780
 61  60.000 153.000  10  11  290  608
 62 131.000  92.000  10  22   64  193
 63  53.000 180.000  10   4  982 1364
 64  28.000  77.000  10  12  710 1171
 65 186.000   8.000  10  31 1192 1516
 66  40.000 130.000  10   1  476  745
 67  71.000 131.000  10  11 1936 2176
 68 152.000 122.000  10  25  132  494
 69  32.000  47.000  10  27  337  980
 70 138.000  69.000  10   9  240  284
 71  94.000  31.000  10  18  174  381
 72  29.000 121.000  10  46 1012 1302
 73  20.000  72.000  10  21  978 1152
 74 179.000 151.000  10  20 1034 1639
 75  18.000  59.000  10  20 1580 1922
 76 162.000 162.000  10  20 1183 1679
 77 152.000 190.000  10  10 1129 1400
 78  83.000  81.000  10  21   25  283
 79  64.000 156.000  10   4 1372 1545
 80 135.000 110.000  10   7   36  489
 81  59.000  24.000  10  19 1221 1812
 82 175.000  60.000  10  18   85  738
 83 103.000  97.000  10   9    4  161
 84  40.000 115.000  10  41  664 1207
 85  62.000  38.000  10  19 2053 2375
 86  51.000 162.000  10  20  366  572
 87 193.000  12.000  10   3 1256 1854
 88 178.000  61.000  10  19 1371 1621
 89  63.000 116.000  10  21 1725 2354
 90  76.000 102.000  10  15   24  332
 91 139.000  97.000  10   4 2209 2912
 92 176.000 134.000  10  14  366  732
 93  75.000 170.000  10  17 2002 2261
 94  90.000 174.000  10  18  774 1082
 95 122.000  58.000  10  15   94  367
 96  98.000  89.000  10  29   11  764
 97  59.000  83.000  10  24  837 1097
 98  97.000   9.000  10  13 1119 1555
 99 116.000  52.000  10  10 1434 1825
100 155.000  22.000  10  24  389  746
101 193.000 127.000  10   7 2067 2111
102 154.000  59.000  10  17  211  455
103 122.000  13.000  10  27  325  911
104  70.000  37.000  10  10   69  813
105 172.000  55.000  10  11 1637 2122
106  98.000 193.000  10  27  554 1183
107 157.000 142.000  10  13  184  382
108  63.000 192.000  10  12  725 1259
109  88.000  15.000  10  22  352  509
110 189.000  83.000  10  43  720 1032
111 110.000   8.000  10  26 1697 2247
112  51.000 112.000  10  13  712  987
113 151.000 132.000  10   6  387 1050
114  50.000  31.000  10  20  242  522
115 181.000  70.000  10  25 2073 2245
116 125.000  49.000  10  17 1047 1390
117 116.000   4.000  10  13  258  600
118 145.000  19.000  10  20 1189 1535
119  23.000 168.000  10  13 1891 2059
120 168.000  58.000  10  29  786 1110
121   3.000 101.000  10  33 2174 2481
122 136.000  90.000   0  18   37  609
123 123.000  90.000  10  21   25  289
124  62.000 152.000  10  19 1446 2310
125  39.000 112.000  10  26  429  732
126 104.000   5.000  10  26  422 1224
127  41.000  16.000  10   6  199  816
128 172.000 179.000  10   1 2145 2466
129  89.000 176.000  10  13 1604 1932
130 197.000   7.000  10  13 1052 1291
131  26.000  45.000  10   8  765 1128
132  20.000  59.000  10  20 1744 2388
133 151.000  66.000  10  11  317  394
134  55.000 100.000  10  22   45  510
135 159.000 196.000  10   6  953 1072
136 107.000  96.000  10  23    8  535
137   5.000 162.000  10  26  404  706
138 173.000 147.000  10  19 1700 2173
139 144.000  59.000  10  18 1634 2021
140 134.000 157.000  10  20 1662 1804
141 135.000  45.000  10   7 1043 1378
142  88.000 152.000  10  13  562  762
143  41.000 186.000  10  27  487  710
144 183.000 170.000  10  17  636 1026
145 103.000  77.000  10  21   34  437
146   1.000 149.000  10  35 1587 1755
147 123.000  59.000  10  18 1398 1864
148 115.000  75.000  10  26   29  227
149 112.000  78.000  10  34  164  339
150  24.000 131.000  10  31 1161 1427
151  38.000 183.000  10  10 1172 1417
152 174.000 185.000  10  15  255  761
153  35.000 160.000  10  16  320  469
154  32.000  23.000  10  10  625  932
155 111.000 129.000  10  27   31  385
156 188.000 194.000  10   9 1051 1306
157  55.000  87.000  10  30  715 1030
158  86.000 150.000  10  22 1894 2135
159  42.000  72.000  10  18  552 1011
160 115.000  50.000  10  14 1185 1897
161 200.000 162.000  10  24 1888 2187
162 108.000 148.000  10  21   88  302
163  99.000  45.000  10  21  169  627
164 125.000 180.000  10   1  349  407
165 181.000  39.000  10  11 1287 1792
166 176.000  58.000  10  21  802 1127
167  89.000 153.000  10  12  339  752
168  42.000 144.000  10  30 2622 2864
169 137.000 158.000  10   3  730 1069
170 159.000 129.000  10  10 1378 1804
171  68.000 115.000  10  20 2130 2512
172  98.000  77.000  10   7   23  440
173 126.000 199.000  10  18  389  967
174  28.000  15.000  10  18 1136 1642
175  68.000 156.000  10  28 1150 1501
176  94.000 119.000  10  25   19  178
177 105.000  26.000  10  24 1221 1483
178  69.000 133.000  10   8  154  209
179 110.000 184.000  10  10 1702 2024
180 178.000 127.000  10  23  681 1061
181  75.000 173.000  10  30   88  529
182 113.000 105.000  10  23  946 1135
183 165.000 156.000  10  17  245  707
184  30.000 183.000  10   9 1173 1241
185  49.000  99.000  10  32  749 1104
186 143.000 116.000  10  18 1472 1727
187  30.000  67.000  10   7 1100 1181
188  23.000 176.000  10  20 1334 1614
189 127.000  60.000  10  23  326  818
190   7.000 108.000  10  32  236  510
191  42.000 174.000  10  13  279  743
192  63.000 149.000  10  17   61  572
193  57.000 157.000  10  26  236  523
194 119.000 113.000  10  35   76  349
195 164.000  37.000  10  19  263  653
196 106.000  41.000  10  13  966 1281
197  68.000 191.000  10  15 2134 2244
198  68.000  40.000  10  23  246  298
199  64.000 123.000  10  17  533  949
200 109.000  45.000  10  14   58  388
201 109.000  85.000   0   3 2415 2596
202  67.000 138.000  10  11   50  638
203 113.000 158.000  10 -16 1493 1890
204  20.000 113.000  10 -28  153  597
205 191.000 124.000  10  -7  410  912
206 114.000 183.000  10 -20  877 1263
207  46.000  40.000  10 -15  969 1169
208  25.000 165.000  10 -11 1367 1741
209 137.000  41.000  10 -11 1578 1858
210 136.000 111.000  10 -23 2353 2575
211  67.000  70.000  10 -15 1693 1885
212  24.000 197.000  10 -27 1893 2051
213  58.000  19.000  10 -22  632  942
214  59.000 139.000  10 -28 1046 1640
215  26.000  41.000  10 -11  499  766
216 130.000 149.000  10 -13  182  406
217 171.000  69.000  10  -2  655  960
218 177.000 134.000  10 -18 1242 1485
219 191.000 138.000  10 -25  725  772
220 158.000  81.000  10  -6 1913 2283
221   5.000 130.000  10 -10 2520 2802
222  35.000   9.000  10  -9  943 1019
223 146.000 166.000  10 -27 1335 1716
224  56.000  90.000  10 -14 1972 2382
225  38.000 101.000  10 -16 1190 1587
226  70.000  28.000  10  -9 1892 2218
227 104.000  88.000  10 -22 2691 3191
228  50.000 135.000  10 -21 1471 2037
229  87.000  30.000  10 -29  406 1219
230   6.000 120.000  10 -17 2098 2497
231 148.000  38.000  10  -5  815 1189
232  73.000  81.000  10 -25 2590 3133
233 171.000  36.000  10 -31 2368 2815
234  56.000  19.000  10 -24 1791 2095
235 179.000  95.000  10 -35 1690 2233
236  66.000 196.000  10 -28 1439 2021
237  17.000 166.000  10 -31 1629 1981
238  42.000 165.000  10 -22 1469 1717
239 151.000 179.000  10 -16  122  631
240 143.000 179.000  10 -13  900 1391
241 104.000 142.000  10 -31 2440 2686
242  86.000  69.000  10 -10  458 1068
243 154.000 184.000  10 -24 1193 1468
244  76.000  93.000  10 -21 1592 2262
245  80.000 167.000  10 -23  851 1044
246 198.000  16.000  10 -13  625 1062
247 197.000  29.000  10 -17 1583 1808
248 172.000  66.000  10 -23  982 1429
249 168.000 146.000  10 -20  998 1146
250 121.000  46.000  10  -8  579  865
251  85.000 193.000  10 -13 1171 1431
252  74.000 163.000  10 -17 2338 2901
253 139.000 158.000  10 -15 1769 2177
254  60.000 184.000  10 -19 1122 1609
255  69.000  64.000  10 -14  744 1050
256  92.000 178.000  10 -11 1718 2168
257 146.000   3.000  10 -21 1621 1953
258 111.000  98.000  10 -20 2107 2798
259 137.000  59.000  10 -24 1206 1407
260 127.000 143.000  10 -24 2117 2333
261 118.000  45.000  10 -11 1283 1672
262  23.000 123.000  10  -5 1063 1381
263  36.000 104.000  10 -11  717 1327
264 125.000  34.000  10 -22  984 1311
265  13.000 139.000  10  -4 2574 2923
266  85.000  85.000  10 -12 2084 2584
267 158.000  20.000  10 -31 2045 2651
268  55.000  51.000  10  -1  967 1296
269  86.000 110.000  10 -11 2050 2379
270 156.000  93.000  10 -25 1439 2048
271  46.000  22.000  10 -27 1490 1864
272 109.000  48.000  10  -9  487  710
273 173.000  42.000  10 -18  161  584
274  37.000 146.000  10 -46 1075 1529
275  48.000  94.000  10 -21 1422 1678
276 131.000 136.000  10 -20 2462 2704
277  63.000  44.000  10 -20 2006 2113
278 181.000 156.000  10 -20 1835 2341
279 158.000 132.000  10 -10 1332 1648
280  65.000  42.000  10 -21  744 1083
281  78.000 169.000  10  -4  888 1539
282 141.000 132.000  10  -7  169  569
283  31.000  79.000  10 -19 2078 2501
284 130.000  55.000  10 -18 1580 1917
285 127.000  39.000  10  -9  187  731
286   7.000 119.000  10 -41 1086 1924
287  23.000  74.000  10 -19 2170 2409
288  65.000  77.000  10 -20  756 1030
289 152.000  68.000  10  -3 2201 2692
290 186.000  65.000  10 -19 1760 2097
291  78.000 118.000  10 -21 2185 2962
292  28.000 127.000  10 -15  838  883
293 168.000 119.000  10  -4 2274 2309
294 182.000 110.000  10 -14  521  904
295  97.000 129.000  10 -17 2305 2489
296  83.000 180.000  10 -18  873 1377
297 153.000  19.000  10 -15 1289 1494
298  89.000  39.000  10 -29  224  398
299  22.000  61.000  10 -24  879 1401
300  10.000  60.000  10 -13 2017 2329
301  18.000  35.000  10 -10 2327 2743
302 182.000   9.000  10 -24 1093 1363
303 114.000 112.000  10  -7 2204 2761
304 154.000  29.000  10 -17  961 1229
305 122.000  38.000  10 -27 1513 2125
306  44.000  10.000  10 -10  241  827
307 149.000  78.000  10 -11 1775 1924
308  97.000 192.000  10 -27  703  973
309 182.000  89.000  10 -13 1581 1979
310   6.000 193.000  10 -12 1387 1926
311  74.000  55.000  10 -22 1037 1892
312 198.000  97.000  10 -43  694 1216
313 179.000   5.000  10 -26 1927 2484
314   1.000  54.000  10 -13 1085 1334
315 126.000 100.000  10  -6 2408 2896
316  41.000  43.000  10 -20 1785 2390
317 155.000 107.000  10 -25 2081 2439
318  74.000  67.000  10 -17 1213 1507
319 154.000   7.000  10 -13 1393 1531
320 137.000  10.000  10 -20 1545 2099
321  66.000  98.000  10 -13 2444 2743
322 142.000  60.000  10 -29 1474 1949
323  42.000 148.000  10 -33 2143 2718
324 136.000  90.000  10 -18   37  609
325 114.000 122.000  10 -21  701 1122
326  84.000 188.000  10 -19 1941 2082
327  62.000 138.000  10 -26 2283 2837
328  46.000   5.000  10 -26 1370 1651
329  19.000  51.000  10  -6  481  962
330 141.000 146.000  10  -1 2032 2340
331  88.000 143.000  10 -13 2016 2271
332 138.000  31.000  10 -13 1429 1785
333  31.000  63.000  10  -8 1138 1431
334  17.000  32.000  10 -20 1874 2010
335 138.000  72.000  10 -11  467  788
336  84.000 180.000  10 -22 1351 1656
337 184.000 140.000  10  -6 1385 1583
338 107.000 133.000  10 -23 1563 1956
339  80.000 190.000  10 -26 1594 2077
340 151.000 180.000  10 -19 2239 2324
341 161.000   3.000  10 -18 1922 2366
342 124.000 165.000  10 -20 1686 2048
343 138.000  61.000  10  -7  831 1385
344  41.000  73.000  10 -13 1008 1367
345  34.000 145.000  10 -27  966 1355
346 176.000 132.000  10 -17 1095 1729
347 188.000  70.000  10 -21  758  995
348  37.000 177.000  10 -35 1370 2124
349  10.000  20.000  10 -18 2289 2541
350 114.000  72.000  10 -26   31  531
351 101.000  29.000  10 -34  159  410
352  69.000 150.000  10 -31 2034 2599
353  16.000 141.000  10 -10 1954 2376
354 184.000 101.000  10 -15  858 1177
355  27.000  97.000  10 -16  999 1487
356  12.000  15.000  10 -10 1822 2497
357 147.000 193.000  10 -27  209  869
358 148.000 157.000  10  -9 1104 1559
359   9.000 122.000  10 -30 1282 1851
360 110.000 110.000  10 -22 2232 2622
361  45.000  55.000  10 -18  651  858
362  19.000  38.000  10 -14 1859 1895
363 174.000 194.000  10 -24 1566 2248
364  32.000 166.000  10 -21 1089 1480
365 114.000 153.000  10 -21 1112 1825
366  32.000 190.000  10  -1  931 1345
367 144.000  92.000  10 -11 2019 2190
368 113.000  14.000  10 -21 2019 2532
369  49.000  71.000  10 -12 1902 2040
370  47.000 118.000  10 -30 2533 3148
371 159.000 187.000  10  -3 1755 2180
372 196.000 126.000  10 -10 1764 1795
373 116.000 118.000  10 -20 2075 2285
374 112.000  42.000  10  -7 1832 1876
375 157.000 196.000  10 -18 1183 1502
376  25.000  48.000  10 -18 1704 1951
377  63.000 151.000  10 -28 2136 2387
378  71.000 145.000  10 -25  569  929
379 121.000  48.000  10 -24 1047 1339
380  48.000 106.000  10  -8  663  841
381 111.000 189.000  10 -10 1837 2305
382 159.000 105.000  10 -23 2098 2631
383 108.000 187.000  10 -30   87  703
384  95.000  50.000  10 -23  813 1205
385 195.000 132.000  10 -17  858 1369
386  28.000 187.000  10  -9 1842 2271
387  60.000  71.000  10 -32  599 1471
388 109.000 197.000  10 -18 1475 1896
389  45.000 142.000  10  -7 1588 2274
390  26.000 197.000  10 -20 2251 2437
391 113.000 151.000  10 -23 1170 1668
392  11.000 118.000  10 -32  274  741
393  39.000 151.000  10 -13  200  815
394  67.000 127.000  10 -17   42  691
395  12.000 113.000  10 -26 1105 1679
396 165.000 181.000  10 -35  219  611
397 112.000   6.000  10 -19 2251 2811
398  70.000 130.000  10 -13 1756 2119
399  56.000 148.000  10 -15 1902 2437
400  54.000  37.000  10 -23 2495 2793
401   8.000  89.000  10 -17  661 1124
402 155.000  17.000  10 -14  425  465
403 109.000  85.000  10  -3 2415 2596
404  40.000  95.000  10 -11 1743 2397
405 100.000 100.000   0   0    0 3213
