203 203 1000 1000 1000
  0 100.000 100.000   0   0    0 3213
  1 191.000 124.000  10   7    0 3109
  2 146.000 166.000  10  24 1406 1646
  3  81.000 183.000  10  11  286  526
  4  10.000  60.000  10  16    0 3105
  5 184.000 110.000  10  23  664  904
  6  67.000 127.000  10  21   51  291
  7   8.000  89.000  10  13  772 1012
  8  25.000  48.000  10  11    0 3112
  9  95.000  50.000  10  25    0 3153
 10 130.000 149.000  10  17    0 3146
 11  78.000 118.000  10  28    0 3175
 12   5.000 122.000  10  15    0 3106
 13 155.000  17.000  10  32  325  565
 14 114.000 153.000  10  23 1348 1588
 15  70.000  28.000  10  11 1935 2175
 16  90.000   4.000  10  22  353  593
 17  84.000  81.000  10  11   24  264
 18 118.000  45.000  10  28    0 3146
 19 103.000  25.000  10   2  222  462
 20 129.000 176.000  10  18  520  760
 21 186.000 149.000  10  25  322  562
 22 172.000 161.000   0   6    0 3109
 23 112.000   6.000  10  39    0 3109
 24  39.000 151.000  10  26  387  627
 25  46.000  40.000  10  15    0 3123
 26 138.000  72.000  10   8  508  748
 27  75.000 134.000  10  16    0 3161
 28  66.000   3.000  10   9    0 3101
 29 153.000  19.000  10   3 1271 1511
 30  59.000 139.000  10  26    0 3147
 31 100.000  53.000  10  22    0 3156
 32  46.000 131.000  10  21 1302 1542
 33  62.000  15.000  10  29    0 3110
 34 197.000  29.000  10  16    0 3083
 35 172.000 186.000  10  35    0 3091
 36 138.000  31.000  10  10 1487 1727
 37  12.000 131.000  10  28  480  720
 38  42.000 165.000  10  22 1473 1713
 39 126.000 100.000  10  36    0 3177
 40 148.000 196.000  10  13 1299 1539
 41 145.000  71.000  10  10    0 3150
 42 124.000 191.000  10  24  725  965
 43  57.000 118.000  10  21    0 3157
 44 182.000   9.000  10  30    0 3081
 45  85.000 164.000  10  23  143  383
 46 154.000   7.000  10  32 1342 1582
 47 180.000  66.000  10  13    0 3117
 48  83.000 180.000   0  15    0 3122
 49 149.000 103.000  10  17   76  316
 50 178.000  88.000  10  23    0 3125
 51 118.000 117.000  10  20    0 3179
 52  82.000  48.000  10   8    0 3148
 53  80.000 190.000  10  13 1716 1956
 54 108.000 141.000  10  13 1020 1260
 55  77.000 119.000  10  17    0 3174
 56 104.000 176.000  10  19    0 3127
 57  63.000 141.000  10  14    0 3148
 58 159.000 187.000  10   9    0 3098
 59 199.000 123.000  10  20 1161 1401
 60 154.000  29.000  10  19  975 1215
 61 114.000 122.000  10  10  792 1032
 62  41.000  43.000  10  30    0 3121
 63  60.000 153.000  10  11  329  569
 64 131.000  92.000  10  22   32  272
 65 186.000   8.000  10  31    0 3078
 66  71.000 131.000  10  11 1936 2176
 67 158.000  20.000  10  19 2228 2468
 68 121.000  48.000  10  17 1073 1313
 69 152.000 122.000  10  25  193  433
 70  32.000  47.000  10  27    0 3117
 71 111.000  98.000  10  16    0 3192
 72 138.000  69.000  10   9  142  382
 73 171.000  69.000  10  19    0 3126
 74 125.000  34.000  10  14    0 3133
 75  94.000  31.000  10  18  157  397
 76 179.000 151.000  10  20 1217 1457
 77 162.000 162.000  10  20 1311 1551
 78  66.000 196.000  10  23 1610 1850
 79 172.000  66.000  10  23    0 3124
 80 151.000 180.000  10  14    0 3109
 81 157.000 196.000  10  30 1223 1463
 82 135.000 110.000  10   7   36  276
 83 103.000  97.000  10   9    0 3199
 84  71.000 145.000  10   7    0 3150
 85  40.000 115.000  10  41  815 1055
 86 114.000  72.000  10  22    0 3172
 87 161.000   3.000   0  22 2024 2264
 88  63.000 116.000  10  21    0 3163
 89  76.000 102.000  10  15   24  264
 90 101.000  29.000  10   7    0 3132
 91 176.000 134.000  10  14    0 3120
 92  60.000  71.000  10  22    0 3154
 93  17.000 166.000  10  22    0 3097
 94  75.000 170.000  10  17    0 3129
 95  90.000 174.000  10  18  808 1048
 96 122.000  58.000  10  15  110  350
 97 113.000  14.000  10  20 2156 2396
 98  98.000  89.000  10  29   11  251
 99  59.000  83.000  10  24  847 1087
100  44.000  10.000  10  16    0 3097
101  97.000   9.000  10  13    0 3112
102 116.000  52.000  10  10    0 3153
103 155.000  22.000  10  24  448  688
104 122.000  13.000  10  27    0 3114
105  70.000  37.000  10  10    0 3134
106 172.000  55.000  10  11    0 3119
107  98.000 193.000  10  27  749  989
108 157.000 142.000  10  13    0 3133
109  63.000 192.000  10  12  872 1112
110 189.000  83.000  10  43    0 3113
111 113.000 158.000  10  19 1572 1812
112  51.000 112.000  10  13  730  970
113  50.000  31.000  10  20  262  502
114 181.000  70.000  10  25    0 3117
115  20.000 113.000  10  22    0 3122
116 125.000  49.000  10  17 1099 1339
117 136.000 111.000  10  19    0 3166
118 104.000 142.000   0  24 2443 2683
119 112.000  42.000  10  33    0 3144
120 137.000  59.000  10  23    0 3148
121  48.000  94.000  10  15    0 3151
122  26.000 197.000  10  17 2224 2464
123 136.000  90.000  10  18   37  277
124 123.000  90.000  10  21   25  265
125  62.000 152.000  10  19 1758 1998
126  69.000 150.000  10  17 2197 2437
127 181.000 156.000  10  21    0 3105
128  41.000  16.000  10   6    0 3101
129  89.000 176.000  10  13    0 3127
130  74.000  67.000   0   2 1240 1480
131 197.000   7.000  10  13    0 3069
132  26.000  45.000  10   8    0 3111
133  47.000 118.000  10  23    0 3148
134  55.000 100.000  10  22   60  300
135 159.000 196.000  10   6  892 1132
136 107.000  96.000  10  23    0 3195
137   5.000 162.000  10  26  435  675
138 135.000  45.000  10   7 1090 1330
139  88.000 152.000  10  13  542  782
140  41.000 186.000  10  27    0 3099
141 103.000  77.000  10  21    0 3180
142 147.000 193.000  10  29  419  659
143  48.000 106.000  10  23    0 3151
144  78.000 169.000  10  10    0 3131
145 174.000 194.000  10   8    0 3084
146   1.000 149.000  10  35    0 3093
147  18.000  35.000  10  24 2415 2655
148 115.000  75.000  10  26   29  269
149 124.000 165.000  10  24    0 3134
150 112.000  78.000  10  34    0 3178
151 116.000 118.000  10  12    0 3179
152  80.000 167.000  10  10    0 3134
153  62.000 138.000  10  15    0 3150
154 195.000 132.000  10   6    0 3103
155 149.000  78.000  10   6 1729 1969
156  38.000 183.000  10  10    0 3100
157 174.000 185.000  10  15    0 3091
158  35.000 160.000  10  16  275  515
159 111.000 129.000  10  27    0 3172
160 188.000 194.000  10   9    0 3075
161  92.000 178.000  10  26    0 3125
162  56.000 148.000  10  20 2050 2290
163 115.000  50.000  10  14    0 3151
164  99.000  45.000  10  21    0 3148
165 125.000 180.000  10   1    0 3120
166 142.000  60.000  10  13    0 3145
167  87.000  30.000  10  10  692  932
168 176.000  58.000  10  21  845 1085
169 198.000  97.000  10  14  835 1075
170  89.000 153.000  10  12  425  665
171  67.000  70.000  10  18 1669 1909
172  42.000 144.000  10  30 2623 2863
173 138.000  61.000  10  19    0 3149
174 143.000 179.000  10  24 1025 1265
175 182.000  89.000  10  21    0 3121
176  25.000 165.000  10  24 1434 1674
177  23.000  74.000  10  21    0 3122
178 159.000 129.000  10  10 1471 1711
179 126.000 199.000  10  18  558  798
180  94.000 119.000  10  25   19  259
181  60.000 184.000  10   7 1246 1486
182  69.000 133.000  10   8   61  301
183 141.000 132.000  10  18    0 3151
184  56.000  19.000  10  22 1823 2063
185 110.000 184.000  10  10 1743 1983
186 165.000 156.000  10  17  356  596
187  55.000  51.000  10  17    0 3137
188  37.000 177.000  10  21    0 3104
189  49.000  99.000  10  32    0 3152
190  89.000  39.000  10  19    0 3142
191  23.000 176.000  10  20 1354 1594
192 127.000  60.000  10  23    0 3155
193  65.000  77.000  10  19  773 1013
194 108.000 187.000  10  22  229  469
195 159.000 105.000  10  20 2244 2484
196  34.000 145.000  10  21 1040 1280
197  57.000 157.000  10  26  260  500
198  56.000  90.000   0  15    0 3158
199 148.000  38.000  10   6  882 1122
200 164.000  37.000  10  19  338  578
201 173.000  42.000  10   3    0 3110
202  68.000  40.000  10  23  152  392
203  67.000 138.000  10  11  224  464
204 158.000  81.000  10  -7    0 3142
205   6.000 193.000  10 -24    0 3071
206 135.000 171.000  10 -11  594  834
207   1.000  54.000  10 -16    0 3094
208 139.000  97.000  10 -23 2441 2681
209  63.000 149.000  10 -21  180  420
210  49.000  71.000  10 -13 1851 2091
211  69.000  64.000  10 -11  777 1017
212  98.000  77.000  10 -25    0 3180
213 107.000 133.000  10 -17    0 3170
214  51.000 162.000  10 -28  349  589
215   5.000 130.000  10 -15 2541 2781
216 181.000  39.000  10 -32    0 3102
217  88.000 143.000  10 -23    0 3159
218  54.000  37.000  10 -11 2524 2764
219  65.000  42.000  10 -22    0 3136
220  78.000  72.000  10 -11    0 3168
221 113.000 100.000  10 -28  861 1101
222   8.000   8.000  10  -2    0 3073
223 143.000 116.000  10 -18 1479 1719
224 137.000 158.000  10 -25  779 1019
225 172.000 161.000  10  -6    0 3109
226  26.000  41.000  10 -39  512  752
227  31.000  79.000  10 -26    0 3131
228  42.000  72.000  10 -15  661  901
229 152.000  68.000  10  -8    0 3142
230  70.000 130.000  10 -16    0 3161
231  45.000  55.000  10  -9  634  874
232 123.000  59.000  10  -3 1511 1751
233  36.000 104.000  10 -26  902 1142
234 113.000 105.000  10 -22  921 1161
235  12.000 113.000  10 -21 1272 1512
236  46.000  22.000  10 -29    0 3109
237 171.000  36.000  10 -16    0 3108
238 176.000 132.000  10 -35 1292 1532
239 137.000  41.000  10 -10    0 3134
240  23.000 168.000  10 -28 1855 2095
241   3.000 101.000  10 -22 2207 2447
242 151.000 132.000  10 -36  598  838
243  28.000 187.000  10 -13 1936 2176
244 193.000 127.000  10 -10 1969 2209
245 158.000 132.000  10 -24 1370 1610
246   9.000 122.000  10 -21 1447 1687
247 193.000  12.000  10 -30    0 3075
248 178.000 127.000  10 -23  751  991
249 145.000  19.000  10 -32 1242 1482
250 178.000  61.000  10 -13 1376 1616
251  83.000 180.000  10 -15    0 3122
252 149.000 176.000  10 -17    0 3113
253 200.000 162.000  10 -23 1917 2157
254  40.000  95.000  10 -20    0 3143
255  83.000  81.000  10  -8    0 3178
256  30.000 183.000  10 -13    0 3095
257  22.000  61.000  10 -13    0 3116
258  68.000 115.000  10 -17 2201 2441
259 161.000 158.000  10 -19    0 3119
260  64.000 123.000  10 -14  621  861
261 165.000 181.000  10  -9    0 3100
262 156.000  93.000  10 -20 1623 1863
263 142.000  27.000  10 -19    0 3119
264  20.000  72.000  10 -10    0 3119
265  35.000   9.000  10 -30    0 3092
266  42.000 148.000  10 -11    0 3128
267 184.000 101.000  10 -22    0 3119
268 104.000  88.000  10 -31 2849 3089
269  66.000  98.000  10 -11 2474 2714
270 198.000  16.000  10 -19    0 3074
271 179.000   5.000  10 -17 2085 2325
272 109.000 197.000  10 -25 1565 1805
273  28.000  15.000  10 -27 1269 1509
274  20.000  59.000  10 -16 1946 2186
275 155.000 107.000  10  -9    0 3148
276 175.000  60.000  10 -19    0 3118
277 110.000   8.000  10 -14 1852 2092
278  58.000  19.000  10 -18  667  907
279 141.000 146.000  10 -20 2066 2306
280  15.000 197.000  10 -20 2345 2585
281  42.000 174.000  10 -23    0 3109
282 172.000 179.000  10 -23 2186 2426
283 111.000 189.000  10 -14    0 3114
284 154.000 184.000  10 -30    0 3104
285  74.000 163.000  10  -7 2500 2740
286 182.000 110.000  10  -9    0 3121
287  29.000 121.000  10  -7 1037 1277
288  28.000 127.000  10 -41    0 3127
289 104.000   5.000  10 -22  703  943
290 161.000   3.000  10 -22 2024 2264
291  76.000  93.000  10 -21    0 3178
292  11.000 118.000  10 -15    0 3113
293  59.000  24.000  10  -7    0 3117
294  97.000 129.000  10 -14    0 3174
295  85.000  85.000  10 -22 2214 2454
296   7.000 119.000  10 -22    0 3109
297  68.000 156.000  10 -17 1206 1446
298  97.000 192.000  10 -18  718  958
299 109.000  48.000  10 -15    0 3151
300 137.000  10.000  10 -20    0 3106
301  31.000  63.000  10 -29    0 3125
302  10.000  20.000  10 -24    0 3083
303  32.000  23.000  10 -16    0 3101
304  17.000  32.000  10 -13    0 3096
305 121.000  46.000  10 -10  602  842
306 127.000  39.000  10 -24    0 3137
307 146.000   3.000  10 -27    0 3096
308  88.000  15.000  10 -10  311  551
309 179.000  95.000  10 -11 1841 2081
310  53.000 180.000  10 -27    0 3111
311 114.000 183.000  10 -13  950 1190
312  75.000 173.000  10 -12    0 3126
313 191.000 138.000  10 -43    0 3105
314  19.000  51.000  10 -19    0 3109
315  28.000  77.000  10 -13  821 1061
316  46.000   5.000  10 -20    0 3094
317 186.000  65.000  10 -25 1809 2049
318  16.000 141.000  10 -22 2045 2285
319 121.000  50.000  10 -17    0 3149
320  68.000 191.000  10 -19 2069 2309
321 104.000 142.000  10 -24 2443 2683
322 130.000  55.000  10 -33 1628 1868
323 120.000  39.000  10 -23    0 3139
324  53.000  79.000  10 -15 1827 2067
325 100.000 144.000  10 -17    0 3159
326 168.000 146.000  10 -18    0 3121
327 114.000 112.000  10 -21 2363 2603
328  83.000 112.000  10 -19    0 3183
329   6.000 120.000  10 -17 2178 2418
330  86.000 110.000  10 -21 2094 2334
331  74.000  55.000  10  -6    0 3152
332  53.000 175.000  10 -13    0 3115
333  74.000  67.000  10  -2 1240 1480
334 125.000  78.000  10 -13    0 3170
335  12.000  15.000  10  -8    0 3081
336  45.000  95.000  10 -23  744  984
337  39.000 186.000  10 -22  642  882
338  84.000 188.000  10  -6 1891 2131
339 168.000  58.000  10 -23    0 3124
340  84.000 180.000  10 -26 1383 1623
341 125.000  53.000  10  -7 1433 1673
342  23.000 123.000  10 -13 1102 1342
343 101.000 127.000  10 -27    0 3176
344 105.000  26.000  10 -21    0 3129
345 131.000 136.000  10 -29    0 3156
346  18.000  59.000  10 -23    0 3112
347 112.000 174.000  10 -10  220  460
348 139.000 158.000  10  -8 1853 2093
349  32.000 190.000  10 -35 1018 1258
350  55.000  87.000  10 -24    0 3157
351 150.000  26.000  10 -26    0 3114
352 134.000 157.000  10 -24 1613 1853
353 154.000  59.000  10 -34    0 3136
354  78.000 136.000  10 -12    0 3161
355 127.000 143.000  10 -10 2105 2345
356  27.000  97.000  10 -15 1123 1363
357 168.000 119.000  10  -6 2172 2412
358 143.000 103.000  10  -6    0 3160
359  24.000 131.000  10 -10    0 3121
360 144.000  92.000  10 -15 1985 2225
361  64.000 156.000  10 -16    0 3137
362  30.000  67.000  10 -27    0 3126
363 177.000 134.000  10  -9    0 3119
364 148.000 157.000  10 -26 1211 1451
365  13.000 139.000  10 -20    0 3108
366 109.000  45.000  10 -14  103  343
367 119.000 113.000  10 -21    0 3180
368 152.000 190.000  10  -1    0 3100
369 144.000  59.000  10 -13    0 3143
370  86.000  69.000  10 -10  643  883
371 173.000 147.000  10 -21 1816 2056
372 188.000  70.000  10 -14  757  997
373  40.000 130.000  10 -12  491  731
374  73.000  81.000  10 -18    0 3170
375  45.000 142.000  10 -30    0 3134
376 136.000  12.000  10 -19    0 3108
377  85.000 193.000  10 -24    0 3109
378 196.000 126.000  10 -21 1660 1900
379  32.000 166.000  10 -24    0 3109
380  41.000  73.000  10 -21    0 3139
381  71.000 114.000  10 -10    0 3171
382 184.000 140.000  10 -18 1364 1604
383 108.000 148.000  10 -25   75  315
384  37.000 146.000  10  -7    0 3125
385  50.000 135.000  10  -8    0 3142
386 118.000 139.000  10 -18    0 3161
387  62.000  38.000  10 -22 2094 2334
388  24.000 197.000  10 -10    0 3080
389 151.000 179.000  10 -17    0 3109
390  19.000  38.000  10 -17 1757 1997
391  28.000 160.000  10 -21 1510 1750
392   7.000 108.000  10 -32  253  493
393 113.000 151.000  10 -19 1299 1539
394  63.000 151.000  10 -20    0 3140
395 122.000  38.000  10 -23 1699 1939
396  63.000  44.000  10 -19    0 3136
397 183.000 170.000  10 -22  711  951
398 110.000 110.000  10 -20    0 3189
399  38.000 101.000  10 -21 1269 1509
400  86.000 150.000  10 -26    0 3152
401  56.000  90.000  10 -15    0 3158
402 109.000  85.000  10  -6 2385 2625
403 106.000  41.000  10 -19 1003 1243
404 151.000  66.000  10  -3    0 3142
405 116.000   4.000  10 -23  309  549
406  39.000 112.000  10 -11  461  701
407 100.000 100.000   0   0    0 3213
