202 202 1000 1000 1000
  0 100.000 100.000   0   0    0 3213
  1 150.000  26.000  10  16    0 3114
  2  84.000 188.000  10  17    0 3114
  3  83.000 112.000  10  28    0 3183
  4  45.000  95.000  10  15    0 3148
  5 142.000  27.000  10  11    0 3119
  6  67.000 127.000   0  21  110  232
  7  16.000 141.000  10  20    0 3110
  8 148.000 157.000  10  21    0 3129
  9  74.000 163.000   0  21 2548 2692
 10  25.000  48.000  10  11    0 3112
 11 130.000 149.000  10  17    0 3146
 12  78.000 118.000  10  28    0 3175
 13  86.000  69.000  10  14  678  848
 14   5.000 122.000  10  15    0 3106
 15 155.000  17.000  10  32    0 3104
 16 146.000   3.000  10  24    0 3096
 17 114.000 153.000  10  23 1448 1488
 18  90.000   4.000  10  22    0 3107
 19  84.000  81.000  10  11    0 3179
 20 103.000  25.000  10   2    0 3128
 21 186.000 149.000  10  25  359  525
 22 168.000 146.000  10  19    0 3121
 23 172.000 161.000   0   6    0 3109
 24  15.000 197.000  10  10 2415 2515
 25  26.000  41.000  10  14  569  696
 26  78.000  72.000  10   9    0 3168
 27 135.000 171.000  10  27  694  734
 28  46.000  40.000  10  15    0 3123
 29 138.000  72.000  10   8    0 3156
 30  53.000  79.000  10  14 1838 2057
 31  75.000 134.000  10  16    0 3161
 32  66.000   3.000  10   9    0 3101
 33 153.000  19.000  10   3    0 3107
 34 100.000 144.000  10  17    0 3159
 35  70.000 130.000  10   8    0 3161
 36 138.000  31.000  10  10    0 3125
 37  37.000 146.000  10  10    0 3125
 38   1.000  54.000  10  14    0 3094
 39 101.000 127.000  10  31    0 3176
 40 149.000 176.000  10  16    0 3113
 41 148.000 196.000  10  13    0 3096
 42 179.000  95.000  10  19    0 3124
 43 124.000 191.000  10  24  795  896
 44  38.000 101.000  10  10 1308 1470
 45   7.000 119.000  10  30    0 3109
 46  85.000 164.000  10  23    0 3138
 47 154.000   7.000  10  32    0 3096
 48 130.000  55.000  10  28 1669 1828
 49 149.000 103.000  10  17  158  234
 50 178.000  88.000  10  23    0 3125
 51  82.000  48.000  10   8    0 3148
 52 108.000 141.000  10  13    0 3162
 53  77.000 119.000  10  17    0 3174
 54 104.000 176.000  10  19    0 3127
 55 159.000 187.000  10   9    0 3098
 56 125.000  78.000   0  11    0 3170
 57 136.000  12.000  10  21    0 3108
 58 154.000  29.000  10  19 1037 1153
 59 114.000 122.000  10  10    0 3177
 60 161.000 158.000  10  24    0 3119
 61  41.000  43.000  10  30    0 3121
 62 113.000 151.000  10   2    0 3151
 63  39.000 186.000  10   5  678  845
 64 131.000  92.000  10  22  108  148
 65  53.000 180.000  10   4    0 3111
 66  28.000  77.000  10  12    0 3128
 67  40.000 130.000  10   1  553  668
 68  71.000 131.000  10  11    0 3161
 69 121.000  48.000  10  17 1111 1275
 70 152.000 122.000  10  25    0 3147
 71 138.000  69.000  10   9  203  321
 72 125.000  34.000  10  14    0 3133
 73  94.000  31.000  10  18  203  351
 74  29.000 121.000  10  46 1057 1256
 75 179.000 151.000  10  20    0 3109
 76  45.000 142.000  10  15    0 3134
 77  36.000 104.000  10  11    0 3139
 78  83.000  81.000  10  21    0 3178
 79 151.000 180.000  10  14    0 3109
 80 109.000  48.000  10   3    0 3151
 81 157.000 196.000  10  30 1292 1394
 82 135.000 110.000  10   7  125  166
 83 103.000  97.000  10   9    0 3199
 84  71.000 145.000  10   7    0 3150
 85 114.000  72.000  10  22    0 3172
 86  62.000  38.000  10  19    0 3131
 87 161.000   3.000  10  22    0 3089
 88 151.000 179.000  10  12    0 3109
 89  88.000 143.000  10  17    0 3159
 90  32.000 190.000  10  13 1095 1181
 91  60.000  71.000  10  22    0 3154
 92 137.000  10.000  10  21    0 3106
 93  75.000 170.000  10  17    0 3129
 94  90.000 174.000  10  18    0 3129
 95 122.000  58.000  10  15    0 3156
 96 113.000  14.000  10  20 2197 2355
 97  59.000  83.000  10  24    0 3159
 98  44.000  10.000  10  16    0 3097
 99 116.000  52.000  10  10    0 3153
100 155.000  22.000  10  24    0 3108
101  70.000  37.000  10  10    0 3134
102 172.000  55.000  10  11    0 3119
103  46.000  22.000  10  10    0 3109
104 157.000 142.000  10  13    0 3133
105 189.000  83.000  10  43    0 3113
106 171.000  36.000  10   6    0 3108
107  65.000  42.000  10  12    0 3136
108 113.000 158.000  10  19    0 3144
109 151.000 132.000  10   6    0 3143
110 181.000  70.000  10  25    0 3117
111 136.000 111.000  10  19    0 3166
112 112.000  42.000  10  33    0 3144
113 145.000  19.000  10  20 1281 1442
114 168.000  58.000  10  29    0 3124
115   3.000 101.000  10  33 2270 2385
116  48.000  94.000  10  15    0 3151
117 198.000  16.000  10  18    0 3074
118  26.000 197.000  10  17    0 3081
119  84.000 180.000  10  12    0 3122
120 123.000  90.000  10  21   25  203
121  10.000  20.000  10  14    0 3083
122  19.000  38.000  10  16    0 3101
123  69.000 150.000  10  17 2262 2371
124  39.000 112.000  10  26  550  612
125  89.000 176.000  10  13    0 3127
126  74.000  67.000  10   2    0 3161
127 197.000   7.000  10  13    0 3069
128 131.000 136.000  10  18    0 3156
129  47.000 118.000  10  23    0 3148
130 151.000  66.000  10  11    0 3142
131  55.000 100.000  10  22    0 3158
132 159.000 196.000  10   6  951 1074
133 107.000  96.000  10  23    0 3195
134 173.000 147.000  10  19    0 3117
135 134.000 157.000  10  20    0 3137
136 135.000  45.000  10   7    0 3138
137  88.000 152.000  10  13  598  726
138  41.000 186.000  10  27    0 3099
139 183.000 170.000  10  17    0 3095
140  97.000 129.000  10  11    0 3174
141 147.000 193.000  10  29    0 3099
142 174.000 194.000  10   8    0 3084
143 123.000  59.000  10  18    0 3156
144 137.000  41.000  10  15    0 3134
145 115.000  75.000  10  26    0 3174
146 124.000 165.000  10  24    0 3134
147 112.000  78.000  10  34    0 3178
148  62.000 138.000  10  15    0 3150
149 195.000 132.000  10   6    0 3103
150  38.000 183.000  10  10    0 3100
151 174.000 185.000  10  15    0 3091
152  35.000 160.000  10  16    0 3115
153  32.000  23.000  10  10    0 3101
154  92.000 178.000  10  26    0 3125
155  55.000  87.000  10  30    0 3157
156  86.000 150.000  10  22    0 3152
157 114.000 183.000  10  35 1039 1101
158  42.000  72.000  10  18  723  840
159  56.000 148.000  10  20    0 3138
160 115.000  50.000  10  14    0 3151
161 108.000 148.000  10  21  113  276
162 125.000 180.000  10   1    0 3120
163 181.000  39.000  10  11    0 3102
164 165.000 181.000  10  22    0 3100
165  89.000 153.000  10  12  459  631
166 138.000  61.000  10  19    0 3149
167 184.000 101.000  10  17    0 3119
168  25.000 165.000  10  24 1506 1601
169  22.000  61.000  10  17    0 3116
170  94.000 119.000  10  25   19  140
171  31.000  63.000  10  11    0 3125
172  60.000 184.000  10   7 1309 1423
173  69.000 133.000  10   8  146  216
174  56.000  19.000  10  22    0 3111
175 110.000 184.000  10  10    0 3119
176 178.000 127.000  10  23    0 3121
177 113.000 105.000  10  23    0 3190
178  55.000  51.000  10  17    0 3137
179  30.000 183.000  10   9    0 3095
180  49.000  99.000  10  32    0 3152
181  30.000  67.000  10   7    0 3126
182  89.000  39.000  10  19    0 3142
183  23.000 176.000  10  20 1368 1580
184 127.000  60.000  10  23    0 3155
185   6.000 120.000  10  25 2225 2370
186 176.000 132.000  10  10 1367 1457
187   7.000 108.000  10  32  329  417
188  42.000 174.000  10  13    0 3109
189  63.000 149.000  10  17  222  378
190  57.000 157.000  10  26    0 3132
191  56.000  90.000  10  15    0 3158
192 148.000  38.000  10   6  949 1055
193 164.000  37.000  10  19  408  507
194 173.000  42.000  10   3    0 3110
195 106.000  41.000  10  13    0 3144
196  40.000  95.000  10  25    0 3143
197   5.000 130.000  10  15    0 3104
198 182.000 110.000  10  15    0 3121
199  68.000 191.000  10  15    0 3107
200  64.000 123.000  10  17  682  801
201 109.000  85.000  10   3    0 3186
202  67.000 138.000  10  11  321  366
203  88.000  15.000  10 -16    0 3118
204  66.000  98.000  10 -17 2537 2650
205  59.000 139.000  10 -28    0 3147
206  49.000  71.000  10 -15    0 3145
207 110.000   8.000  10 -11 1945 1999
208  67.000 127.000  10 -21  110  232
209  28.000 127.000  10 -20    0 3127
210 111.000 129.000  10 -21    0 3172
211  74.000 163.000  10 -21 2548 2692
212  35.000   9.000  10 -11    0 3092
213 107.000 133.000  10 -17    0 3170
214  98.000  77.000  10 -28    0 3180
215  45.000  55.000  10 -14  726  782
216  12.000 131.000  10 -15  528  671
217 175.000  60.000  10 -32    0 3118
218 127.000  39.000  10 -24    0 3137
219 137.000 158.000  10 -23    0 3135
220 127.000 143.000  10 -22 2191 2259
221  62.000  15.000  10 -11    0 3110
222 121.000  46.000  10  -2    0 3146
223  98.000 193.000  10 -25    0 3110
224 181.000 156.000  10 -19    0 3105
225 172.000 161.000  10  -6    0 3109
226   1.000 149.000  10 -10    0 3093
227  58.000  19.000  10 -14  736  838
228 159.000 105.000  10  -9 2303 2425
229 156.000  93.000  10 -27    0 3147
230  46.000   5.000  10 -15    0 3094
231 180.000  66.000  10  -8    0 3117
232  20.000  59.000  10 -14 2008 2124
233  37.000 177.000  10 -16    0 3104
234  87.000  30.000  10  -9    0 3132
235 197.000  29.000  10  -3    0 3083
236 143.000 179.000  10 -17    0 3114
237  51.000 162.000  10  -8    0 3124
238  97.000   9.000  10 -10    0 3112
239  98.000  89.000  10 -10    0 3192
240  10.000  60.000  10 -14    0 3105
241 112.000 174.000  10 -31  277  403
242 139.000 158.000  10 -16    0 3134
243  66.000 196.000  10 -13 1648 1811
244 155.000 107.000  10 -19    0 3148
245  97.000 192.000  10 -24    0 3111
246  18.000  35.000  10 -10 2473 2596
247   8.000  89.000  10 -30    0 3111
248  75.000 173.000  10 -23    0 3126
249 179.000   5.000  10 -32    0 3080
250 103.000  77.000  10 -28    0 3180
251 158.000 132.000  10 -17    0 3137
252 119.000 113.000  10 -23    0 3180
253 141.000 146.000  10  -8 2120 2253
254 110.000 110.000  10 -13    0 3189
255  63.000  44.000  10 -17    0 3136
256 111.000  98.000  10 -19    0 3192
257 126.000 199.000  10  -9  626  730
258 125.000  78.000  10 -11    0 3170
259  70.000  28.000  10 -21 1979 2131
260 125.000  49.000  10 -19    0 3147
261 116.000 118.000  10 -10    0 3179
262 118.000 139.000  10 -24    0 3161
263 137.000  59.000  10 -30    0 3148
264 146.000 166.000  10  -2 1466 1586
265  32.000 166.000  10  -5    0 3109
266 145.000  71.000  10 -22    0 3150
267  42.000 165.000  10  -4 1538 1648
268  20.000  72.000  10 -12    0 3119
269  17.000  32.000  10  -1    0 3096
270  42.000 144.000  10 -11 2675 2810
271 196.000 126.000  10 -17 1721 1839
272 200.000 162.000  10 -25    0 3086
273 188.000  70.000  10  -9  834  920
274 100.000  53.000  10 -14    0 3156
275 112.000   6.000  10 -18    0 3109
276  12.000 113.000  10 -46 1317 1467
277 152.000 190.000  10 -20    0 3100
278  71.000 114.000  10 -15    0 3171
279  11.000 118.000  10 -11    0 3113
280 198.000  97.000  10 -21    0 3105
281 126.000 100.000  10 -14    0 3177
282 125.000  53.000  10  -3    0 3150
283 149.000  78.000  10 -30 1782 1916
284  85.000 193.000  10  -7    0 3109
285 101.000  29.000  10  -9    0 3132
286  78.000 169.000  10  -7    0 3131
287 104.000  88.000  10 -22    0 3191
288 182.000  89.000  10 -19    0 3121
289 171.000  69.000  10 -22    0 3126
290 141.000 132.000  10 -12    0 3151
291  63.000 151.000  10 -17    0 3140
292   9.000 122.000  10 -13 1464 1670
293  41.000  73.000  10 -22    0 3139
294 165.000 156.000  10 -21    0 3118
295  57.000 118.000  10 -17    0 3157
296  83.000 180.000  10 -18    0 3122
297 184.000 140.000  10 -15    0 3110
298  95.000  50.000  10 -20    0 3153
299  27.000  97.000  10 -24 1176 1309
300 118.000  45.000  10 -16    0 3146
301 109.000  45.000  10 -10  129  316
302 193.000  12.000  10 -24    0 3075
303  32.000  47.000  10 -10    0 3117
304 186.000   8.000  10 -11    0 3078
305  23.000  74.000  10 -10    0 3122
306 109.000 197.000  10 -13 1629 1742
307 154.000  59.000  10 -43    0 3136
308 158.000  20.000  10  -6    0 3105
309  68.000  40.000  10 -12  208  336
310 154.000 184.000  10 -19    0 3104
311  23.000 168.000  10  -6 1914 2037
312  85.000  85.000  10 -25 2281 2388
313 114.000 112.000  10 -19 2439 2526
314 184.000 110.000  10 -33    0 3119
315 122.000  38.000  10 -20    0 3138
316 178.000  61.000  10 -29 1478 1514
317  54.000  37.000  10 -33 2613 2674
318  48.000 106.000  10 -15    0 3151
319 176.000  58.000  10 -18  925 1004
320   5.000 162.000  10 -17    0 3090
321  64.000 156.000  10 -12    0 3137
322 136.000  90.000  10 -21  124  174
323  28.000  15.000  10 -14 1328 1449
324  74.000  55.000  10 -16    0 3152
325  63.000 116.000  10 -17    0 3163
326  41.000  16.000  10 -26    0 3101
327  63.000 192.000  10 -13  913 1070
328  26.000  45.000  10  -2    0 3111
329 144.000  59.000  10 -13    0 3143
330 118.000 117.000  10 -18    0 3179
331  76.000 102.000  10 -23    0 3179
332 186.000  65.000  10 -11 1869 1989
333  65.000  77.000  10 -22  886  900
334 113.000 100.000  10  -6    0 3190
335 182.000   9.000  10 -23    0 3081
336 188.000 194.000  10 -19    0 3075
337 143.000 103.000  10 -20    0 3160
338 172.000 179.000  10  -7 2275 2336
339  60.000 153.000  10 -13    0 3137
340  13.000 139.000  10 -27    0 3108
341   6.000 193.000  10 -17    0 3071
342 143.000 116.000  10 -11 1568 1630
343  80.000 190.000  10 -29    0 3111
344 172.000 186.000  10  -8    0 3091
345 152.000  68.000  10 -18    0 3142
346 104.000   5.000  10 -15    0 3108
347 116.000   4.000  10 -26  403  456
348 144.000  92.000  10 -24    0 3159
349 162.000 162.000  10 -34    0 3116
350  20.000 113.000  10 -15    0 3122
351 191.000 124.000  10  -6    0 3109
352  24.000 197.000  10 -10    0 3080
353 111.000 189.000  10 -15    0 3114
354  39.000 151.000  10 -16    0 3124
355  59.000  24.000  10 -10    0 3117
356  81.000 183.000  10 -26    0 3118
357  31.000  79.000  10 -30    0 3131
358  68.000 156.000  10 -22    0 3139
359  28.000 187.000  10 -35 2003 2109
360   8.000   8.000  10 -18    0 3073
361  18.000  59.000  10 -20    0 3112
362 122.000  13.000  10 -14    0 3114
363 129.000 176.000  10 -21  591  690
364 139.000  97.000  10  -1    0 3164
365 172.000  66.000  10 -11    0 3124
366  51.000 112.000  10 -22    0 3153
367  50.000 135.000  10 -12    0 3142
368 191.000 138.000  10 -19    0 3105
369 199.000 123.000  10 -17    0 3102
370  28.000 160.000  10 -24    0 3110
371  86.000 110.000  10 -17 2170 2259
372  78.000 136.000  10 -25    0 3161
373  76.000  93.000  10 -11    0 3178
374  17.000 166.000  10  -7    0 3097
375  80.000 167.000  10  -8    0 3134
376 121.000  50.000  10 -22    0 3149
377 108.000 187.000  10 -10    0 3116
378 176.000 134.000  10 -23    0 3120
379 159.000 129.000  10 -23    0 3138
380  67.000  70.000  10 -17 1736 1841
381  23.000 123.000  10  -9 1156 1287
382  50.000  31.000  10 -32    0 3118
383  73.000  81.000  10  -7    0 3170
384 142.000  60.000  10 -19    0 3145
385  42.000 148.000  10 -20    0 3128
386 168.000 119.000  10 -23 2261 2322
387  19.000  51.000  10 -25    0 3109
388 177.000 134.000  10 -10    0 3119
389  40.000 115.000  10 -32  890  981
390  34.000 145.000  10 -13 1080 1240
391  68.000 115.000  10 -17    0 3168
392  62.000 152.000  10 -26 1807 1949
393  12.000  15.000  10 -15    0 3081
394 120.000  39.000  10  -6    0 3139
395  99.000  45.000  10 -19    0 3148
396 105.000  26.000  10  -3    0 3129
397 158.000  81.000  10 -13    0 3142
398  24.000 131.000  10 -25    0 3121
399  69.000  64.000  10 -15    0 3156
400 193.000 127.000  10 -15    0 3107
401  53.000 175.000  10 -15    0 3115
402  46.000 131.000  10 -17 1333 1511
403 104.000 142.000  10  -3 2504 2623
404  63.000 141.000  10 -11    0 3148
405 100.000 100.000   0   0    0 3213
