201 201 1000 1000 1000
  0 100.000 100.000   0   0    0 3213
  1 150.000  26.000  10  16    0 3114
  2  83.000 112.000  10  28   20  260
  3 191.000 124.000  10   7    0 3109
  4 112.000 174.000  10  20  220  460
  5 146.000 166.000  10  24 1406 1646
  6  45.000  95.000  10  15  744  984
  7  81.000 183.000  10  11  286  526
  8 142.000  27.000  10  11    0 3119
  9  67.000 127.000  10  21   51  291
 10 148.000 157.000  10  21 1211 1451
 11 154.000 184.000  10  36 1210 1450
 12   8.000  89.000  10  13  772 1012
 13  25.000  48.000  10  11    0 3112
 14 130.000 149.000  10  17  174  414
 15  78.000 118.000   0  28 2454 2694
 16 155.000  17.000  10  32  325  565
 17 114.000 153.000  10  23 1348 1588
 18  90.000   4.000  10  22  353  593
 19  84.000  81.000  10  11   24  264
 20 118.000 139.000  10  13    0 3161
 21 118.000  45.000  10  28    0 3146
 22 103.000  25.000  10   2  222  462
 23 107.000 133.000  10  22    0 3170
 24 186.000 149.000  10  25  322  562
 25   9.000 122.000  10  17 1447 1687
 26 168.000 146.000  10  19    0 3121
 27 172.000 161.000  10   6  415  655
 28  78.000  72.000  10   9   35  275
 29 135.000 171.000  10  27  594  834
 30  46.000  40.000  10  15  949 1189
 31  53.000  79.000  10  14 1827 2067
 32  66.000   3.000  10   9    0 3101
 33  85.000 193.000  10  25 1181 1421
 34 125.000  53.000  10  24 1433 1673
 35 172.000 186.000  10  35    0 3091
 36  37.000 146.000  10  10    0 3125
 37  12.000 131.000  10  28  480  720
 38 126.000 100.000  10  36    0 3177
 39 179.000  95.000  10  19 1841 2081
 40  38.000 101.000  10  10 1269 1509
 41 182.000   9.000  10  30    0 3081
 42   6.000 193.000  10  13 1537 1777
 43 180.000  66.000  10  13  270  510
 44 130.000  55.000  10  28 1628 1868
 45 149.000 103.000  10  17   76  316
 46 178.000  88.000  10  23    0 3125
 47 118.000 117.000  10  20    0 3179
 48  82.000  48.000  10   8    0 3148
 49  74.000  55.000  10   3    0 3152
 50 108.000 141.000  10  13 1020 1260
 51  77.000 119.000  10  17    0 3174
 52 156.000  93.000  10  25 1623 1863
 53 143.000 103.000  10  15    0 3160
 54  63.000 141.000  10  14  553  793
 55 125.000  78.000  10  11   33  273
 56 199.000 123.000  10  20 1161 1401
 57 114.000 122.000  10  10  792 1032
 58   8.000   8.000  10  11  493  733
 59 113.000 151.000  10   2 1299 1539
 60  39.000 186.000  10   5  642  882
 61  60.000 153.000  10  11  329  569
 62 131.000  92.000  10  22   32  272
 63 186.000   8.000  10  31 1234 1474
 64  40.000 130.000  10   1  491  731
 65  71.000 131.000  10  11 1936 2176
 66 121.000  48.000  10  17 1073 1313
 67  45.000  55.000  10  11  634  874
 68  50.000 135.000  10   8    0 3142
 69 152.000 122.000  10  25  193  433
 70  46.000   5.000  10   8 1391 1631
 71  32.000  47.000  10  27  539  779
 72 111.000  98.000   0  16 2333 2573
 73 138.000  69.000  10   9  142  382
 74 171.000  69.000  10  19    0 3126
 75  20.000  72.000  10  21  945 1185
 76 162.000 162.000  10  20 1311 1551
 77 152.000 190.000  10  10    0 3100
 78  66.000 196.000  10  23 1610 1850
 79  36.000 104.000  10  11  902 1142
 80  63.000  44.000  10  14    0 3136
 81  83.000  81.000  10  21   25  265
 82 151.000 180.000  10  14    0 3109
 83 109.000  48.000  10   3  478  718
 84 135.000 110.000  10   7   36  276
 85  59.000  24.000  10  19 1396 1636
 86 175.000  60.000  10  18  220  460
 87 127.000  39.000  10  13  339  579
 88 103.000  97.000  10   9    4  244
 89  51.000 162.000  10  20  349  589
 90 193.000  12.000  10   3 1435 1675
 91 161.000   3.000  10  22 2024 2264
 92 151.000 179.000  10  12  256  496
 93  76.000 102.000  10  15   24  264
 94 101.000  29.000  10   7  164  404
 95 176.000 134.000  10  14    0 3120
 96  60.000  71.000  10  22  915 1155
 97  17.000 166.000  10  22    0 3097
 98 122.000  58.000  10  15  110  350
 99  98.000  89.000  10  29   11  251
100  59.000  83.000  10  24  847 1087
101  44.000  10.000  10  16  414  654
102  97.000   9.000  10  13    0 3112
103 116.000  52.000  10  10 1509 1749
104  70.000  37.000  10  10    0 3134
105 172.000  55.000  10  11    0 3119
106 188.000  70.000  10  13  757  997
107 157.000 142.000  10  13  163  403
108  88.000  15.000  10  22  311  551
109 189.000  83.000  10  43    0 3113
110 110.000   8.000  10  26 1852 2092
111  65.000  42.000  10  12    0 3136
112 113.000 158.000  10  19 1572 1812
113 125.000  49.000  10  17 1099 1339
114  27.000  97.000  10  30 1123 1363
115 116.000   4.000  10  13  309  549
116 145.000  19.000  10  20 1242 1482
117   3.000 101.000  10  33 2207 2447
118  48.000  94.000  10  15 1430 1670
119 198.000  16.000  10  18  724  964
120  26.000 197.000  10  17 2224 2464
121  84.000 180.000  10  12 1383 1623
122 123.000  90.000  10  21   25  265
123  69.000 150.000  10  17 2197 2437
124 181.000 156.000  10  21    0 3105
125 104.000   5.000  10  26  703  943
126  74.000  67.000  10   2 1240 1480
127 131.000 136.000  10  18    0 3156
128  20.000  59.000  10  20 1946 2186
129  86.000 110.000  10  18 2094 2334
130  55.000 100.000  10  22   60  300
131 186.000  65.000  10  39 1809 2049
132 107.000  96.000  10  23    0 3195
133   5.000 162.000  10  26  435  675
134 121.000  46.000  10   3  602  842
135 144.000  59.000  10  18 1707 1947
136 196.000 126.000  10   6 1660 1900
137  88.000 152.000  10  13  542  782
138  41.000 186.000  10  27  479  719
139 183.000 170.000  10  17  711  951
140 103.000  77.000  10  21  116  356
141 147.000 193.000  10  29  419  659
142 158.000  81.000  10  23    0 3142
143  48.000 106.000  10  23  632  872
144  78.000 169.000  10  10 1093 1333
145 124.000 165.000  10  24    0 3134
146 112.000  78.000  10  34  132  372
147  24.000 131.000  10  31 1174 1414
148 116.000 118.000  10  12    0 3179
149  80.000 167.000  10  10  827 1067
150  62.000 138.000  10  15    0 3150
151 174.000 185.000  10  15  388  628
152  35.000 160.000  10  16  275  515
153  32.000  23.000  10  10    0 3101
154 111.000 129.000  10  27   31  271
155  13.000 139.000  10  34 2629 2869
156 158.000 132.000  10  12 1370 1610
157 188.000 194.000  10   9    0 3075
158  55.000  87.000  10  30  753  993
159 200.000 162.000  10  24 1917 2157
160  69.000  64.000  10  48  777 1017
161 108.000 148.000  10  21   75  315
162  35.000   9.000  10  29    0 3092
163 125.000 180.000  10   1  258  498
164 165.000 181.000  10  22  295  535
165  87.000  30.000  10  10  692  932
166 168.000 119.000  10  14 2172 2412
167  89.000 153.000  10  12  425  665
168  42.000 144.000  10  30 2623 2863
169 138.000  61.000  10  19    0 3149
170 143.000 179.000  10  24 1025 1265
171 137.000 158.000  10   3  779 1019
172  22.000  61.000  10  17    0 3116
173  41.000  73.000  10  21    0 3139
174  23.000  74.000  10  21    0 3122
175  98.000  77.000  10   7   23  263
176  94.000 119.000  10  25   19  259
177  23.000 123.000  10  15 1102 1342
178 105.000  26.000  10  24    0 3129
179  60.000 184.000  10   7 1246 1486
180  69.000 133.000  10   8   61  301
181 141.000 132.000  10  18    0 3151
182  75.000 173.000  10  30  189  429
183  49.000  99.000  10  32    0 3152
184  30.000  67.000  10   7    0 3126
185 127.000  60.000  10  23    0 3155
186   6.000 120.000  10  25 2178 2418
187  65.000  77.000  10  19  773 1013
188   7.000 108.000  10  32  253  493
189  34.000 145.000  10  21 1040 1280
190  42.000 174.000  10  13    0 3109
191  63.000 149.000  10  17  180  420
192 148.000  38.000  10   6  882 1122
193 119.000 113.000  10  35   92  332
194 106.000  41.000  10  13 1003 1243
195 155.000 107.000  10  10    0 3148
196 182.000 110.000  10  15  593  833
197  68.000 191.000  10  15 2069 2309
198  68.000  40.000  10  23  152  392
199  64.000 123.000  10  17  621  861
200 109.000  45.000  10  14  103  343
201  67.000 138.000  10  11  224  464
202 158.000  20.000  10 -16 2228 2468
203  53.000 175.000  10 -28    0 3115
204 193.000 127.000  10  -7 1969 2209
205 100.000 144.000  10 -20  936 1176
206 111.000 189.000  10 -24 1951 2191
207  40.000 115.000  10 -15  815 1055
208 112.000  42.000  10 -11 1734 1974
209 149.000  78.000  10 -11 1729 1969
210  11.000 118.000  10 -21    0 3113
211 143.000 116.000  10 -21 1479 1719
212 172.000 179.000  10 -36 2186 2426
213  29.000 121.000  10 -13 1037 1277
214   1.000  54.000  10 -11    0 3094
215 126.000 199.000  10 -17  558  798
216  78.000 118.000  10 -28 2454 2694
217 142.000  60.000  10 -32    0 3145
218  47.000 118.000  10 -23    0 3148
219  76.000  93.000  10 -22 1807 2047
220  58.000  19.000  10 -11  667  907
221  97.000 192.000  10 -13  718  958
222 145.000  71.000  10 -28  670  910
223 138.000  72.000  10  -2  508  748
224 123.000  59.000  10 -22 1511 1751
225 104.000 176.000  10 -25    0 3127
226  83.000 180.000  10 -17    0 3122
227 165.000 156.000  10 -19  356  596
228 195.000 132.000  10  -6  994 1234
229  50.000  31.000  10  -9  262  502
230 124.000 191.000  10 -27  725  965
231  46.000  22.000  10 -15 1557 1797
232  70.000 130.000  10 -14 1817 2057
233  95.000  50.000  10  -9  889 1129
234  23.000 176.000  10 -25 1354 1594
235 115.000  50.000  10 -24    0 3151
236 159.000 187.000  10 -35    0 3098
237   1.000 149.000  10 -10 1551 1791
238  28.000 160.000  10 -28 1510 1750
239 136.000  12.000  10 -36    0 3108
240 181.000  39.000  10 -19    0 3102
241  84.000 188.000  10 -10 1891 2131
242 137.000  41.000  10 -30 1598 1838
243  32.000 166.000  10 -13    0 3109
244 155.000  22.000  10 -13  448  688
245 137.000  10.000  10 -28    0 3106
246 176.000 132.000  10 -17 1292 1532
247 191.000 138.000  10 -23    0 3105
248 114.000 112.000  10 -20 2363 2603
249  12.000  15.000  10  -8 2040 2280
250  62.000  38.000  10  -3 2094 2334
251 113.000  14.000  10 -13 2156 2396
252  30.000 183.000  10 -17    0 3095
253 154.000  59.000  10 -25    0 3136
254 151.000 132.000  10 -15  598  838
255 135.000  45.000  10 -14 1090 1330
256 197.000  29.000  10 -11 1575 1815
257 159.000 105.000  10 -20 2244 2484
258 121.000  50.000  10 -10    0 3149
259  66.000  98.000  10 -11 2474 2714
260 109.000 197.000  10  -2 1565 1805
261  53.000 180.000  10  -5 1053 1293
262  57.000 157.000  10 -11  260  500
263 197.000   7.000  10 -22    0 3069
264 171.000  36.000  10 -31 2471 2711
265  39.000 112.000  10  -1  461  701
266  75.000 134.000  10 -11    0 3161
267 120.000  39.000  10 -17 1687 1927
268  41.000  16.000  10 -11    0 3101
269  45.000 142.000  10  -8    0 3134
270 184.000 140.000  10 -25 1364 1604
271  10.000  20.000  10  -8    0 3083
272  26.000  41.000  10 -27  512  752
273 111.000  98.000  10 -16 2333 2573
274 109.000  85.000  10  -9 2385 2625
275 177.000 134.000  10 -19    0 3119
276  46.000 131.000  10 -21 1302 1542
277 161.000 158.000  10 -20    0 3119
278 149.000 176.000  10 -10    0 3113
279  40.000  95.000  10 -23 1950 2190
280  56.000 148.000  10 -11 2050 2290
281  41.000  43.000  10 -14 1968 2208
282  18.000  35.000  10 -21 2415 2655
283 134.000 157.000  10 -14 1613 1853
284  71.000 114.000  10  -3    0 3171
285 168.000  58.000  10  -7  828 1068
286  19.000  38.000  10 -19 1757 1997
287 164.000  37.000  10 -18  338  578
288   7.000 119.000  10 -13    0 3109
289 136.000  90.000  10  -9   37  277
290  23.000 168.000  10 -20 1855 2095
291 178.000  61.000  10  -3 1376 1616
292 152.000  68.000  10 -22 2327 2567
293  92.000 178.000  10 -12    0 3125
294  28.000  77.000  10 -15  821 1061
295  12.000 113.000  10  -7 1272 1512
296 184.000 101.000  10 -14    0 3119
297  49.000  71.000  10 -22 1851 2091
298  24.000 197.000  10 -22 1852 2092
299 122.000  13.000  10 -15  498  738
300 115.000  75.000  10 -29   29  269
301  51.000 112.000  10 -24  730  970
302  55.000  51.000  10 -16 1012 1252
303  99.000  45.000  10 -13    0 3148
304 146.000   3.000  10 -10 1667 1907
305  62.000  15.000  10 -10  295  535
306 138.000  31.000  10 -11 1487 1727
307 176.000  58.000  10 -13  845 1085
308 159.000 196.000  10 -13  892 1132
309  73.000  81.000  10 -22    0 3170
310 179.000 151.000  10 -43 1217 1457
311 112.000   6.000  10 -26 2411 2651
312  70.000  28.000  10 -12 1935 2175
313  62.000 152.000  10 -19 1758 1998
314 122.000  38.000  10 -17 1699 1939
315  59.000 139.000  10 -30 1223 1463
316  67.000  70.000  10 -13 1669 1909
317 153.000  19.000  10 -20 1271 1511
318 104.000 142.000  10 -33 2443 2683
319  78.000 136.000  10 -15    0 3161
320 154.000  29.000  10 -18  975 1215
321  42.000 148.000  10 -17 2310 2550
322  15.000 197.000  10 -12 2345 2585
323 151.000  66.000  10 -21    0 3142
324  68.000 115.000  10 -17 2201 2441
325 198.000  97.000  10 -21  835 1075
326  18.000  59.000  10 -26    0 3112
327   5.000 122.000  10  -2 1391 1631
328 110.000 110.000  10 -18 2307 2547
329  31.000  63.000  10 -20    0 3125
330  85.000  85.000  10 -18 2214 2454
331  42.000  72.000  10 -22  661  901
332 181.000  70.000  10 -39 2039 2279
333 173.000  42.000  10 -23  253  493
334  38.000 183.000  10 -26 1175 1415
335 114.000  72.000  10  -3    0 3172
336 182.000  89.000  10 -18 1660 1900
337 139.000  97.000  10  -6 2441 2681
338 100.000  53.000  10 -13 2645 2885
339  28.000 187.000  10 -27 1936 2176
340 178.000 127.000  10 -17  751  991
341  94.000  31.000  10 -21  157  397
342  98.000 193.000  10 -29  749  989
343 179.000   5.000  10 -23 2085 2325
344  63.000 151.000  10 -23 2142 2382
345  42.000 165.000  10 -10 1473 1713
346 174.000 194.000  10 -24 1787 2027
347  88.000 143.000  10 -34 2023 2263
348  89.000 176.000  10 -31 1648 1888
349 113.000 100.000  10 -12  861 1101
350 148.000 196.000  10 -10 1299 1539
351 137.000  59.000  10 -15 1186 1426
352 129.000 176.000  10 -15  520  760
353  37.000 177.000  10 -16 1627 1867
354  19.000  51.000  10 -10    0 3109
355 114.000 183.000  10 -27  950 1190
356  57.000 118.000  10 -34    0 3157
357 139.000 158.000  10 -12 1853 2093
358 141.000 146.000  10  -9 2066 2306
359  31.000  79.000  10 -30    0 3131
360 173.000 147.000  10 -24 1816 2056
361  56.000  90.000  10 -48    0 3158
362  85.000 164.000  10 -21  143  383
363  56.000  19.000  10 -29 1823 2063
364  71.000 145.000  10  -1  629  869
365  90.000 174.000  10 -22  808 1048
366  28.000  15.000  10 -10 1269 1509
367 144.000  92.000  10 -14 1985 2225
368  97.000 129.000  10 -12    0 3174
369  63.000 116.000  10 -30    0 3163
370 125.000  34.000  10 -19    0 3133
371 159.000 129.000  10 -24 1471 1711
372 157.000 196.000  10  -3 1223 1463
373  54.000  37.000  10 -17 2524 2764
374  64.000 156.000  10 -21    0 3137
375 110.000 184.000  10 -21 1743 1983
376  89.000  39.000  10  -7  191  431
377 101.000 127.000  10 -25   27  267
378  16.000 141.000  10 -15 2045 2285
379 104.000  88.000  10 -24 2849 3089
380  25.000 165.000  10  -7 1434 1674
381  63.000 192.000  10  -8  872 1112
382 127.000 143.000  10 -18 2105 2345
383 108.000 187.000  10 -30  229  469
384  68.000 156.000  10 -32 1206 1446
385  10.000  60.000  10  -7 2053 2293
386  86.000 150.000  10 -23 1894 2134
387  74.000 163.000  10 -25 2500 2740
388  20.000 113.000  10 -19    0 3122
389  32.000 190.000  10 -32 1018 1258
390  80.000 190.000  10 -21 1716 1956
391  28.000 127.000  10 -13    0 3127
392   5.000 130.000  10 -17 2541 2781
393 154.000   7.000  10  -6 1342 1582
394 184.000 110.000  10 -35  664  904
395  26.000  45.000  10 -13    0 3111
396 136.000 111.000  10 -10 2344 2584
397 172.000  66.000  10 -15 1086 1326
398  75.000 170.000  10 -15 2012 2252
399  17.000  32.000  10 -23    0 3096
400 113.000 105.000  10 -17  921 1161
401  86.000  69.000  10 -14  643  883
402  39.000 151.000  10 -11  387  627
403 100.000 100.000   0   0    0 3213
