202 202 1000 1000 1000
  0 100.000 100.000   0   0    0 3213
  1 150.000  26.000  10  16  833 1477
  2  83.000 112.000  10  28   20  461
  3 191.000 124.000  10   7  393  929
  4  81.000 183.000  10  11  200  613
  5 142.000  27.000  10  11 1287 1792
  6 184.000 110.000  10  23  555 1013
  7  28.000 127.000  10  24  693 1028
  8  67.000 127.000  10  21   42  535
  9   8.000  89.000  10  13  606 1178
 10  58.000  19.000  10  10  535 1039
 11  86.000  69.000  10  14  528  998
 12 155.000  17.000  10  32  182  708
 13  76.000  93.000  10   7 1654 2200
 14 191.000 138.000  10   2  502  996
 15  84.000  81.000  10  11   24  553
 16 118.000 139.000  10  13   42  465
 17 103.000  25.000  10   2  120  563
 18 172.000 161.000  10   6  340  729
 19  78.000  72.000  10   9   35  548
 20  46.000  40.000  10  15  805 1333
 21 138.000  72.000  10   8  374  882
 22  75.000 134.000  10  16   42  509
 23  46.000 131.000  10  21 1156 1689
 24  62.000  15.000  10  29  153  677
 25 100.000 144.000  10  17  827 1285
 26  97.000 192.000  10  23  618 1058
 27  85.000 193.000  10  25 1101 1500
 28 113.000 100.000  10   5  700 1262
 29 120.000  39.000  10  31 1555 2060
 30 125.000  53.000  10  24 1283 1822
 31  37.000 146.000  10  10 1012 1592
 32 101.000 127.000  10  31   27  407
 33 149.000 176.000  10  16  154  569
 34  78.000 136.000  10  31 1019 1434
 35 145.000  71.000  10  10  552 1028
 36 124.000 191.000  10  24  566 1124
 37   6.000 193.000  10  13 1409 1905
 38 154.000   7.000  10  32 1243 1681
 39 180.000  66.000  10  13  172  608
 40  83.000 180.000  10  15  839 1410
 41 149.000 103.000  10  17   49  490
 42 118.000 117.000  10  20   24  494
 43  82.000  48.000  10   8  224  614
 44  80.000 190.000  10  13 1623 2049
 45 114.000 112.000   0  17 2271 2695
 46 156.000  93.000  10  25 1512 1974
 47 104.000 176.000  10  19  725 1236
 48  63.000 141.000  10  14  395  951
 49 159.000 187.000  10   9 1745 2189
 50 136.000  12.000  10  21  311  800
 51 199.000 123.000  10  20 1044 1517
 52 154.000  29.000  10  19  864 1326
 53 177.000 134.000  10  26 1159 1567
 54   8.000   8.000  10  11  375  852
 55  60.000 153.000  10  11  181  717
 56 131.000  92.000  10  22   32  517
 57  53.000 180.000  10   4  961 1385
 58  28.000  77.000  10  12  703 1179
 59  40.000 130.000  10   1  423  799
 60  45.000  55.000  10  11  532  976
 61  50.000 135.000  10   8 1545 1963
 62  32.000  47.000  10  27  402  915
 63 138.000  69.000  10   9   49  511
 64 171.000  69.000  10  19  541 1074
 65 125.000  34.000  10  14  935 1359
 66  94.000  31.000  10  18   69  536
 67  29.000 121.000  10  46  913 1400
 68  20.000  72.000  10  21  837 1294
 69 152.000 190.000  10  10 1077 1453
 70  66.000 196.000  10  23 1528 1931
 71  36.000 104.000  10  11  763 1282
 72  63.000  44.000  10  14 1757 2363
 73  83.000  81.000  10  21   25  427
 74 109.000  48.000  10   3  351  845
 75 157.000 196.000  10  30 1042 1643
 76 135.000 110.000  10   7   36  523
 77 175.000  60.000  10  18   85  602
 78 127.000  39.000  10  13  237  681
 79 103.000  97.000  10   9    4  494
 80  71.000 145.000  10   7  505  993
 81  40.000 115.000  10  41  695 1176
 82 114.000  72.000  10  22   31  632
 83  62.000  38.000  10  19 1951 2477
 84 193.000  12.000  10   3 1352 1758
 85  19.000  51.000  10  19  511  931
 86 178.000  61.000  10  19 1280 1711
 87 151.000 179.000  10  12  157  595
 88  88.000 143.000  10  17 1974 2312
 89 139.000  97.000  10   4 2325 2797
 90 101.000  29.000  10   7   71  611
 91  17.000 166.000  10  22 1598 2012
 92 122.000  58.000  10  15   47  554
 93 113.000  14.000  10  20 2024 2527
 94  98.000  89.000  10  29   11  485
 95  59.000  83.000  10  24  748 1186
 96  44.000  10.000  10  16  284  783
 97 116.000  52.000  10  10 1418 1841
 98 193.000 127.000  10   7 1840 2339
 99  70.000  37.000  10  10   69  643
100  46.000  22.000   0  10 1513 1842
101 188.000  70.000  10  13  653 1100
102 157.000 142.000  10  13   70  525
103  88.000  15.000  10  22  276  586
104 189.000  83.000  10  43  678 1075
105  65.000  42.000  10  12  688 1139
106 113.000 158.000  10  19 1473 1910
107  50.000  31.000  10  20  110  653
108  12.000 113.000  10   2 1158 1626
109  20.000 113.000  10  22  140  610
110 116.000   4.000  10  13  143  716
111 136.000 111.000   0  19 2265 2662
112  23.000 168.000  10  13 1748 2203
113 168.000  58.000  10  29  711 1185
114   3.000 101.000  10  33 2091 2563
115 184.000 140.000  10  15 1233 1736
116  48.000  94.000  10  15 1256 1844
117 136.000  90.000  10  18   37  521
118 123.000  90.000  10  21   25  500
119  62.000 152.000  10  19 1642 2114
120  66.000  98.000  10   2 2359 2829
121  39.000 112.000  10  26  304  858
122  41.000  16.000  10   6  268  748
123  74.000  67.000  10   2 1088 1633
124 197.000   7.000  10  13  943 1399
125  24.000 197.000  10  17 1695 2249
126  26.000  45.000  10   8  782 1112
127 151.000  66.000  10  11  110  601
128  55.000 100.000  10  22   45  483
129 186.000  65.000  10  39 1698 2160
130 107.000  96.000  10  23    8  497
131   5.000 162.000  10  26  261  850
132 134.000 157.000  10  20 1524 1942
133  41.000 186.000  10  27  355  842
134 183.000 170.000  10  17  556 1105
135 103.000  77.000  10  21   23  533
136 147.000 193.000  10  29  273  805
137  48.000 106.000  10  23  477 1026
138  78.000 169.000  10  10  975 1451
139 152.000  68.000  10   9 2189 2705
140 123.000  59.000  10  18 1394 1868
141 137.000  41.000  10  15 1508 1929
142 115.000  75.000  10  26   29  380
143 112.000  78.000  10  34   28  475
144  80.000 167.000  10  10  687 1207
145  62.000 138.000   0  15 2315 2805
146 149.000  78.000  10   6 1584 2115
147 174.000 185.000  10  15  306  711
148  35.000 160.000  10  16  116  674
149  32.000  23.000  10  10  559  997
150 111.000 129.000  10  27   31  491
151 188.000 194.000  10   9  950 1407
152  92.000 178.000  10  26 1690 2197
153  55.000  87.000  10  30  651 1094
154  86.000 150.000  10  22 1779 2249
155  42.000  72.000  10  18  537 1025
156 200.000 162.000  10  24 1775 2299
157  69.000  64.000  10  48  648 1145
158 108.000 148.000  10  21   48  560
159  35.000   9.000  10  29  773 1188
160  99.000  45.000  10  21  146  649
161 125.000 180.000  10   1  141  616
162 142.000  60.000  10  13 1479 1944
163 181.000  39.000  10  11 1289 1790
164 165.000 181.000  10  22  169  662
165 198.000  97.000  10  14  695 1215
166  89.000 153.000  10  12  330  761
167  67.000  70.000  10  18 1571 2006
168  28.000 187.000  10  16 1792 2320
169  42.000 144.000  10  30 2473 3013
170 138.000  61.000  10  19  911 1305
171  11.000 118.000  10  33  222  793
172 127.000 143.000  10   7 1986 2464
173  22.000  61.000  10  17  868 1413
174  41.000  73.000  10  21 1005 1371
175  98.000  77.000  10   7   23  501
176 126.000 199.000  10  18  449  907
177  68.000 156.000  10  28 1026 1625
178  94.000 119.000  10  25   19  511
179 141.000 132.000  10  18  140  598
180  56.000  19.000  10  22 1698 2189
181 178.000 127.000  10  23  593 1148
182  75.000 173.000  10  30   77  621
183  55.000  51.000  10  17  874 1389
184  37.000 177.000  10  21 1530 1965
185  30.000 183.000  10   9  944 1469
186  49.000  99.000  10  32  741 1112
187  89.000  39.000  10  19   61  574
188  23.000 176.000  10  20 1299 1648
189 127.000  60.000  10  23  355  790
190  65.000  77.000  10  19  693 1092
191 108.000 187.000  10  22  172  526
192   7.000 108.000  10  32  147  600
193  42.000 174.000  10  13  268  753
194  57.000 157.000  10  26  112  648
195  56.000  90.000  10  15 1936 2417
196 148.000  38.000  10   6  816 1188
197 119.000 113.000  10  35   23  475
198 182.000 110.000  10  15  556  870
199  68.000  40.000  10  23   68  536
200  64.000 123.000  10  17  538  944
201 109.000  45.000  10  14   55  530
202  67.000 138.000  10  11   96  592
203 100.000  53.000  10 -16 2541 2989
204  76.000 102.000  10 -28   24  498
205 146.000 166.000  10  -7 1277 1775
206  39.000 186.000  10 -11  529  994
207  12.000  15.000  10 -11 1914 2405
208 111.000  98.000  10 -23 2197 2709
209  57.000 118.000  10 -24 1561 1928
210 111.000 189.000  10 -21 1822 2321
211  23.000 123.000  10 -13 1051 1392
212 146.000   3.000  10 -10 1562 2011
213  34.000 145.000  10 -14  902 1419
214 145.000  19.000  10 -32 1091 1633
215  31.000  79.000  10  -7 2022 2557
216 148.000 196.000  10  -2 1173 1664
217  59.000 139.000  10 -11 1098 1587
218  39.000 151.000  10 -13  245  770
219 104.000   5.000  10  -2  542 1104
220 165.000 156.000  10  -6  254  698
221  24.000 131.000  10  -9 1060 1528
222 112.000  42.000  10 -15 1629 2079
223 153.000  19.000  10  -8 1101 1681
224 143.000 116.000  10 -16 1360 1839
225  56.000 148.000  10 -21 1952 2387
226  95.000  50.000  10 -29  786 1232
227 159.000 105.000  10 -17 2112 2616
228 148.000 157.000  10 -23 1116 1547
229  84.000 188.000  10 -25 1738 2284
230 159.000 129.000  10  -5 1354 1828
231  19.000  38.000  10 -31 1678 2075
232  85.000  85.000  10 -24 2112 2557
233  69.000 150.000  10 -10 2073 2560
234 114.000 183.000  10 -31  832 1308
235 151.000 132.000  10 -16  500  937
236 113.000 151.000  10 -31 1171 1668
237 108.000 141.000  10 -10  889 1391
238 184.000 101.000  10 -24  783 1252
239 110.000 184.000  10 -13 1677 2049
240 197.000  29.000  10 -32 1421 1970
241 173.000  42.000  10 -13  157  588
242  13.000 139.000  10 -15 2546 2952
243 168.000 119.000  10 -17 2002 2582
244 172.000 186.000  10 -20  289  716
245 138.000  31.000  10  -8 1395 1819
246 109.000 197.000  10 -13 1418 1952
247 114.000 112.000  10 -17 2271 2695
248 116.000 118.000  10 -25 1986 2374
249 179.000  95.000  10 -19 1766 2157
250  53.000 175.000  10 -14  656 1089
251 139.000 158.000  10  -9 1761 2184
252 122.000  13.000  10 -21  391  846
253 141.000 146.000  10 -20 1889 2483
254 112.000   6.000  10 -19 2319 2743
255 178.000  88.000  10 -26 1121 1575
256 121.000  48.000  10 -11  915 1472
257  98.000 193.000  10 -11  601 1136
258 143.000 103.000  10 -22  560  905
259  70.000 130.000  10  -4 1667 2207
260  38.000 101.000  10 -12 1166 1612
261  69.000 133.000  10  -1   45  637
262  46.000   5.000  10 -11 1278 1743
263  63.000 151.000  10  -8 1966 2557
264 137.000  10.000  10 -27 1677 1967
265 164.000  37.000  10  -9  208  708
266 124.000 165.000  10 -19 1611 2122
267  25.000  48.000  10 -14 1521 2133
268  18.000  59.000  10 -18 1483 2020
269  31.000  63.000  10 -46 1042 1527
270   1.000 149.000  10 -21 1443 1899
271 151.000 180.000  10 -10 2082 2481
272  23.000  74.000  10 -23 2099 2479
273   5.000 122.000  10 -11 1285 1736
274  74.000 163.000  10 -14 2358 2882
275  30.000  67.000  10 -21  909 1372
276  15.000 197.000  10  -3 2195 2735
277 143.000 179.000  10 -30  899 1392
278 130.000 149.000  10  -7   57  581
279 198.000  16.000  10 -18  578 1110
280  53.000  79.000  10 -13 1702 2193
281 154.000  59.000  10  -9   67  632
282  32.000 190.000  10  -7  885 1390
283   9.000 122.000  10 -41 1296 1838
284 125.000  78.000  10 -22   33  566
285  41.000  43.000  10 -19 1806 2370
286 181.000  70.000  10  -3 1959 2360
287 118.000  45.000  10 -19 1207 1747
288 171.000  36.000  10 -19 2387 2795
289 173.000 147.000  10 -12 1749 2124
290  42.000 148.000  10 -17 2214 2647
291 126.000 100.000  10  -4 2408 2896
292 121.000  50.000  10  -7  270  750
293  63.000 116.000  10 -22 1808 2272
294  60.000  71.000  10 -15  765 1304
295 104.000  88.000  10 -20 2717 3191
296 125.000  49.000  10 -29  990 1447
297  32.000 166.000  10 -24 1007 1563
298  26.000  41.000  10 -16  384  881
299  70.000  28.000  10 -10 1785 2325
300 181.000 156.000  10  -7 1801 2375
301  54.000  37.000  10 -10 2376 2911
302  46.000  22.000  10 -10 1513 1842
303 158.000 132.000  10 -13 1257 1724
304 186.000 149.000  10 -13  167  718
305  90.000   4.000  10 -22  215  731
306 172.000  66.000  10 -43  930 1482
307 122.000  38.000  10 -12 1597 2042
308 144.000  92.000  10 -19 1895 2315
309 135.000  45.000  10 -20  963 1458
310  86.000 110.000  10  -2 1974 2455
311  38.000 183.000  10 -22 1069 1520
312  87.000  30.000  10 -13  558 1066
313 136.000 111.000  10 -19 2265 2662
314  68.000 191.000  10 -13 1951 2427
315 114.000 153.000  10 -29 1261 1676
316  16.000 141.000  10 -33 1931 2398
317 174.000 194.000  10 -15 1663 2152
318  45.000 142.000  10 -15 1721 2142
319 107.000 133.000  10 -18 1556 1963
320 137.000  59.000  10 -21 1055 1558
321  78.000 118.000  10 -19 2354 2794
322  73.000  81.000  10  -2 2662 3062
323  27.000  97.000  10 -26  989 1497
324   1.000  54.000  10  -6  988 1432
325 105.000  26.000  10  -2 1173 1531
326 158.000  20.000  10 -13 2114 2583
327  97.000 129.000  10 -17 2155 2639
328 115.000  50.000  10  -8 1278 1804
329 155.000  22.000  10 -11  350  786
330  40.000  95.000  10 -22 1845 2294
331 161.000   3.000  10 -39 1914 2374
332 113.000 105.000  10 -23  819 1262
333 110.000 110.000  10 -26 2161 2693
334 155.000 107.000  10 -20 2020 2500
335 182.000  89.000  10 -27 1529 2030
336 179.000 151.000  10 -17 1094 1579
337  66.000   3.000  10 -21 1320 1768
338 154.000 184.000  10 -29 1066 1594
339   7.000 119.000  10 -23 1272 1737
340  63.000 192.000  10 -10  787 1197
341 109.000  85.000  10  -9 2296 2714
342 110.000   8.000  10 -18 1802 2142
343  17.000  32.000  10 -15 1688 2196
344 186.000   8.000  10 -26 1123 1586
345 182.000   9.000  10 -34  941 1516
346  84.000 180.000  10 -10 1252 1755
347  62.000 138.000  10 -15 2315 2805
348 179.000   5.000  10  -6 1931 2480
349 196.000 126.000  10 -15 1560 2000
350 135.000 171.000  10 -16  461  966
351  10.000  20.000  10 -10 2139 2690
352  85.000 164.000  10 -27   65  476
353 161.000 158.000  10  -9 1393 1875
354   5.000 130.000  10 -26 2420 2901
355  28.000 160.000  10 -30 1380 1880
356  68.000 115.000  10 -22 2092 2549
357  97.000   9.000  10 -18 1029 1646
358 172.000 179.000  10 -24 2075 2537
359  74.000  55.000  10 -48 1233 1695
360  63.000 149.000  10 -21   61  590
361 144.000  59.000  10 -29 1571 2084
362  49.000  71.000  10 -21 1717 2225
363 152.000 122.000  10  -1   77  550
364 130.000  55.000  10 -13 1478 2019
365 158.000  81.000  10 -11 1848 2348
366 176.000 134.000  10 -22  349  749
367  77.000 119.000  10 -14 1299 1704
368  25.000 165.000  10 -12 1300 1807
369  26.000 197.000  10 -18 2152 2536
370 104.000 142.000  10 -16 2323 2803
371  47.000 118.000  10 -30 2656 3148
372 114.000 122.000  10 -19  624 1199
373  12.000 131.000  10 -33  351  848
374 131.000 136.000  10  -7 2353 2813
375  42.000 165.000  10 -17 1355 1832
376  75.000 170.000  10 -21 1873 2391
377 106.000  41.000  10  -7  839 1407
378 137.000 158.000  10 -18  712 1087
379  64.000 156.000  10 -28 1197 1720
380 168.000 146.000  10 -25  904 1241
381 112.000 174.000  10 -18   74  618
382  20.000  59.000  10 -22 1800 2333
383 159.000 196.000  10 -23  808 1217
384 129.000 176.000  10 -30  390  890
385  59.000  24.000  10 -17 1250 1782
386  71.000 131.000  10 -21 1800 2312
387   6.000 120.000  10  -9 2058 2538
388  51.000 112.000  10 -32  626 1073
389 121.000  46.000  10 -19  511  933
390  89.000 176.000  10 -20 1538 1999
391  28.000  15.000  10 -23 1105 1673
392  45.000  95.000  10 -19  568 1161
393 195.000 132.000  10 -22  889 1339
394  60.000 184.000  10 -32 1191 1540
395  90.000 174.000  10 -13  697 1158
396  51.000 162.000  10 -26  211  727
397  71.000 114.000  10 -15 2415 2989
398 172.000  55.000  10  -6 1663 2095
399 162.000 162.000  10 -35 1224 1637
400 176.000  58.000  10 -15  704 1225
401  18.000  35.000  10 -23 2282 2787
402  88.000 152.000  10 -17  499  825
403  10.000  60.000  10 -14 1908 2437
404 176.000 132.000  10 -11 1163 1661
405 100.000 100.000   0   0    0 3213
