208 208 1000 200 1000
  0 100.000 100.000   0   0    0  765
  1  63.000  58.000  10  20   55  115
  2 139.000   7.000  10  20  100  160
  3  79.000 193.000  10  30  174  234
  4  60.000 153.000  10  11   82  142
  5 141.000   8.000  10  20  100  160
  6  13.000  81.000  10  30  133  193
  7  16.000  84.000  10  20  158  218
  8  55.000  87.000  10  30  188  248
  9 114.000 122.000  10  10  198  258
 10 199.000 115.000  10  20  100  160
 11 185.000 124.000  10  10   92  152
 12  46.000  22.000  10  10  389  449
 13   5.000 162.000   0  26  113  173
 14  84.000 118.000   0  20   83  143
 15 105.000  26.000  10  24  308  368
 16  87.000 191.000  10  10   91  151
 17  80.000 167.000  10  10  207  267
 18  23.000 137.000  10  20  143  203
 19  68.000  50.000  10  10  121  181
 20 159.000 196.000  10   6  223  283
 21  87.000  30.000  10  10  173  233
 22 187.000  92.000  10  20   94  154
 23  10.000 153.000  10  20  106  166
 24 154.000  59.000  10  17   67  127
 25  93.000  13.000  10  30  130  190
 26  38.000 190.000  10  10  122  182
 27  78.000 169.000  10  10  273  333
 28 165.000 117.000  10  10  103  163
 29 186.000  91.000  10  10   86  146
 30  26.000 138.000   0  10  173  233
 31 165.000 181.000  10  22  103  163
 32  11.000 151.000  10  20  102  162
 33 188.000 125.000  10  10  105  165
 34 100.000  70.000  10  30   30   90
 35  66.000  58.000  10  20  184  244
 36  83.000 188.000  10  30   89  149
 37  12.000 154.000  10  10  118  178
 38  41.000 186.000  10  27  120  180
 39 162.000 162.000  10  20  328  388
 40  41.000 182.000  10  30  101  161
 41 178.000 147.000  10  10  142  202
 42 140.000  11.000  10  10   97  157
 43  60.000  51.000  10  20   68  128
 44  18.000  89.000  10  10   82  142
 45  85.000 110.000  10  10   18   78
 46  37.000 146.000  10  10  295  355
 47 181.000  89.000  10  10   81  141
 48  26.000 147.000  10  20   87  147
 49  52.000  38.000  10  30   78  138
 50  35.000 160.000  10  16   88  148
 51 187.000  97.000  10  10  164  224
 52 156.000  93.000  10  25  406  466
 53  85.000 164.000  10  23   65  125
 54  17.000  32.000  10  16  456  516
 55 175.000  60.000  10  18   85  145
 56  82.000  48.000  10   8   75  135
 57 140.000   4.000  10  10  116  176
 58  25.000 146.000  10  30   92  152
 59  38.000 183.000  10  10  294  354
 60  62.000  15.000  10  29   93  153
 61 125.000  78.000  10  11   33   93
 62  22.000  61.000  10  17  255  315
 63 159.000 121.000  10  20  144  204
 64  59.000  57.000  10  10   59  119
 65  12.000  85.000   0  10  119  179
 66  85.000 193.000  10  25  295  355
 67 195.000 132.000  10   6  248  308
 68  10.000  67.000  10  30   95  155
 69  52.000  28.000  10  10   93  153
 70  17.000 150.000  10  20   96  156
 71 101.000  67.000  10  20   82  142
 72 164.000 113.000  10  20   65  125
 73  79.000 115.000  10  30   25   85
 74  80.000 108.000  10  20   21   81
 75  29.000 139.000  10  10   81  141
 76  84.000 194.000  10  10  110  170
 77 114.000  72.000  10  22   31   91
 78  90.000   4.000  10  22   96  156
 79  46.000  40.000   0  15  237  297
 80 174.000 128.000  10  20   79  139
 81 185.000  96.000  10  30  186  246
 82  23.000 123.000   0  15  275  335
 83 103.000  70.000  10  10   30   90
 84  42.000 174.000  10  13   98  158
 85  83.000  81.000  10  21   25   85
 86  57.000  54.000  10  20   62  122
 87  26.000  45.000  10   8  207  267
 88  70.000  37.000  10  10   69  129
 89 179.000 141.000  10  20   89  149
 90  55.000  64.000  10  30   81  141
 91   8.000  71.000  10  10  158  218
 92 174.000 185.000  10  15  112  172
 93 123.000  36.000  10  10  100  160
 94 136.000 111.000   0  19  586  646
 95  85.000  85.000   0  14  554  614
 96  12.000  66.000  10  20   94  154
 97 107.000  96.000  10  23    8   68
 98 168.000 119.000  10  14  543  603
 99 171.000  36.000   0   6  600  660
100  26.000  41.000  10  14  128  188
101 195.000 129.000  10  40  152  212
102  75.000 134.000  10  16   42  102
103 141.000   4.000  10  20  139  199
104  60.000  58.000  10  20   58  118
105 196.000 137.000  10  20  102  162
106  63.000 192.000  10  12  218  278
107  97.000 129.000   0  11  569  629
108 109.000  48.000  10   3  120  180
109 189.000  83.000  10  43  189  249
110  68.000  40.000  10  23   68  128
111  98.000 193.000  10  27  187  247
112 121.000  36.000  10  20  140  200
113 101.000  70.000  10  20   30   90
114 134.000 157.000  10  20  403  463
115 103.000  77.000  10  21   29   89
116  87.000 117.000  10  10  107  167
117 127.000  60.000  10  23  113  173
118  25.000 165.000  10  24  358  418
119 138.000  69.000  10   9   49  109
120 177.000 145.000  10  10  164  224
121  50.000  31.000  10  20   85  145
122  37.000 177.000  10  21  407  467
123 197.000  29.000  10  16  394  454
124  40.000 130.000  10   1  123  183
125  28.000 187.000  10  16  484  544
126 105.000  70.000  10  10   35   95
127 140.000   6.000  10  30  104  164
128 146.000 166.000  10  24  351  411
129  53.000  59.000  10  20   62  122
130 122.000  58.000  10  15   47  107
131  37.000 190.000  10  10  133  193
132 155.000  22.000  10  24  112  172
133 175.000 143.000  10  20  187  247
134 131.000  92.000  10  22   32   92
135 180.000  66.000  10  13   86  146
136 129.000 176.000  10  18  130  190
137 185.000 123.000  10  30   88  148
138  77.000 115.000  10  20   42  102
139 195.000  97.000  10  20  136  196
140 196.000 111.000  10  30  125  185
141  13.000 152.000  10  20  101  161
142 192.000 113.000  10  20   92  152
143  25.000 143.000  10  20  105  165
144 165.000 113.000  10  10   66  126
145 177.000 146.000  10  10  153  213
146  87.000 196.000  10  30  134  194
147  89.000  39.000  10  19   61  121
148 162.000 123.000   0  40  131  191
149  67.000 127.000  10  21   42  102
150 183.000 120.000  10  10   85  145
151 131.000  38.000  10  20   69  129
152  78.000 115.000  10  10   31   91
153  39.000 151.000  10  26   97  157
154  53.000 175.000  10  28  188  248
155   1.000  54.000  10  14  272  332
156   5.000  73.000  10  10  107  167
157 166.000 117.000  10  20   80  140
158 165.000 116.000  10  10   92  152
159  99.000  12.000  10  30   88  148
160  48.000 106.000  10  23  158  218
161 154.000   7.000  10  32  335  395
162 135.000 171.000  10  27  148  208
163  11.000 118.000  10  33   97  157
164  78.000  72.000  10   9   35   95
165  69.000 133.000  10   8   45  105
166  99.000  45.000  10  21   69  129
167 194.000 112.000  10  10  138  198
168  68.000 156.000  10  28  301  361
169  67.000 138.000  10  11   56  116
170 111.000 129.000  10  27   31   91
171  97.000   7.000  10  20  100  160
172  75.000 173.000  10  30   77  137
173  42.000  72.000  10  18  165  225
174   6.000  67.000  10  10   99  159
175  14.000  92.000  10  30   86  146
176 140.000   3.000  10  10  127  187
177 187.000 112.000  10  30   87  147
178 104.000  68.000  10  10   47  107
179  30.000 187.000  10  10  180  240
180 186.000  65.000   0  39  452  512
181  12.000 131.000  10  28  120  180
182 122.000  37.000  10  30   89  149
183  84.000 180.000   0  12  346  406
184 136.000  90.000  10  18   37   97
185  61.000  50.000  10  10   79  139
186 137.000   4.000  10  10  209  269
187 179.000 151.000  10  20  304  364
188  15.000  87.000  10  20  105  165
189 157.000 142.000  10  13   70  130
190 138.000  61.000  10  19  247  307
191  60.000 184.000  10   7  311  371
192  85.000 192.000  10  10   93  153
193  93.000   7.000  10  20  114  174
194 149.000  78.000  10   6  432  492
195 185.000 115.000  10  20  136  196
196  29.000 121.000  10  46  259  319
197 122.000  13.000  10  27  125  185
198   8.000  73.000  10  20  146  206
199 115.000  75.000  10  26   29   89
200  41.000  43.000  10  30  492  552
201 104.000   5.000   0  26  176  236
202 193.000 131.000  10  20   98  158
203 129.000  40.000  10  20   66  126
204 181.000 147.000  10  20  119  179
205  17.000  93.000  10  20   83  143
206 123.000  90.000   0  21   25   85
207 110.000 184.000   0  10  436  496
208 121.000  46.000  10   3  151  211
209  19.000  51.000  10 -20  150  210
210 143.000   0.000  10 -20  166  226
211 111.000 189.000  10 -30  488  548
212  57.000 157.000  10 -11   71  131
213 135.000   0.000  10 -20  194  254
214   8.000  89.000  10 -30  193  253
215  21.000  85.000  10 -20  173  233
216  59.000  83.000  10 -30  212  272
217 113.000 105.000  10 -10  230  290
218 193.000 111.000  10 -20  149  209
219 200.000 136.000  10 -10  113  173
220  62.000  38.000  10 -10  524  584
221   5.000 162.000  10 -26  113  173
222  84.000 118.000  10 -20   83  143
223 100.000  53.000  10 -24  648  708
224  87.000 195.000  10 -10  123  183
225  89.000 176.000  10 -10  412  472
226  27.000 135.000  10 -20  186  246
227  66.000  52.000  10 -10  134  194
228 148.000 157.000  10  -6  303  363
229  65.000  42.000  10 -10  198  258
230 186.000  94.000  10 -20  106  166
231   8.000 154.000  10 -20  145  205
232 145.000  19.000  10 -17  310  370
233  74.000  55.000  10 -30  336  396
234  28.000 193.000  10 -10  164  224
235  83.000 180.000  10 -10  251  311
236 151.000 132.000  10 -10  150  210
237 189.000  95.000  10 -10  119  179
238  26.000 138.000  10 -10  173  233
239 143.000 179.000  10 -22  256  316
240   7.000 151.000  10 -20  168  228
241 197.000 140.000  10 -10  104  164
242  63.000  55.000  10 -30  170  230
243  65.000  77.000  10 -20  193  253
244  78.000 184.000  10 -30  194  254
245  42.000 165.000  10 -10  368  428
246  39.000 186.000  10 -27  160  220
247 172.000 179.000  10 -20  546  606
248  41.000 187.000  10 -30  105  165
249 158.000 132.000  10 -10  343  403
250 137.000  10.000  10 -10  425  485
251  73.000  81.000  10 -20  662  722
252  15.000  88.000  10 -10   94  154
253  83.000 118.000  10 -10   72  132
254  57.000 118.000  10 -10  406  466
255 188.000  88.000  10 -10   88  148
256  12.000 156.000  10 -20  130  190
257  32.000  47.000  10 -30  135  195
258  36.000 193.000  10 -16  146  206
259 186.000  96.000  10 -10  175  235
260 139.000  97.000  10 -25  610  670
261  81.000 183.000  10 -23   85  145
262  18.000  35.000  10 -16  591  651
263 181.000  70.000  10 -18  510  570
264  65.000  53.000  10  -8  157  217
265 146.000   3.000  10 -10  417  477
266   7.000 142.000  10 -30  187  247
267  53.000 180.000  10 -10  263  323
268  55.000  24.000  10 -29  108  168
269 151.000  66.000  10 -11   61  121
270  40.000  95.000  10 -17  487  547
271 113.000 100.000  10 -20  215  275
272  56.000  59.000  10 -10   60  120
273  12.000  85.000  10 -10  119  179
274  66.000 196.000  10 -25  402  462
275 200.000 162.000  10  -6  479  539
276   3.000  75.000  10 -30  119  179
277  54.000  30.000  10 -10  135  195
278   7.000 152.000  10 -20  157  217
279  86.000  69.000  10 -20  161  221
280 189.000 120.000  10 -20  120  180
281  87.000 118.000  10 -30   96  156
282  39.000 112.000  10 -20  115  175
283  30.000 142.000  10 -10   81  141
284  83.000 197.000  10 -10  148  208
285 142.000  27.000  10 -22  355  415
286  95.000  16.000  10 -22  144  204
287  46.000  40.000  10 -15  237  297
288 178.000 140.000  10 -20   87  147
289 180.000  93.000  10 -30  202  262
290  23.000 123.000  10 -15  275  335
291 103.000  66.000  10 -10   70  130
292  40.000 183.000  10 -13  102  162
293  62.000  50.000  10 -21   90  150
294  55.000  51.000  10 -20  253  313
295  19.000  38.000  10  -8  439  499
296  53.000  31.000  10 -10  146  206
297 176.000 144.000  10 -20  176  236
298  53.000  67.000  10 -30  110  170
299   8.000  69.000  10 -10  170  230
300 110.000 110.000  10 -15  577  637
301 123.000  33.000  10 -10  113  173
302 136.000 111.000  10 -19  586  646
303  85.000  85.000  10 -14  554  614
304   8.000  74.000  10 -20  135  195
305 138.000  72.000  10 -23  127  187
306 159.000 105.000  10 -14  561  621
307 171.000  36.000  10  -6  600  660
308  10.000  20.000  10 -14  574  634
309 194.000 129.000  10 -40  163  223
310  63.000 149.000  10 -16   61  121
311 143.000   5.000  10 -20  151  211
312  50.000  67.000  10 -20   97  157
313 198.000 132.000  10 -20  138  198
314  23.000 168.000  10 -12  464  524
315  97.000 129.000  10 -11  569  629
316 125.000  49.000  10  -3  275  335
317 172.000  55.000  10 -43  440  500
318  53.000  29.000  10 -23  123  183
319  92.000 178.000  10 -27  456  516
320 119.000  37.000  10 -20  153  213
321  95.000  74.000  10 -20  126  186
322 127.000 143.000  10 -20  526  586
323  97.000  65.000  10 -21   96  156
324 108.000 141.000  10 -10  255  315
325 121.000  48.000  10 -23  268  328
326  28.000 160.000  10 -24  378  438
327 164.000  37.000  10  -9   89  149
328 161.000 158.000  10 -10  378  438
329  48.000  30.000  10 -20   87  147
330  71.000 131.000  10 -21  484  544
331 179.000   5.000  10 -16  521  581
332  23.000 142.000  10  -1  117  177
333  68.000 115.000  10 -16  550  610
334 103.000  67.000  10 -10   59  119
335 137.000   1.000  10 -30  182  242
336 114.000 112.000  10 -24  591  651
337  53.000  61.000  10 -20   67  127
338 135.000  45.000  10 -15  273  333
339  45.000 142.000  10 -10  453  513
340 155.000  17.000  10 -24   99  159
341 174.000 194.000  10 -20  447  507
342 142.000  60.000  10 -22  398  458
343 168.000  58.000  10 -13  207  267
344  80.000 190.000  10 -18  429  489
345 187.000 142.000  10 -30  101  161
346  78.000 119.000  10 -20   57  117
347 189.000  97.000  10 -20  152  212
348 190.000 110.000  10 -30  162  222
349  56.000 148.000  10 -20  512  572
350 155.000 107.000  10 -20  535  595
351  59.000 139.000  10 -20  306  366
352 172.000 114.000  10 -10   73  133
353 184.000 140.000  10 -10  341  401
354  82.000 194.000  10 -30  161  221
355  69.000  47.000  10 -19  108  168
356 162.000 123.000  10 -40  131  191
357  46.000 131.000  10 -21  326  386
358 197.000 113.000  10 -10  113  173
359 129.000  38.000  10 -20   68  128
360 100.000 144.000  10 -10  234  294
361  38.000 188.000  10 -26  110  170
362  23.000 176.000  10 -28  338  398
363  20.000  59.000  10 -14  487  547
364  12.000  69.000  10 -10  184  244
365 178.000 123.000  10 -20   81  141
366 162.000 118.000  10 -10  116  176
367  98.000   4.000  10 -30   96  156
368  95.000  50.000  10 -23  222  282
369 193.000  12.000  10 -32  359  419
370 124.000 191.000  10 -27  181  241
371  24.000 131.000  10 -33  294  354
372   8.000   8.000  10  -9  130  190
373  24.000 140.000  10  -8  129  189
374  64.000  52.000  10 -21  146  206
375 190.000 109.000  10 -10  173  233
376  69.000 150.000  10 -28  549  609
377  35.000 186.000  10 -11  195  255
378 104.000 176.000  10 -27  215  275
379 100.000   6.000  10 -20   94  154
380  88.000 143.000  10 -30  506  566
381  53.000  79.000  10 -18  457  517
382  20.000  72.000  10 -10  236  296
383  56.000  90.000  10 -30  514  574
384 158.000  20.000  10 -10  557  617
385 190.000 112.000  10 -30   90  150
386  97.000  67.000  10 -10  108  168
387  32.000 178.000  10 -10  214  274
388 186.000  65.000  10 -39  452  512
389   7.000 119.000  10 -28  346  406
390 123.000  31.000  10 -30  125  185
391  84.000 180.000  10 -12  346  406
392 144.000  59.000  10 -18  427  487
393  51.000  31.000  10 -10   84  144
394 110.000   8.000  10 -10  463  523
395 131.000 136.000  10 -20  616  676
396  14.000  84.000  10 -20  146  206
397 183.000 170.000  10 -13  178  238
398 158.000  81.000  10 -19  494  554
399   6.000 193.000  10  -7  384  444
400  84.000 192.000  10 -10   98  158
401 134.000   6.000  10 -20  222  282
402 144.000  92.000  10  -6  496  556
403 184.000 116.000  10 -20  148  208
404  12.000 113.000  10 -46  318  378
405 112.000   6.000  10 -27  601  661
406  28.000  77.000  10 -20  205  265
407 121.000  50.000  10 -26   97  157
408  54.000  37.000  10 -30  617  677
409 104.000   5.000  10 -26  176  236
410 199.000 132.000  10 -20  127  187
411 125.000  38.000  10 -20   75  135
412 180.000 147.000  10 -20  130  190
413  22.000 133.000  10 -20  157  217
414 123.000  90.000  10 -21   25   85
415 110.000 184.000  10 -10  436  496
416 104.000  88.000  10  -3  683  743
417 100.000 100.000   0   0    0  765
