208 208 1000 200 1000
  0 100.000 100.000   0   0    0  765
  1  63.000  58.000   0  20   55  187
  2  64.000  52.000  10  20  122  229
  3 139.000   7.000  10  20  100  231
  4 110.000   8.000  10  26  440  546
  5  60.000 153.000  10  11   66  160
  6 141.000   8.000  10  20  100  197
  7 151.000 132.000  10   6  144  216
  8 155.000  17.000  10  32   99  301
  9  78.000 119.000  10  30   57  116
 10 185.000 124.000  10  10   88  240
 11 197.000 113.000  10  20   97  193
 12  84.000 118.000  10  20   45  180
 13 143.000 179.000  10  24  217  356
 14 119.000  37.000  10  20  114  251
 15  80.000 167.000  10  10  197  276
 16  23.000 137.000  10  20  111  235
 17 178.000 123.000  10  30   81  178
 18  45.000 142.000   0  15  401  564
 19 151.000  66.000  10  11   61  176
 20  68.000  50.000  10  10  118  185
 21 159.000 196.000  10   6  197  309
 22  87.000  30.000  10  10  136  271
 23 187.000  92.000  10  20   87  202
 24  54.000  30.000  10  10   95  235
 25  93.000  13.000  10  30   91  229
 26 104.000  88.000   0  25  590  743
 27  78.000 169.000  10  10  260  346
 28 127.000 143.000  10   7  507  606
 29  82.000 194.000  10  10  125  258
 30  23.000 176.000   0  20  310  426
 31  55.000  24.000  10  10   88  230
 32 186.000  91.000  10  10   86  169
 33  78.000 184.000  10  20  172  275
 34 165.000 181.000  10  22  103  221
 35 103.000  66.000  10  20   38  162
 36  83.000 118.000  10  20   45  158
 37  66.000  58.000  10  20  108  321
 38  83.000 188.000  10  30   89  253
 39  12.000 154.000  10  10  103  224
 40  41.000 186.000  10  27  104  233
 41  86.000  69.000  10  14  113  268
 42  41.000 182.000  10  30  101  195
 43 178.000 147.000  10  10  143  202
 44 140.000  11.000  10  10   97  206
 45  60.000  51.000  10  20   63  185
 46  18.000  89.000  10  10   82  286
 47  85.000 110.000  10  10   18  122
 48 181.000  89.000  10  10   81  197
 49  35.000 160.000  10  16   88  165
 50 187.000  97.000  10  10  121  266
 51  82.000  48.000  10   8   55  154
 52 137.000   1.000  10  10  161  264
 53 143.000   0.000  10  10  141  251
 54 198.000 132.000  10  10  103  234
 55  25.000 146.000   0  30   87  253
 56  15.000  88.000  10  10   85  219
 57  38.000 183.000  10  10  264  384
 58  62.000  15.000  10  29   93  233
 59  19.000  38.000  10  16  428  510
 60 144.000  59.000  10  18  397  516
 61 125.000  78.000  10  11   33  142
 62  12.000 156.000  10  30  104  230
 63 159.000 121.000  10  20  107  242
 64  59.000  57.000  10  10   59  106
 65 168.000  58.000  10  29  182  292
 66  12.000  85.000  10  10   94  203
 67 155.000 107.000   0  10  518  612
 68 195.000 132.000  10   6  190  367
 69  55.000  51.000  10  17  204  361
 70  17.000 150.000  10  20   96  186
 71 101.000  67.000  10  20   52  171
 72 164.000 113.000  10  20   65  165
 73  80.000 108.000  10  20   21  119
 74  27.000 135.000  10  10  140  293
 75  29.000 139.000  10  10   81  219
 76 114.000  72.000  10  22   31   59
 77 174.000 128.000  10  20   79  225
 78  30.000 142.000  10  10   81  215
 79 103.000  70.000  10  10   30  125
 80   8.000   8.000  10  11  130  208
 81  83.000  81.000  10  21   25   85
 82  57.000  54.000  10  20   62  179
 83  83.000 180.000  10  15  231  331
 84 179.000 141.000  10  20   89  245
 85  55.000  64.000  10  30   57  200
 86 174.000 185.000  10  15  112  146
 87 176.000 144.000  10  20  125  287
 88  53.000  61.000  10  20   61  178
 89 123.000  33.000  10  20   83  204
 90 136.000 111.000  10  19  565  666
 91  12.000  66.000  10  20   94  185
 92 107.000  96.000  10  23    8  100
 93 188.000  88.000  10  20   88  215
 94 195.000 129.000  10  40  145  220
 95 108.000 141.000  10  13  237  334
 96  75.000 134.000  10  16   42  170
 97 141.000   4.000  10  20  108  230
 98  60.000  58.000  10  20   58  185
 99   7.000 142.000  10  20  125  309
100 190.000 112.000  10  20   90  247
101  63.000 192.000  10  12  178  317
102 109.000  48.000  10   3   81  218
103 189.000  83.000  10  43  183  255
104  68.000  40.000  10  23   68  257
105  98.000 193.000  10  27  144  291
106 121.000  36.000  10  20   67  285
107 101.000  70.000  10  20   30  178
108 103.000  77.000  10  21   23  144
109 127.000  60.000  10  23   67  219
110 178.000 140.000  10  10   87  237
111 138.000  69.000  10   9   49  121
112 177.000 145.000   0  10  119  270
113  50.000  31.000   0  20   85  202
114  37.000 177.000  10  21  375  499
115  48.000  30.000  10  50   87  242
116  40.000 130.000  10   1   91  214
117  23.000 168.000  10  13  416  572
118  24.000 140.000  10  20  105  213
119  20.000  59.000   0  20  453  581
120  81.000 183.000  10  11   85  208
121 145.000  19.000  10  20  284  396
122 105.000  70.000  10  10   30  161
123 140.000   6.000  10  30  102  226
124 179.000   5.000  10   9  484  619
125 122.000  58.000  10  15   47  199
126  37.000 190.000   0  10  109  228
127 175.000 143.000  10  20  139  295
128 131.000  92.000  10  22   32  155
129 185.000 123.000  10  30   88  196
130  77.000 115.000  10  20   27  160
131 162.000 118.000  10  20   86  206
132 196.000 111.000  10  30  121  189
133  32.000  47.000  10  27   97  232
134  13.000 152.000  10  20  101  220
135  25.000 143.000  10  20  102  167
136  51.000  31.000  10  20   84  217
137  14.000  84.000  10  20  112  240
138  12.000  69.000  10  10  146  282
139 165.000 113.000  10  10   66  177
140 138.000  72.000  10   8   76  238
141 110.000 110.000   0  14  546  667
142  87.000 196.000  10  30   98  231
143  89.000  39.000  10  19   61  132
144 143.000   5.000  10  10  125  237
145 193.000 111.000  10  20  106  252
146  67.000 127.000  10  21   42  169
147  73.000  81.000   0  19  599  722
148 183.000 120.000  10  10   85  190
149   8.000 154.000  10  20  127  222
150 200.000 162.000  10  24  430  589
151 131.000  38.000  10  20   69  176
152  78.000 115.000  10  10   32   91
153  39.000 151.000  10  26   95  158
154  40.000  95.000  10  25  450  585
155   5.000  73.000  10  10   98  214
156   7.000 151.000  10  20  126  269
157 166.000 117.000  10  20   68  221
158  39.000 186.000  10   5  126  254
159  99.000  12.000  10  30   88  228
160  48.000 106.000  10  23  129  247
161 135.000 171.000  10  27  122  235
162  11.000 118.000  10  33   90  239
163  78.000  72.000  10   9   35  156
164  19.000  51.000  10  19  127  233
165  69.000 133.000  10   8   45  167
166  56.000  59.000  10  30   60  185
167  99.000  45.000  10  21   55  166
168  42.000 165.000  10  22  319  478
169 172.000 114.000  10  20   73  123
170 104.000 176.000  10  19  176  314
171  21.000  85.000  10  20  157  250
172  67.000 138.000  10  11   50  174
173 111.000 129.000  10  27   31  139
174  75.000 173.000  10  30   77  180
175  53.000 180.000   0   4  220  367
176   6.000 193.000  10  13  362  467
177  14.000  92.000  10  30   86  200
178  65.000  53.000  10  10  140  234
179 140.000   3.000   0  10  127  187
180 187.000 112.000  10  30   87  158
181  30.000 187.000  10  10  173  248
182 194.000 129.000  10  20  119  268
183 186.000  65.000  10  39  407  557
184 122.000  37.000  10  30   66  195
185  36.000 193.000  10  20  122  229
186  84.000 180.000  10  12  307  445
187 136.000  90.000  10  18   37  162
188 137.000   4.000  10  10  179  298
189 179.000 151.000  10  20  270  398
190 189.000  97.000  10  20  123  241
191  15.000  87.000  10  20   85  203
192 157.000 142.000  10  13   70  196
193  65.000  42.000  10  12  145  311
194  60.000 184.000  10   7  270  412
195  85.000 192.000  10  10   93  219
196  93.000   7.000  10  20   93  214
197  95.000  16.000  10  20  113  235
198 125.000  38.000  10  30   66  200
199  29.000 121.000  10  46  244  334
200   8.000  73.000  10  20   98  253
201 115.000  75.000  10  26   29  121
202 104.000   5.000   0  26  142  270
203  84.000 192.000  10  10   93  178
204  95.000  74.000  10  20  104  208
205   8.000  74.000  10  20  110  220
206  17.000  93.000  10  20   83  217
207  66.000 196.000   0  23  356  508
208 123.000  90.000  10  21   25  187
209  63.000  58.000  10 -20   55  187
210  66.000  52.000  10 -20   84  243
211 134.000   6.000  10 -20  214  290
212 112.000   6.000  10 -26  536  661
213  57.000 157.000  10 -11   71  157
214 171.000  36.000  10 -20  592  660
215 148.000 157.000  10  -6  265  400
216 164.000  37.000  10 -32   89  229
217  63.000 149.000  10 -30   61  200
218 199.000 132.000  10 -10  104  229
219 194.000 112.000  10 -20  125  211
220  85.000 164.000  10 -20   65  138
221 134.000 157.000  10 -24  371  495
222 121.000  48.000  10 -20  233  363
223 100.000 144.000  10 -10  197  331
224  12.000 131.000  10 -20   93  233
225 196.000 137.000  10 -30  102  195
226  45.000 142.000  10 -15  401  564
227 144.000  92.000  10 -11  469  584
228  69.000  47.000  10 -10   61  237
229 161.000 158.000  10  -6  339  478
230  98.000   4.000  10 -10   96  211
231 186.000  96.000  10 -20  133  277
232  53.000  29.000  10 -10   85  236
233  90.000   4.000  10 -30   96  197
234 104.000  88.000  10 -25  590  743
235  68.000 156.000  10 -10  278  385
236 131.000 136.000  10  -7  555  708
237 111.000 189.000  10 -10  442  593
238  23.000 176.000  10 -20  310  426
239  46.000  22.000  10 -10  364  475
240 195.000  97.000  10 -10  100  232
241  84.000 194.000  10 -20   95  274
242 183.000 170.000  10 -22  174  242
243  87.000 117.000  10 -20   81  192
244  87.000 118.000  10 -20   55  196
245  59.000  83.000  10 -20  161  322
246  85.000 193.000  10 -30  280  370
247  46.000 131.000  10 -10  267  445
248  38.000 190.000  10 -27  109  241
249  53.000  67.000  10 -14   97  183
250  40.000 183.000  10 -30  102  253
251 187.000 142.000  10 -10   96  203
252 193.000  12.000  10 -10  352  426
253  53.000  31.000  10 -20  125  228
254  13.000  81.000  10 -10  126  200
255  10.000  20.000  10 -10  512  635
256 186.000  94.000  10 -10   86  219
257  11.000 151.000  10 -16  102  176
258 185.000  96.000  10 -10  163  268
259 100.000   6.000  10  -8   94  216
260 135.000   0.000  10 -10  169  280
261 137.000  10.000  10 -10  393  517
262 200.000 136.000  10 -10  106  229
263  25.000 146.000  10 -30   87  253
264  10.000  67.000  10 -10   95  217
265  32.000 178.000  10 -10  195  292
266  41.000  43.000  10 -29  466  577
267  54.000  37.000  10 -16  555  677
268 142.000  60.000  10 -18  382  473
269 123.000  36.000  10 -11   73  188
270  22.000 133.000  10 -30  140  233
271 162.000 123.000  10 -20   85  236
272  61.000  50.000  10 -10   63  187
273 172.000  55.000  10 -29  403  536
274  55.000  87.000  10 -10  145  291
275 155.000 107.000  10 -10  518  612
276 168.000 119.000  10  -6  520  625
277  74.000  55.000  10 -17  322  410
278   7.000 152.000  10 -20  134  240
279  97.000  67.000  10 -20  100  177
280 188.000 125.000  10 -20   91  198
281  22.000  61.000  10 -20  237  333
282  26.000 138.000  10 -10  153  254
283  37.000 146.000  10 -10  279  372
284 138.000  61.000  10 -22  236  318
285 177.000 146.000  10 -20  127  239
286  56.000 148.000  10 -10  490  594
287 103.000  67.000  10 -10   52  126
288  17.000  32.000  10 -11  407  564
289  50.000  67.000  10 -21   59  204
290  52.000  28.000  10 -20   86  230
291  97.000 129.000  10 -15  532  667
292 184.000 140.000  10 -20  334  409
293  85.000  85.000  10 -30  538  630
294 174.000 194.000  10 -15  392  561
295 180.000 147.000  10 -20   95  225
296  26.000  41.000  10 -20   94  281
297 122.000  13.000  10 -20   89  268
298 114.000 112.000  10 -19  552  689
299  28.000  77.000  10 -20  175  295
300 114.000 122.000  10 -23  180  275
301 180.000  93.000  10 -20  161  302
302 193.000 131.000  10 -40   98  209
303 113.000 105.000  10 -13  190  331
304  53.000 175.000  10 -16  138  299
305 146.000   3.000  10 -20  387  507
306  62.000  50.000  10 -20   62  181
307  23.000 123.000  10 -20  246  365
308 190.000 110.000  10 -20  154  230
309 110.000 184.000  10 -12  415  516
310 140.000   4.000  10  -3  105  188
311 139.000  97.000  10 -43  577  704
312  62.000  38.000  10 -23  506  601
313  80.000 190.000  10 -27  418  500
314 123.000  31.000  10 -20   86  225
315  97.000  65.000  10 -20   83  169
316 100.000  70.000  10 -21   30  163
317 142.000  27.000  10 -23  343  427
318 146.000 166.000  10 -10  328  434
319 154.000  59.000  10  -9   67  216
320 177.000 145.000  10 -10  119  270
321  50.000  31.000  10 -20   85  202
322  28.000 160.000  10 -21  345  470
323  63.000  55.000  10 -50  158  242
324  23.000 142.000  10  -1   87  207
325  25.000 165.000  10 -13  330  446
326   7.000 119.000  10 -20  300  452
327  20.000  59.000  10 -20  453  581
328  89.000 176.000  10 -11  357  528
329 149.000  78.000  10 -20  400  525
330 104.000  68.000  10 -10   32  174
331 155.000  22.000  10 -30   95  227
332 158.000  20.000  10  -9  543  632
333 129.000  40.000  10 -15   66  221
334  37.000 190.000  10 -10  109  228
335 158.000 132.000  10 -20  298  447
336 175.000  60.000  10 -22   85  182
337 197.000 140.000  10 -30  104  219
338  79.000 115.000  10 -20   25  121
339 165.000 117.000  10 -20   67  207
340 192.000 113.000  10 -30   92  225
341  26.000  45.000  10 -27  161  313
342  10.000 153.000  10 -20  104  276
343  68.000 115.000  10 -20  510  650
344  52.000  38.000  10 -20   78  211
345   6.000  67.000  10 -20   99  178
346   1.000  54.000  10 -10  246  358
347 165.000 116.000  10 -10   67  176
348 181.000  70.000  10  -8  468  611
349 110.000 110.000  10 -14  546  667
350  83.000 197.000  10 -30   98  260
351 100.000  53.000  10 -19  594  708
352 197.000  29.000  10 -10  368  479
353 199.000 115.000  10 -20  110  150
354  39.000 112.000  10 -21  113  177
355  73.000  81.000  10 -19  599  722
356 184.000 116.000  10 -10  110  246
357   5.000 162.000  10 -20  113  207
358 172.000 179.000  10 -24  521  631
359 135.000  45.000  10 -20  251  355
360  26.000 147.000  10 -10   87  226
361  24.000 131.000  10 -26  257  391
362  56.000  90.000  10 -25  447  642
363   3.000  75.000  10 -10  100  198
364  69.000 150.000  10 -20  528  630
365 159.000 105.000  10 -20  533  649
366  38.000 188.000  10  -5  109  171
367 105.000  26.000  10 -30  254  421
368  16.000  84.000  10 -23  131  245
369 129.000 176.000  10 -27   87  234
370  12.000 113.000  10 -33  278  417
371  65.000  77.000  10  -9  149  297
372  18.000  35.000  10 -19  539  651
373  41.000 187.000  10  -8  105  187
374  53.000  59.000  10 -30   62  177
375 121.000  46.000  10 -21   99  263
376  71.000 131.000  10 -22  439  590
377 189.000 120.000  10 -20   98  202
378  88.000 143.000  10 -19  490  582
379  53.000  79.000  10 -20  446  528
380  42.000 174.000  10 -11   94  167
381 124.000 191.000  10 -27  197  225
382  79.000 193.000  10 -30  154  255
383  53.000 180.000  10  -4  220  367
384  28.000 187.000  10 -13  454  575
385  20.000  72.000  10 -30  201  331
386  70.000  37.000  10 -10   69  221
387 140.000   3.000  10 -10  127  187
388 190.000 109.000  10 -30  166  240
389  28.000 193.000  10 -10  131  256
390 185.000 115.000  10 -20   86  287
391 158.000  81.000  10 -39  464  585
392 125.000  49.000  10 -30  247  363
393  35.000 186.000  10 -20  174  277
394  92.000 178.000  10 -12  416  555
395 180.000  66.000  10 -18   86  228
396 154.000   7.000  10 -10  321  410
397 162.000 162.000  10 -20  305  411
398 189.000  95.000  10 -20  102  196
399   8.000  69.000  10 -20  150  249
400 181.000 147.000  10 -13   93  212
401  46.000  40.000  10 -12  223  312
402  59.000 139.000  10  -7  279  393
403  87.000 195.000  10 -10   95  235
404  97.000   7.000  10 -20   93  196
405  95.000  50.000  10 -20  200  305
406 129.000  38.000  10 -30   68  177
407  57.000 118.000  10 -46  369  503
408  42.000  72.000  10 -20  143  248
409 121.000  50.000  10 -26   54  222
410 104.000   5.000  10 -26  142  270
411  87.000 191.000  10 -10   91  188
412 113.000 100.000  10 -20  213  277
413   8.000  71.000  10 -20  142  233
414   8.000  89.000  10 -20  172  275
415  66.000 196.000  10 -23  356  508
416 156.000  93.000  10 -21  380  491
417 100.000 100.000   0   0    0  765
