207 207 1000 200 1000
  0 100.000 100.000   0   0    0  765
  1  63.000  58.000  10  20   55  115
  2  79.000 193.000  10  30  157  252
  3  60.000 153.000  10  11   91  133
  4 141.000   8.000  10  20  101  121
  5  13.000  81.000  10  30  118  208
  6  16.000  84.000  10  20  162  215
  7 155.000  17.000  10  32   99  152
  8 199.000 115.000  10  20  111  149
  9 185.000 124.000  10  10   88  177
 10  46.000  22.000   0  10  386  452
 11 144.000  92.000  10  23  500  553
 12   5.000 162.000  10  26  122  155
 13 197.000 113.000   0  20  114  172
 14  84.000 118.000  10  20   68  157
 15 105.000  26.000  10  24  305  370
 16 143.000 179.000  10  24  241  331
 17 119.000  37.000  10  20  167  198
 18  80.000 167.000  10  10  208  266
 19 181.000  70.000  10  25  501  578
 20 178.000 123.000  10  30   81  142
 21  45.000 142.000  10  15  455  511
 22  68.000  50.000  10  10  105  197
 23  87.000  30.000  10  10  176  231
 24  54.000  30.000  10  10  128  202
 25 180.000 147.000  10  10  126  195
 26 154.000  59.000  10  17   67  179
 27  93.000  13.000  10  30  113  208
 28  24.000 131.000  10  31  308  340
 29  82.000 194.000  10  10  152  231
 30 165.000 117.000  10  10  110  155
 31 148.000 157.000   0  21  284  381
 32 186.000  91.000  10  10   86  177
 33  26.000 138.000  10  10  169  238
 34 165.000 181.000  10  22  103  128
 35 188.000 125.000  10  10   91  189
 36 197.000 140.000  10  10  117  139
 37 100.000  70.000  10  30   30   47
 38  83.000 118.000  10  20   50  154
 39  66.000  58.000  10  20  176  253
 40  83.000 188.000  10  30   89  160
 41  12.000 154.000  10  10  111  186
 42 161.000 158.000  10  24  370  447
 43  41.000 182.000  10  30  101  135
 44 140.000  11.000  10  10   97  173
 45  60.000  51.000  10  20   69  126
 46 100.000   6.000  10  30   94  166
 47  18.000  89.000  10  10   82  106
 48  85.000 110.000  10  10   18   78
 49 181.000  89.000  10  10   81   93
 50  26.000 147.000  10  20   87  135
 51  46.000 131.000   0  21  321  391
 52  35.000 160.000  10  16   88  144
 53  85.000 164.000  10  23   65  159
 54 175.000  60.000  10  18   85  174
 55 140.000   4.000  10  10  126  167
 56 198.000 132.000  10  10  137  199
 57  25.000 146.000  10  30   99  145
 58  15.000  88.000  10  10  122  127
 59  62.000  15.000  10  29   93  142
 60  19.000  38.000  10  16  445  494
 61 144.000  59.000  10  18  440  474
 62  53.000  29.000  10  30  126  181
 63  22.000  61.000  10  17  270  300
 64 159.000 121.000  10  20  123  226
 65  12.000  85.000  10  10  124  174
 66 121.000  50.000  10  24   84  170
 67  17.000 150.000  10  20   96  233
 68  69.000  47.000  10  10   83  193
 69 164.000 113.000  10  20   65  145
 70  79.000 115.000  10  30   25  103
 71  80.000 108.000  10  20   21   88
 72 184.000 116.000  10  20  122  234
 73  27.000 135.000  10  10  193  240
 74  29.000 139.000  10  10   81  131
 75 186.000  94.000  10  20   97  175
 76 114.000  72.000  10  22   31   64
 77  90.000   4.000  10  22  105  132
 78  41.000 187.000  10  20  105  173
 79 174.000 128.000  10  20   79  106
 80 103.000  70.000   0  10   30   81
 81  42.000 174.000  10  13   94  201
 82  83.000  81.000  10  21   25   71
 83  57.000  54.000  10  20   76   92
 84  26.000  45.000  10   8  202  271
 85  97.000  65.000  10  20   84  169
 86  53.000  31.000  10  10  172  181
 87 179.000 141.000  10  20   89  146
 88  55.000  64.000  10  30   69  152
 89  12.000  66.000  10  20   94  177
 90 107.000  96.000  10  23    8   23
 91 188.000  88.000  10  20   88  161
 92  75.000 134.000  10  16   42  135
 93  60.000  58.000  10  20   58  120
 94 190.000 112.000  10  20   90  149
 95  63.000 192.000  10  12  203  293
 96 109.000  48.000   0   3  144  156
 97 142.000  27.000  10  11  338  431
 98  68.000  40.000  10  23   68  104
 99 101.000  70.000  10  20   30   83
100 103.000  77.000  10  21   23   98
101 183.000 170.000  10  17  199  216
102 127.000  60.000  10  23   99  188
103 178.000 140.000  10  10   87  167
104 124.000 191.000  10  24  162  261
105 138.000  69.000  10   9   49  147
106  50.000  31.000  10  20   91  100
107  37.000 177.000  10  21  415  458
108  48.000  30.000  10  50   87  159
109  40.000 130.000  10   1  108  197
110  23.000 168.000  10  13  440  548
111  81.000 183.000  10  11   85  172
112 164.000  37.000  10  19   89  179
113 105.000  70.000  10  10   30  111
114  66.000  52.000  10  10  143  184
115  53.000  59.000  10  20   62  135
116 122.000  58.000  10  15   47  127
117 155.000  22.000  10  24  107  176
118 131.000  92.000  10  22   32   89
119 180.000  66.000  10  13   86  169
120  87.000 195.000   0  10  101  205
121 185.000 123.000  10  30   88  143
122  77.000 115.000  10  20   50   94
123 195.000  97.000  10  20  149  182
124 162.000 118.000  10  20  129  163
125  32.000  47.000   0  27  117  213
126  13.000 152.000  10  20  101  169
127 192.000 113.000  10  20   92  235
128  25.000 143.000  10  20   86  206
129  51.000  31.000  10  20   84  157
130 165.000 113.000  10  10   66  112
131 138.000  72.000  10   8  148  166
132 135.000   0.000   0  10  193  256
133 177.000 146.000  10  10  142  225
134  89.000  39.000  10  19   61  139
135  63.000 149.000  10  17   61  112
136 143.000   5.000  10  10  132  231
137  32.000 178.000  10  10  230  258
138 193.000 111.000  10  20  144  214
139 162.000 123.000  10  40  132  189
140  67.000 127.000  10  21   42  100
141  38.000 188.000  10  20  133  146
142 183.000 120.000  10  10   85  109
143   8.000 154.000  10  20  124  225
144   8.000  69.000  10  20  167  232
145 131.000  38.000  10  20   69  108
146   5.000  73.000  10  10  100  173
147  39.000 186.000  10   5  157  223
148 165.000 116.000   0  10   71  172
149  99.000  12.000  10  30   88  143
150 154.000   7.000  10  32  341  390
151  18.000  35.000   0  24  581  651
152 135.000 171.000  10  27  134  223
153  11.000 118.000  10  33  115  139
154  78.000  72.000  10   9   35   72
155  19.000  51.000  10  19  151  209
156  69.000 133.000  10   8   45  115
157  56.000  59.000  10  30   60  103
158 103.000  67.000  10  20   77  100
159 172.000 114.000  10  20   73  124
160  98.000   4.000  10  20   96  181
161 104.000 176.000  10  19  206  285
162 200.000 136.000  10  20  127  158
163  67.000 138.000  10  11   50  138
164 111.000 129.000  10  27   31  147
165  97.000   7.000  10  20   97  163
166  75.000 173.000  10  30   77  173
167  42.000  72.000  10  18  155  236
168  53.000 180.000  10   4  271  316
169 174.000 194.000  10   8  426  527
170  14.000  92.000  10  30   86  134
171 140.000   3.000  10  10  129  185
172 187.000 112.000   0  30   87  166
173 112.000   6.000  10  39  608  657
174 104.000  68.000  10  10   38  117
175  30.000 187.000  10  10  185  235
176  53.000  67.000  10  20  104  175
177  12.000 131.000  10  28  112  188
178 122.000  37.000  10  30   67  170
179  36.000 193.000  10  20  157  195
180 113.000 105.000  10  23  234  287
181  84.000 180.000  10  12  346  405
182  87.000 118.000  10  10   85  166
183 137.000   4.000  10  10  228  249
184 179.000 151.000  10  20  307  361
185 189.000  97.000  10  20  160  204
186  15.000  87.000   0  20  132  138
187 157.000 142.000  10  13   70  118
188 138.000  61.000  10  19  233  321
189  65.000  42.000  10  12  217  240
190  85.000 192.000  10  10   93  159
191 125.000  38.000  10  30   93  117
192  29.000 121.000  10  46  247  331
193  57.000 157.000  10  26   71  153
194   8.000  73.000  10  20  148  204
195 115.000  75.000  10  26   29   79
196 184.000 140.000   0  15  348  394
197  12.000 113.000  10   2  305  391
198  40.000 183.000  10  20  102  186
199 193.000 131.000  10  20   98  141
200 129.000  40.000  10  20   66  149
201  84.000 192.000  10  10   96  159
202   8.000  74.000  10  20  157  172
203 181.000 147.000  10  20  140  159
204  17.000  93.000  10  20   83  162
205  66.000 196.000  10  23  405  460
206 123.000  90.000  10  21   25   64
207 121.000  46.000  10   3  143  219
208  61.000  50.000  10 -20   87  132
209  89.000 176.000  10 -30  388  497
210  25.000 165.000  10 -11  321  456
211 140.000   6.000  10 -20  107  162
212  55.000  87.000  10 -30  195  241
213  21.000  85.000  10 -20  155  251
214 179.000   5.000  10 -32  518  584
215 190.000 109.000  10 -20  162  244
216 196.000 137.000  10 -10  102  141
217  46.000  22.000  10 -10  386  452
218 139.000  97.000  10 -23  616  664
219   7.000 151.000  10 -26  176  220
220 197.000 113.000  10 -20  114  172
221  48.000 106.000  10 -20  152  223
222 110.000   8.000  10 -24  465  522
223 134.000 157.000  10 -24  403  464
224  95.000  50.000  10 -20  202  303
225 110.000 184.000  10 -10  445  487
226 158.000  81.000  10 -25  472  576
227 187.000 142.000  10 -30   96  172
228  71.000 131.000  10 -15  471  558
229  55.000  51.000  10 -10  261  305
230  73.000  81.000  10 -10  633  722
231  46.000  40.000  10 -10  218  317
232 177.000 145.000  10 -10  158  231
233 143.000   0.000  10 -17  177  216
234  95.000  16.000  10 -30  148  200
235  56.000 148.000  10 -31  482  602
236  87.000 191.000  10 -10   91  212
237 113.000 100.000  10 -10  218  273
238 148.000 157.000  10 -21  284  381
239 185.000  96.000  10 -10  164  268
240  78.000 169.000  10 -10  301  306
241 200.000 162.000  10 -22  449  570
242 114.000 112.000  10 -10  548  693
243 199.000 132.000  10 -10  138  176
244  99.000  45.000  10 -30   60  139
245  78.000 119.000  10 -20   48  125
246  63.000  55.000  10 -20  187  213
247  87.000 196.000  10 -30  104  224
248   7.000 142.000  10 -10  191  243
249 162.000 162.000  10 -24  320  396
250  28.000 187.000  10 -30  489  540
251 139.000   7.000  10 -10  100  176
252  70.000  37.000  10 -20   69  168
253 104.000   5.000  10 -30  167  244
254  59.000  83.000  10 -10  218  266
255  39.000 112.000  10 -10  122  168
256 187.000  92.000  10 -10   96  152
257  23.000 137.000  10 -20  137  209
258  46.000 131.000  10 -21  321  391
259  38.000 190.000  10 -16  133  170
260 111.000 189.000  10 -23  498  538
261 168.000  58.000  10 -18  187  286
262 137.000   1.000  10 -10  176  249
263 194.000 129.000  10 -10  162  225
264  11.000 151.000  10 -30  102  171
265  40.000  95.000  10 -10  503  531
266  55.000  24.000  10 -29  123  153
267  17.000  32.000  10 -16  455  517
268 186.000  65.000  10 -18  448  516
269  20.000  59.000  10 -30  474  560
270   1.000  54.000  10 -17  283  322
271 114.000 122.000  10 -20  203  253
272  28.000  77.000  10 -10  185  285
273 121.000  48.000  10 -24  267  329
274  37.000 146.000  10 -20  289  361
275  64.000  52.000  10 -10  124  228
276 185.000 115.000  10 -20  133  199
277  78.000 115.000  10 -30   26   98
278  14.000  84.000  10 -20  148  204
279 155.000 107.000  10 -20  539  591
280  88.000 143.000  10 -10  483  589
281  30.000 142.000  10 -10   81  114
282 186.000  96.000  10 -20  165  244
283 129.000  38.000  10 -22   68  133
284  93.000   7.000  10 -22   93  213
285  35.000 186.000  10 -20  177  273
286 175.000 143.000  10 -20  211  223
287 103.000  70.000  10 -10   30   81
288  37.000 190.000  10 -13  145  181
289  50.000  67.000  10 -21  106  148
290  65.000  53.000  10 -20  172  203
291  10.000  20.000  10  -8  554  635
292  95.000  74.000  10 -20  125  186
293  41.000  43.000  10 -10  489  555
294 178.000 147.000  10 -20  135  209
295  65.000  77.000  10 -30  195  251
296  10.000  67.000  10 -20   95  160
297 125.000  78.000  10 -23   33  122
298 189.000  95.000  10 -20  129  170
299  68.000 156.000  10 -16  291  372
300  59.000  57.000  10 -20   60   80
301 196.000 111.000  10 -20  125  185
302  97.000 129.000  10 -12  570  629
303 109.000  48.000  10  -3  144  156
304 158.000  20.000  10 -11  582  592
305  26.000  41.000  10 -23  141  176
306  82.000  48.000  10 -20   85  124
307  97.000  67.000  10 -21  106  170
308 159.000 196.000  10 -17  241  266
309 135.000  45.000  10 -23  282  323
310 168.000 119.000  10 -10  561  585
311  98.000 193.000  10 -24  160  275
312 149.000  78.000  10  -9  443  481
313  52.000  38.000  10 -20   78  191
314  28.000 160.000  10 -21  368  447
315   8.000   8.000  10 -50  137  170
316  59.000 139.000  10  -1  327  344
317  69.000 150.000  10 -13  540  619
318  84.000 194.000  10 -11  129  150
319 171.000  36.000  10 -19  607  660
320 103.000  66.000  10 -10   64  135
321  74.000  55.000  10 -10  311  422
322   6.000  67.000  10 -20   99  189
323 121.000  36.000  10 -15  147  193
324 197.000  29.000  10 -24  385  463
325 136.000  90.000  10 -22   37  107
326 189.000  83.000  10 -13  190  249
327  87.000 195.000  10 -10  101  205
328 131.000 136.000  10 -30  643  648
329  23.000 123.000  10 -20  296  315
330 180.000  93.000  10 -20  205  258
331 151.000 132.000  10 -20  176  184
332  32.000  47.000  10 -27  117  213
333  10.000 153.000  10 -20  104  173
334 194.000 112.000  10 -20  120  216
335  12.000 156.000  10 -20  119  201
336  52.000  28.000  10 -20   86  186
337 189.000 120.000  10 -10  135  165
338 172.000  55.000  10  -8  428  511
339 135.000   0.000  10 -10  193  256
340 159.000 105.000  10 -10  550  632
341  62.000  38.000  10 -19  537  571
342  39.000 151.000  10 -17   88  166
343 141.000   4.000  10 -10  140  198
344   6.000 193.000  10 -10  399  429
345 190.000 110.000  10 -20  183  202
346 136.000 111.000  10 -40  578  654
347  22.000 133.000  10 -21  154  219
348  53.000 175.000  10 -20  165  272
349 127.000 143.000  10 -10  538  574
350   7.000 152.000  10 -20  162  212
351  20.000  72.000  10 -20  234  298
352 123.000  33.000  10 -20  128  159
353   8.000  71.000  10 -10  156  220
354  60.000 184.000  10  -5  307  376
355 165.000 116.000  10 -10   71  172
356 137.000  10.000  10 -30  425  485
357 193.000  12.000  10 -32  378  399
358  18.000  35.000  10 -24  581  651
359 146.000 166.000  10 -27  316  447
360  24.000 140.000  10 -33  139  179
361  62.000  50.000  10  -9   77  164
362  53.000  79.000  10 -19  458  516
363  78.000 184.000  10  -8  187  260
364  53.000  61.000  10 -30   85  110
365  86.000  69.000  10 -20  159  223
366 156.000  93.000  10 -20  421  450
367 146.000   3.000  10 -20  422  472
368 100.000 144.000  10 -19  246  282
369 195.000 132.000  10 -20  228  328
370  83.000 180.000  10 -11  256  306
371 129.000 176.000  10 -27  117  203
372 122.000  13.000  10 -20  110  200
373  85.000 193.000  10 -30  295  356
374  56.000  90.000  10 -18  506  583
375  38.000 183.000  10  -4  302  345
376 172.000 179.000  10  -8  532  621
377   3.000  75.000  10 -30  113  185
378 134.000   6.000  10 -10  229  275
379 187.000 112.000  10 -30   87  166
380 100.000  53.000  10 -39  679  704
381 101.000  67.000  10 -10   80  143
382  23.000 176.000  10 -10  322  414
383  85.000  85.000  10 -20  542  625
384  23.000 142.000  10 -28  111  184
385 125.000  49.000  10 -30  278  332
386  28.000 193.000  10 -20  144  243
387 110.000 110.000  10 -23  576  638
388  92.000 178.000  10 -12  451  521
389  87.000 117.000  10 -10   98  175
390 145.000  19.000  10 -10  309  372
391 158.000 132.000  10 -20  352  394
392 187.000  97.000  10 -20  185  203
393  15.000  87.000  10 -20  132  138
394 174.000 185.000  10 -13  112  160
395 142.000  60.000  10 -19  391  465
396  54.000  37.000  10 -12  571  677
397  83.000 197.000  10 -10  148  208
398 123.000  31.000  10 -30  105  206
399  68.000 115.000  10 -46  541  620
400  42.000 165.000  10 -26  384  413
401   8.000  89.000  10 -20  182  264
402 151.000  66.000  10 -26   61  142
403 184.000 140.000  10 -15  348  394
404   7.000 119.000  10  -2  338  415
405  41.000 186.000  10 -20  109  190
406 195.000 129.000  10 -20  113  252
407 123.000  36.000  10 -20   88  172
408 108.000 141.000  10 -10  260  311
409  57.000 118.000  10 -20  407  466
410 176.000 144.000  10 -20  191  220
411  12.000  69.000  10 -20  181  247
412  80.000 190.000  10 -23  453  465
413 166.000 117.000  10 -21   70  150
414 104.000  88.000  10  -3  720  743
415 100.000 100.000   0   0    0  765
