206 206 1000 200 1000
  0 100.000 100.000   0   0    0  765
  1 139.000   7.000  10  20    0  655
  2  60.000 153.000  10  11   97  127
  3 141.000   8.000  10  20  100  130
  4  69.000 150.000  10  17  564  594
  5  10.000  20.000  10  14    0  635
  6 187.000 142.000  10  10  116  146
  7  78.000 119.000  10  30    0  726
  8 185.000 124.000  10  10    0  667
  9  46.000  22.000  10  10  404  434
 10   7.000 152.000  10  10  172  202
 11   5.000 162.000  10  26    0  642
 12  28.000  77.000  10  12  220  250
 13 143.000 179.000  10  24    0  666
 14 111.000 189.000  10   3    0  666
 15 119.000  37.000  10  20    0  690
 16  87.000 191.000  10  10   91  121
 17  23.000 137.000  10  20  158  188
 18 181.000  70.000  10  25  525  555
 19 151.000  66.000  10  11    0  694
 20  68.000  50.000  10  10  136  166
 21  87.000  30.000  10  10  188  218
 22  54.000  30.000  10  10  150  180
 23 180.000 147.000  10  10  145  175
 24 154.000  59.000  10  17   68   98
 25  93.000  13.000  10  30  145  175
 26  38.000 190.000  10  10  137  167
 27 104.000  88.000  10  25    0  743
 28  82.000 194.000  10  10  176  206
 29 148.000 157.000  10  21    0  681
 30 186.000  91.000  10  10   97  127
 31  26.000 138.000  10  10  188  218
 32 165.000 181.000  10  22    0  652
 33  11.000 151.000  10  20  109  139
 34 103.000  66.000  10  20    0  721
 35 197.000 140.000  10  10    0  651
 36 100.000  70.000  10  30   30   60
 37  12.000 154.000  10  10  133  163
 38  41.000 186.000  10  27    0  651
 39 162.000 162.000  10  20  343  373
 40  89.000 176.000  10  13    0  679
 41  86.000  69.000  10  14    0  721
 42  20.000  72.000  10  21  251  281
 43  41.000 182.000  10  30  101  131
 44 178.000 147.000   0  10  157  187
 45 140.000  11.000  10  10    0  658
 46  85.000 110.000  10  10    0  737
 47 181.000  89.000  10  10   81  111
 48  26.000 147.000  10  20    0  668
 49  52.000  38.000  10  30   78  108
 50  46.000 131.000  10  21    0  693
 51 187.000  97.000  10  10  179  209
 52 156.000  93.000  10  25  421  451
 53  17.000  32.000  10  16    0  648
 54 175.000  60.000  10  18    0  670
 55  82.000  48.000  10   8    0  700
 56  62.000  50.000  10  20  105  135
 57 143.000   0.000  10  10    0  647
 58 198.000 132.000  10  10  153  183
 59  25.000 146.000  10  30    0  668
 60  15.000  88.000  10  10  109  139
 61  38.000 183.000  10  10    0  652
 62  62.000  15.000   0  29    0  662
 63  19.000  38.000  10  16  454  484
 64 144.000  59.000  10  18  442  472
 65  22.000  61.000  10  17  270  300
 66 159.000 121.000  10  20    0  693
 67  85.000 193.000  10  25    0  661
 68 195.000 132.000  10   6    0  655
 69  10.000  67.000  10  30    0  660
 70  52.000  28.000  10  10    0  669
 71  17.000 150.000  10  20    0  659
 72 164.000 113.000  10  20    0  690
 73  79.000 115.000  10  30    0  730
 74  80.000 108.000  10  20   21   51
 75  27.000 135.000   0  10    0  675
 76  84.000 194.000  10  10    0  660
 77 186.000  94.000  10  20    0  669
 78 114.000  72.000  10  22    0  724
 79  90.000   4.000  10  22    0  659
 80  41.000 187.000  10  20  112  142
 81  46.000  40.000  10  15    0  675
 82 174.000 128.000  10  20   79  109
 83  74.000  55.000  10   3    0  704
 84  23.000 123.000  10  15  290  320
 85  42.000 174.000  10  13    0  661
 86   8.000   8.000  10  11  138  168
 87  83.000  81.000  10  21   25   55
 88  57.000  54.000  10  20   69   99
 89  26.000  45.000  10   8  222  252
 90  83.000 180.000  10  15  266  296
 91  97.000  65.000  10  20  111  141
 92  53.000  31.000  10  10  161  191
 93 179.000 141.000  10  20   98  128
 94  55.000  64.000  10  30   96  126
 95 176.000 144.000  10  20    0  668
 96  53.000  61.000  10  20   82  112
 97  62.000  38.000  10  19    0  683
 98 123.000  33.000  10  20    0  685
 99  85.000  85.000  10  14    0  734
100  12.000  66.000  10  20   94  124
101 107.000  96.000  10  23    8   38
102 168.000 119.000  10  14  558  588
103 188.000  88.000  10  20    0  667
104 108.000 141.000  10  13    0  714
105 141.000   4.000  10  20    0  651
106 196.000 137.000  10  20    0  653
107 190.000 112.000  10  20    0  665
108  63.000 192.000  10  12    0  656
109  97.000 129.000   0  11    0  726
110 159.000 105.000  10  20    0  696
111  98.000 193.000  10  27    0  662
112 121.000  36.000  10  20  155  185
113 101.000  70.000  10  20   30   60
114 193.000  12.000  10   3  374  404
115 127.000  60.000  10  23  128  158
116 178.000 140.000  10  10   87  117
117 177.000 145.000  10  10    0  666
118  50.000  31.000  10  20    0  670
119  37.000 177.000  10  21    0  656
120  48.000  30.000  10  50   94  124
121 197.000  29.000  10  16  409  439
122  40.000 130.000  10   1    0  688
123  24.000 140.000  10  20    0  670
124  81.000 183.000  10  11   87  117
125  28.000 187.000  10  16    0  643
126 145.000  19.000  10  20    0  663
127 164.000  37.000  10  19   99  129
128 140.000   6.000  10  30    0  653
129  53.000  59.000   0  20   70  100
130 179.000   5.000  10   9    0  632
131 122.000  58.000  10  15    0  708
132 155.000  22.000  10  24    0  660
133 175.000 143.000  10  20  202  232
134 199.000 132.000  10  10  142  172
135 131.000  92.000  10  22   32   62
136 185.000 123.000  10  30   96  126
137  77.000 115.000  10  20   57   87
138   7.000 119.000  10  30    0  661
139 195.000  97.000  10  20  151  181
140 196.000 111.000  10  30  140  170
141 100.000 144.000  10  17    0  711
142  13.000 152.000  10  20  101  131
143  25.000 143.000   0  20  120  150
144  14.000  84.000  10  20  161  191
145 165.000 113.000  10  10   66   96
146 138.000  72.000  10   8    0  708
147  89.000  39.000  10  19    0  694
148  63.000 149.000  10  17   61   91
149 193.000 111.000  10  20    0  662
150  73.000  81.000  10  19    0  722
151 129.000  38.000  10  10    0  687
152 200.000 162.000  10  24    0  638
153 131.000  38.000  10  20   69   99
154  78.000 115.000  10  10   46   76
155   1.000  54.000  10  14  287  317
156   5.000  73.000  10  10    0  657
157  39.000 186.000  10   5  175  205
158  99.000  12.000   0  30   88  118
159  48.000 106.000  10  23    0  703
160 135.000 171.000  10  27  163  193
161  19.000  51.000  10  19    0  661
162  69.000 133.000  10   8    0  710
163  56.000  59.000  10  30   60   90
164 103.000  67.000   0  20    0  722
165  42.000 165.000  10  22  383  413
166  98.000   4.000  10  20  102  132
167 104.000 176.000  10  19  230  260
168  21.000  85.000  10  20  188  218
169  67.000 138.000  10  11   71  101
170 111.000 129.000  10  27   31   61
171  97.000   7.000  10  20    0  662
172  75.000 173.000  10  30    0  678
173 174.000 194.000  10   8  462  492
174  39.000 112.000  10  26  130  160
175  14.000  92.000  10  30    0  669
176   3.000  75.000  10  10  134  164
177  23.000 142.000  10  10  132  162
178  57.000 118.000  10  21    0  709
179 140.000   3.000   0  10  142  172
180 187.000 112.000  10  30   87  117
181  30.000 187.000  10  10    0  644
182 194.000 129.000  10  20    0  657
183 186.000  65.000  10  39  467  497
184  12.000 131.000  10  28    0  662
185 122.000  37.000  10  30    0  689
186  36.000 193.000   0  20  161  191
187  84.000 180.000  10  12  361  391
188  61.000  50.000  10  10    0  692
189  97.000  67.000  10  10    0  722
190 190.000 110.000  10  20    0  665
191 137.000   4.000  10  10    0  653
192  15.000  87.000  10  20    0  670
193 157.000 142.000  10  13   70  100
194  65.000  42.000  10  12  213  243
195  85.000 192.000  10  10  102  132
196 125.000  38.000  10  30   90  120
197 185.000 115.000   0  20    0  669
198 122.000  13.000  10  27  140  170
199  57.000 157.000  10  26   80  110
200  41.000  43.000  10  30    0  673
201 193.000 131.000  10  20    0  657
202 129.000  40.000  10  20    0  689
203  84.000 192.000  10  10  113  143
204  95.000  74.000  10  20    0  729
205   8.000  74.000   0  20    0  660
206 123.000  90.000  10  21    0  730
207  95.000  16.000  10 -20    0  671
208  39.000 151.000  10 -11    0  676
209 134.000   6.000  10 -20  237  267
210  87.000 117.000  10 -17    0  734
211  13.000  81.000  10 -14    0  666
212 161.000 158.000  10 -10  393  423
213 113.000 105.000  10 -30  245  275
214 165.000 116.000  10 -10    0  689
215  55.000  51.000  10 -10    0  689
216   8.000 154.000  10 -10    0  649
217  60.000 184.000  10 -26    0  662
218  65.000  77.000  10 -12    0  714
219 174.000 185.000  10 -24    0  643
220 110.000 184.000  10  -3    0  671
221 123.000  31.000  10 -20  140  170
222  87.000 196.000  10 -10  149  179
223  22.000 133.000  10 -20    0  671
224 189.000  83.000  10 -25    0  665
225 149.000  78.000  10 -11  447  477
226  59.000  83.000  10 -10  227  257
227 105.000  26.000  10 -10  323  353
228  68.000  40.000  10 -10    0  687
229 158.000 132.000  10 -10    0  689
230 143.000   5.000  10 -17    0  651
231 110.000   8.000  10 -30  478  508
232  28.000 193.000  10 -10  179  209
233 121.000  48.000  10 -25    0  699
234  79.000 193.000  10 -10    0  660
235 110.000 110.000  10 -21  592  622
236 189.000  95.000  10 -10  134  164
237  37.000 146.000  10 -10    0  677
238 127.000 143.000  10 -22  541  571
239  12.000 156.000  10 -20    0  651
240 104.000  68.000  10 -20    0  723
241 134.000 157.000  10 -10    0  689
242 142.000  60.000  10 -30    0  697
243  53.000 175.000  10 -10  203  233
244  25.000 165.000  10 -27    0  656
245 151.000 132.000  10 -20    0  695
246  75.000 134.000  10 -13    0  713
247  55.000  24.000  10 -14  123  153
248  42.000  72.000  10 -21    0  691
249  40.000 183.000  10 -30    0  653
250 178.000 147.000  10 -10  157  187
251 137.000   1.000  10 -10    0  650
252  53.000 180.000  10 -10  278  308
253 187.000  92.000  10 -10    0  668
254  10.000 153.000  10 -20    0  651
255  78.000  72.000  10 -30    0  720
256  67.000 127.000  10 -21    0  713
257 185.000  96.000  10 -10  201  231
258 136.000 111.000  10 -25    0  718
259   6.000  67.000  10 -16    0  656
260 180.000  66.000  10 -18   86  116
261  70.000  37.000  10  -8   69   99
262  64.000  52.000  10 -20  161  191
263 121.000  50.000  10 -10    0  701
264 195.000 129.000  10 -10    0  656
265  30.000 142.000  10 -30    0  674
266  12.000  85.000  10 -10    0  666
267   6.000 193.000  10 -10  399  429
268  62.000  15.000  10 -29    0  662
269  63.000  58.000  10 -16    0  700
270 139.000  97.000  10 -18    0  716
271  20.000  59.000  10 -17    0  666
272 162.000 123.000  10 -20  146  176
273  80.000 190.000  10 -25  444  474
274 114.000 122.000  10  -6    0  729
275   8.000  71.000  10 -30  173  203
276  54.000  37.000  10 -10    0  677
277   7.000 151.000  10 -20    0  649
278 172.000 114.000  10 -20    0  682
279  87.000 118.000  10 -30  111  141
280  84.000 118.000  10 -20   98  128
281  27.000 135.000  10 -10    0  675
282  87.000 195.000  10 -10  138  168
283 180.000  93.000  10 -20  217  247
284 138.000  61.000  10 -22  262  292
285  93.000   7.000  10 -22  129  159
286  35.000 186.000  10 -20  210  240
287  32.000  47.000  10 -15  150  180
288 188.000 125.000  10 -20  120  150
289  69.000  47.000  10  -3    0  694
290  59.000 139.000  10 -15  321  351
291  37.000 190.000  10 -13  148  178
292  18.000  35.000  10 -11    0  651
293  60.000  58.000  10 -21   58   88
294  66.000  52.000  10 -20  149  179
295  66.000  58.000  10  -8    0  701
296  92.000 178.000  10 -15  471  501
297 100.000  53.000  10 -20    0  708
298  53.000  29.000  10 -10    0  670
299 181.000 147.000  10 -20  134  164
300  55.000  87.000  10 -30  203  233
301 184.000 140.000  10 -20  356  386
302  53.000  67.000  10 -20  125  155
303  95.000  50.000  10 -19  237  267
304 115.000  75.000  10 -20    0  726
305  60.000  51.000  10 -14   83  113
306   8.000  69.000  10 -20  185  215
307 103.000  77.000  10 -23   44   74
308 162.000 118.000  10 -14    0  691
309 189.000  97.000  10 -20  167  197
310 159.000 196.000  10 -13  238  268
311 135.000   0.000  10 -20    0  650
312 183.000 170.000  10 -20  193  223
313 155.000 107.000  10 -20  550  580
314  56.000 148.000  10 -12  527  557
315  97.000 129.000  10 -11    0  726
316 192.000 113.000  10 -20    0  663
317 124.000 191.000  10 -27    0  661
318 125.000  49.000  10 -20  290  320
319 105.000  70.000  10 -20   50   80
320 158.000  20.000  10  -3    0  657
321 144.000  92.000  10 -23  511  541
322 114.000 112.000  10 -10  606  636
323 177.000 146.000  10 -10    0  666
324  51.000  31.000  10 -20   84  114
325  38.000 188.000  10 -21  125  155
326  63.000  55.000  10 -50    0  697
327 155.000  17.000  10 -16    0  656
328  29.000 139.000  10  -1   81  111
329  23.000 176.000  10 -20    0  647
330  80.000 167.000  10 -11    0  686
331  35.000 160.000  10 -16    0  667
332 138.000  69.000  10 -20    0  706
333 168.000  58.000  10 -19    0  676
334 112.000   6.000  10 -30  618  648
335  53.000  59.000  10 -20   70  100
336 171.000  36.000  10  -9  630  660
337 142.000  27.000  10 -15  370  400
338 125.000  78.000  10 -24    0  722
339 178.000 123.000  10 -20    0  674
340 183.000 120.000  10 -10    0  670
341 184.000 116.000  10 -22  163  193
342 165.000 117.000  10 -30    0  688
343  83.000 118.000  10 -20   87  117
344  40.000  95.000  10 -30  502  532
345 186.000  96.000  10 -20  190  220
346 194.000 112.000  10 -30  153  183
347  68.000 156.000  10 -17  316  346
348  66.000 196.000  10 -20  417  447
349  25.000 143.000  10 -20  120  150
350   8.000  89.000  10 -20  208  238
351 189.000 120.000  10 -10  135  165
352 154.000   7.000  10  -8    0  648
353 123.000  36.000  10 -19    0  687
354  83.000 188.000  10 -17    0  666
355 197.000 113.000  10 -20  128  158
356  50.000  67.000  10 -19  112  142
357 137.000  10.000  10 -10    0  658
358 146.000 166.000  10 -24  366  396
359 140.000   4.000  10 -20  131  161
360 113.000 100.000  10 -10  230  260
361  18.000  89.000  10 -14    0  673
362   8.000  73.000  10 -10  161  191
363  23.000 168.000  10  -5  479  509
364  99.000  12.000  10 -30   88  118
365  29.000 121.000  10 -23  274  304
366 172.000 179.000  10 -27    0  649
367  26.000  41.000  10 -19    0  661
368  71.000 131.000  10  -8  499  529
369  56.000  90.000  10 -30    0  710
370 103.000  67.000  10 -20    0  722
371  28.000 160.000  10 -22    0  662
372 104.000   5.000  10 -20  191  221
373  78.000 169.000  10 -19  288  318
374  53.000  79.000  10 -20    0  704
375  24.000 131.000  10 -11  309  339
376 129.000 176.000  10 -27    0  674
377 109.000  48.000  10 -20    0  703
378  78.000 184.000  10 -30    0  669
379 131.000 136.000  10  -8    0  708
380  68.000 115.000  10 -26  565  595
381  17.000  93.000  10 -30    0  672
382  12.000  69.000  10 -10    0  662
383   7.000 142.000  10 -10  202  232
384  11.000 118.000  10 -21    0  665
385 140.000   3.000  10 -10  142  172
386 199.000 115.000  10 -30    0  655
387  32.000 178.000  10 -10    0  652
388 166.000 117.000  10 -20    0  687
389 158.000  81.000  10 -39    0  694
390  12.000 113.000  10 -28  333  363
391 121.000  46.000  10 -30  166  196
392  36.000 193.000  10 -20  161  191
393  88.000 143.000  10 -12    0  711
394  65.000  53.000  10 -10  172  202
395 103.000  70.000  10 -10    0  725
396 190.000 109.000  10 -20  188  218
397 146.000   3.000  10 -10  432  462
398  16.000  84.000  10 -20    0  670
399 179.000 151.000  10 -13  319  349
400 101.000  67.000  10 -12    0  722
401  83.000 197.000  10 -10  163  193
402 135.000  45.000  10 -30  288  318
403 185.000 115.000  10 -20    0  669
404 100.000   6.000  10 -27    0  661
405  45.000 142.000  10 -26  468  498
406  59.000  57.000  10 -30    0  696
407 200.000 136.000  10 -20  128  158
408 172.000  55.000  10 -20  455  485
409  85.000 164.000  10 -10    0  690
410  99.000  45.000  10 -20    0  700
411   8.000  74.000  10 -20    0  660
412 136.000  90.000  10 -21    0  718
413 100.000 100.000   0   0    0  765
