203 203 1000 1000 1000
  0 100.000 100.000   0   0    0 3060
  1 134.000   6.000  10  20  950 1070
  2  63.000  58.000  10  20  164  284
  3 139.000   7.000  10  20  432  552
  4 158.000  81.000   0  23 2038 2158
  5 141.000   8.000  10  20  383  503
  6  13.000  81.000  10  30  591  711
  7  22.000 133.000  10  10  687  807
  8  10.000  20.000   0  14 2355 2475
  9 187.000 142.000  10  10  465  585
 10 114.000 122.000  10  10  852  972
 11  78.000 119.000  10  30  286  406
 12 199.000 115.000  10  20  461  581
 13 185.000 124.000  10  10  427  547
 14  46.000  22.000  10  10 1617 1737
 15   7.000 152.000  10  10  687  807
 16 197.000 113.000  10  20  513  633
 17  84.000 118.000  10  20  391  511
 18  28.000  77.000  10  12  881 1001
 19 113.000 100.000  10   5  921 1041
 20 111.000 189.000  10   3 2011 2131
 21 119.000  37.000  10  20  671  791
 22  87.000 191.000  10  10  359  479
 23 178.000 123.000  10  30  265  385
 24 151.000  66.000  10  11  295  415
 25  68.000  50.000  10  10  545  665
 26 159.000 196.000  10   6  952 1072
 27 187.000  92.000  10  20  435  555
 28  10.000 153.000  10  20  483  603
 29  54.000  30.000  10  10  600  720
 30 180.000 147.000  10  10  580  700
 31 154.000  59.000  10  17  273  393
 32  38.000 190.000  10  10  547  667
 33  82.000 194.000  10  10  705  825
 34 186.000  91.000  10  10  390  510
 35 165.000 181.000  10  22  355  475
 36  11.000 151.000  10  20  434  554
 37 103.000  66.000  10  20  339  459
 38 197.000 140.000  10  10  452  572
 39 100.000  70.000  10  30   60  180
 40  83.000 118.000  10  20  347  467
 41  66.000  58.000  10  20  798  918
 42  83.000 188.000  10  30  299  419
 43  86.000  69.000  10  14  703  823
 44  20.000  72.000  10  21 1005 1125
 45  41.000 182.000   0  30  344  464
 46 178.000 147.000  10  10  628  748
 47  18.000  89.000  10  10  271  391
 48  85.000 110.000  10  10   18  138
 49 181.000  89.000  10  10  267  387
 50 172.000 179.000  10   1 2246 2366
 51  85.000 164.000  10  23  203  323
 52 175.000  60.000  10  18  280  400
 53  62.000  50.000  10  20  421  541
 54 137.000  10.000  10  21 1762 1882
 55  15.000  88.000  10  10  437  557
 56  62.000  15.000  10  29  355  475
 57  19.000  38.000  10  16 1817 1937
 58 125.000  78.000  10  11   73  193
 59  12.000 156.000  10  30  580  700
 60  53.000  29.000  10  30  554  674
 61  59.000  57.000  10  10  220  340
 62 168.000  58.000  10  29  888 1008
 63  12.000  85.000  10  10  535  655
 64  85.000 193.000  10  25 1241 1361
 65 155.000 107.000  10  10 2200 2320
 66 189.000 120.000  10  10  540  660
 67 121.000  50.000  10  24  450  570
 68  10.000  67.000  10  30  366  486
 69  17.000 150.000  10  20  328  448
 70 164.000 113.000  10  20  201  321
 71  79.000 115.000  10  30  142  262
 72  80.000 108.000  10  20   74  194
 73  29.000 139.000  10  10  264  384
 74 186.000  94.000  10  20  484  604
 75 114.000  72.000  10  22   65  185
 76  90.000   4.000  10  22  413  533
 77  41.000 187.000  10  20  446  566
 78 174.000 128.000  10  20  256  376
 79  30.000 142.000  10  10  317  437
 80 103.000  70.000  10  10  152  272
 81  42.000 174.000  10  13  451  571
 82   8.000   8.000  10  11  553  673
 83  83.000  81.000  10  21   42  162
 84  57.000  54.000  10  20  275  395
 85  97.000  65.000  10  20  445  565
 86  53.000  31.000  10  10  645  765
 87 179.000 141.000  10  20  393  513
 88 100.000  53.000   0  22 2705 2825
 89   8.000  71.000  10  10  690  810
 90 174.000 185.000  10  15  448  568
 91 123.000  36.000  10  10  460  580
 92  53.000  61.000  10  20  328  448
 93  85.000  85.000   0  14 2274 2394
 94 107.000  96.000  10  23    8  128
 95  26.000  41.000  10  14  572  692
 96 195.000 129.000  10  40  669  789
 97  75.000 134.000  10  16  109  229
 98  60.000  58.000  10  20  172  292
 99 196.000 137.000  10  20  399  519
100   7.000 142.000  10  20  807  927
101 159.000 105.000  10  20 2304 2424
102  68.000  40.000  10  23  212  332
103  98.000 193.000  10  27  809  929
104 101.000  70.000  10  20  104  224
105 134.000 157.000   0  20 1673 1793
106 103.000  77.000  10  21  176  296
107  87.000 117.000  10  10  487  607
108 183.000 170.000  10  17  771  891
109 127.000  60.000  10  23  512  632
110 138.000  69.000  10   9  202  322
111  50.000  31.000  10  20  322  442
112  48.000  30.000  10  50  375  495
113 197.000  29.000  10  16 1635 1755
114  40.000 130.000  10   1  551  671
115  81.000 183.000  10  11  346  466
116  28.000 187.000  10  16 1996 2116
117 164.000  37.000  10  19  398  518
118 105.000  70.000  10  10  200  320
119 140.000   6.000  10  30  478  598
120 122.000  58.000  10  15  170  290
121  37.000 190.000  10  10  591  711
122 155.000  22.000  10  24  508  628
123 131.000  92.000  10  22   68  188
124  83.000 197.000  10  20  653  773
125 180.000  66.000  10  13  330  450
126  87.000 195.000  10  10  552  672
127 185.000 123.000  10  30  383  503
128  77.000 115.000  10  20  230  350
129 195.000  97.000  10  20  602  722
130 162.000 118.000  10  20  523  643
131  13.000 152.000  10  20  385  505
132  25.000 143.000  10  20  480  600
133 165.000 113.000  10  10  245  365
134 138.000  72.000  10   8  568  688
135  89.000  39.000  10  19  251  371
136 162.000 123.000  10  40  583  703
137  67.000 127.000  10  21  111  231
138  50.000  67.000  10  10  446  566
139  38.000 188.000  10  20  499  619
140 183.000 120.000  10  10  329  449
141 129.000  38.000  10  10  306  426
142 180.000  93.000  10  10  867  987
143   8.000 154.000  10  20  638  758
144 131.000  38.000  10  20  258  378
145  39.000 151.000  10  26  447  567
146   1.000  54.000  10  14 1150 1270
147   5.000  73.000  10  10  487  607
148 165.000 116.000  10  10  426  546
149  99.000  12.000  10  30  292  412
150 135.000 171.000  10  27  654  774
151  78.000  72.000  10   9   82  202
152  69.000 133.000  10   8  121  241
153  56.000  59.000  10  30  228  348
154  99.000  45.000  10  21  338  458
155 194.000 112.000  10  10  611  731
156  68.000 156.000  10  28 1266 1386
157 172.000 114.000  10  20  314  434
158  98.000   4.000  10  20  408  528
159 104.000 176.000  10  19  921 1041
160  67.000 138.000  10  11  284  404
161 111.000 129.000  10  27   64  184
162 125.000  49.000  10  17 1159 1279
163  75.000 173.000  10  30  249  369
164  42.000  72.000  10  18  721  841
165  39.000 112.000  10  26  521  641
166  14.000  92.000  10  30  380  500
167  23.000 142.000  10  10  529  649
168  65.000  53.000  10  10  690  810
169 187.000 112.000  10  30  291  411
170 104.000  68.000  10  10  249  369
171  53.000  67.000  10  20  498  618
172  12.000 131.000  10  28  540  660
173 122.000  37.000  10  30  415  535
174  36.000 193.000  10  20  644  764
175 113.000 105.000  10  23  981 1101
176  84.000 180.000  10  12 1443 1563
177  97.000  67.000  10  10  493  613
178 137.000   4.000  10  10  895 1015
179 189.000  97.000  10  20  666  786
180  15.000  87.000  10  20  481  601
181 157.000 142.000  10  13  223  343
182  65.000  42.000  10  12  854  974
183  85.000 192.000  10  10  407  527
184 125.000  38.000  10  30  362  482
185 149.000  78.000  10   6 1789 1909
186 158.000 132.000  10  12 1430 1550
187  29.000 121.000  10  46 1097 1217
188 122.000  13.000  10  27  558  678
189  57.000 157.000  10  26  320  440
190   8.000  73.000  10  20  642  762
191 115.000  75.000  10  26   57  177
192  12.000 113.000  10   2 1332 1452
193  40.000 183.000  10  20  390  510
194 193.000 131.000  10  20  332  452
195 129.000  40.000  10  20  207  327
196  84.000 192.000  10  10  451  571
197  95.000  74.000  10  20  563  683
198   8.000  74.000  10  20  598  718
199 181.000 147.000  10  20  536  656
200  17.000  93.000  10  20  327  447
201  66.000 196.000  10  23 1670 1790
202 123.000  90.000  10  21   40  160
203 121.000  46.000  10   3  662  782
204 146.000   3.000  10 -20 1727 1847
205  52.000  38.000  10 -20  254  374
206 143.000   0.000  10 -20  724  844
207 158.000  81.000  10 -23 2038 2158
208 140.000   3.000  10 -20  570  690
209  23.000 168.000  10 -30 1915 2035
210  45.000 142.000  10 -10 1871 1991
211  10.000  20.000  10 -14 2355 2475
212 194.000 129.000  10 -10  713  833
213 154.000   7.000  10 -10 1402 1522
214  78.000 169.000  10 -30 1153 1273
215 156.000  93.000  10 -20 1683 1803
216 186.000  96.000  10 -10  760  880
217  54.000  37.000  10 -10 2584 2704
218  83.000 180.000  10 -10 1065 1185
219 184.000 140.000  10 -20 1424 1544
220  87.000 118.000  10 -20  443  563
221  69.000 150.000  10 -12 2257 2377
222 142.000  27.000  10  -5 1480 1600
223  97.000 129.000  10  -3 2337 2457
224  87.000  30.000  10 -20  752  872
225 148.000 157.000  10 -10 1271 1391
226 189.000  95.000  10 -30  537  657
227 135.000   0.000  10 -11  837  957
228   7.000 119.000  10 -10 1445 1565
229 110.000 110.000  10  -6 2367 2487
230 165.000 117.000  10 -20  470  590
231  59.000 139.000  10 -20 1283 1403
232  59.000  83.000  10 -10  907 1027
233 175.000 143.000  10 -10  809  929
234 155.000  17.000  10 -17  385  505
235  39.000 186.000  10 -10  702  822
236 162.000 162.000  10 -10 1371 1491
237 145.000  19.000  10 -10 1302 1422
238 177.000 145.000  10 -22  718  838
239  12.000 154.000  10 -20  532  652
240 101.000  67.000  10 -20  388  508
241 127.000 143.000  10 -10 2165 2285
242  48.000 106.000  10 -30  692  812
243 181.000  70.000  10 -20 2099 2219
244  46.000  40.000  10 -20 1009 1129
245  80.000 167.000  10 -30  887 1007
246  55.000  87.000  10 -14  813  933
247  25.000 165.000  10 -21 1494 1614
248  41.000 182.000  10 -30  344  464
249 114.000 112.000  10 -10 2423 2543
250   6.000  67.000  10 -10  422  542
251  78.000 115.000  10 -10  186  306
252 159.000 121.000  10 -10  637  757
253 131.000 136.000  10  -1 2523 2643
254 108.000 141.000  10 -23 1080 1200
255 188.000  88.000  10 -18  335  455
256  55.000  64.000  10 -20  383  503
257 110.000   8.000  10 -21 1912 2032
258  32.000  47.000  10 -10  599  719
259  93.000   7.000  10 -29  516  636
260  18.000  35.000  10 -16 2475 2595
261 104.000  88.000  10 -11 2909 3029
262  53.000 180.000  10 -30 1113 1233
263  53.000  79.000  10 -30 1887 2007
264  64.000  52.000  10 -10  644  764
265 135.000  45.000  10 -29 1150 1270
266  37.000 177.000  10 -10 1687 1807
267  89.000 176.000  10 -25 1708 1828
268 168.000 119.000  10 -10 2232 2352
269 185.000 115.000  10 -10  606  726
270 109.000  48.000  10 -24  538  658
271  20.000  59.000  10 -30 2006 2126
272  35.000 160.000  10 -20  335  455
273 187.000  97.000  10 -20  714  834
274  60.000 153.000  10 -30  389  509
275  25.000 146.000  10 -20  428  548
276  63.000 192.000  10 -10  932 1052
277 190.000 110.000  10 -20  709  829
278  52.000  28.000  10 -22  432  552
279  93.000  13.000  10 -22  580  700
280  32.000 178.000  10 -20  915 1035
281 198.000 132.000  10 -20  612  732
282   7.000 151.000  10 -10  731  851
283 103.000  67.000  10 -10  295  415
284  30.000 187.000  10 -13  781  901
285  19.000  51.000  10 -11  661  781
286  97.000   7.000  10 -21  460  580
287  61.000  50.000  10 -20  377  497
288  55.000  51.000  10 -20 1072 1192
289  56.000  90.000  10 -10 2117 2237
290 200.000 136.000  10 -20  512  632
291 100.000  53.000  10 -22 2705 2825
292  12.000  69.000  10 -10  794  914
293 177.000 146.000  10 -15  674  794
294  73.000  81.000  10 -10 2802 2922
295  60.000  51.000  10 -20  332  452
296  85.000  85.000  10 -14 2274 2394
297 193.000  12.000  10 -23 1495 1615
298  62.000  38.000  10 -14 2154 2274
299 143.000 179.000  10 -40 1085 1205
300  84.000 194.000  10 -16  499  619
301  51.000  31.000  10 -20  322  442
302 195.000 132.000  10 -20 1054 1174
303  27.000 135.000  10 -20  805  925
304 136.000 111.000  10 -20 2404 2524
305  53.000  59.000  10 -23  280  400
306 124.000 191.000  10 -27  785  905
307  70.000  37.000  10 -20  219  339
308 134.000 157.000  10 -20 1673 1793
309  95.000  16.000  10 -21  635  755
310 138.000  61.000  10 -10 1048 1168
311 146.000 166.000  10 -17 1466 1586
312 142.000  60.000  10 -23 1652 1772
313 140.000   4.000  10  -9  526  646
314  66.000  52.000  10 -20  596  716
315  69.000  47.000  10 -50  492  612
316 158.000  20.000  10 -16 2288 2408
317  71.000 131.000  10  -1 1996 2116
318  78.000 184.000  10 -11  834  954
319  56.000 148.000  10 -16 2110 2230
320 140.000  11.000  10 -19  330  450
321 123.000  33.000  10 -10  512  632
322 143.000   5.000  10 -30  664  784
323   8.000  69.000  10 -15  738  858
324  60.000 184.000  10 -10 1306 1426
325 141.000   4.000  10 -24  615  735
326  95.000  50.000  10 -22  949 1069
327 161.000 158.000  10 -20 1574 1694
328 166.000 117.000  10 -13  380  500
329  79.000 193.000  10 -10  758  878
330 196.000 111.000  10 -30  562  682
331   5.000 162.000  10 -20  495  615
332 190.000 109.000  10 -20  753  873
333 129.000 176.000  10 -20  580  700
334  26.000 147.000  10 -20  382  502
335  46.000 131.000  10 -20 1362 1482
336 189.000  83.000  10 -10  816  936
337 172.000  55.000  10  -8 1819 1939
338  11.000 118.000  10 -19  448  568
339 105.000  26.000  10 -40 1292 1412
340  28.000 193.000  10 -21  716  836
341  24.000 131.000  10 -10 1234 1354
342  92.000 178.000  10 -20 1883 2003
343 184.000 116.000  10 -10  651  771
344  55.000  24.000  10 -10  492  612
345 179.000 151.000  10 -10 1277 1397
346  26.000 138.000  10 -20  753  873
347  82.000  48.000  10 -20  359  479
348  53.000 175.000  10 -26  813  933
349  22.000  61.000  10 -14 1080 1200
350  41.000  43.000  10 -10 2028 2148
351 151.000 132.000  10 -10  658  778
352 100.000   6.000  10 -30  356  476
353 179.000   5.000  10 -27 2145 2265
354  65.000  77.000  10  -9  833  953
355  63.000 149.000  10  -8  240  360
356  24.000 140.000  10 -30  578  698
357  21.000  85.000  10 -21  753  873
358 193.000 111.000  10 -10  656  776
359  68.000 115.000  10 -28 2261 2381
360 190.000 112.000  10 -20  343  463
361  63.000  55.000  10 -20  741  861
362 200.000 162.000  10 -19 1977 2097
363 110.000 184.000  10 -11 1803 1923
364 176.000 144.000  10 -27  764  884
365 121.000  48.000  10 -17 1133 1253
366  87.000 196.000  10 -30  596  716
367  40.000  95.000  10 -18 2010 2130
368  23.000 137.000  10 -26  630  750
369  12.000  66.000  10 -30  317  437
370  57.000 118.000  10 -10 1685 1805
371  74.000  55.000  10 -10 1404 1524
372 192.000 113.000  10 -30  392  512
373 121.000  36.000  10 -10  622  742
374  16.000  84.000  10 -20  692  812
375  37.000 146.000  10 -28 1242 1362
376 123.000  31.000  10 -30  560  680
377  38.000 183.000  10 -20 1235 1355
378 171.000  36.000  10 -23 2531 2651
379  88.000 143.000  10 -12 2083 2203
380 186.000  65.000  10 -10 1869 1989
381 112.000   6.000  10 -10 2471 2591
382 185.000  96.000  10 -20  804  924
383   3.000  75.000  10 -20  538  658
384 178.000 140.000  10 -13  347  467
385  17.000  32.000  10 -12 1882 2002
386 174.000 194.000  10 -10 1847 1967
387   6.000 193.000  10 -30 1597 1717
388 139.000  97.000  10  -6 2501 2621
389 144.000  92.000  10 -12 2045 2165
390  23.000 123.000  10 -46 1162 1282
391 137.000   1.000  10 -27  788  908
392  35.000 186.000  10 -26  841  961
393   8.000  89.000  10 -20  832  952
394  28.000 160.000  10 -26 1570 1690
395  23.000 176.000  10  -2 1414 1534
396  41.000 186.000  10 -20  539  659
397 188.000 125.000  10 -20  480  600
398  14.000  84.000  10 -20  644  764
399 100.000 144.000  10 -10  996 1116
400 144.000  59.000  10 -20 1767 1887
401  42.000 165.000  10 -20 1533 1653
402 199.000 132.000  10 -20  568  688
403  26.000  45.000  10 -20  887 1007
404  80.000 190.000  10 -23 1776 1896
405 136.000  90.000  10 -21   89  209
406 104.000   5.000  10  -3  763  883
407 100.000 100.000   0   0    0 3060
