203 203 1000 1000 1000
  0 100.000 100.000   0   0    0 3060
  1 134.000   6.000  10  20  770 1250
  2  63.000  58.000  10  20   55  535
  3  64.000  52.000  10  20  464  944
  4 139.000   7.000  10  20  252  732
  5  60.000 153.000  10  11  209  689
  6  16.000  84.000  10  20  512  992
  7  55.000  87.000  10  30  633 1113
  8  10.000  20.000  10  14 2175 2655
  9 187.000 142.000  10  10  285  765
 10  78.000 119.000  10  30  106  586
 11 199.000 115.000  10  20  281  761
 12 185.000 124.000  10  10  247  727
 13   5.000 162.000  10  26  315  795
 14 197.000 113.000  10  20  333  813
 15  84.000 118.000  10  20  211  691
 16  28.000  77.000  10  12  701 1181
 17 113.000 100.000  10   5  741 1221
 18  87.000 191.000  10  10  179  659
 19 151.000  66.000  10  11  115  595
 20  68.000  50.000  10  10  365  845
 21  54.000  30.000  10  10  420  900
 22 180.000 147.000  10  10  400  880
 23 154.000  59.000  10  17   93  573
 24  93.000  13.000  10  30  400  880
 25 104.000  88.000   0  25 2558 3038
 26  78.000 169.000  10  10  973 1453
 27  82.000 194.000  10  10  525 1005
 28 165.000 117.000  10  10  290  770
 29 186.000  91.000  10  10  210  690
 30  11.000 151.000  10  20  254  734
 31 103.000  66.000  10  20  159  639
 32 100.000  70.000  10  30   30  510
 33  83.000 118.000  10  20  167  647
 34  83.000 188.000  10  30  119  599
 35 158.000  20.000  10  19 2108 2588
 36  41.000 186.000  10  27  359  839
 37  60.000  51.000  10  20  152  632
 38 100.000   6.000  10  30  176  656
 39  18.000  89.000  10  10   91  571
 40  85.000 110.000  10  10   18  498
 41 181.000  89.000  10  10   87  567
 42  26.000 147.000  10  20  202  682
 43  52.000  38.000  10  30   78  558
 44  35.000 160.000  10  16  155  635
 45 187.000  97.000  10  10  534 1014
 46 172.000 179.000  10   1 2066 2546
 47  85.000 164.000  10  23   65  545
 48 175.000  60.000  10  18  100  580
 49  82.000  48.000  10   8  179  659
 50 198.000 132.000  10  10  432  912
 51  25.000 146.000  10  30  248  728
 52 121.000  48.000  10  17  953 1433
 53  19.000  38.000  10  16 1637 2117
 54 125.000  78.000  10  11   33  513
 55  12.000 156.000  10  30  400  880
 56  53.000  29.000  10  30  374  854
 57 159.000 121.000  10  20  457  937
 58  59.000  83.000   0  24  727 1207
 59  59.000  57.000  10  10   59  539
 60 189.000 120.000  10  10  360  840
 61 121.000  50.000  10  24  270  750
 62  10.000  67.000  10  30  186  666
 63  52.000  28.000  10  10  252  732
 64 101.000  67.000  10  20  208  688
 65 164.000 113.000  10  20   65  545
 66  80.000 108.000  10  20   21  501
 67 184.000 116.000  10  20  471  951
 68  29.000 139.000  10  10   84  564
 69  84.000 194.000  10  10  319  799
 70 114.000  72.000  10  22   31  511
 71  30.000 142.000  10  10  137  617
 72  28.000 193.000  10  30  536 1016
 73 103.000  70.000  10  10   30  510
 74  42.000 174.000  10  13  271  751
 75   8.000   8.000  10  11  373  853
 76  83.000  81.000  10  21   25  505
 77  57.000  54.000  10  20   95  575
 78  83.000 180.000  10  15  885 1365
 79  70.000  37.000  10  10   69  549
 80  97.000  65.000  10  20  265  745
 81  53.000  31.000  10  10  465  945
 82 179.000 141.000  10  20  213  693
 83  55.000  64.000  10  30  203  683
 84   8.000  71.000  10  10  510  990
 85 174.000 185.000  10  15  268  748
 86  53.000  61.000  10  20  148  628
 87 123.000  33.000  10  20  332  812
 88 107.000  96.000  10  23    8  488
 89 188.000  88.000  10  20  155  635
 90  75.000 134.000  10  16   42  522
 91 196.000 137.000  10  20  219  699
 92   7.000 142.000  10  20  627 1107
 93 190.000 112.000  10  20  163  643
 94  63.000 192.000  10  12  752 1232
 95 159.000 105.000  10  20 2124 2604
 96 189.000  83.000  10  43  636 1116
 97  68.000  40.000  10  23   68  548
 98  98.000 193.000  10  27  629 1109
 99 101.000  70.000  10  20   30  510
100 103.000  77.000  10  21   23  503
101  87.000 117.000  10  10  307  787
102 183.000 170.000  10  17  591 1071
103 127.000  60.000  10  23  332  812
104  25.000 165.000  10  24 1314 1794
105 124.000 191.000  10  24  605 1085
106 138.000  69.000  10   9   49  529
107  48.000  30.000  10  50  195  675
108 197.000  29.000  10  16 1455 1935
109  40.000 130.000   0   1  371  851
110  24.000 140.000  10  20  398  878
111 145.000  19.000  10  20 1122 1602
112 186.000  96.000  10  20  580 1060
113 105.000  70.000  10  10   30  510
114 140.000   6.000  10  30  298  778
115 146.000 166.000  10  24 1286 1766
116  56.000 148.000  10  20 1930 2410
117  53.000  59.000  10  20  100  580
118 155.000  22.000  10  24  328  808
119 199.000 132.000  10  10  388  868
120 131.000  92.000  10  22   32  512
121 180.000  66.000  10  13  150  630
122  87.000 195.000  10  10  372  852
123 129.000 176.000  10  18  400  880
124 185.000 123.000  10  30  203  683
125  77.000 115.000  10  20   50  530
126 162.000 118.000  10  20  343  823
127  32.000  47.000  10  27  419  899
128  13.000 152.000  10  20  205  685
129  51.000  31.000  10  20  142  622
130  14.000  84.000  10  20  464  944
131 138.000  72.000  10   8  388  868
132 110.000 110.000   0  14 2187 2667
133  65.000  77.000  10  19  653 1133
134  63.000 149.000  10  17   61  541
135 143.000   5.000  10  10  484  964
136 162.000 123.000  10  40  403  883
137  73.000  81.000   0  19 2537 3017
138  38.000 188.000  10  20  319  799
139 183.000 120.000  10  10  149  629
140 129.000  38.000  10  10  126  606
141   8.000  69.000  10  20  558 1038
142 131.000  38.000  10  20   78  558
143  78.000 115.000  10  10   26  506
144 123.000  31.000  10  20  380  860
145  39.000 151.000  10  26  267  747
146  53.000 175.000  10  28  633 1113
147   7.000 151.000  10  20  551 1031
148 166.000 117.000  10  20  200  680
149  39.000 186.000  10   5  522 1002
150 165.000 116.000  10  10  246  726
151  99.000  12.000  10  30  112  592
152  48.000 106.000  10  23  512  992
153 154.000   7.000   0  32 1222 1702
154  18.000  35.000  10  24 2295 2775
155  78.000  72.000  10   9   35  515
156  69.000 133.000  10   8   45  525
157 103.000  67.000  10  20  115  595
158  68.000 156.000  10  28 1086 1566
159 172.000 114.000  10  20  134  614
160  98.000   4.000  10  20  228  708
161 104.000 176.000  10  19  741 1221
162 200.000 136.000  10  20  332  812
163  21.000  85.000  10  20  573 1053
164  67.000 138.000  10  11  104  584
165 111.000 129.000  10  27   31  511
166  75.000 173.000  10  30   77  557
167  42.000  72.000  10  18  541 1021
168  53.000 180.000  10   4  933 1413
169  39.000 112.000  10  26  341  821
170   6.000  67.000  10  10  242  722
171  14.000  92.000  10  30  200  680
172   3.000  75.000  10  10  358  838
173  23.000 142.000  10  10  349  829
174  65.000  53.000  10  10  510  990
175 187.000 112.000  10  30  111  591
176 104.000  68.000  10  10   69  549
177 194.000 129.000  10  20  533 1013
178  53.000  67.000  10  20  318  798
179  12.000 131.000  10  28  360  840
180 122.000  37.000  10  30  235  715
181  84.000 180.000  10  12 1263 1743
182 136.000  90.000  10  18   37  517
183  61.000  50.000  10  10  197  677
184  97.000  67.000  10  10  313  793
185 190.000 110.000  10  20  529 1009
186  87.000 118.000  10  10  263  743
187 137.000   4.000  10  10  715 1195
188  15.000  87.000  10  20  301  781
189 157.000 142.000  10  13   70  550
190  60.000 184.000  10   7 1126 1606
191  93.000   7.000  10  20  336  816
192 125.000  38.000  10  30  182  662
193 185.000 115.000  10  20  426  906
194 115.000  75.000  10  26   29  509
195 104.000   5.000  10  26  583 1063
196 172.000  55.000  10  11 1639 2119
197 184.000 140.000  10  15 1244 1724
198 193.000 131.000  10  20  152  632
199 129.000  40.000  10  20   66  546
200  95.000  74.000  10  20  383  863
201   8.000  74.000  10  20  418  898
202 123.000  90.000  10  21   25  505
203 121.000  46.000  10   3  482  962
204 122.000  13.000  10 -20  378  858
205  17.000  93.000  10 -20  147  627
206  69.000  47.000  10 -20  312  792
207 143.000   0.000  10 -20  544 1024
208  41.000 187.000  10 -11  266  746
209  28.000 187.000  10 -20 1816 2296
210  29.000 121.000  10 -30  917 1397
211  54.000  37.000  10 -14 2404 2884
212 161.000 158.000  10 -10 1394 1874
213 100.000 144.000  10 -30  816 1296
214 142.000  60.000  10 -20 1472 1952
215 190.000 109.000  10 -10  573 1053
216  97.000 129.000  10 -26 2157 2637
217 168.000  58.000  10 -20  708 1188
218  37.000 146.000  10 -20 1062 1542
219  86.000  69.000  10 -12  523 1003
220  23.000 176.000  10  -5 1234 1714
221  38.000 190.000  10 -10  367  847
222 188.000 125.000  10 -11  300  780
223  63.000  55.000  10 -10  561 1041
224  26.000 138.000  10 -10  573 1053
225 135.000 171.000  10 -10  474  954
226 194.000 112.000  10 -17  431  911
227  62.000  38.000  10 -30 1974 2454
228 104.000  88.000  10 -25 2558 3038
229  23.000 168.000  10 -10 1735 2215
230  66.000 196.000  10 -10 1490 1970
231 181.000 147.000  10 -10  356  836
232 151.000 132.000  10 -10  478  958
233 108.000 141.000  10 -20  900 1380
234  89.000  39.000  10 -20   71  551
235 123.000  36.000  10 -30  280  760
236   7.000 152.000  10 -20  507  987
237  80.000 190.000  10 -30 1596 2076
238 171.000  36.000  10 -19 2351 2831
239 111.000 189.000  10 -27 1831 2311
240  66.000  58.000  10 -20  618 1098
241 105.000  26.000  10 -30 1112 1592
242   5.000  73.000  10 -10  307  787
243  79.000 115.000  10 -10   25  505
244 193.000 111.000  10 -10  476  956
245   8.000 154.000  10 -20  458  938
246  22.000 133.000  10 -30  507  987
247  41.000 182.000  10 -16  164  644
248 193.000  12.000  10 -10 1315 1795
249 168.000 119.000  10  -1 2052 2532
250  81.000 183.000  10 -23  166  646
251 165.000 113.000  10 -18   66  546
252  12.000 113.000  10  -8 1152 1632
253 165.000 181.000  10 -10  175  655
254  17.000 150.000  10 -30  148  628
255 137.000  10.000  10 -17 1582 2062
256  17.000  32.000  10 -16 1702 2182
257 186.000  94.000  10 -11  304  784
258  12.000 154.000  10 -30  352  832
259  62.000  50.000  10 -30  241  721
260 185.000  96.000  10 -20  624 1104
261  59.000  83.000  10 -24  727 1207
262  40.000  95.000  10 -10 1830 2310
263 143.000 179.000  10 -10  905 1385
264 146.000   3.000  10 -24 1547 2027
265  26.000  41.000  10 -30  392  872
266  50.000  31.000  10 -10  142  622
267 119.000  37.000  10 -20  491  971
268 134.000 157.000  10 -20 1493 1973
269  36.000 193.000  10 -20  464  944
270 144.000  59.000  10 -20 1587 2067
271  25.000 143.000  10 -10  300  780
272  87.000 196.000  10 -10  416  896
273  68.000 115.000  10 -22 2081 2561
274  11.000 118.000  10 -10  268  748
275  85.000 193.000  10 -30 1061 1541
276  23.000 137.000  10 -10  450  930
277  35.000 186.000  10 -13  661 1141
278  12.000  69.000  10 -11  614 1094
279  56.000  59.000  10 -21   60  540
280  56.000  90.000  10 -20 1937 2417
281 114.000 112.000  10 -15 2243 2723
282  23.000 123.000  10 -10  982 1462
283  95.000  50.000  10 -20  769 1249
284  65.000  42.000  10 -10  674 1154
285 179.000 151.000  10 -20 1097 1577
286  15.000  88.000  10 -30  257  737
287  20.000  72.000  10 -10  825 1305
288 177.000 146.000  10 -15  494  974
289  19.000  51.000  10 -20  481  961
290  95.000  16.000  10 -20  455  935
291 140.000   4.000  10 -23  346  826
292 187.000  92.000  10 -20  255  735
293  84.000 192.000  10 -16  271  751
294 178.000 147.000  10 -20  448  928
295  28.000 160.000  10 -20 1390 1870
296 162.000 162.000  10 -20 1191 1671
297 155.000 107.000  10 -12 2020 2500
298 136.000 111.000  10 -20 2224 2704
299 181.000  70.000  10 -43 1919 2399
300   7.000 119.000  10 -23 1265 1745
301 148.000 157.000  10 -27 1091 1571
302 109.000  48.000  10 -20  358  838
303  90.000   4.000  10 -21  233  713
304  67.000 127.000  10 -10   42  522
305 176.000 144.000  10 -17  584 1064
306 141.000   8.000  10 -23  203  683
307  37.000 177.000  10 -24 1507 1987
308 195.000 132.000  10 -24  874 1354
309 180.000  93.000  10  -9  687 1167
310  66.000  52.000  10 -50  416  896
311 158.000  81.000  10 -16 1858 2338
312  40.000 130.000  10  -1  371  851
313 113.000 105.000  10 -20  801 1281
314 110.000   8.000  10 -20 1732 2212
315 139.000  97.000  10 -20 2321 2801
316  55.000  24.000  10 -10  312  792
317 179.000   5.000  10 -30 1965 2445
318 131.000 136.000  10 -24 2343 2823
319  88.000 143.000  10 -20 1903 2383
320  13.000  81.000  10 -20  411  891
321 121.000  36.000  10 -24  442  922
322 177.000 145.000  10 -10  538 1018
323 122.000  58.000  10 -22   47  527
324 195.000 129.000  10 -13  489  969
325  32.000 178.000  10 -10  735 1215
326 159.000 196.000  10 -18  772 1252
327 189.000  95.000  10 -30  357  837
328  57.000 157.000  10 -20  140  620
329 189.000  97.000  10 -20  486  966
330  53.000  79.000  10 -27 1707 2187
331  10.000 153.000  10 -20  303  783
332  46.000 131.000  10 -20 1182 1662
333  12.000  66.000  10 -20  137  617
334 164.000  37.000  10  -8  218  698
335 110.000 110.000  10 -14 2187 2667
336   6.000 193.000  10 -19 1417 1897
337  37.000 190.000  10 -17  411  891
338 141.000   4.000  10 -10  435  915
339 196.000 111.000  10 -40  382  862
340  73.000  81.000  10 -19 2537 3017
341  38.000 183.000  10 -20 1055 1535
342 178.000 140.000  10 -10  167  647
343 125.000  49.000  10 -10  979 1459
344  20.000  59.000  10 -20 1826 2306
345 155.000  17.000  10 -20  205  685
346  83.000 197.000  10 -10  473  953
347 135.000  45.000  10 -20  970 1450
348  85.000 192.000  10 -26  227  707
349 110.000 184.000  10 -28 1623 2103
350   8.000  89.000  10 -20  652 1132
351 178.000 123.000  10 -20   85  565
352  30.000 187.000  10  -5  601 1081
353 174.000 128.000  10 -10   79  559
354  87.000  30.000  10 -30  572 1052
355  24.000 131.000  10 -23 1054 1534
356 154.000   7.000  10 -32 1222 1702
357 100.000  53.000  10 -24 2523 3003
358  60.000  58.000  10  -9   58  538
359  79.000 193.000  10  -8  578 1058
360  57.000 118.000  10 -20 1505 1985
361  69.000 150.000  10 -28 2077 2557
362 195.000  97.000  10 -20  422  902
363  46.000  40.000  10 -20  829 1309
364 158.000 132.000  10 -19 1250 1730
365  78.000 184.000  10 -20  654 1134
366  45.000 142.000  10 -20 1691 2171
367  40.000 183.000  10 -11  210  690
368 197.000 140.000  10 -27  272  752
369  89.000 176.000  10 -30 1528 2008
370  80.000 167.000  10 -18  707 1187
371  92.000 178.000  10  -4 1703 2183
372  71.000 131.000  10 -26 1816 2296
373  85.000  85.000  10 -10 2094 2574
374  22.000  61.000  10 -30  900 1380
375  26.000  45.000  10 -10  707 1187
376  12.000  85.000  10 -10  355  835
377  59.000 139.000  10 -10 1103 1583
378 192.000 113.000  10 -30  212  692
379  99.000  45.000  10 -10  158  638
380 144.000  92.000  10 -20 1865 2345
381  50.000  67.000  10 -20  266  746
382 114.000 122.000  10 -28  672 1152
383  74.000  55.000  10 -30 1224 1704
384 200.000 162.000  10 -12 1797 2277
385 140.000  11.000  10 -18  150  630
386  27.000 135.000  10 -10  625 1105
387  46.000  22.000  10 -10 1437 1917
388 186.000  65.000  10 -20 1689 2169
389  42.000 165.000  10 -10 1353 1833
390 142.000  27.000  10 -10 1300 1780
391   8.000  73.000  10 -20  462  942
392 149.000  78.000  10 -13 1609 2089
393 174.000 194.000  10  -7 1667 2147
394  55.000  51.000  10 -20  892 1372
395 140.000   3.000  10 -30  390  870
396 138.000  61.000  10 -20  868 1348
397  62.000  15.000  10 -26  175  655
398  41.000  43.000  10 -26 1848 2328
399 156.000  93.000  10 -11 1503 1983
400 127.000 143.000  10 -15 1985 2465
401 175.000 143.000  10 -20  629 1109
402 135.000   0.000  10 -20  657 1137
403  97.000   7.000  10 -20  280  760
404   1.000  54.000  10 -20  970 1450
405 137.000   1.000  10 -21  608 1088
406 112.000   6.000  10  -3 2291 2771
407 100.000 100.000   0   0    0 3060
