201 201 1000 1000 1000
  0 100.000 100.000   0   0    0 3060
  1 134.000   6.000  10  20  988 1031
  2  63.000  58.000  10  20   55  589
  3  64.000  52.000  10  20  350 1058
  4 110.000   8.000  10  26 1670 2274
  5  79.000 193.000  10  30  501 1135
  6  80.000 190.000   0  13 1661 2011
  7  60.000 153.000  10  11  179  718
  8  16.000  84.000  10  20  346 1158
  9  69.000 150.000  10  17 1933 2701
 10 187.000 142.000  10  10  403  646
 11  78.000 119.000  10  30  130  562
 12 185.000 124.000  10  10  212  763
 13   5.000 162.000  10  26  497  613
 14 189.000  95.000  10  10  356  838
 15  84.000 118.000  10  20  272  629
 16 119.000  37.000  10  20  668  793
 17  87.000 191.000  10  10  255  582
 18 178.000 123.000  10  30   81  666
 19 151.000  66.000  10  11   61  689
 20  87.000  30.000  10  10  536 1089
 21 187.000  92.000  10  20  163  827
 22  54.000  30.000  10  10  311 1008
 23 154.000  59.000  10  17   68  597
 24  38.000 190.000  10  10  296  917
 25  24.000 131.000  10  31 1118 1470
 26 186.000  91.000  10  10  211  688
 27  78.000 184.000  10  20  541 1247
 28 103.000  66.000  10  20   34  818
 29 188.000 125.000  10  10  249  831
 30 197.000 140.000  10  10  295  728
 31 100.000  70.000  10  30   30  446
 32  83.000 118.000  10  20   98  715
 33  66.000  58.000  10  20  633 1082
 34  83.000 188.000  10  30  112  606
 35  12.000 154.000  10  10  255  929
 36  41.000 186.000  10  27  290  908
 37  20.000  72.000  10  21  952 1178
 38  41.000 182.000  10  30  101  716
 39 100.000   6.000  10  30  273  560
 40  85.000 110.000  10  10   18  785
 41 181.000  89.000  10  10   81  832
 42  26.000 147.000  10  20  154  730
 43  52.000  38.000  10  30  184  443
 44  46.000 131.000  10  21 1145 1699
 45 172.000 179.000  10   1 2228 2383
 46  85.000 164.000  10  23  202  323
 47  82.000  48.000  10   8  206  631
 48  25.000 146.000  10  30  113  862
 49  15.000  88.000  10  10  118  876
 50 121.000  48.000  10  17 1012 1374
 51  62.000  15.000  10  29   93  764
 52 144.000  59.000  10  18 1578 2077
 53 125.000  78.000  10  11   84  183
 54  12.000 156.000  10  30  392  888
 55  53.000  29.000  10  30  390  838
 56  22.000  61.000  10  17  961 1320
 57 159.000 121.000  10  20  385 1010
 58  59.000  83.000  10  24  638 1296
 59  59.000  57.000  10  10   59  794
 60  12.000  85.000  10  10  197  993
 61  85.000 193.000  10  25 1145 1457
 62 189.000 120.000  10  10  270  930
 63 121.000  50.000  10  24  169  850
 64  52.000  28.000  10  10  366  618
 65 101.000  67.000  10  20  276  620
 66  69.000  47.000  10  10  292  811
 67 164.000 113.000  10  20  103  420
 68  79.000 115.000  10  30   70  334
 69  80.000 108.000  10  20   59  208
 70 184.000 116.000  10  20  422 1001
 71  27.000 135.000  10  10  554 1176
 72  29.000 139.000  10  10   81  653
 73 186.000  94.000  10  20  244  844
 74 114.000  72.000  10  22   31  904
 75  90.000   4.000  10  22  143  804
 76  46.000  40.000  10  15  752 1386
 77  30.000 142.000  10  10  158  595
 78  28.000 193.000  10  30  622  930
 79 103.000  70.000  10  10   30  576
 80  83.000  81.000  10  21   25  466
 81  57.000  54.000  10  20   62  914
 82  70.000  37.000  10  10   69  656
 83  97.000  65.000  10  20  315  696
 84  55.000  64.000  10  30  214  671
 85 174.000 185.000  10  15  280  736
 86 123.000  36.000  10  10  312  728
 87  28.000 160.000  10  27 1460 1800
 88 107.000  96.000  10  23    8  480
 89 188.000  88.000  10  20  133  658
 90  26.000  41.000  10  14  270  995
 91  75.000 134.000  10  16   42  565
 92 141.000   4.000  10  20  343 1007
 93  60.000  58.000  10  20   58  457
 94   7.000 142.000  10  20  629 1106
 95 190.000 112.000  10  20  278  528
 96 142.000  27.000  10  11 1334 1746
 97 134.000 157.000  10  20 1566 1900
 98 103.000  77.000  10  21   23  536
 99  87.000 117.000  10  10  222  871
100 183.000 170.000  10  17  535 1126
101 127.000  60.000  10  23  351  793
102 178.000 140.000  10  10  124  691
103  95.000  50.000   0  25  792 1226
104 124.000 191.000  10  24  572 1119
105 138.000  69.000  10   9   49  756
106  50.000  31.000  10  20  176  588
107 197.000  29.000  10  16 1424 1967
108  20.000  59.000  10  20 1689 2443
109 190.000 109.000  10  10  760  865
110 145.000  19.000  10  20 1125 1599
111 164.000  37.000  10  19  357  558
112 186.000  96.000  10  20  608 1031
113 105.000  70.000  10  10  133  387
114 140.000   6.000  10  30  357  719
115  53.000  59.000  10  20  226  454
116 155.000  22.000  10  24  333  802
117 175.000 143.000  10  20  526 1213
118  83.000 197.000  10  20  469  956
119 180.000  66.000  10  13  332  447
120 129.000 176.000  10  18  426  855
121 185.000 123.000  10  30  218  669
122  77.000 115.000  10  20   27  569
123   7.000 119.000  10  30 1270 1739
124 195.000  97.000  10  20  283 1041
125 162.000 118.000  10  20  257  908
126 196.000 111.000  10  30  391  853
127  25.000 143.000  10  20  351  728
128  51.000  31.000  10  20   84  806
129  14.000  84.000  10  20  451  958
130 165.000 113.000  10  10   66  602
131 135.000   0.000  10  10  649 1145
132 177.000 146.000  10  10  666  802
133  89.000  39.000  10  19   61  624
134  63.000 149.000  10  17   73  527
135 143.000   5.000  10  10  529  919
136  32.000 178.000  10  10  736 1215
137 162.000 123.000  10  40  409  877
138  67.000 127.000  10  21   42  520
139 183.000 120.000  10  10  199  578
140   8.000 154.000  10  20  560  836
141   8.000  69.000  10  20  541 1055
142  78.000 115.000  10  10   87  404
143  39.000 151.000  10  26  210  805
144   1.000  54.000  10  14 1109 1311
145   5.000  73.000  10  10  378  715
146 166.000 117.000  10  20  208  673
147  39.000 186.000  10   5  535  989
148 165.000 116.000  10  10  218  755
149  99.000  12.000  10  30  223  482
150  18.000  35.000  10  24 2318 2751
151  11.000 118.000  10  33  386  629
152  78.000  72.000  10   9   35  822
153  69.000 133.000  10   8   45  534
154  56.000  59.000  10  30  117  460
155  99.000  45.000  10  21  163  632
156 194.000 112.000  10  10  297 1045
157  98.000   4.000  10  20  231  705
158 104.000 176.000  10  19  761 1200
159 200.000 136.000  10  20  427  717
160  67.000 138.000  10  11  131  556
161 111.000 129.000  10  27   31  468
162  75.000 173.000  10  30   77  775
163   6.000 193.000  10  13 1423 1890
164   6.000  67.000  10  10  135  829
165  14.000  92.000  10  30  327  554
166   3.000  75.000  10  10  327  868
167  23.000 142.000  10  10  296  881
168 140.000   3.000  10  10  499  761
169  63.000  55.000  10  10  533 1069
170  30.000 187.000  10  10  452 1229
171 122.000  37.000  10  30  295  654
172  36.000 193.000  10  20  401 1007
173 113.000 105.000  10  23  897 1184
174 136.000  90.000  10  18   37  647
175  97.000  67.000  10  10  175  931
176  87.000 118.000  10  10  405  601
177 179.000 151.000  10  20 1117 1556
178 189.000  97.000  10  20  501  951
179  15.000  87.000  10  20  302  780
180 157.000 142.000  10  13   70  542
181 138.000  61.000  10  19  920 1296
182  60.000 184.000  10   7 1238 1493
183  85.000 192.000  10  10  345  589
184  95.000  16.000  10  20  289 1101
185 185.000 115.000  10  20  445  887
186 122.000  13.000  10  27  388  848
187  57.000 157.000  10  26  305  455
188   8.000  73.000  10  20  465  939
189 115.000  75.000  10  26   29  366
190 172.000  55.000  10  11 1572 2187
191 184.000 140.000  10  15 1261 1708
192  12.000 113.000  10   2 1083 1700
193 193.000 131.000  10  20   98  694
194 129.000  40.000  10  20  165  369
195  95.000  74.000  10  20  263  983
196   8.000  74.000  10  20  416  900
197 181.000 147.000  10  20  405  787
198  17.000  93.000  10  20  165  609
199 123.000  90.000  10  21   25  404
200 110.000 184.000  10  10 1627 2100
201 121.000  46.000  10   3  410 1035
202 137.000   4.000  10 -20  780 1130
203  13.000  81.000  10 -20  491  812
204  21.000  85.000  10 -20  422 1203
205 112.000   6.000  10 -26 2286 2777
206  63.000 192.000  10 -30  764 1219
207  80.000 190.000  10 -13 1661 2011
208  82.000 194.000  10 -11  327 1204
209  17.000  32.000  10 -20 1623 2261
210  68.000 115.000  10 -17 2299 2342
211 162.000 162.000  10 -10 1207 1655
212  81.000 183.000  10 -30  145  668
213 199.000 132.000  10 -10  367  889
214  24.000 140.000  10 -26  459  816
215 168.000  58.000  10 -10  795 1101
216 125.000  49.000  10 -20 1005 1432
217  83.000 180.000  10 -20  800 1449
218  56.000 148.000  10 -10 1846 2493
219 198.000 132.000  10 -30  393  951
220 123.000  33.000  10 -11  372  773
221  56.000  90.000  10 -10 1940 2414
222 123.000  31.000  10 -20  406  835
223 113.000 100.000  10 -10  701 1260
224 125.000  38.000  10 -17  148  696
225  66.000 196.000  10 -10 1491 1969
226  45.000 142.000  10 -31 1525 2338
227 175.000  60.000  10 -10  182  499
228 168.000 119.000  10 -20 1850 2733
229 122.000  58.000  10 -20   47  950
230 197.000 113.000  10 -10  205  940
231 180.000 147.000  10 -10  390  891
232 101.000  70.000  10 -30   30  441
233 194.000 129.000  10 -20  465 1082
234  40.000  95.000  10 -20 1793 2347
235  12.000 131.000  10 -30  123 1076
236   7.000 152.000  10 -10  636  858
237  97.000 129.000  10 -27 2177 2617
238  85.000  85.000  10 -21 2060 2608
239  37.000 177.000  10 -30 1617 1877
240  73.000  81.000  10 -30 2600 3017
241  39.000 112.000  10 -10  441  721
242 129.000  38.000  10 -10  174  558
243  38.000 188.000  10 -20  480  637
244 108.000 141.000  10 -30  870 1411
245  71.000 131.000  10 -21 1886 2227
246 127.000 143.000  10  -1 1832 2618
247  11.000 151.000  10 -23  161  828
248  68.000  40.000  10  -8   82  462
249  92.000 178.000  10 -30 1684 2203
250  26.000  45.000  10 -10  715 1178
251 105.000  26.000  10 -17 1069 1634
252  93.000  13.000  10 -29  586  695
253 142.000  60.000  10 -18 1394 2030
254 146.000   3.000  10 -11 1515 2058
255  57.000 118.000  10 -30 1473 2017
256 136.000 111.000  10 -30 2225 2703
257  10.000  20.000  10 -17 2210 2620
258 180.000  93.000  10 -20  783 1072
259  55.000  87.000  10 -24  606 1140
260  55.000  51.000  10 -10 1003 1261
261  68.000  50.000  10 -10  321  888
262 158.000 132.000  10 -25 1369 1611
263 195.000 132.000  10 -10  849 1378
264  50.000  67.000  10 -24  376  637
265 121.000  36.000  10 -10  517  846
266 104.000   5.000  10 -20  668  978
267  66.000  52.000  10 -10  537  775
268 174.000 128.000  10 -20  117  515
269  17.000 150.000  10 -30  107  668
270  37.000 190.000  10 -20  422  880
271 158.000  20.000  10 -20 2032 2664
272  59.000 139.000  10 -10  984 1702
273  42.000 174.000  10 -10  195  827
274 140.000  11.000  10 -20  101  680
275 155.000  17.000  10 -22  146  745
276  84.000 180.000  10 -22 1286 1720
277  41.000  43.000  10 -15 1805 2370
278  84.000 194.000  10 -10  415  704
279  35.000 186.000  10 -30  689 1113
280 104.000  68.000  10 -10   96  522
281  42.000  72.000  10 -21  513 1050
282  61.000  50.000  10 -20  142  733
283  48.000  30.000  10 -10  209  660
284  78.000 169.000  10 -20  801 1625
285  48.000 106.000  10 -30  595  908
286 114.000 112.000  10 -15 2273 2692
287 158.000  81.000  10 -10 1811 2384
288  42.000 165.000  10 -27 1415 1771
289 131.000  92.000  10 -23   32  463
290 154.000   7.000  10 -20 1196 1727
291  65.000  42.000  10 -14  725 1102
292  13.000 152.000  10 -16  101  879
293 143.000   0.000  10 -20  671  898
294  18.000  89.000  10 -20  258  404
295  23.000 137.000  10 -20  433  947
296 146.000 166.000  10 -20 1269 1782
297 149.000  78.000  10 -11 1565 2134
298 159.000 105.000  10 -20 2046 2683
299 103.000  67.000  10 -21   93  616
300 189.000  83.000  10 -10  671 1081
301 200.000 162.000  10 -17 1670 2405
302  68.000 156.000  10 -23 1183 1468
303 177.000 145.000  10 -10  528 1027
304  95.000  50.000  10 -25  792 1226
305 174.000 194.000  10 -24 1704 2111
306 137.000  10.000  10  -9 1588 2056
307  93.000   7.000  10 -20  413  740
308 181.000  70.000  10 -16 1810 2509
309  19.000  38.000  10 -20 1619 2134
310 104.000  88.000  10 -10 2449 3038
311 179.000   5.000  10 -20 1994 2417
312 156.000  93.000  10 -19 1669 1817
313 190.000 110.000  10 -20  373 1164
314 109.000  48.000  10 -10  275  921
315 144.000  92.000  10 -30 1971 2238
316  19.000  51.000  10 -20  452  990
317 131.000  38.000  10 -24   69  584
318 148.000 157.000  10 -20  993 1669
319  25.000 165.000  10 -20 1296 1812
320 193.000  12.000  10 -13 1187 1924
321 161.000 158.000  10 -18 1481 1786
322 199.000 115.000  10 -30  437  605
323  53.000 175.000  10 -20  456 1290
324  37.000 146.000  10 -30 1130 1473
325 187.000 112.000  10 -20   87  850
326 193.000 111.000  10 -20  447  986
327 143.000 179.000  10 -30  916 1374
328  41.000 187.000  10 -20  218  794
329  55.000  24.000  10 -20  472  632
330  12.000  66.000  10 -20  144  610
331 178.000 147.000  10 -10  489  887
332 139.000  97.000  10 -10 2411 2710
333 135.000 171.000  10 -10  534  893
334  62.000  50.000  10 -19  281  682
335  87.000 195.000  10 -17  504  721
336 137.000   1.000  10 -10  528 1168
337  28.000 187.000  10 -10 1872 2240
338 165.000 117.000  10 -40  436  624
339  87.000 196.000  10 -21  439  873
340 176.000 144.000  10 -10  661  986
341  26.000 138.000  10 -20  778  848
342  46.000  22.000  10 -20 1496 1859
343  40.000 183.000  10 -10  300  599
344  98.000 193.000  10 -26  684 1053
345  62.000  38.000  10 -14 1873 2555
346   8.000   8.000  10 -10  411  816
347 195.000 129.000  10 -20  582  876
348  38.000 183.000  10  -5  888 1701
349 185.000  96.000  10 -10  603 1125
350  97.000   7.000  10 -30  370  670
351  54.000  37.000  10 -24 2477 2811
352   7.000 151.000  10 -33  697  886
353  65.000  77.000  10  -9  810  976
354  84.000 192.000  10  -8  307  715
355  53.000  61.000  10 -30   61  758
356  60.000  51.000  10 -21   63  891
357 196.000 137.000  10 -10  164  753
358 100.000 144.000  10 -20  935 1177
359  89.000 176.000  10 -19 1436 2101
360 159.000 196.000  10 -20  816 1208
361  35.000 160.000  10 -11   88  953
362 171.000  36.000  10 -27 2319 2864
363  10.000 153.000  10 -30  385  701
364 111.000 189.000  10 -13 1815 2327
365  28.000  77.000  10 -10  674 1208
366  12.000  69.000  10 -30  528 1181
367  32.000  47.000  10 -10  451  866
368  22.000 133.000  10 -10  474 1020
369 139.000   7.000  10 -10  228  756
370  53.000  79.000  10 -10 1632 2263
371  53.000 180.000  10 -10  985 1361
372 141.000   8.000  10 -30  170  716
373  23.000 176.000  10 -20 1266 1681
374 114.000 122.000  10 -23  676 1148
375 172.000 114.000  10 -18  215  533
376  80.000 167.000  10 -10  684 1211
377 187.000  97.000  10 -10  640  909
378 110.000 110.000  10 -20 2175 2680
379  74.000  55.000  10 -20 1120 1809
380   8.000  89.000  10 -20  593 1192
381 151.000 132.000  10 -13  538  898
382 135.000  45.000  10 -19  985 1436
383  23.000 168.000  10  -7 1705 2245
384  23.000 123.000  10 -10  868 1575
385  86.000  69.000  10 -20  554  971
386 100.000  53.000  10 -20 2367 3003
387 138.000  72.000  10 -27  317  938
388  40.000 130.000  10 -26  271  951
389  10.000  67.000  10 -20  114  738
390 140.000   4.000  10 -26  502  669
391 186.000  65.000  10 -11 1711 2146
392 131.000 136.000  10 -15 2356 2810
393  29.000 121.000  10  -2  849 1465
394 192.000 113.000  10 -20  240  665
395  53.000  67.000  10 -20  376  740
396  53.000  31.000  10 -20  416  994
397   8.000  71.000  10 -20  508  993
398 165.000 181.000  10 -20  148  683
399  65.000  53.000  10 -20  403 1097
400 179.000 141.000  10 -21  208  697
401  88.000 143.000  10 -10 1876 2411
402 155.000 107.000  10  -3 2169 2351
403 100.000 100.000   0   0    0 3060
