203 203 1000 1000 1000
  0 100.000 100.000   0   0    0 3060
  1  63.000  58.000  10  20  164  284
  2 139.000   7.000  10  20    0 2950
  3  79.000 193.000  10  30  758  878
  4  68.000 115.000  10  20    0 3015
  5 155.000  17.000  10  32    0 2951
  6  69.000 150.000   0  17 2257 2377
  7  22.000 133.000  10  10    0 2966
  8  78.000 119.000  10  30  286  406
  9 199.000 115.000  10  20  461  581
 10 185.000 124.000  10  10  427  547
 11   5.000 162.000  10  26  495  615
 12 189.000  95.000  10  10  537  657
 13  84.000 118.000  10  20    0 3026
 14 105.000  26.000  10  24 1292 1412
 15 143.000 179.000  10  24    0 2961
 16 119.000  37.000  10  20    0 2985
 17  23.000 137.000  10  20  630  750
 18 178.000 123.000  10  30    0 2969
 19 151.000  66.000  10  11  295  415
 20  68.000  50.000  10  10  545  665
 21 159.000 196.000   0   6    0 2938
 22  87.000  30.000  10  10  752  872
 23  54.000  30.000  10  10    0 2967
 24  54.000  37.000  10  21 2584 2704
 25 154.000  59.000  10  17  273  393
 26  78.000 169.000  10  10 1153 1273
 27  24.000 131.000  10  31 1234 1354
 28 165.000 117.000  10  10  470  590
 29  23.000 176.000  10  20 1414 1534
 30  55.000  24.000  10  10  492  612
 31  78.000 184.000  10  20  834  954
 32  11.000 151.000  10  20  434  554
 33 103.000  66.000  10  20  339  459
 34 100.000  70.000  10  30   60  180
 35  83.000 118.000  10  20  347  467
 36  12.000 154.000  10  10  532  652
 37  41.000 186.000  10  27  539  659
 38  86.000  69.000   0  14    0 3016
 39  41.000 182.000  10  30  344  464
 40 178.000 147.000  10  10  628  748
 41 140.000  11.000  10  10    0 2953
 42  60.000  51.000  10  20  332  452
 43 100.000   6.000  10  30  356  476
 44  18.000  89.000  10  10    0 2968
 45  85.000 110.000  10  10    0 3032
 46  37.000 146.000  10  10 1242 1362
 47 181.000  89.000  10  10    0 2969
 48  26.000 147.000  10  20    0 2963
 49  52.000  38.000  10  30  254  374
 50  35.000 160.000  10  16  335  455
 51 187.000  97.000  10  10  714  834
 52 156.000  93.000  10  25    0 2994
 53  62.000  50.000  10  20    0 2988
 54 137.000   1.000  10  10    0 2945
 55  25.000 146.000  10  30  428  548
 56 137.000  10.000  10  21 1762 1882
 57  62.000  15.000  10  29  355  475
 58 144.000  59.000  10  18 1767 1887
 59 125.000  78.000  10  11    0 3017
 60 159.000 121.000  10  20  637  757
 61  55.000  51.000  10  17 1072 1192
 62 189.000 120.000  10  10  540  660
 63 121.000  50.000  10  24  450  570
 64  17.000 150.000  10  20  328  448
 65  69.000  47.000  10  10  492  612
 66 164.000 113.000  10  20    0 2985
 67  79.000 115.000  10  30  142  262
 68  80.000 108.000  10  20   74  194
 69 184.000 116.000  10  20    0 2965
 70  84.000 194.000  10  10  499  619
 71 186.000  94.000  10  20  484  604
 72  90.000   4.000  10  22    0 2954
 73  92.000 178.000  10  26    0 2972
 74  46.000  40.000  10  15 1009 1129
 75 174.000 128.000  10  20  256  376
 76  23.000 123.000  10  15 1162 1282
 77 103.000  70.000  10  10  152  272
 78  42.000 174.000  10  13  451  571
 79   8.000   8.000  10  11    0 2920
 80  83.000  81.000  10  21   42  162
 81  83.000 180.000  10  15    0 2969
 82  97.000  65.000  10  20  445  565
 83  53.000  31.000  10  10  645  765
 84 179.000 141.000  10  20    0 2961
 85 100.000  53.000  10  22    0 3003
 86  55.000  64.000  10  30  383  503
 87 174.000 185.000  10  15  448  568
 88 123.000  36.000  10  10  460  580
 89 142.000  60.000   0  13 1652 1772
 90 123.000  33.000  10  20  512  632
 91 107.000  96.000  10  23    8  128
 92 188.000  88.000  10  20  335  455
 93  26.000  41.000  10  14  572  692
 94  75.000 134.000  10  16    0 3008
 95 141.000   4.000  10  20  615  735
 96 196.000 137.000  10  20  399  519
 97   7.000 142.000  10  20  807  927
 98 190.000 112.000  10  20  343  463
 99  63.000 192.000  10  12  932 1052
100  71.000 131.000  10  11    0 3008
101  68.000  40.000  10  23  212  332
102  98.000 193.000  10  27  809  929
103 121.000  36.000  10  20    0 2983
104 101.000  70.000  10  20  104  224
105 134.000 157.000  10  20 1673 1793
106 103.000  77.000  10  21  176  296
107 183.000 170.000  10  17  771  891
108 193.000  12.000  10   3 1495 1615
109  95.000  50.000  10  25  949 1069
110 124.000 191.000  10  24  785  905
111 138.000  69.000  10   9    0 3001
112 177.000 145.000  10  10  718  838
113  48.000  30.000  10  50    0 2963
114 197.000  29.000  10  16 1635 1755
115  40.000 130.000  10   1  551  671
116  20.000  59.000  10  20 2006 2126
117  81.000 183.000  10  11  346  466
118 145.000  19.000  10  20 1302 1422
119 164.000  37.000  10  19  398  518
120  53.000  59.000  10  20    0 2988
121 122.000  58.000  10  15  170  290
122  37.000 190.000  10  10  591  711
123 199.000 132.000  10  10  568  688
124 131.000  92.000  10  22   68  188
125 180.000  66.000  10  13  330  450
126 129.000 176.000  10  18  580  700
127 185.000 123.000  10  30  383  503
128  77.000 115.000  10  20  230  350
129   7.000 119.000  10  30 1445 1565
130 196.000 111.000  10  30    0 2954
131  32.000  47.000  10  27    0 2964
132  13.000 152.000  10  20    0 2949
133 192.000 113.000  10  20  392  512
134  25.000 143.000   0  20  480  600
135  14.000  84.000  10  20  644  764
136  12.000  69.000  10  10  794  914
137 165.000 113.000  10  10  245  365
138 138.000  72.000  10   8  568  688
139   8.000  89.000  10  13    0 2958
140 177.000 146.000  10  10  674  794
141  87.000 196.000  10  30    0 2954
142  89.000  39.000  10  19  251  371
143 143.000   5.000  10  10  664  784
144 162.000 123.000  10  40  583  703
145  38.000 188.000  10  20  499  619
146 183.000 120.000  10  10    0 2965
147 180.000  93.000  10  10  867  987
148 146.000   3.000   0  24 1727 1847
149   8.000 154.000  10  20    0 2944
150 131.000  38.000  10  20  258  378
151  78.000 115.000  10  10  186  306
152 123.000  31.000  10  20    0 2978
153   1.000  54.000  10  14 1150 1270
154  40.000  95.000  10  25    0 2990
155   7.000 151.000  10  20  731  851
156  99.000  12.000  10  30  292  412
157 135.000 171.000  10  27  654  774
158  11.000 118.000  10  33  448  568
159  78.000  72.000  10   9   82  202
160  56.000  59.000  10  30  228  348
161  53.000  79.000  10  14    0 2999
162 194.000 112.000  10  10  611  731
163  42.000 165.000  10  22    0 2963
164 172.000 114.000  10  20  314  434
165 200.000 136.000  10  20  512  632
166  67.000 138.000  10  11  284  404
167 111.000 129.000  10  27   64  184
168 114.000 112.000  10  17    0 3032
169 125.000  49.000  10  17    0 2994
170  42.000  72.000  10  18  721  841
171  39.000 112.000  10  26  521  641
172   6.000  67.000  10  10  422  542
173  14.000  92.000  10  30  380  500
174  23.000 142.000  10  10    0 2963
175  57.000 118.000  10  21    0 3004
176 187.000 112.000  10  30  291  411
177 104.000  68.000  10  10  249  369
178 194.000 129.000  10  20    0 2952
179  53.000  67.000  10  20    0 2993
180 186.000  65.000  10  39 1869 1989
181  12.000 131.000  10  28  540  660
182 122.000  37.000  10  30  415  535
183  61.000  50.000  10  10  377  497
184  97.000  67.000  10  10    0 3017
185  87.000 118.000  10  10    0 3028
186  15.000  87.000  10  20    0 2965
187 157.000 142.000  10  13  223  343
188  65.000  42.000  10  12  854  974
189  60.000 184.000  10   7 1306 1426
190  95.000  16.000  10  20  635  755
191 122.000  13.000  10  27  558  678
192  57.000 157.000  10  26  320  440
193   8.000  73.000  10  20  642  762
194 115.000  75.000  10  26   57  177
195 172.000  55.000  10  11 1819 1939
196  12.000 113.000  10   2 1332 1452
197  40.000 183.000  10  20    0 2948
198 129.000  40.000  10  20  207  327
199  84.000 192.000  10  10  451  571
200  95.000  74.000  10  20  563  683
201  17.000  93.000  10  20  327  447
202  66.000 196.000  10  23    0 2949
203 123.000  90.000  10  21   40  160
204  64.000  52.000  10 -20    0 2990
205 134.000   6.000  10 -20    0 2951
206  60.000 153.000  10 -30    0 2984
207  15.000  88.000  10 -20  437  557
208 155.000  22.000  10 -32  508  628
209  69.000 150.000  10 -17 2257 2377
210  30.000 142.000  10 -10    0 2969
211  83.000 188.000  10 -30  299  419
212 190.000 109.000  10 -20  753  873
213 178.000 140.000  10 -10    0 2963
214  10.000 153.000  10 -26  483  603
215 195.000  97.000  10 -10  602  722
216 149.000  78.000  10 -20 1789 1909
217 125.000  38.000  10 -24    0 2984
218 174.000 194.000  10 -24 1847 1967
219 121.000  48.000  10 -20 1133 1253
220  28.000  77.000  10 -20  881 1001
221 193.000 131.000  10 -30  332  452
222 193.000 111.000  10 -11  656  776
223 121.000  46.000  10 -10    0 2993
224 159.000 196.000  10  -6    0 2938
225 158.000  81.000  10 -10 2038 2158
226  74.000  55.000  10 -10 1404 1524
227  73.000  81.000  10 -21 2802 2922
228 189.000  97.000  10 -17  666  786
229  85.000 193.000  10 -10 1241 1361
230  23.000 168.000  10 -31 1915 2035
231 198.000 132.000  10 -10    0 2947
232   6.000 193.000  10 -20 1597 1717
233  53.000  29.000  10 -10  554  674
234  67.000 127.000  10 -20    0 3008
235   7.000 152.000  10 -20  687  807
236  55.000  87.000  10 -20    0 3004
237  50.000  31.000  10 -30  322  442
238  87.000 117.000  10 -20  487  607
239  18.000  35.000  10 -10 2475 2595
240  12.000 156.000  10 -27  580  700
241  86.000  69.000  10 -14    0 3016
242  39.000 186.000  10 -30    0 2945
243 176.000 144.000  10 -10  764  884
244 112.000   6.000  10 -10 2471 2591
245  10.000  67.000  10 -20    0 2955
246 140.000   3.000  10 -30  570  690
247  21.000  85.000  10 -10  753  873
248  85.000 192.000  10 -10  407  527
249  59.000 139.000  10 -10 1283 1403
250 168.000  58.000  10 -10  888 1008
251  28.000 193.000  10 -20  716  836
252  12.000  66.000  10 -30  317  437
253  36.000 193.000  10 -16  644  764
254 175.000  60.000  10 -10    0 2965
255 181.000 147.000  10 -25    0 2957
256  66.000  58.000  10 -20  798  918
257 137.000   4.000  10 -10  895 1015
258 111.000 189.000  10 -30 2011 2131
259 104.000  88.000  10 -21    0 3038
260  12.000  85.000  10 -29  535  655
261 144.000  92.000  10 -18 2045 2165
262 179.000   5.000  10 -11 2145 2265
263 151.000 132.000  10 -20  658  778
264  70.000  37.000  10 -17    0 2981
265 195.000 129.000  10 -10  669  789
266  93.000  13.000  10 -24  580  700
267  39.000 151.000  10 -20  447  567
268 127.000  60.000  10 -10    0 3002
269 113.000 100.000  10 -20    0 3037
270 100.000 144.000  10 -30  996 1116
271  20.000  72.000  10 -20 1005 1125
272 195.000 132.000  10 -20    0 2950
273  83.000 197.000  10 -10  653  773
274 189.000  83.000  10 -20  816  936
275 155.000 107.000  10 -22 2200 2320
276 127.000 143.000  10 -26 2165 2285
277  82.000  48.000  10 -15    0 2995
278 139.000  97.000  10 -20    0 3011
279  28.000 187.000  10 -15 1996 2116
280  63.000  55.000  10 -10  741  861
281  41.000 187.000  10 -13  446  566
282  51.000  31.000  10 -11    0 2966
283  50.000  67.000  10 -21  446  566
284  45.000 142.000  10 -15 1871 1991
285 101.000  67.000  10 -20  388  508
286  65.000  53.000  10 -10  690  810
287 165.000 116.000  10 -20    0 2984
288  99.000  45.000  10 -22  338  458
289  52.000  28.000  10 -30  432  552
290 187.000 142.000  10 -15  465  585
291  93.000   7.000  10 -10  516  636
292 142.000  60.000  10 -13 1652 1772
293 109.000  48.000  10 -20  538  658
294 136.000  90.000  10 -23   89  209
295 186.000  91.000  10 -20  390  510
296  85.000  85.000  10 -14 2274 2394
297  80.000 167.000  10 -16    0 2981
298 158.000  20.000  10 -20    0 2952
299 197.000 140.000  10 -20  452  572
300  29.000 121.000  10 -20 1097 1217
301 175.000 143.000  10 -20  809  929
302 131.000 136.000  10 -12 2523 2643
303  69.000 133.000  10 -11  121  241
304  13.000  81.000  10 -23  591  711
305 108.000 141.000  10 -27 1080 1200
306 110.000 110.000  10 -20 2367 2487
307   3.000  75.000  10 -20  538  658
308 168.000 119.000  10 -20 2232 2352
309 105.000  70.000  10 -21  200  320
310 162.000 162.000  10 -17 1371 1491
311 110.000   8.000  10  -3 1912 2032
312 135.000  45.000  10 -25    0 2985
313  68.000 156.000  10 -24 1266 1386
314 186.000  96.000  10  -9  760  880
315 172.000 179.000  10 -10 2246 2366
316   8.000  69.000  10 -50    0 2953
317 141.000   8.000  10 -16    0 2950
318  26.000 138.000  10  -1  753  873
319  46.000  22.000  10 -20    0 2956
320  87.000 195.000  10 -11  552  672
321 142.000  27.000  10 -20 1480 1600
322 185.000  96.000  10 -19  804  924
323  53.000  61.000  10 -20  328  448
324  98.000   4.000  10 -15  408  528
325  89.000 176.000  10 -10 1708 1828
326 148.000 157.000  10 -10    0 2976
327 179.000 151.000  10 -22 1277 1397
328 187.000  92.000  10 -13  435  555
329 104.000 176.000  10 -18  921 1041
330 161.000 158.000  10 -30 1574 1694
331  46.000 131.000  10 -20 1362 1482
332  28.000 160.000  10 -30    0 2957
333 197.000 113.000  10 -30  513  633
334  10.000  20.000  10 -27    0 2930
335  53.000 180.000  10 -20 1113 1233
336 146.000 166.000  10 -20 1466 1586
337  25.000 143.000  10 -20  480  600
338  22.000  61.000  10 -20 1080 1200
339  26.000  45.000  10 -10  887 1007
340 188.000 125.000  10 -10  480  600
341 104.000   5.000  10  -8  763  883
342  59.000  57.000  10 -13    0 2991
343 159.000 105.000  10 -10 2304 2424
344  82.000 194.000  10 -30  705  825
345   5.000  73.000  10 -19  487  607
346 143.000   0.000  10 -10  724  844
347 114.000 122.000  10 -40  852  972
348  38.000 183.000  10 -20 1235 1355
349 185.000 115.000  10 -10    0 2964
350 171.000  36.000  10 -10 2531 2651
351 146.000   3.000  10 -24 1727 1847
352  30.000 187.000  10 -20  781  901
353 140.000   6.000  10 -20  478  598
354  75.000 173.000  10 -10  249  369
355 135.000   0.000  10 -20  837  957
356  41.000  43.000  10 -14 2028 2148
357  48.000 106.000  10 -25  692  812
358 110.000 184.000  10 -20 1803 1923
359 140.000   4.000  10 -30  526  646
360  85.000 164.000  10 -27    0 2985
361  16.000  84.000  10 -33  692  812
362   8.000  74.000  10  -9  598  718
363  57.000  54.000  10 -30  275  395
364  56.000  90.000  10 -14 2117 2237
365 190.000 110.000  10 -10  709  829
366  56.000 148.000  10 -22 2110 2230
367 200.000 162.000  10 -20 1977 2097
368 180.000 147.000  10 -20  580  700
369  38.000 190.000  10 -11  547  667
370 162.000 118.000  10 -27  523  643
371 113.000 105.000  10 -17  981 1101
372 129.000  38.000  10 -17  306  426
373  63.000 149.000  10 -18    0 2989
374  97.000 129.000  10 -26    0 3021
375  27.000 135.000  10 -10  805  925
376  60.000  58.000  10 -30    0 2992
377  32.000 178.000  10 -10    0 2947
378  29.000 139.000  10 -21  264  384
379 158.000 132.000  10 -30 1430 1550
380 103.000  67.000  10 -10  295  415
381 184.000 140.000  10 -20 1424 1544
382   8.000  71.000  10 -20  690  810
383 138.000  61.000  10 -39    0 2996
384  17.000  32.000  10 -28 1882 2002
385  65.000  77.000  10 -30  833  953
386  19.000  51.000  10 -10  661  781
387  25.000 165.000  10 -10 1494 1614
388  80.000 190.000  10 -10 1776 1896
389  24.000 140.000  10 -20  578  698
390 165.000 181.000  10 -13  355  475
391  59.000  83.000  10 -12  907 1027
392  37.000 177.000  10  -7 1687 1807
393  66.000  52.000  10 -20  596  716
394 154.000   7.000  10 -27    0 2943
395  35.000 186.000  10 -26  841  961
396  62.000  38.000  10 -20 2154 2274
397 114.000  72.000  10 -26   65  185
398 181.000  70.000  10 -11 2099 2219
399  88.000 143.000  10  -2    0 3006
400  53.000 175.000  10 -20  813  933
401  97.000   7.000  10 -20  460  580
402  87.000 191.000  10 -10    0 2959
403 136.000 111.000  10 -20 2404 2524
404  19.000  38.000  10 -20 1817 1937
405  84.000 180.000  10 -23    0 2969
406 166.000 117.000  10 -21  380  500
407 100.000 100.000   0   0    0 3060
