523 523 1000 200 1000
   0 250.000 250.000   0   0    0 1824
   1 387.000 297.000  90  10  144  504
   2 355.000 177.000  90  20  127  487
   3  78.000 346.000  90  30  199  559
   4 286.000 159.000  90  20  383  743
   5 322.000 465.000  90  10  226  586
   6  89.000 216.000  90  10  348  708
   7  76.000 345.000  90  30  383  743
   8 410.000 285.000  90  20  348  708
   9 472.000 189.000  90  30  232  592
  10 219.000 325.000  90  10  361  721
  11 437.000  12.000  90  20  405  765
  12 418.000 218.000  90  20  822 1182
  13  77.000 347.000  90  20  291  651
  14 237.000 254.000  90  20  478  838
  15 131.000 220.000  90  30  600  960
  16 417.000 417.000  90  10  807 1167
  17 379.000  80.000  90  20  583  943
  18  87.000 285.000  90  30  556  916
  19 281.000 137.000  90  10  213  573
  20 297.000 102.000  90  10  155  515
  21  39.000  76.000  90  10  273  633
  22  35.000 306.000  90  20  224  584
  23 435.000  68.000  90  10  259  619
  24 245.000 251.000  90  10    5  365
  25 409.000  88.000  90  20  505  865
  26 273.000  55.000  90  20  196  556
  27 163.000 340.000  90  30  311  671
  28 129.000 223.000  90  20  127  487
  29 357.000  26.000   0  20 1002 1362
  30  77.000 344.000  90  10  196  556
  31 164.000  21.000  90  20  428  788
  32 108.000  26.000  90  10  277  637
  33 200.000 270.000  90  20   54  414
  34 433.000  31.000  90  10  285  645
  35 420.000 295.000  90  20  830 1190
  36 118.000 157.000  90  20  254  614
  37 275.000  45.000  90  20  300  660
  38  99.000 218.000  90  30  154  514
  39 337.000 256.000  90  20   87  447
  40 389.000 300.000  90  10  149  509
  41 321.000 280.000  90  30   77  437
  42 417.000 218.000   0  10  913 1273
  43  57.000 432.000   0  10  823 1183
  44 356.000  24.000  90  20  249  609
  45 143.000 207.000  90  30  116  476
  46 221.000 325.000  90  10  453  813
  47  24.000  65.000   0  10  760 1120
  48 141.000 431.000  90  30  213  573
  49 337.000 251.000  90  10   87  447
  50  72.000 344.000  90  20  477  837
  51 149.000 203.000  90  10  395  755
  52  55.000 428.000  90  20  359  719
  53 189.000   7.000  90  30  250  610
  54 481.000 122.000  90  30  450  810
  55  74.000 350.000  90  10  755 1115
  56 406.000 285.000  90  20  254  614
  57 460.000   2.000  90  20  508  868
  58 441.000 244.000  90  10  752 1112
  59   1.000 293.000  90  10  343  703
  60 115.000 465.000  90  10  257  617
  61 422.000 420.000  90  20  338  698
  62  75.000 347.000  90  10  661 1021
  63 141.000 428.000  90  20  208  568
  64 404.000 264.000  90  20  248  608
  65 148.000 211.000  90  20  109  469
  66  22.000  37.000  90  10  683 1043
  67  65.000 100.000  90  10  607  967
  68 444.000 271.000  90  10  481  841
  69 124.000 219.000  90  20  413  773
  70 335.000 243.000  90  20  281  641
  71  26.000  42.000  90  20  307  667
  72 113.000 106.000  90  20  198  558
  73 162.000 336.000  90  20  123  483
  74   2.000 295.000  90  30  621  981
  75 122.000  35.000  90  10  250  610
  76  93.000 213.000  90  30  253  613
  77 218.000 316.000  90  20   73  433
  78 116.000 156.000  90  10  346  706
  79 419.000 422.000  90  20  431  791
  80 187.000 491.000  90  20  633  993
  81 435.000  11.000  90  40  302  662
  82 205.000 223.000  90  20  338  698
  83 463.000 140.000  90  10  239  599
  84 343.000  47.000  90  20  592  952
  85 387.000 488.000   0  20  837 1197
  86 121.000 157.000  90  10  159  519
  87 182.000 463.000  90  30  226  586
  88 370.000  83.000  90  20  208  568
  89 444.000 242.000  90  10  291  651
  90  90.000 285.000   0  40  831 1191
  91 446.000  64.000  90  10  452  812
  92 312.000 264.000  90  20   63  423
  93 442.000 247.000  90  10  476  836
  94 140.000 431.000  90  30  211  571
  95  91.000 235.000  90  10  984 1344
  96 406.000 257.000  90  10  436  796
  97 393.000 301.000  90  30  333  693
  98 412.000 214.000  90  10  165  525
  99  62.000 453.000  90  10  370  730
 100 367.000  83.000  90  30  203  563
 101 459.000 145.000  90  40  233  593
 102 433.000  27.000  90  20  481  841
 103 478.000  99.000   0  10  466  826
 104 398.000  20.000  90  20  273  633
 105 248.000 251.000  90  20    2  362
 106 154.000 207.000   0  20  854 1214
 107 481.000 456.000  90  40  879 1239
 108 367.000 178.000  90  20  415  775
 109 452.000 163.000  90  30  219  579
 110 233.000  47.000  90  20  206  566
 111 188.000   4.000  90  20  254  614
 112 409.000  90.000  90  20  413  773
 113 186.000 461.000  90  20  220  580
 114  38.000  72.000  90  30  278  638
 115 224.000 192.000  90  10   65  425
 116 278.000  46.000  90  20  205  565
 117 232.000  42.000  90  10  392  752
 118 205.000 230.000  90  30   53  413
 119  65.000 453.000  90  30  277  637
 120   2.000 116.000  90  20  376  736
 121 315.000 260.000  90  10   70  430
 122 173.000 490.000  90  20  254  614
 123 402.000 265.000  90  20  156  516
 124 385.000 295.000  90  20  142  502
 125 394.000  23.000   0  20 1106 1466
 126  25.000  65.000  90  10  851 1211
 127  58.000 449.000  90  30  838 1198
 128 246.000 398.000  90  40  148  508
 129 423.000 294.000  90  10  646 1006
 130 348.000 145.000  90  20  608  968
 131 477.000  97.000  90  10  278  638
 132 307.000 102.000  90  40  445  805
 133 381.000 495.000  90  20  557  917
 134  95.000 234.000  90  10  158  518
 135  22.000  33.000  90  10  589  949
 136 435.000 268.000  90  10  947 1307
 137 135.000 293.000  90  30  215  575
 138 439.000 266.000  90  10  189  549
 139 269.000 402.000  90  20  438  798
 140 267.000 400.000  90  10  627  987
 141 445.000 237.000  90  10  195  555
 142 461.000 284.000  90  10  213  573
 143 101.000 386.000  90  20  202  562
 144 342.000  54.000  90  20  405  765
 145 274.000  48.000  90  10  206  566
 146 249.000 258.000   0  30  762 1122
 147 421.000 415.000  90  30  237  597
 148 319.000 468.000  90  10  228  588
 149  50.000 438.000  90  20  572  932
 150 440.000  61.000   0  30  822 1182
 151  17.000  65.000  90  20  482  842
 152 323.000 118.000  90  20  156  516
 153  71.000 153.000  90  20  601  961
 154 238.000 204.000  90  20  420  780
 155 208.000 184.000  90  20   78  438
 156 473.000 475.000  90  10  972 1332
 157  73.000 328.000  90  20  193  553
 158 466.000 287.000   0  10  316  676
 159 467.000 114.000   0  10 1011 1371
 160 120.000 159.000  90  10  161  521
 161 413.000 217.000  90  20  166  526
 162 338.000 142.000  90  40  139  499
 163 483.000 457.000   0  20  593  953
 164 406.000  99.000  90  20  222  582
 165 460.000 374.000  90  20  612  972
 166 279.000 138.000  90  40  121  481
 167 338.000 147.000  90  10  135  495
 168 195.000 185.000  90  20  187  547
 169 463.000 194.000  90  20  220  580
 170 317.000 261.000  90  20  256  616
 171 442.000 310.000  90  20  491  851
 172 109.000 107.000  90  20  206  566
 173 100.000 387.000  90  10  294  654
 174 494.000  94.000  90  10  483  843
 175  40.000  52.000  90  40  388  748
 176 319.000 124.000  90  20  253  613
 177  94.000  97.000  90  20  218  578
 178 476.000  94.000  90  20  274  634
 179 305.000 107.000  90  20  540  900
 180 188.000  12.000  90  30  245  605
 181 136.000 290.000  90  20  122  482
 182 112.000 467.000  90  10  351  711
 183 181.000 469.000   0  20  322  682
 184 358.000  18.000  90  10  346  706
 185 199.000 268.000  90  20  146  506
 186 436.000 237.000   0  20  186  546
 187 318.000 280.000  90  20  172  532
 188 394.000 333.000  90  20  349  709
 189 198.000  12.000  90  10  427  787
 190 390.000 408.000  90  30  305  665
 191  19.000  43.000  90  20 1051 1411
 192  49.000 451.000  90  20  284  644
 193 125.000  39.000  90  20  245  605
 194  61.000 147.000  90  40  218  578
 195 317.000 123.000  90  20  345  705
 196  71.000 333.000  90  10  197  557
 197 304.000  97.000  90  20  257  617
 198 270.000 401.000  90  20  152  512
 199 474.000 461.000  90  30  307  667
 200  66.000 448.000  90  10  270  630
 201 337.000 241.000  90  20  188  548
 202  22.000  41.000  90  10  957 1317
 203 198.000 271.000  90  20  239  599
 204 200.000 229.000  90  30  148  508
 205  48.000  72.000  90  30  560  920
 206  80.000 342.000  90  10  193  553
 207 124.000  56.000  90  20  231  591
 208 481.000  26.000  90  30  321  681
 209 335.000  57.000  90  30  210  570
 210  26.000 490.000  90  10 1046 1406
 211 324.000 127.000  90  30  143  503
 212  72.000 148.000  90  20  205  565
 213 131.000 226.000  90  20  121  481
 214 150.000 204.000  90  20  487  847
 215 203.000   7.000  90  20  891 1251
 216 355.000 180.000  90  30  132  492
 217  13.000 455.000  90  10  313  673
 218 314.000 124.000  90  20  626  986
 219   9.000 124.000  90  20  271  631
 220   3.000 292.000  90  20  251  611
 221  16.000 462.000  90  10  781 1141
 222  90.000 296.000  90  20  166  526
 223 138.000 438.000  90  20  682 1042
 224 461.000   8.000  90  20  604  964
 225  96.000  97.000  90  20  217  577
 226  68.000  99.000  90  10  883 1243
 227 481.000  96.000  90  20  372  732
 228 338.000 260.000  90  20  470  830
 229 285.000  44.000  90  10  310  670
 230 197.000  11.000  90  10  518  878
 231 133.000  53.000  90  20  514  874
 232 132.000  30.000   0  20  721 1081
 233 483.000  22.000  90  10  329  689
 234 436.000 264.000  90  20  186  546
 235  24.000 492.000  90  10 1043 1403
 236 406.000  94.000  90  10  223  583
 237 408.000 453.000  90  10  438  798
 238 128.000 225.000  90  10  124  484
 239 226.000 191.000  90  20  248  608
 240 391.000 407.000  90  10  397  757
 241 198.000 264.000  90  20  615  975
 242 179.000   7.000  90  20  717 1077
 243 479.000 176.000  90  20  240  600
 244 386.000 405.000  90  20  206  566
 245 395.000 332.000  90  10  441  801
 246 423.000 290.000  90  10  179  539
 247 131.000  56.000  90  10  331  691
 248  97.000  93.000  90  20  315  675
 249 375.000 191.000  90  30  322  682
 250 356.000  21.000  90  20  253  613
 251 397.000  20.000  90  20  275  635
 252  69.000 334.000  90  30  201  561
 253 390.000 423.000  90  10  222  582
 254 285.000 162.000  90  30  476  836
 255 285.000 158.000  90  30  193  553
 256 406.000  96.000  90  20  219  579
 257  67.000 109.000  90  20  233  593
 258 438.000  31.000  90  10  288  648
 259 168.000  24.000  90  10  613  973
 260 460.000 288.000  90  10  213  573
 261 224.000 203.000  90  20   53  413
 262  21.000 487.000   0  10  425  785
 263  21.000 488.000  90  10  516  876
 264  67.000 452.000  90  30  272  632
 265 398.000 428.000  90  10  417  777
 266 390.000 301.000  90  10  240  600
 267 167.000  27.000  90  30  331  691
 268 313.000 119.000  90  30  531  891
 269  13.000  51.000  90  10 1065 1425
 270 202.000   4.000  90  10  797 1157
 271  94.000 383.000  90  10  481  841
 272 250.000 411.000  90  30  343  703
 273 443.000 237.000  90  20  193  553
 274 200.000 178.000  90  20   89  449
 275 412.000 453.000  90  10  532  892
 276 444.000 269.000   0  20  389  749
 277 428.000  25.000   0  20 1033 1393
 278 438.000  26.000  90  10  295  655
 279  44.000  79.000   0  10  267  627
 280 446.000 319.000  90  30  210  570
 281 175.000 487.000  90  20  248  608
 282  26.000  45.000  90  30  303  663
 283  86.000 268.000  90  10  532  892
 284 415.000 216.000  90  10  171  531
 285 121.000 218.000  90  20  132  492
 286 210.000 185.000   0  20   76  436
 287 484.000 174.000  90  10  340  700
 288 328.000 458.000   0  10  795 1155
 289 390.000 415.000  90  20  886 1246
 290 481.000 124.000  90  10  358  718
 291 386.000 414.000   0  10  956 1316
 292 116.000 466.000  90  20  254  614
 293 391.000 426.000  90  10  605  965
 294  15.000  68.000  90  10  298  658
 295  88.000  95.000  90  20  505  865
 296 116.000 151.000  90  20  625  985
 297 240.000 250.000  90  10  192  552
 298 123.000 159.000  90  20  156  516
 299  89.000 290.000  90  20  165  525
 300  39.000  50.000  90  30  296  656
 301  92.000 236.000   0  20  893 1253
 302  55.000 449.000  90  20  278  638
 303  57.000 425.000  90  20  260  620
 304 320.000 280.000  90  10   80  440
 305 322.000 468.000  90  20  420  780
 306 483.000 458.000  90  10  502  862
 307 312.000 267.000   0  10  722 1082
 308 139.000 291.000   0  10  118  478
 309 388.000 408.000   0  10  213  573
 310 204.000 269.000  90  30   49  409
 311 407.000  98.000  90  10  218  578
 312 471.000 484.000  90  10  415  775
 313 339.000 244.000   0  30   95  455
 314 316.000 286.000  90  30  452  812
 315 316.000 258.000  90  20  163  523
 316 113.000 156.000  90  10  439  799
 317 248.000 404.000  90  30  154  514
 318 400.000 288.000  90  30  154  514
 319 484.000 177.000  90  20  247  607
 320 112.000 217.000  90  20  233  593
 321 389.000 404.000  90  10  207  567
 322 102.000 391.000   0  20  950 1310
 323 434.000  26.000  90  10  389  749
 324 488.000  26.000  90  30  988 1348
 325 236.000 213.000  90  20   39  399
 326  68.000 108.000  90  10  230  590
 327 275.000  42.000  90  30  393  753
 328 460.000 367.000  90  20  241  601
 329 272.000 402.000  90  10  155  515
 330 478.000 102.000  90  10  559  919
 331 470.000 475.000  90  30  314  674
 332 245.000 408.000  90  10  439  799
 333 356.000  23.000  90  20  250  610
 334 277.000  50.000  90  10  201  561
 335 321.000 277.000  90  10   75  435
 336 358.000  16.000  90  30  438  798
 337 389.000 334.000  90  20  164  524
 338  24.000  68.000  90  20 1084 1444
 339 439.000  15.000  90  20  498  858
 340 359.000 182.000  90  20  604  964
 341 230.000  49.000   0  20  201  561
 342 468.000 199.000  90  20  519  879
 343 101.000 384.000  90  30  200  560
 344 203.000 390.000  90  40  154  514
 345 443.000 272.000  90  10  665 1025
 346 210.000 391.000  90  30  146  506
 347 352.000 176.000  90  20  126  486
 348 244.000 250.000  90  10    7  367
 349  18.000 484.000  90  10  329  689
 350 233.000 207.000  90  10   46  406
 351  20.000 489.000  90  10  698 1058
 352 174.000 494.000  90  10  348  708
 353  49.000  76.000  90  20  744 1104
 354 390.000 325.000  90  30  726 1086
 355 107.000  26.000  90  10  368  728
 356 115.000 218.000  90  10  140  500
 357 125.000  32.000  90  30  254  614
 358 457.000 374.000   0  10  795 1155
 359 304.000 102.000  90  30  352  712
 360  66.000 336.000  90  10  568  928
 361 347.000  62.000  90  10  968 1328
 362 466.000 142.000  90  10  334  694
 363 389.000  17.000  90  10  841 1201
 364 342.000 254.000  90  10   93  453
 365  92.000 223.000   0  10  815 1175
 366 290.000  46.000  90  20  684 1044
 367 319.000 260.000  90  20  348  708
 368 116.000 225.000  90  20  606  966
 369 402.000 284.000  90  30  160  520
 370 108.000 105.000  90  20  202  562
 371 386.000  13.000  90  10  652 1012
 372 132.000  57.000  90  20  239  599
 373 493.000  91.000  90  30  390  750
 374  12.000 451.000   0  20  311  671
 375 201.000 188.000  90  10  374  734
 376  60.000 428.000  90  20  918 1278
 377 389.000  11.000  90  20  558  918
 378 459.000  14.000  90  20  315  675
 379   0.000 297.000  90  10  528  888
 380 458.000  16.000  90  20  313  673
 381  92.000 230.000  90  20  344  704
 382 215.000 317.000  90  10   75  435
 383 371.000 192.000  90  30  134  494
 384 481.000  20.000  90  20  422  782
 385   8.000 497.000  90  40  803 1163
 386 421.000 218.000  90  10  729 1089
 387 402.000 264.000  90  20  152  512
 388  35.000 304.000  90  30  221  581
 389 321.000 263.000  90  20  532  892
 390 400.000 103.000   0  10  411  771
 391 112.000 219.000  90  20  325  685
 392 408.000 452.000  90  10  347  707
 393 205.000 228.000  90  10   50  410
 394  53.000 440.000  90  10  478  838
 395 400.000 286.000  90  10  154  514
 396 346.000 144.000  90  10  515  875
 397 440.000 244.000  90  10  661 1021
 398 280.000 162.000  90  30   92  452
 399 326.000 118.000  90  10  152  512
 400 207.000 400.000  90  20  346  706
 401 204.000  15.000  90  20  239  599
 402 343.000 148.000  90  20  240  600
 403 432.000  27.000  90  10  664 1024
 404 439.000 305.000  90  30  587  947
 405 107.000 112.000  90  30  577  937
 406 279.000 159.000  90  20   97  457
 407 376.000 494.000  90  30  274  634
 408 403.000 262.000  90  30  340  700
 409  41.000  47.000  90  20  291  651
 410  96.000 213.000  90  30  160  520
 411 391.000  99.000  90  20  206  566
 412 388.000 334.000  90  20  161  521
 413 130.000  57.000  90  40  227  587
 414  66.000 156.000  90  10  505  865
 415 389.000 428.000  90  20  228  588
 416 117.000 467.000   0  10  254  614
 417 381.000 494.000  90  10  648 1008
 418 218.000 321.000  90  20  548  908
 419 343.000 254.000  90  20  184  544
 420 478.000 464.000  90  10  312  672
 421 423.000 286.000  90  20  273  633
 422 225.000 196.000  90  10   59  419
 423 374.000 190.000  90  20  138  498
 424 347.000  54.000  90  10  690 1050
 425 231.000 195.000  90  20  344  704
 426 489.000  87.000  90  20  295  655
 427 459.000 368.000  90  10  240  600
 428 100.000 266.000  90  20  150  510
 429 211.000 386.000  90  20  141  501
 430   7.000 123.000   0  30  274  634
 431 101.000 385.000  90  20  201  561
 432 102.000  27.000  90  20  644 1004
 433 440.000  63.000  90  20  730 1090
 434  15.000  69.000  90  10  296  656
 435 489.000  17.000  90  10  615  975
 436 419.000 418.000  90  10  244  604
 437  96.000 270.000  90  20  157  517
 438 105.000  22.000  90  30  270  630
 439 207.000 223.000   0  10  430  790
 440 186.000   7.000  90  20  348  708
 441 388.000 418.000  90  10  217  577
 442 388.000 331.000  90  20  160  520
 443 281.000 164.000  90  20   91  451
 444 169.000 340.000  90  10  591  951
 445 279.000  42.000  90  40  210  570
 446 439.000 243.000  90  20 1029 1389
 447  12.000 463.000  90  20  596  956
 448 458.000 164.000  90  20  226  586
 449 446.000  65.000  90  20  361  721
 450   8.000 118.000  90  20  928 1288
 451 200.000  14.000  90  10  241  601
 452 460.000 293.000  90  30  969 1329
 453 282.000 139.000   0  20  115  475
 454 228.000 199.000  90  10  529  889
 455 435.000  20.000   0  20  776 1136
 456 467.000 195.000  90  10  223  583
 457 469.000 132.000  90  10  709 1069
 458  66.000  98.000  90  20  790 1150
 459 166.000  32.000  90  10  233  593
 460 467.000 285.000  90  20  224  584
 461 341.000  58.000  90  10  219  579
 462 121.000 219.000  90  20  132  492
 463 216.000 319.000  90  10  174  534
 464 134.000 288.000  90  20  771 1131
 465  89.000 270.000  90  10  439  799
 466 462.000 167.000  90  20  412  772
 467  25.000 307.000  90  10  324  684
 468 470.000 139.000  90  10  519  879
 469 270.000 400.000   0  10  151  511
 470 204.000 187.000   0  30  650 1010
 471 399.000 106.000  90  20  777 1137
 472 197.000 267.000  90  10  424  784
 473  91.000 231.000  90  30  435  795
 474  35.000 303.000  90  20  221  581
 475 311.000 266.000   0  10   63  423
 476   4.000 116.000  90  10  468  828
 477 417.000 217.000  90  30  264  624
 478 368.000  85.000  90  30  202  562
 479 201.000 270.000  90  10   52  412
 480 186.000 464.000  90  10  516  876
 481   7.000 292.000  90  10  246  606
 482  80.000 290.000  90  10  272  632
 483 439.000 312.000  90  30  198  558
 484 300.000 108.000  90  10  150  510
 485 478.000 121.000  90  40  634  994
 486  92.000 232.000  90  10  252  612
 487 132.000 294.000  90  20  308  668
 488  56.000 428.000  90  20  268  628
 489 232.000  47.000  90  10  203  563
 490 466.000 291.000  90  10  501  861
 491 420.000 213.000  90  10  359  719
 492 116.000 152.000  90  20  534  894
 493 440.000   7.000  90  20  309  669
 494 208.000 222.000  90  30  521  881
 495 485.000  95.000  90  10  281  641
 496 462.000 367.000  90  20  333  693
 497 405.000 450.000  90  20  253  613
 498 371.000 193.000   0  20  133  493
 499 234.000 202.000  90  10  235  595
 500 404.000 103.000  90  20  317  677
 501  67.000 334.000  90  20  386  746
 502 207.000 227.000  90  10   48  408
 503 277.000 403.000  90  10  250  610
 504  15.000 457.000  90  20  318  678
 505 111.000 467.000  90  20  442  802
 506 378.000 493.000  90  30  277  637
 507 421.000 292.000  90  20  176  536
 508  74.000 146.000   0  30  204  564
 509 319.000 470.000  90  10  233  593
 510 163.000 331.000  90  40  118  478
 511 470.000 125.000  90  20  253  613
 512 166.000  34.000  90  20  231  591
 513 284.000 140.000  90  40  115  475
 514  85.000 288.000  90  20  177  537
 515 376.000 190.000  90  30  230  590
 516 238.000 203.000  90  10  329  689
 517 472.000 481.000  90  20  322  682
 518  46.000  74.000  90  20  467  827
 519 475.000 480.000  90  30  694 1054
 520 476.000 174.000  90  30  719 1079
 521 332.000 249.000  90  30   82  442
 522 375.000  80.000   0  10  394  754
 523  94.000 235.000  90  20  156  516
 524 399.000 301.000  90 -10  429  789
 525 359.000 179.000  90 -20  317  677
 526  95.000 391.000  90 -30  761 1121
 527 237.000 213.000  90 -20  702 1062
 528 374.000 489.000  90 -10  269  629
 529  91.000 217.000  90 -10  535  895
 530  55.000 431.000  90 -30  543  903
 531 415.000 289.000  90 -20  169  529
 532 479.000 169.000  90 -30  624  984
 533 220.000 319.000  90 -10  824 1184
 534 437.000  15.000  90 -20  590  950
 535 418.000 221.000  90 -20 1006 1366
 536  97.000 385.000  90 -20  387  747
 537 244.000 254.000  90 -20  575  935
 538 132.000 223.000  90 -30  693 1053
 539 413.000 417.000  90 -10  991 1351
 540 366.000  93.000  90 -20  782 1142
 541  88.000 287.000  90 -30  738 1098
 542 270.000  49.000  90 -10  767 1127
 543 299.000  98.000  90 -10  162  522
 544  20.000  73.000  90 -10  290  650
 545  96.000 244.000  90 -20 1176 1536
 546 441.000  65.000  90 -10  266  626
 547 243.000 248.000  90 -10   99  459
 548 406.000  87.000  90 -20  788 1148
 549 288.000  44.000  90 -20  494  854
 550 167.000 339.000  90 -30  499  859
 551 123.000 222.000  90 -20  223  583
 552 357.000  26.000  90 -20 1002 1362
 553  97.000 387.000  90 -10  666 1026
 554 173.000  28.000  90 -20  983 1343
 555 104.000  28.000  90 -10  552  912
 556 192.000 265.000  90 -20  519  879
 557 483.000  27.000  90 -10 1052 1412
 558 418.000 295.000  90 -20  922 1282
 559 111.000 110.000  90 -20  390  750
 560 269.000  48.000  90 -20  676 1036
 561  87.000 217.000  90 -30  441  801
 562 408.000 279.000  90 -20  535  895
 563 391.000 293.000  90 -10  621  981
 564 416.000 417.000  90 -30  898 1258
 565 417.000 218.000  90 -10  913 1273
 566  57.000 432.000  90 -10  823 1183
 567 366.000  20.000  90 -20  721 1081
 568  61.000 156.000  90 -30  317  677
 569 218.000 318.000  90 -10  732 1092
 570  24.000  65.000  90 -10  760 1120
 571 184.000 464.000  90 -30  223  583
 572 320.000 262.000  90 -10  440  800
 573  73.000 346.000  90 -20  569  929
 574 152.000 207.000  90 -10  671 1031
 575  52.000 432.000  90 -20  636  996
 576 182.000  14.000  90 -30  909 1269
 577 479.000 121.000  90 -30  543  903
 578  77.000 350.000  90 -10  848 1208
 579 424.000 286.000  90 -20  364  724
 580 462.000  14.000  90 -20  792 1152
 581 440.000 241.000  90 -10  936 1296
 582   0.000 293.000  90 -10  434  794
 583 112.000 465.000  90 -10  534  894
 584 413.000 421.000  90 -20  618  978
 585  84.000 346.000  90 -10  946 1306
 586 186.000 472.000  90 -20  418  778
 587 401.000 281.000  90 -20  816 1176
 588  90.000 232.000  90 -20  527  887
 589  22.000  38.000  90 -10  774 1134
 590   7.000 118.000  90 -10  837 1197
 591 413.000 287.000  90 -10 1203 1563
 592 126.000 220.000  90 -20  505  865
 593 334.000 240.000  90 -20  374  734
 594  24.000  41.000  90 -20  399  759
 595 132.000  55.000  90 -20  422  782
 596 165.000 337.000  90 -20  217  577
 597   6.000 296.000  90 -30  715 1075
 598 126.000  30.000  90 -10  347  707
 599  92.000 234.000  90 -30  710 1070
 600 212.000 319.000  90 -20   80  440
 601 111.000 113.000  90 -10  483  843
 602 416.000 420.000  90 -20  525  885
 603 196.000 462.000  90 -20  799 1159
 604 459.000  10.000  90 -40  410  770
 605 116.000 221.000  90 -20  419  779
 606 479.000 127.000  90 -10  265  625
 607 344.000  62.000  90 -20 1061 1421
 608 387.000 488.000  90 -20  837 1197
 609  64.000 101.000  90 -10  515  875
 610 188.000 462.000  90 -30  609  969
 611 431.000  28.000  90 -20  573  933
 612 440.000 247.000  90 -10  568  928
 613  90.000 285.000  90 -40  831 1191
 614 446.000  63.000  90 -10  543  903
 615 316.000 284.000  90 -20  360  720
 616 439.000 268.000  90 -10  853 1213
 617 111.000 464.000  90 -30  626  986
 618  90.000 237.000  90 -10 1076 1436
 619 335.000 256.000  90 -10  746 1106
 620 390.000 294.000  90 -30  712 1072
 621 423.000 214.000  90 -10  452  812
 622  59.000 457.000  90 -10  649 1009
 623 433.000  25.000  90 -30  757 1117
 624 472.000 129.000  90 -40  252  612
 625 429.000  27.000  90 -20 1089 1449
 626 478.000  99.000  90 -10  466  826
 627 393.000  12.000  90 -20  464  824
 628 213.000 397.000  90 -20  532  892
 629 154.000 207.000  90 -20  854 1214
 630 480.000 455.000  90 -40  971 1331
 631 361.000 181.000  90 -20  512  872
 632 457.000 163.000  90 -30  224  584
 633 231.000  43.000  90 -20  300  660
 634 182.000   4.000  90 -20  443  803
 635 404.000  83.000  90 -20  693 1053
 636 172.000 488.000  90 -20  250  610
 637  44.000  47.000  90 -30  289  649
 638 202.000 186.000  90 -10  466  826
 639 287.000  43.000  90 -20  402  762
 640 238.000  46.000  90 -10  580  940
 641 152.000 210.000  90 -30  105  465
 642  60.000 454.000  90 -30  742 1102
 643   8.000 116.000  90 -20  745 1105
 644 335.000 255.000  90 -10   85  445
 645 178.000 491.000  90 -20  443  803
 646 405.000 276.000  90 -20  629  989
 647 395.000 295.000  90 -20  526  886
 648 394.000  23.000  90 -20 1106 1466
 649  23.000  67.000  90 -10  944 1304
 650  63.000 444.000  90 -30  935 1295
 651 249.000 407.000  90 -40  249  609
 652 421.000 294.000  90 -10  738 1098
 653 348.000 147.000  90 -20  700 1060
 654 489.000 101.000  90 -10  856 1216
 655 379.000  82.000  90 -40  675 1035
 656 380.000 489.000  90 -20  934 1294
 657  95.000 235.000  90 -10  155  515
 658  22.000  40.000  90 -10  866 1226
 659 435.000 267.000  90 -10 1038 1398
 660 129.000 292.000  90 -30  401  761
 661 450.000 265.000  90 -10  291  651
 662 266.000 405.000  90 -20  532  892
 663 268.000 400.000  90 -10  718 1078
 664 461.000 167.000  90 -10  321  681
 665 466.000 295.000  90 -10  873 1233
 666 146.000 439.000  90 -20  494  854
 667 343.000  49.000  90 -20  500  860
 668 269.000  46.000  90 -10  584  944
 669 249.000 258.000  90 -30  762 1122
 670 478.000 461.000  90 -30  316  676
 671 323.000 471.000  90 -10  327  687
 672 110.000 459.000  90 -20  903 1263
 673 440.000  61.000  90 -30  822 1182
 674  18.000  63.000  90 -20  574  934
 675 398.000  23.000  90 -20  270  630
 676  71.000 156.000  90 -20  694 1054
 677 241.000 205.000  90 -20  513  873
 678 199.000 187.000  90 -20  282  642
 679 470.000 473.000  90 -10 1061 1421
 680 134.000 285.000  90 -20  956 1316
 681 466.000 287.000  90 -10  316  676
 682 467.000 114.000  90 -10 1011 1371
 683 118.000 153.000  90 -10  808 1168
 684 425.000 215.000  90 -20  544  904
 685 345.000 144.000  90 -40  424  784
 686 483.000 457.000  90 -20  593  953
 687 403.000  93.000  90 -20  976 1336
 688 453.000 367.000  90 -20  893 1253
 689 235.000  50.000  90 -40  675 1035
 690 408.000  84.000  90 -10  599  959
 691 204.000 185.000  90 -20  558  918
 692 466.000 165.000  90 -20  596  956
 693 338.000 257.000  90 -20  563  923
 694 418.000 290.000  90 -20 1017 1377
 695 109.000 108.000  90 -20  297  657
 696 145.000 434.000  90 -10  308  668
 697 492.000  95.000  90 -10  666 1026
 698  37.000  51.000  90 -40  481  841
 699 370.000  82.000  90 -20  299  659
 700  67.000 105.000  90 -20  420  780
 701 478.000 118.000  90 -20  909 1269
 702 287.000 144.000  90 -20  681 1041
 703 181.000   6.000  90 -30  535  895
 704 132.000 290.000  90 -20  678 1038
 705 111.000 463.000  90 -10  717 1077
 706 181.000 469.000  90 -20  322  682
 707 363.000  22.000  90 -10  814 1174
 708 132.000 291.000  90 -20  587  947
 709 436.000 237.000  90 -20  186  546
 710 315.000 287.000  90 -20  543  903
 711 451.000 367.000  90 -20  985 1345
 712 199.000   9.000  90 -10  702 1062
 713 393.000 410.000  90 -30  767 1127
 714  21.000  68.000  90 -20 1036 1396
 715  14.000 459.000  90 -20  411  771
 716 133.000  26.000  90 -20  627  987
 717   6.000 114.000  90 -40  652 1012
 718 377.000  76.000  90 -20  489  849
 719  69.000 336.000  90 -10  293  653
 720 287.000 143.000  90 -20  590  950
 721 267.000 394.000  90 -20  814 1174
 722 480.000 460.000  90 -30  408  768
 723  59.000 459.000  90 -10  466  826
 724 330.000 242.000  90 -20  469  829
 725  20.000  48.000  90 -10 1068 1428
 726 197.000 270.000  90 -20  331  691
 727 148.000 206.000  90 -30  302  662
 728  49.000  75.000  90 -30  653 1013
 729 100.000 394.000  90 -10  856 1216
 730 111.000  23.000  90 -20  266  626
 731 489.000  27.000  90 -30  896 1256
 732 339.000  60.000  90 -30  209  569
 733  16.000 460.000  90 -10  966 1326
 734 343.000 144.000  90 -30  146  506
 735  65.000 153.000  90 -20  412  772
 736 102.000 264.000  90 -20  148  508
 737 151.000 207.000  90 -20  580  940
 738 202.000   9.000  90 -20 1073 1433
 739 357.000 181.000  90 -30  224  584
 740  13.000 459.000  90 -10  502  862
 741 313.000 126.000  90 -20  718 1078
 742   0.000 120.000  90 -20  282  642
 743   5.000 297.000  90 -20  806 1166
 744  17.000 459.000  90 -10 1057 1417
 745  56.000 434.000  90 -20  730 1090
 746 134.000 428.000  90 -20  783 1143
 747 464.000  13.000  90 -20  700 1060
 748  91.000 101.000  90 -20  693 1053
 749  73.000 101.000  90 -10 1143 1503
 750 476.000 102.000  90 -20  651 1011
 751 341.000 257.000  90 -20  277  637
 752 292.000  41.000  90 -10  589  949
 753 208.000  11.000  90 -10 1132 1492
 754  70.000 100.000  90 -20  975 1335
 755 132.000  30.000  90 -20  721 1081
 756 491.000  25.000  90 -10  804 1164
 757 441.000 265.000  90 -20  192  552
 758  17.000 458.000  90 -10 1062 1422
 759 439.000  67.000  90 -10  263  623
 760 419.000 459.000  90 -10  631  991
 761  88.000 286.000  90 -10  647 1007
 762 236.000 247.000  90 -20  287  647
 763 394.000 407.000  90 -10  581  941
 764 206.000 261.000  90 -20  897 1257
 765 176.000   8.000  90 -20  811 1171
 766 474.000  96.000  90 -20  271  631
 767 396.000 410.000  90 -20  674 1034
 768 459.000 374.000  90 -10  703 1063
 769 439.000 310.000  90 -10  198  558
 770 136.000  52.000  90 -10  608  968
 771  95.000  92.000  90 -20  408  768
 772 371.000 200.000  90 -30  699 1059
 773 361.000  17.000  90 -20  625  985
 774 397.000  18.000  90 -20  367  727
 775  67.000 335.000  90 -30  477  837
 776 392.000 424.000  90 -10  787 1147
 777 285.000 163.000  90 -30  567  927
 778 288.000 154.000  90 -30  288  648
 779 407.000  88.000  90 -20  879 1239
 780  64.000 108.000  90 -20  326  686
 781 435.000  16.000  90 -10  682 1042
 782 174.000  26.000  90 -10  891 1251
 783 470.000 290.000  90 -10  685 1045
 784 224.000 191.000  90 -20  156  516
 785  21.000 487.000  90 -10  425  785
 786  20.000 488.000  90 -10  607  967
 787  58.000 458.000  90 -30  558  918
 788 392.000 426.000  90 -10  514  874
 789 312.000 270.000  90 -10  815 1175
 790 173.000  25.000  90 -30  799 1159
 791 315.000 121.000  90 -30  438  798
 792  30.000  72.000  90 -10 1092 1452
 793 202.000   8.000  90 -10  982 1342
 794  95.000 384.000  90 -10  572  932
 795 241.000 403.000  90 -30  535  895
 796 465.000 168.000  90 -20  689 1049
 797 169.000  31.000  90 -20  237  597
 798 399.000 450.000  90 -10  834 1194
 799 444.000 269.000  90 -20  389  749
 800 428.000  25.000  90 -20 1033 1393
 801 433.000  15.000  90 -10  297  657
 802  44.000  79.000  90 -10  267  627
 803 455.000 365.000  90 -30  235  595
 804 189.000 464.000  90 -20  701 1061
 805  26.000  36.000  90 -30  494  854
 806  91.000 266.000  90 -10  628  988
 807 476.000 196.000  90 -10  330  690
 808  98.000 215.000  90 -20  155  515
 809 210.000 185.000  90 -20   76  436
 810 484.000 171.000  90 -10  528  888
 811 328.000 458.000  90 -10  795 1155
 812 391.000 413.000  90 -20  861 1221
 813 464.000 134.000  90 -10  897 1257
 814 386.000 414.000  90 -10  956 1316
 815 111.000 459.000  90 -20  994 1354
 816 391.000 425.000  90 -10  696 1056
 817  21.000  64.000  90 -10  667 1027
 818  72.000  96.000  90 -20 1069 1429
 819 117.000 152.000  90 -20  717 1077
 820 200.000 265.000  90 -10  707 1067
 821  93.000  96.000  90 -20  220  580
 822  54.000 424.000  90 -20  262  622
 823  26.000  43.000  90 -30  305  665
 824  92.000 236.000  90 -20  893 1253
 825  22.000 483.000  90 -20  325  685
 826  54.000 445.000  90 -20  383  743
 827 422.000 409.000  90 -10  234  594
 828 326.000 466.000  90 -20  605  965
 829 487.000 450.000  90 -10  781 1141
 830 312.000 267.000  90 -10  722 1082
 831 139.000 291.000  90 -10  118  478
 832 388.000 408.000  90 -10  213  573
 833 137.000 290.000  90 -30  119  479
 834 411.000  95.000  90 -10  318  678
 835 476.000 483.000  90 -10  510  870
 836 339.000 244.000  90 -30   95  455
 837 313.000 282.000  90 -30  638  998
 838 337.000 257.000  90 -20  654 1014
 839 123.000 155.000  90 -10  996 1356
 840 250.000 405.000  90 -30  157  517
 841 428.000 291.000  90 -30  551  911
 842 488.000 173.000  90 -20  434  794
 843  92.000 270.000  90 -20  812 1172
 844 393.000 408.000  90 -10  489  849
 845 102.000 391.000  90 -20  950 1310
 846 432.000  24.000  90 -10  848 1208
 847 485.000  27.000  90 -30 1051 1411
 848 233.000 204.000  90 -20   49  409
 849  67.000 108.000  90 -10  231  591
 850 267.000  44.000  90 -30  491  851
 851 398.000 325.000  90 -20  628  988
 852 272.000 403.000  90 -10  345  705
 853 458.000 130.000  90 -10  995 1355
 854 477.000 483.000  90 -30  601  961
 855 243.000 399.000  90 -10  630  990
 856 361.000  14.000  90 -20  532  892
 857 268.000  52.000  90 -10  861 1221
 858 320.000 283.000  90 -10  266  626
 859 362.000  22.000  90 -30  905 1265
 860 395.000 331.000  90 -20  532  892
 861  71.000 103.000  90 -20 1143 1503
 862 459.000  17.000  90 -20  886 1246
 863 358.000 183.000  90 -20  789 1149
 864 230.000  49.000  90 -20  201  561
 865 442.000 243.000  90 -20  844 1204
 866 147.000 435.000  90 -30  400  760
 867 214.000 394.000  90 -40  626  986
 868 441.000 273.000  90 -10  757 1117
 869 208.000 396.000  90 -30  251  611
 870 360.000 184.000  90 -20  696 1056
 871 206.000 225.000  90 -10  245  605
 872  21.000 485.000  90 -10  333  693
 873 231.000 203.000  90 -10  142  502
 874  16.000 497.000  90 -10  901 1261
 875 179.000 492.000  90 -10  535  895
 876  48.000  78.000  90 -20  836 1196
 877 388.000 325.000  90 -30  818 1178
 878 102.000  29.000  90 -10  736 1096
 879 114.000 225.000  90 -10  514  874
 880 125.000  29.000  90 -30  438  798
 881 457.000 374.000  90 -10  795 1155
 882 290.000 141.000  90 -30  497  857
 883  62.000 326.000  90 -10  761 1121
 884 343.000  62.000  90 -10 1152 1512
 885 467.000 141.000  90 -10  426  786
 886 393.000  20.000  90 -10 1026 1386
 887 443.000 246.000  90 -10  385  745
 888  92.000 223.000  90 -10  815 1175
 889 288.000  53.000  90 -20  781 1141
 890 344.000 262.000  90 -20  373  733
 891 119.000 223.000  90 -20  699 1059
 892 445.000 273.000  90 -30  573  933
 893 108.000 116.000  90 -20  762 1122
 894 391.000  18.000  90 -10  933 1293
 895  87.000  96.000  90 -20  597  957
 896 492.000  94.000  90 -30  575  935
 897  12.000 451.000  90 -20  311  671
 898 206.000 186.000  90 -10  743 1103
 899  64.000 426.000  90 -20 1012 1372
 900 384.000  16.000  90 -20  746 1106
 901 437.000  61.000  90 -20  915 1275
 902   8.000 300.000  90 -10  991 1351
 903 485.000  24.000  90 -20  326  686
 904  91.000 268.000  90 -20  720 1080
 905 217.000 319.000  90 -10  640 1000
 906 378.000 199.000  90 -30  602  962
 907 483.000  14.000  90 -20  518  878
 908  25.000 499.000  90 -40 1000 1360
 909 415.000 223.000  90 -10 1100 1460
 910 407.000 280.000  90 -20  444  804
 911  38.000 301.000  90 -30  611  971
 912 315.000 265.000  90 -20  628  988
 913 400.000 103.000  90 -10  411  771
 914  95.000 218.000  90 -20  720 1080
 915 405.000 455.000  90 -10  736 1096
 916 146.000 205.000  90 -10  210  570
 917  51.000 447.000  90 -10  289  649
 918 468.000 295.000  90 -10  781 1141
 919 346.000 150.000  90 -10  793 1153
 920 436.000 241.000  90 -10 1122 1482
 921 238.000 210.000  90 -30  609  969
 922 398.000 103.000  90 -10  593  953
 923 215.000 395.000  90 -20  717 1077
 924 199.000  12.000  90 -20  336  696
 925 344.000 146.000  90 -20  332  692
 926 428.000  24.000  90 -10  942 1302
 927 416.000 288.000  90 -30 1110 1470
 928 109.000 114.000  90 -30  670 1030
 929 307.000 108.000  90 -20  632  992
 930 380.000 498.000  90 -30  372  732
 931 402.000 281.000  90 -30  725 1085
 932  37.000  55.000  90 -20  575  935
 933  95.000 224.000  90 -30  909 1269
 934 398.000  97.000  90 -20  212  572
 935 411.000 421.000  90 -20  710 1070
 936 129.000  27.000  90 -40  533  893
 937 152.000 206.000  90 -10  762 1122
 938 404.000 447.000  90 -20  250  610
 939 117.000 467.000  90 -10  254  614
 940 384.000 491.000  90 -10  743 1103
 941 224.000 314.000  90 -20  920 1280
 942 400.000 260.000  90 -20  150  510
 943 485.000 454.000  90 -10  686 1046
 944 425.000 288.000  90 -20  456  816
 945 198.000   9.000  90 -10  611  971
 946 376.000 195.000  90 -20  416  776
 947 346.000  60.000  90 -10  876 1236
 948 246.000 255.000  90 -20  668 1028
 949 488.000  96.000  90 -20  761 1121
 950 459.000 372.000  90 -10  519  879
 951  90.000 274.000  90 -20  254  614
 952 210.000 398.000  90 -20  439  799
 953   7.000 123.000  90 -30  274  634
 954 144.000 439.000  90 -20  586  946
 955 107.000  35.000  90 -20  834 1194
 956 435.000  62.000  90 -20 1007 1367
 957  16.000  68.000  90 -10  389  749
 958 491.000  20.000  90 -10  709 1069
 959 468.000 475.000  90 -10  313  673
 960  79.000 291.000  90 -20  364  724
 961 105.000  27.000  90 -30  460  820
 962 207.000 223.000  90 -10  430  790
 963 180.000   6.000  90 -20  626  986
 964 391.000 429.000  90 -10  320  680
 965 391.000 334.000  90 -20  256  616
 966 290.000 136.000  90 -20  402  762
 967 169.000 336.000  90 -10  685 1045
 968 283.000  47.000  90 -40  216  576
 969 434.000 245.000  90 -20 1190 1550
 970  16.000 463.000  90 -20  690 1050
 971 465.000 142.000  90 -20  243  603
 972 443.000  64.000  90 -20  637  997
 973   8.000 120.000  90 -20 1020 1380
 974 200.000  13.000  90 -10  245  605
 975 459.000 295.000  90 -30 1061 1421
 976 282.000 139.000  90 -20  115  475
 977 231.000 204.000  90 -10  625  985
 978 435.000  20.000  90 -20  776 1136
 979 477.000 179.000  90 -10  237  597
 980 465.000 136.000  90 -10  805 1165
 981  64.000  99.000  90 -20  698 1058
 982 167.000  24.000  90 -10  522  882
 983 465.000 287.000  90 -20  407  767
 984 346.000  57.000  90 -10  783 1143
 985  92.000 216.000  90 -20  626  986
 986 217.000 323.000  90 -10  268  628
 987 136.000 288.000  90 -20  863 1223
 988  80.000 286.000  90 -10  459  819
 989 463.000 167.000  90 -20  503  863
 990  93.000 235.000  90 -10  801 1161
 991 472.000 132.000  90 -10  616  976
 992 270.000 400.000  90 -10  151  511
 993 204.000 187.000  90 -30  650 1010
 994 349.000 158.000  90 -20  892 1252
 995 200.000 261.000  90 -10  801 1161
 996  95.000 277.000  90 -30  909 1269
 997   6.000 292.000  90 -20  247  607
 998 311.000 266.000  90 -10   63  423
 999   4.000 114.000  90 -10  560  920
1000 401.000 255.000  90 -30  531  891
1001 399.000 104.000  90 -30  685 1045
1002 165.000 343.000  90 -10  405  765
1003 220.000 392.000  90 -10  813 1173
1004   7.000 300.000  90 -10  900 1260
1005  30.000 302.000  90 -10  422  782
1006 443.000 313.000  90 -30  398  758
1007 340.000  54.000  90 -10  313  673
1008 477.000 122.000  90 -40  725 1085
1009  92.000 233.000  90 -10  619  979
1010 128.000 291.000  90 -20  493  853
1011  54.000 430.000  90 -20  451  811
1012 237.000  43.000  90 -10  487  847
1013 468.000 291.000  90 -10  593  953
1014 473.000 196.000  90 -10  423  783
1015 121.000 151.000  90 -20  902 1262
1016 460.000  13.000  90 -20  317  677
1017 212.000 223.000  90 -30  615  975
1018 485.000  86.000  90 -10  286  646
1019 461.000 369.000  90 -20  426  786
1020 406.000 450.000  90 -20  254  614
1021 371.000 193.000  90 -20  133  493
1022 230.000 197.000  90 -10  437  797
1023 399.000 102.000  90 -20  502  862
1024  63.000 336.000  90 -20  661 1021
1025 122.000 216.000  90 -10  319  679
1026 325.000 466.000  90 -10  514  874
1027  18.000 462.000  90 -20  873 1233
1028 109.000 463.000  90 -20  809 1169
1029 382.000 498.000  90 -30  464  824
1030 444.000 313.000  90 -20  307  667
1031  74.000 146.000  90 -30  204  564
1032 328.000 466.000  90 -10  697 1057
1033 163.000 337.000  90 -40  125  485
1034 477.000 120.000  90 -20  817 1177
1035 170.000  26.000  90 -20  706 1066
1036 286.000 137.000  90 -40  308  668
1037  30.000 301.000  90 -20  513  873
1038 379.000 196.000  90 -30  509  869
1039 234.000 246.000  90 -10  380  740
1040 477.000 478.000  90 -20  787 1147
1041  43.000  71.000  90 -20  373  733
1042 475.000 477.000  90 -30  880 1240
1043 460.000 171.000  90 -30  785 1145
1044 423.000 217.000  90 -30  637  997
1045 375.000  80.000  90 -10  394  754
1046  89.000 272.000  90 -20  347  707
1047 250.000 250.000   0   0    0 1824
