527 527 1000 200 1000
   0 250.000 250.000   0   0    0 1824
   1 387.000 297.000  90  10  200  270
   2   5.000 297.000  90  10  955 1017
   3 355.000 177.000  90  20  194  245
   4  78.000 346.000  90  30  355  403
   5 322.000 465.000  90  10  226  291
   6  76.000 345.000  90  30  539  586
   7 410.000 285.000  90  20  499  556
   8 472.000 189.000  90  30  385  440
   9 437.000  12.000  90  20  557  613
  10 418.000 218.000   0  20  974 1030
  11  73.000 346.000  90  10  726  772
  12 287.000 143.000   0  10  748  793
  13 374.000 489.000  90  20  269  339
  14 281.000 137.000  90  10  370  416
  15 379.000 196.000  90  20  665  714
  16  39.000  76.000  90  10  328  399
  17  35.000 306.000  90  20  369  440
  18 435.000  68.000  90  10  259  314
  19 245.000 251.000  90  10   60  130
  20 273.000  55.000  90  20  196  246
  21 163.000 340.000  90  30  468  513
  22 129.000 223.000  90  20  274  340
  23  77.000 344.000  90  10  254  319
  24 478.000 461.000  90  10  462  529
  25 128.000 291.000  90  10  639  706
  26 111.000 113.000  90  10  632  694
  27 164.000  21.000   0  20  578  639
  28  21.000 485.000  90  30  487  540
  29 108.000  26.000  90  10  423  491
  30 424.000 286.000  90  10  517  571
  31 200.000 270.000  90  20  208  260
  32 433.000  31.000  90  10  285  333
  33  30.000 302.000  90  10  572  632
  34 275.000  45.000  90  20  444  515
  35 238.000  46.000  90  40  735  784
  36 152.000 206.000   0  10  910  973
  37  99.000 218.000  90  30  154  205
  38 480.000 460.000  90  20  549  627
  39 337.000 256.000  90  20  154  201
  40 321.000 280.000  90  30  143  194
  41  64.000 108.000  90  10  473  539
  42 356.000  24.000  90  20  249  323
  43 143.000 207.000  90  30  267  326
  44 221.000 325.000  90  10  594  673
  45  22.000 483.000  90  30  325  389
  46 202.000   9.000   0  10 1225 1281
  47 337.000 251.000  90  10  145  210
  48 366.000  20.000  90  10  874  927
  49 189.000   7.000  90  30  310  372
  50 481.000 122.000  90  30  607  653
  51  20.000  73.000  90  10  290  354
  52  54.000 430.000  90  20  610  652
  53 406.000 285.000  90  20  412  456
  54   1.000 293.000  90  10  492  554
  55 115.000 465.000  90  10  409  465
  56 422.000 420.000   0  20  490  545
  57 141.000 428.000  90  20  208  266
  58 398.000  23.000  90  10  270  334
  59 443.000 246.000  90  20  536  593
  60  22.000  37.000  90  10  833  894
  61  65.000 100.000  90  10  763  811
  62 404.000 447.000  90  20  250  280
  63 102.000 264.000  90  10  148  215
  64  26.000  42.000  90  20  455  519
  65 113.000 106.000  90  20  198  260
  66 146.000 439.000  90  10  642  707
  67 162.000 336.000  90  20  180  247
  68   2.000 295.000   0  30  774  828
  69 122.000  35.000  90  10  305  376
  70 346.000  60.000  90  10 1027 1086
  71  93.000 213.000  90  30  409  457
  72 218.000 316.000  90  20   73  134
  73 116.000 156.000  90  10  495  557
  74 187.000 491.000  90  20  771  854
  75 132.000 290.000  90  10  818  898
  76 435.000  11.000  90  40  362  422
  77 428.000 291.000  90  10  698  764
  78 463.000 140.000   0  10  295  366
  79 435.000  62.000   0  30 1156 1218
  80 121.000 157.000  90  10  220  279
  81  92.000 216.000  90  10  777  834
  82 370.000  83.000  90  20  357  419
  83 312.000 264.000  90  20  131  179
  84 442.000 247.000  90  10  623  689
  85 140.000 431.000  90  30  280  324
  86 377.000  76.000   0  20  638  699
  87 474.000  96.000  90  30  271  327
  88 346.000  57.000  90  20  925 1002
  89 393.000 301.000  90  30  482  545
  90 412.000 214.000  90  10  165  215
  91  62.000 453.000  90  10  515  584
  92  87.000  96.000  90  30  744  810
  93 367.000  83.000  90  30  266  324
  94 459.000 145.000  90  40  233  291
  95 433.000  27.000  90  20  628  694
  96 478.000  99.000  90  10  617  675
  97 398.000  20.000  90  20  333  394
  98 248.000 251.000  90  20    2   63
  99 433.000  15.000   0  20  297  344
 100 380.000 498.000  90  10  523  582
 101  88.000 286.000  90  10  795  859
 102 111.000  23.000  90  10  266  326
 103 199.000 187.000  90  20  433  490
 104 452.000 163.000  90  30  219  263
 105 233.000  47.000  90  20  356  415
 106 320.000 262.000   0  10  585  656
 107 180.000   6.000  90  10  774  839
 108 328.000 466.000   0  30  847  906
 109 409.000  90.000  90  20  569  617
 110 406.000  87.000  90  10  936  999
 111 186.000 461.000  90  20  220  284
 112  38.000  72.000  90  30  420  496
 113 323.000 471.000  90  30  469  546
 114 224.000 192.000  90  10  215  274
 115 278.000  46.000  90  20  205  269
 116 272.000 403.000  90  30  494  555
 117  18.000  63.000   0  10  716  792
 118  58.000 458.000  90  10  702  774
 119 205.000 230.000   0  30  203  263
 120  65.000 453.000  90  30  423  490
 121 421.000 294.000  90  10  883  953
 122 315.000 260.000  90  10  223  278
 123 173.000 490.000  90  20  406  462
 124  90.000 232.000  90  10  682  732
 125 402.000 265.000  90  20  306  365
 126 385.000 295.000  90  20  142  182
 127 466.000 295.000  90  20 1033 1073
 128 246.000 398.000  90  40  148  199
 129 423.000 294.000   0  10  790  863
 130 348.000 145.000  90  20  763  813
 131 477.000  97.000  90  10  421  495
 132 307.000 102.000  90  40  602  647
 133 381.000 495.000  90  20  705  769
 134 135.000 293.000  90  30  360  430
 135 439.000 266.000  90  10  267  293
 136 445.000 237.000  90  10  349  402
 137 461.000 284.000  90  10  275  340
 138  26.000  43.000  90  10  365  427
 139 101.000 386.000  90  20  349  415
 140 288.000  44.000   0  20  636  711
 141 274.000  48.000  90  10  368  405
 142 249.000 258.000   0  30  910  974
 143 421.000 415.000  90  30  297  364
 144  17.000  65.000  90  20  625  699
 145 323.000 118.000  90  20  304  367
 146 208.000 184.000  90  20  146  192
 147  70.000 100.000  90  10 1119 1191
 148  73.000 328.000  90  20  193  270
 149 241.000 205.000   0  30  669  717
 150 483.000  14.000  90  10  664  732
 151 466.000 287.000  90  10  467  525
 152 120.000 159.000  90  10  306  377
 153 413.000 217.000  90  20  230  289
 154 338.000 142.000  90  40  204  256
 155 483.000 457.000  90  20  735  811
 156 479.000 169.000  90  20  774  834
 157 122.000 216.000  90  10  461  537
 158 477.000 179.000  90  20  237  308
 159 406.000  99.000  90  20  367  438
 160  44.000  47.000  90  20  289  356
 161 487.000 450.000  90  10  929  993
 162 172.000 488.000  90  10  310  374
 163 338.000 147.000  90  10  135  193
 164 395.000 295.000   0  20  677  736
 165 463.000 194.000  90  20  220  279
 166  67.000 108.000  90  10  297  346
 167 442.000 310.000  90  20  643  698
 168  63.000 336.000  90  20  822  861
 169 109.000 107.000   0  20  357  416
 170 494.000  94.000  90  10  634  692
 171  40.000  52.000  90  40  546  591
 172 476.000  94.000  90  20  334  396
 173 283.000  47.000  90  10  373  420
 174 460.000  13.000  90  20  462  532
 175 188.000  12.000  90  30  245  309
 176 136.000 290.000  90  20  272  332
 177 439.000 268.000  90  10 1005 1060
 178 358.000  18.000  90  10  485  568
 179 459.000  10.000  90  10  566  614
 180 199.000 268.000  90  20  284  368
 181 436.000 237.000  90  20  186  264
 182 394.000 333.000  90  20  492  567
 183 198.000  12.000  90  10  582  631
 184 186.000 472.000  90  20  564  633
 185 390.000 408.000  90  30  450  520
 186  19.000  43.000   0  20 1203 1259
 187  59.000 457.000  90  30  810  848
 188  49.000 451.000  90  20  340  409
 189 125.000  39.000  90  20  245  318
 190 317.000 123.000  90  20  497  554
 191  71.000 333.000  90  10  252  325
 192 491.000  25.000  90  10  957 1010
 193 270.000 401.000  90  20  217  268
 194 474.000 461.000  90  30  307  379
 195  66.000 448.000  90  10  270  345
 196 337.000 241.000   0  20  334  403
 197  22.000  41.000  90  10 1110 1164
 198 198.000 271.000  90  20  380  458
 199 446.000  63.000  90  20  697  750
 200  48.000  72.000   0  30  711  768
 201 465.000 142.000  90  10  401  445
 202  16.000 497.000  90  20 1038 1123
 203  55.000 431.000  90  20  694  752
 204  80.000 342.000  90  10  193  275
 205  16.000  68.000  90  20  521  617
 206 124.000  56.000  90  20  231  285
 207  95.000 218.000  90  20  873  927
 208 481.000  26.000  90  30  321  374
 209 335.000  57.000  90  30  210  261
 210 324.000 127.000  90  30  143  200
 211  72.000 148.000  90  20  265  330
 212 131.000 226.000  90  20  121  183
 213 150.000 204.000  90  20  639  694
 214 423.000 217.000  90  20  785  849
 215  54.000 445.000  90  10  534  593
 216 355.000 180.000  90  30  279  345
 217 165.000 337.000  90  20  373  422
 218 314.000 124.000  90  20  775  836
 219   9.000 124.000  90  20  271  336
 220   3.000 292.000  90  20  404  457
 221  16.000 462.000  90  10  935  986
 222  90.000 296.000  90  20  166  240
 223 138.000 438.000   0  20  832  893
 224  13.000 459.000  90  20  646  718
 225  96.000  97.000  90  20  217  280
 226 146.000 205.000  90  10  363  417
 227 117.000 152.000  90  20  859  935
 228 285.000  44.000  90  10  459  522
 229 111.000 464.000  90  10  775  837
 230 148.000 206.000  90  20  458  506
 231 184.000 464.000  90  10  285  344
 232 396.000 410.000  90  10  829  880
 233 133.000  53.000   0  20  668  720
 234 436.000 264.000  90  20  186  248
 235 406.000  94.000  90  10  375  430
 236 234.000 246.000  90  10  537  582
 237 315.000 287.000  90  30  693  754
 238 408.000 453.000  90  10  575  661
 239 128.000 225.000  90  10  176  253
 240 479.000 176.000  90  20  296  367
 241 386.000 405.000  90  20  206  266
 242 440.000 241.000  90  10 1088 1145
 243 357.000 181.000  90  20  367  441
 244 395.000 332.000  90  10  593  648
 245 423.000 290.000  90  10  329  389
 246 104.000  28.000  90  20  716  748
 247 131.000  56.000  90  10  489  533
 248 111.000 110.000  90  20  550  590
 249  97.000  93.000  90  20  460  530
 250  90.000 274.000  90  20  411  458
 251 214.000 394.000  90  10  778  834
 252   6.000 114.000  90  10  809  855
 253 375.000 191.000   0  30  473  531
 254 397.000  20.000  90  20  433  477
 255 241.000 403.000  90  10  686  744
 256  69.000 334.000  90  30  348  415
 257 152.000 210.000  90  20  105  163
 258  67.000 335.000  90  20  629  684
 259 390.000 423.000  90  10  290  336
 260 285.000 162.000  90  30  625  688
 261 406.000  96.000   0  20  280  342
 262 459.000 374.000  90  20  848  917
 263 468.000 475.000  90  10  313  373
 264 438.000  31.000  90  10  348  413
 265 168.000  24.000  90  10  770  816
 266 406.000 450.000  90  20  405  464
 267 460.000 288.000  90  10  213  265
 268 224.000 203.000  90  20   53   90
 269  21.000 487.000  90  10  582  629
 270 119.000 223.000   0  10  853  906
 271 344.000 262.000  90  20  522  585
 272 167.000  27.000  90  30  487  536
 273 236.000 247.000  90  20  443  492
 274 200.000  13.000  90  10  397  453
 275 343.000 144.000  90  10  302  349
 276  94.000 383.000  90  10  636  687
 277 250.000 411.000  90  30  492  554
 278 464.000 134.000   0  20 1048 1106
 279 443.000 237.000  90  20  248  318
 280   4.000 114.000  90  10  712  769
 281 200.000 178.000  90  20  240  298
 282 299.000  98.000  90  30  320  364
 283 444.000 269.000  90  20  544  593
 284 132.000 223.000   0  30  837  909
 285 428.000  25.000   0  20 1175 1251
 286 413.000 421.000  90  10  768  828
 287 382.000 498.000  90  10  619  669
 288 391.000 429.000  90  20  475  525
 289 438.000  26.000  90  10  453  497
 290  44.000  79.000  90  10  267  333
 291 175.000 487.000  90  20  248  308
 292  26.000  45.000  90  30  303  366
 293 147.000 435.000  90  20  553  607
 294 111.000 459.000   0  20 1152 1195
 295  86.000 268.000  90  10  689  735
 296 121.000 218.000  90  20  191  257
 297 210.000 185.000  90  20   76  120
 298  98.000 215.000  90  20  218  278
 299 484.000 174.000  90  10  496  544
 300 390.000 415.000   0  20 1042 1090
 301 116.000 466.000  90  20  318  373
 302 391.000 426.000  90  10  752  818
 303 408.000 279.000  90  20  682  747
 304  15.000  68.000  90  10  448  508
 305 123.000 159.000  90  20  156  216
 306  89.000 290.000  90  20  225  300
 307  39.000  50.000   0  30  440  511
 308  92.000 236.000  90  20 1041 1104
 309  55.000 449.000  90  20  278  339
 310  57.000 425.000  90  20  260  317
 311 465.000 287.000  90  10  556  617
 312 320.000 280.000  90  10  221  298
 313 322.000 468.000  90  20  575  625
 314 139.000 291.000  90  10  118  187
 315 388.000 408.000  90  10  361  425
 316 459.000 372.000  90  20  672  726
 317 204.000 269.000  90  30   49   98
 318 407.000  98.000  90  10  218  297
 319 339.000 244.000  90  30  251  299
 320 316.000 258.000  90  20  317  368
 321 213.000 397.000  90  10  680  744
 322 113.000 156.000  90  10  577  661
 323 463.000 167.000  90  10  657  709
 324 129.000  27.000  90  10  680  745
 325 248.000 404.000  90  30  214  274
 326 400.000 288.000  90  30  154  232
 327  61.000 156.000  90  30  462  532
 328 393.000  20.000  90  20 1190 1222
 329 389.000 404.000  90  10  267  331
 330 434.000  26.000  90  10  538  601
 331 477.000 120.000  90  10  968 1026
 332 439.000 310.000  90  10  198  256
 333 236.000 213.000  90  20   39  114
 334  68.000 108.000  90  10  230  324
 335 275.000  42.000  90  30  537  608
 336 423.000 214.000  90  20  595  669
 337 460.000 367.000  90  20  392  450
 338 272.000 402.000  90  10  317  353
 339 400.000 260.000  90  40  150  212
 340 470.000 475.000  90  30  381  429
 341  93.000  96.000  90  20  374  427
 342 218.000 318.000  90  20  884  939
 343  21.000  64.000  90  20  818  876
 344 356.000  23.000  90  20  309  373
 345 277.000  50.000  90  10  257  329
 346 182.000   4.000  90  10  586  659
 347 321.000 277.000  90  10   75  140
 348 206.000 225.000  90  10  405  446
 349 290.000 141.000  90  30  645  709
 350 439.000  15.000  90  20  650  706
 351 230.000  49.000  90  20  201  253
 352 101.000 384.000  90  30  200  262
 353 415.000 289.000  90  20  169  228
 354 210.000 391.000  90  30  202  272
 355 363.000  22.000  90  20  964 1025
 356 352.000 176.000  90  20  126  175
 357  18.000 484.000  90  10  397  444
 358  84.000 346.000   0  20 1095 1157
 359 233.000 207.000  90  10  105  167
 360  20.000 489.000  90  10  856  901
 361 361.000 181.000  90  20  662  723
 362 107.000  26.000  90  10  517  579
 363 109.000 108.000  90  10  444  510
 364 115.000 218.000  90  10  298  341
 365  54.000 424.000  90  10  320  387
 366 125.000  32.000  90  30  407  462
 367 199.000  12.000  90  20  475  557
 368 304.000 102.000  90  30  505  559
 369 391.000 293.000  90  20  768  834
 370  18.000 462.000  90  20 1015 1090
 371 466.000 142.000  90  10  492  537
 372 342.000 254.000  90  10  244  301
 373 200.000 265.000  90  10  853  922
 374 319.000 260.000  90  20  489  566
 375 472.000 129.000  90  10  312  383
 376  12.000 451.000  90  20  311  359
 377 243.000 248.000  90  30  243  314
 378 230.000 197.000  90  40  588  645
 379 389.000  11.000  90  20  707  769
 380 459.000  14.000   0  20  372  439
 381 411.000  95.000  90  30  475  521
 382   0.000 297.000  90  10  679  737
 383 476.000 196.000  90  30  476  544
 384 458.000  16.000  90  20  313  369
 385  92.000 230.000  90  20  498  549
 386 215.000 317.000  90  10  140  194
 387 371.000 192.000  90  30  190  259
 388 481.000  20.000  90  20  572  631
 389  14.000 459.000  90  20  559  622
 390 361.000  17.000   0  20  777  832
 391 402.000 264.000  90  20  216  273
 392  35.000 304.000  90  30  280  345
 393 188.000 462.000  90  40  753  826
 394 400.000 103.000  90  10  546  636
 395 408.000 452.000   0  10  490  564
 396 205.000 228.000  90  10  110  173
 397 395.000 331.000  90  20  690  734
 398 437.000  15.000  90  30  739  801
 399 400.000 286.000  90  10  217  276
 400 346.000 144.000   0  10  661  729
 401 440.000 244.000  90  10  809  874
 402 280.000 162.000  90  30  158  210
 403 326.000 118.000   0  10  213  272
 404 207.000 400.000  90  20  489  562
 405 204.000  15.000  90  20  239  301
 406 343.000 148.000  90  20  399  441
 407 279.000 159.000  90  20  252  301
 408 403.000 262.000  90  30  493  547
 409  41.000  47.000  90  20  359  406
 410 391.000  99.000  90  20  206  268
 411 388.000 334.000  90  20  227  280
 412 130.000  57.000  90  40  289  365
 413 422.000 409.000  90  10  234  290
 414  66.000 156.000  90  10  653  718
 415 485.000  86.000  90  20  349  413
 416 389.000 428.000  90  20  380  435
 417 117.000 467.000  90  10  254  307
 418 475.000 477.000  90  20 1028 1091
 419 339.000  60.000  90  20  274  338
 420 343.000 254.000  90  20  334  394
 421 198.000   9.000  90  20  763  819
 422 225.000 196.000  90  10  128  174
 423 462.000  14.000  90  20  944 1000
 424 489.000  87.000  90  20  451  499
 425 443.000 313.000  90  30  554  602
 426 233.000 204.000  90  20  198  260
 427 477.000 483.000   0  20  745  817
 428 459.000 368.000  90  10  299  361
 429 100.000 266.000  90  20  207  275
 430 211.000 386.000  90  20  141  212
 431  95.000 235.000  90  10  155  227
 432   7.000 123.000  90  30  329  399
 433  91.000 217.000   0  10  692  738
 434 439.000  67.000  90  10  322  386
 435 443.000  64.000  90  30  779  854
 436  92.000 234.000  90  10  853  926
 437 450.000 265.000  90  10  444  498
 438 492.000  94.000  90  10  724  787
 439 453.000 367.000   0  20 1055 1091
 440  15.000  69.000  90  10  359  414
 441 335.000 255.000   0  20   85  124
 442 419.000 418.000  90  10  394  454
 443 292.000  41.000  90  10  733  804
 444 489.000  27.000  90  10 1035 1117
 445 207.000 223.000  90  10  585  634
 446 186.000   7.000  90  20  500  555
 447 388.000 418.000  90  10  217  283
 448 485.000  24.000  90  20  387  445
 449 388.000 331.000  90  20  160  230
 450 217.000 323.000  90  20  424  473
 451 281.000 164.000  90  20   91  140
 452 441.000 273.000  90  20  903  972
 453  56.000 434.000  90  20  881  940
 454 458.000 164.000  90  20  374  439
 455   8.000 118.000   0  20 1079 1138
 456 343.000  62.000   0  10 1300 1364
 457 384.000  16.000  90  20  892  959
 458  67.000 105.000   0  10  579  622
 459 200.000  14.000  90  10  311  356
 460 114.000 225.000  90  30  664  723
 461  51.000 447.000  90  10  438  501
 462 282.000 139.000  90  20  188  227
 463  91.000 266.000  90  10  776  840
 464 228.000 199.000  90  10  673  746
 465 467.000 195.000  90  10  285  344
 466  49.000  75.000  90  20  810  857
 467  66.000  98.000  90  20  944  996
 468 166.000  32.000  90  10  296  352
 469 341.000  58.000  90  10  364  433
 470 121.000 219.000  90  20  132  203
 471 107.000  35.000   0  30  986 1041
 472 134.000 288.000   0  20  923  979
 473 462.000 167.000  90  20  566  617
 474 340.000  54.000  90  10  461  525
 475 470.000 139.000  90  10  668  731
 476 270.000 400.000  90  10  151  213
 477 204.000 187.000  90  30  803  857
 478 460.000 171.000   0  30  937  994
 479 399.000 106.000   0  20  925  989
 480 197.000 267.000  90  10  582  626
 481 398.000 103.000  90  30  739  807
 482  35.000 303.000  90  20  221  262
 483 311.000 266.000  90  10   63  126
 484 416.000 420.000  90  20  663  746
 485 231.000 203.000  90  20  291  352
 486   4.000 116.000  90  10  618  678
 487 417.000 217.000  90  30  423  465
 488 368.000  85.000  90  30  202  275
 489 441.000  65.000  90  10  422  470
 490 167.000  24.000  90  20  668  736
 491   7.000 292.000  90  10  246  306
 492  80.000 290.000  90  10  420  484
 493 439.000 312.000  90  30  257  324
 494 300.000 108.000  90  10  150  211
 495 478.000 121.000  90  40  788  840
 496  92.000 232.000  90  10  401  462
 497 316.000 284.000   0  20  510  570
 498  56.000 428.000  90  20  415  482
 499 232.000  47.000  90  10  262  327
 500 466.000 291.000  90  10  656  705
 501 163.000 337.000  90  10  277  334
 502 485.000  95.000  90  10  281  351
 503  97.000 385.000  90  30  537  598
 504 455.000 365.000  90  20  235  306
 505 405.000 450.000  90  20  311  376
 506 371.000 193.000  90  20  133  185
 507  24.000  41.000  90  10  557  601
 508 207.000 227.000  90  10   48  112
 509 277.000 403.000  90  10  395  464
 510  15.000 457.000  90  20  462  534
 511 217.000 319.000  90  10  789  851
 512 111.000 467.000  90  20  597  647
 513 378.000 493.000  90  30  426  487
 514 421.000 292.000  90  20  245  287
 515  74.000 146.000  90  30  204  259
 516 319.000 470.000  90  10  383  442
 517 163.000 331.000   0  40  118  179
 518 470.000 125.000  90  20  253  316
 519 166.000  34.000  90  20  231  305
 520 284.000 140.000  90  40  115  172
 521  85.000 288.000  90  20  329  386
 522 376.000 190.000  90  30  382  439
 523 472.000 481.000  90  20  477  527
 524 475.000 480.000  90  30  837  911
 525 332.000 249.000  90  30   82  144
 526 375.000  80.000  90  10  550  598
 527  94.000 235.000  90  20  227  266
 528 390.000 301.000  90 -10  391  450
 529   8.000 300.000  90 -10 1131 1211
 530 367.000 178.000  90 -20  570  620
 531  77.000 350.000  90 -30  997 1058
 532 319.000 468.000  90 -10  289  353
 533  75.000 347.000  90 -30  810  872
 534 402.000 281.000  90 -20  886  924
 535 421.000 218.000  90 -30  880  939
 536 435.000  16.000  90 -20  829  895
 537 418.000 218.000  90 -20  974 1030
 538  74.000 350.000  90 -10  915  955
 539 287.000 143.000  90 -10  748  793
 540 376.000 494.000  90 -20  334  396
 541 286.000 137.000  90 -10  459  516
 542 371.000 200.000  90 -20  843  916
 543  43.000  71.000  90 -10  525  581
 544  25.000 307.000  90 -20  480  529
 545 446.000  65.000  90 -10  516  566
 546 244.000 254.000  90 -10  723  787
 547 269.000  48.000  90 -20  823  889
 548 165.000 343.000  90 -30  556  613
 549 126.000 220.000  90 -20  659  711
 550  72.000 344.000  90 -10  618  695
 551 483.000 458.000  90 -10  656  708
 552 132.000 291.000  90 -10  736  797
 553 108.000 116.000  90 -10  911  973
 554 164.000  21.000  90 -20  578  639
 555  21.000 488.000  90 -30  667  725
 556 105.000  27.000  90 -10  611  670
 557 416.000 288.000  90 -10 1251 1328
 558 206.000 261.000  90 -20 1050 1104
 559 433.000  25.000  90 -10  903  970
 560  30.000 301.000  90 -10  660  726
 561 269.000  46.000  90 -20  733  794
 562 235.000  50.000  90 -40  813  896
 563 152.000 206.000  90 -10  910  973
 564  87.000 217.000  90 -30  597  644
 565 481.000 456.000  90 -20 1028 1091
 566 338.000 257.000  90 -20  713  772
 567 316.000 286.000  90 -30  601  662
 568  64.000  99.000  90 -10  853  904
 569 356.000  21.000  90 -20  414  452
 570 154.000 207.000  90 -30 1002 1066
 571 218.000 321.000  90 -10  697  759
 572  26.000 490.000  90 -30 1345 1394
 573 202.000   9.000  90 -10 1225 1281
 574 330.000 242.000  90 -10  627  671
 575 362.000  22.000  90 -10 1050 1121
 576 188.000   4.000  90 -30  413  455
 577 479.000 121.000  90 -30  692  754
 578  21.000  68.000  90 -10 1189 1243
 579  52.000 432.000  90 -20  789  843
 580 407.000 280.000  90 -20  595  653
 581   0.000 293.000  90 -10  591  637
 582 109.000 463.000  90 -10  959 1018
 583 422.000 420.000  90 -20  490  545
 584 141.000 431.000  90 -20  362  423
 585 397.000  18.000  90 -10  519  575
 586 440.000 247.000  90 -20  717  779
 587  22.000  38.000  90 -10  929  980
 588  71.000 103.000  90 -10 1402 1472
 589 405.000 455.000  90 -20  883  948
 590  96.000 270.000  90 -10  308  367
 591  22.000  40.000  90 -20 1012 1080
 592 108.000 105.000  90 -20  258  329
 593 134.000 428.000  90 -10  935  992
 594 169.000 340.000  90 -20  737  806
 595   2.000 295.000  90 -30  774  828
 596 125.000  29.000  90 -10  588  649
 597 347.000  62.000  90 -10 1121 1176
 598  89.000 216.000  90 -30  495  562
 599 216.000 319.000  90 -20  321  387
 600 123.000 155.000  90 -10 1143 1209
 601 196.000 462.000  90 -20  955 1003
 602 136.000 288.000  90 -10 1023 1063
 603 440.000   7.000  90 -40  469  508
 604 420.000 295.000  90 -10  976 1044
 605 463.000 140.000  90 -10  295  366
 606 435.000  62.000  90 -30 1156 1218
 607 116.000 151.000  90 -10  774  836
 608  92.000 223.000  90 -10  967 1023
 609 366.000  93.000  90 -20  936  989
 610 315.000 265.000  90 -20  774  841
 611 436.000 241.000  90 -10 1271 1333
 612 145.000 434.000  90 -30  462  514
 613 377.000  76.000  90 -20  638  699
 614 478.000 118.000  90 -30 1058 1121
 615 344.000  62.000  90 -20 1208 1274
 616 399.000 301.000  90 -30  584  634
 617 415.000 216.000  90 -10  319  384
 618  59.000 459.000  90 -10  622  670
 619  91.000 101.000  90 -30  844  902
 620 379.000  80.000  90 -30  737  789
 621 467.000 141.000  90 -40  574  637
 622 432.000  27.000  90 -20  810  878
 623 476.000 102.000  90 -10  797  866
 624 391.000  18.000  90 -20 1085 1141
 625 244.000 250.000  90 -20  157  217
 626 433.000  15.000  90 -20  297  344
 627 381.000 494.000  90 -10  801  855
 628  90.000 285.000  90 -10  981 1042
 629 105.000  22.000  90 -10  339  385
 630 204.000 185.000  90 -20  707  769
 631 457.000 163.000  90 -30  284  346
 632 232.000  42.000  90 -20  545  599
 633 320.000 262.000  90 -10  585  656
 634 176.000   8.000  90 -10  969 1012
 635 328.000 466.000  90 -30  847  906
 636 404.000  83.000  90 -20  831  916
 637 403.000  93.000  90 -10 1131 1181
 638 182.000 463.000  90 -20  372  440
 639  72.000  96.000  90 -30 1220 1278
 640 328.000 458.000  90 -30  944 1006
 641 224.000 191.000  90 -10  312  359
 642 279.000  42.000  90 -20  262  338
 643 267.000 400.000  90 -30  779  836
 644  18.000  63.000  90 -10  716  792
 645  60.000 454.000  90 -10  892  952
 646 205.000 230.000  90 -30  203  263
 647  58.000 449.000  90 -30  993 1042
 648 413.000 287.000  90 -10 1348 1417
 649 317.000 261.000  90 -10  398  473
 650 174.000 494.000  90 -20  498  559
 651  92.000 233.000  90 -10  768  830
 652 406.000 257.000  90 -20  596  637
 653 389.000 300.000  90 -20  293  364
 654 460.000 293.000  90 -20 1121 1176
 655 250.000 405.000  90 -40  303  370
 656 423.000 294.000  90 -10  790  863
 657 349.000 158.000  90 -20 1050 1093
 658 478.000 102.000  90 -10  704  775
 659 305.000 107.000  90 -40  688  753
 660 387.000 488.000  90 -20  987 1046
 661 132.000 294.000  90 -30  454  521
 662 441.000 265.000  90 -10  344  400
 663 444.000 242.000  90 -10  441  501
 664 467.000 285.000  90 -10  380  428
 665  22.000  33.000  90 -10  735  803
 666 100.000 387.000  90 -20  449  498
 667 288.000  44.000  90 -20  636  711
 668 267.000  44.000  90 -10  649  693
 669 249.000 258.000  90 -30  910  974
 670 416.000 417.000  90 -30 1057 1099
 671  24.000  65.000  90 -20  904  976
 672 319.000 124.000  90 -20  400  465
 673 201.000 188.000  90 -20  526  581
 674  73.000 101.000  90 -10 1313 1375
 675  67.000 334.000  90 -20  532  600
 676 241.000 205.000  90 -30  669  717
 677 491.000  20.000  90 -10  853  925
 678 468.000 291.000  90 -10  748  798
 679 121.000 151.000  90 -10 1053 1110
 680 417.000 218.000  90 -20 1060 1126
 681 346.000 150.000  90 -40  948  998
 682 485.000 454.000  90 -20  842  890
 683 476.000 174.000  90 -20  874  924
 684 131.000 220.000  90 -10  749  810
 685 484.000 177.000  90 -20  390  463
 686 404.000 103.000  90 -20  464  530
 687  37.000  55.000  90 -20  730  780
 688 480.000 455.000  90 -10 1123 1179
 689 178.000 491.000  90 -10  591  656
 690 348.000 147.000  90 -10  845  914
 691 395.000 295.000  90 -20  677  736
 692 468.000 199.000  90 -20  669  730
 693  64.000 101.000  90 -10  667  724
 694 439.000 305.000  90 -20  736  797
 695  62.000 326.000  90 -20  914  969
 696 109.000 107.000  90 -20  357  416
 697 467.000 114.000  90 -10 1159 1223
 698  37.000  51.000  90 -40  633  689
 699 481.000  96.000  90 -20  526  577
 700 290.000  46.000  90 -10  832  896
 701 464.000  13.000  90 -20  853  906
 702 182.000  14.000  90 -30 1062 1116
 703 129.000 292.000  90 -20  552  610
 704 435.000 267.000  90 -10 1188 1247
 705 358.000  16.000  90 -10  596  641
 706 460.000   2.000  90 -10  655  720
 707 197.000 270.000  90 -20  474  548
 708 441.000 244.000  90 -20  909  955
 709 388.000 325.000  90 -20  971 1026
 710 203.000   7.000  90 -10 1033 1108
 711 186.000 464.000  90 -20  662  730
 712 394.000 407.000  90 -30  733  789
 713  19.000  43.000  90 -20 1203 1259
 714  63.000 444.000  90 -30 1084 1146
 715  50.000 438.000  90 -20  724  779
 716 126.000  30.000  90 -20  495  558
 717 315.000 121.000  90 -20  590  647
 718  69.000 336.000  90 -10  440  507
 719 483.000  27.000  90 -10 1322 1384
 720 267.000 394.000  90 -20  962 1027
 721 478.000 464.000  90 -30  360  446
 722  67.000 452.000  90 -10  327  402
 723 337.000 241.000  90 -20  334  403
 724  20.000  48.000  90 -10 1294 1358
 725 192.000 265.000  90 -20  678  721
 726 437.000  61.000  90 -20 1063 1127
 727  48.000  72.000  90 -30  711  768
 728 465.000 136.000  90 -10  964 1007
 729  24.000 492.000  90 -20 1252 1302
 730 102.000 391.000  90 -20 1098 1161
 731  77.000 347.000  90 -10  436  505
 732  25.000  65.000  90 -20 1005 1057
 733 136.000  52.000  90 -20  759  817
 734  95.000 224.000  90 -20 1057 1120
 735 489.000  17.000  90 -30  764  826
 736 343.000  49.000  90 -30  650  710
 737 313.000 119.000  90 -30  679  742
 738  61.000 147.000  90 -20  383  413
 739 123.000 222.000  90 -20  376  430
 740 152.000 207.000  90 -20  824  877
 741 415.000 223.000  90 -20 1257 1302
 742  64.000 426.000  90 -10 1162 1223
 743 359.000 182.000  90 -30  748  821
 744 167.000 339.000  90 -20  648  710
 745 313.000 126.000  90 -20  873  923
 746   0.000 120.000  90 -20  431  492
 747   7.000 300.000  90 -20 1056 1104
 748  16.000 460.000  90 -10 1112 1180
 749  80.000 286.000  90 -20  601  677
 750 138.000 438.000  90 -20  832  893
 751  12.000 463.000  90 -20  751  800
 752  94.000  97.000  90 -20  285  334
 753 149.000 203.000  90 -10  553  597
 754 118.000 153.000  90 -20  949 1028
 755 287.000  43.000  90 -10  555  609
 756 111.000 463.000  90 -10  875  919
 757 151.000 207.000  90 -20  731  788
 758 181.000 469.000  90 -10  468  536
 759 393.000 410.000  90 -10  913  982
 760 133.000  53.000  90 -20  668  720
 761 443.000 272.000  90 -20  821  869
 762 408.000  84.000  90 -10  745  814
 763 237.000 254.000  90 -10  629  688
 764 313.000 282.000  90 -30  790  847
 765 419.000 459.000  90 -10  785  838
 766 124.000 219.000  90 -10  571  615
 767 484.000 171.000  90 -20  680  736
 768 393.000 408.000  90 -20  630  708
 769 434.000 245.000  90 -10 1377 1416
 770 360.000 184.000  90 -20  846  906
 771 398.000 325.000  90 -10  774  843
 772 418.000 290.000  90 -10 1172 1221
 773 102.000  27.000  90 -20  796  852
 774 132.000  55.000  90 -10  573  632
 775 109.000 114.000  90 -20  829  871
 776  88.000  95.000  90 -20  658  712
 777  89.000 272.000  90 -20  498  555
 778 220.000 392.000  90 -10  970 1015
 779   7.000 118.000  90 -10  988 1047
 780 375.000 191.000  90 -30  473  531
 781 393.000  12.000  90 -20  617  671
 782 243.000 399.000  90 -10  782  837
 783  66.000 336.000  90 -30  719  778
 784 148.000 211.000  90 -20  167  233
 785 134.000 285.000  90 -20 1104 1168
 786 392.000 424.000  90 -10  926 1007
 787 285.000 163.000  90 -30  714  780
 788 406.000  96.000  90 -20  280  342
 789 457.000 374.000  90 -20  945 1005
 790 471.000 484.000  90 -10  571  618
 791 429.000  27.000  90 -10 1272 1339
 792 173.000  25.000  90 -10  952 1007
 793 412.000 453.000  90 -20  674  750
 794 468.000 295.000  90 -10  934  987
 795 231.000 195.000  90 -20  497  552
 796  20.000 488.000  90 -10  754  820
 797 119.000 223.000  90 -10  853  906
 798 338.000 260.000  90 -20  622  678
 799 173.000  28.000  90 -30 1134 1191
 800 246.000 255.000  90 -20  818  877
 801 197.000  11.000  90 -10  678  719
 802 345.000 144.000  90 -10  568  640
 803  95.000 384.000  90 -10  719  785
 804 245.000 408.000  90 -30  585  652
 805 464.000 134.000  90 -20 1048 1106
 806 442.000 243.000  90 -20  996 1052
 807   8.000 116.000  90 -10  894  957
 808 202.000 186.000  90 -20  616  676
 809 304.000  97.000  90 -30  407  466
 810 445.000 273.000  90 -20  725  781
 811 132.000 223.000  90 -30  837  909
 812 428.000  25.000  90 -20 1175 1251
 813 411.000 421.000  90 -10  862  917
 814 380.000 489.000  90 -10 1084 1143
 815 392.000 426.000  90 -20  666  722
 816 431.000  28.000  90 -10  724  783
 817  46.000  74.000  90 -10  612  682
 818 179.000 492.000  90 -20  678  752
 819  13.000  51.000  90 -30 1366 1425
 820 144.000 439.000  90 -20  736  797
 821 111.000 459.000  90 -20 1152 1195
 822  92.000 270.000  90 -10  954 1029
 823 116.000 221.000  90 -20  571  627
 824 195.000 185.000  90 -20  335  399
 825  96.000 213.000  90 -20  311  369
 826 488.000 173.000  90 -10  583  645
 827 390.000 415.000  90 -20 1042 1090
 828 112.000 467.000  90 -20  505  557
 829 386.000 414.000  90 -10 1109 1162
 830 405.000 276.000  90 -20  771  848
 831  23.000  67.000  90 -10 1092 1157
 832 118.000 157.000  90 -20  403  465
 833  88.000 287.000  90 -20  878  959
 834  39.000  50.000  90 -30  440  511
 835  96.000 244.000  90 -20 1332 1380
 836  57.000 432.000  90 -20  973 1033
 837  55.000 428.000  90 -20  511  568
 838 459.000 295.000  90 -10 1209 1273
 839 318.000 280.000  90 -10  319  384
 840 326.000 466.000  90 -20  753  817
 841 137.000 290.000  90 -10  176  245
 842 391.000 407.000  90 -10  549  605
 843 451.000 367.000  90 -20 1134 1195
 844 201.000 270.000  90 -30  108  177
 845 409.000  88.000  90 -10  655  715
 846 334.000 240.000  90 -30  526  582
 847 312.000 270.000  90 -20  967 1022
 848 215.000 395.000  90 -10  865  928
 849 116.000 152.000  90 -10  678  750
 850 465.000 168.000  90 -10  837  902
 851 133.000  26.000  90 -10  776  837
 852 249.000 407.000  90 -30  403  455
 853 402.000 284.000  90 -30  313  367
 854  65.000 153.000  90 -30  570  614
 855 394.000  23.000  90 -20 1271 1326
 856 391.000 413.000  90 -10 1013 1069
 857 428.000  24.000  90 -10 1105 1140
 858 458.000 130.000  90 -10 1140 1210
 859 444.000 313.000  90 -10  462  511
 860 238.000 203.000  90 -20  483  534
 861  67.000 109.000  90 -10  388  438
 862 270.000  49.000  90 -30  925  970
 863 425.000 215.000  90 -20  699  748
 864 462.000 367.000  90 -20  481  545
 865 268.000 400.000  90 -10  869  928
 866 404.000 264.000  90 -40  395  462
 867 476.000 483.000  90 -30  657  722
 868  95.000  92.000  90 -20  554  621
 869 224.000 314.000  90 -20 1074 1126
 870  30.000  72.000  90 -20 1379 1434
 871 361.000  14.000  90 -20  686  738
 872 268.000  52.000  90 -10 1003 1079
 873 181.000   6.000  90 -10  678  753
 874 320.000 283.000  90 -10  421  471
 875 205.000 223.000  90 -10  491  544
 876 287.000 144.000  90 -30  827  895
 877 432.000  24.000  90 -20 1000 1056
 878 237.000  43.000  90 -20  631  702
 879 101.000 385.000  90 -30  262  320
 880 423.000 286.000  90 -20  430  477
 881 203.000 390.000  90 -30  307  361
 882 357.000  26.000  90 -20 1162 1202
 883 359.000 179.000  90 -20  465  529
 884   8.000 497.000  90 -10  959 1006
 885  84.000 346.000  90 -20 1095 1157
 886 238.000 204.000  90 -10  566  634
 887  25.000 499.000  90 -10 1154 1206
 888 358.000 183.000  90 -20  932 1005
 889 102.000  29.000  90 -10  887  946
 890 107.000 112.000  90 -10  728  787
 891 112.000 219.000  90 -10  469  541
 892  95.000 391.000  90 -10  909  973
 893 132.000  30.000  90 -30  875  926
 894 202.000   8.000  90 -20 1134 1190
 895 307.000 108.000  90 -30  777  847
 896 390.000 294.000  90 -20  853  931
 897  17.000 459.000  90 -20 1200 1275
 898 469.000 132.000  90 -10  856  923
 899 341.000 257.000  90 -10  424  490
 900 200.000 261.000  90 -10  945 1017
 901 312.000 267.000  90 -20  862  941
 902 481.000 124.000  90 -10  505  571
 903  13.000 455.000  90 -20  381  430
 904 240.000 250.000  90 -30  340  405
 905 231.000 204.000  90 -40  776  834
 906 386.000  13.000  90 -20  785  878
 907 459.000  14.000  90 -20  372  439
 908 407.000  88.000  90 -30 1035 1083
 909   6.000 296.000  90 -10  863  926
 910 418.000 221.000  90 -30 1150 1223
 911 461.000   8.000  90 -20  756  812
 912  90.000 237.000  90 -20 1229 1284
 913 212.000 319.000  90 -10  227  293
 914 374.000 190.000  90 -30  292  344
 915 488.000  26.000  90 -20 1136 1199
 916  16.000 463.000  90 -20  836  904
 917 361.000  17.000  90 -20  777  832
 918 335.000 256.000  90 -20  890  962
 919  38.000 301.000  90 -30  768  814
 920 189.000 464.000  90 -40  856  906
 921 399.000 102.000  90 -10  649  715
 922 408.000 452.000  90 -10  490  564
 923 200.000 229.000  90 -10  301  355
 924 390.000 325.000  90 -20  883  929
 925 435.000  20.000  90 -30  933  980
 926 401.000 281.000  90 -10  968 1024
 927 346.000 144.000  90 -10  661  729
 928 439.000 243.000  90 -10 1191 1227
 929 285.000 158.000  90 -30  340  405
 930 326.000 118.000  90 -10  213  272
 931 210.000 398.000  90 -20  592  647
 932 208.000  11.000  90 -20 1316 1382
 933 344.000 146.000  90 -20  496  529
 934 286.000 159.000  90 -20  530  597
 935 401.000 255.000  90 -30  685  738
 936  48.000  78.000  90 -20  990 1042
 937 398.000  97.000  90 -20  264  344
 938 389.000 334.000  90 -20  316  373
 939 132.000  57.000  90 -40  396  443
 940 419.000 422.000  90 -10  575  647
 941  71.000 153.000  90 -10  746  816
 942 489.000 101.000  90 -20 1005 1066
 943 398.000 428.000  90 -20  561  634
 944 112.000 465.000  90 -10  685  743
 945 470.000 473.000  90 -20 1221 1270
 946 347.000  54.000  90 -20  836  904
 947 337.000 257.000  90 -20  805  863
 948 202.000   4.000  90 -20  950 1004
 949 226.000 191.000  90 -10  397  459
 950 459.000  17.000  90 -20 1039 1094
 951 492.000  95.000  90 -20  815  877
 952 418.000 295.000  90 -30 1063 1140
 953 234.000 202.000  90 -20  389  440
 954 477.000 483.000  90 -20  745  817
 955 461.000 369.000  90 -10  579  633
 956  89.000 270.000  90 -20  590  647
 957 208.000 396.000  90 -20  401  462
 958  95.000 234.000  90 -10  315  362
 959   2.000 116.000  90 -30  526  586
 960  91.000 217.000  90 -10  692  738
 961 440.000  61.000  90 -10  971 1032
 962 440.000  63.000  90 -30  886  934
 963  91.000 235.000  90 -10 1140 1188
 964 444.000 271.000  90 -10  633  688
 965 488.000  96.000  90 -10  909  973
 966 453.000 367.000  90 -20 1055 1091
 967  24.000  68.000  90 -10 1282 1337
 968 335.000 255.000  90 -20   85  124
 969 413.000 417.000  90 -10 1135 1207
 970 288.000  53.000  90 -10  925  997
 971 485.000  27.000  90 -10 1231 1291
 972 208.000 222.000  90 -10  667  734
 973 179.000   7.000  90 -20  864  930
 974 391.000 425.000  90 -10  842  909
 975 483.000  22.000  90 -20  476  543
 976 391.000 334.000  90 -20  402  470
 977 219.000 325.000  90 -20  520  563
 978 288.000 154.000  90 -20  442  494
 979 435.000 268.000  90 -20 1100 1154
 980  60.000 428.000  90 -20 1059 1137
 981 461.000 167.000  90 -20  470  531
 982   8.000 118.000  90 -20 1079 1138
 983 343.000  62.000  90 -10 1300 1364
 984 389.000  17.000  90 -20  993 1049
 985  67.000 105.000  90 -10  579  622
 986 199.000   9.000  90 -10  853  911
 987 116.000 225.000  90 -30  752  820
 988  53.000 440.000  90 -10  633  684
 989 290.000 136.000  90 -20  549  614
 990  91.000 268.000  90 -10  869  931
 991 237.000 213.000  90 -10  846  917
 992 473.000 196.000  90 -10  564  642
 993  49.000  76.000  90 -20  899  950
 994  68.000  99.000  90 -20 1040 1085
 995 174.000  26.000  90 -10 1037 1105
 996 342.000  54.000  90 -10  553  616
 997 112.000 217.000  90 -20  383  443
 998 107.000  35.000  90 -30  986 1041
 999 134.000 288.000  90 -20  923  979
1000 466.000 165.000  90 -20  747  805
1001 343.000  47.000  90 -10  738  805
1002 472.000 132.000  90 -10  767  826
1003 266.000 405.000  90 -10  680  745
1004 206.000 186.000  90 -30  891  955
1005 460.000 171.000  90 -30  937  994
1006 399.000 106.000  90 -20  925  989
1007 198.000 264.000  90 -10  770  821
1008 399.000 104.000  90 -30  834  896
1009  95.000 277.000  90 -20 1057 1121
1010 321.000 263.000  90 -10  680  743
1011 417.000 417.000  90 -20  954 1020
1012 238.000 210.000  90 -20  757  821
1013   8.000 120.000  90 -10 1169 1232
1014 420.000 213.000  90 -30  509  568
1015 370.000  82.000  90 -30  450  509
1016 446.000  64.000  90 -10  600  665
1017 170.000  26.000  90 -20  855  918
1018   6.000 292.000  90 -10  316  360
1019  79.000 291.000  90 -10  519  568
1020 446.000 319.000  90 -30  364  416
1021 297.000 102.000  90 -10  214  281
1022 477.000 122.000  90 -40  886  924
1023  91.000 231.000  90 -10  579  652
1024 316.000 284.000  90 -20  510  570
1025 100.000 394.000  90 -20 1006 1067
1026 231.000  43.000  90 -10  447  513
1027 470.000 290.000  90 -10  835  895
1028 169.000 336.000  90 -10  838  892
1029 493.000  91.000  90 -10  542  599
1030  97.000 387.000  90 -30  823  869
1031 460.000 374.000  90 -20  753  831
1032 399.000 450.000  90 -20  971 1056
1033 376.000 195.000  90 -20  576  616
1034  26.000  36.000  90 -10  646  702
1035 212.000 223.000  90 -10  758  832
1036 269.000 402.000  90 -10  587  648
1037  17.000 458.000  90 -20 1297 1360
1038 220.000 319.000  90 -10  971 1037
1039 110.000 459.000  90 -20 1057 1109
1040 384.000 491.000  90 -30  897  948
1041 425.000 288.000  90 -20  603  669
1042  71.000 156.000  90 -30  844  904
1043 325.000 466.000  90 -10  670  717
1044 163.000 331.000  90 -40  118  179
1045 479.000 127.000  90 -20  412  478
1046 169.000  31.000  90 -20  387  447
1047 279.000 138.000  90 -40  281  320
1048  87.000 285.000  90 -20  709  764
1049 378.000 199.000  90 -30  761  804
1050 473.000 475.000  90 -20 1124 1181
1051 477.000 478.000  90 -30  942  993
1052 335.000 243.000  90 -30  428  495
1053 379.000  82.000  90 -10  827  884
1054  93.000 235.000  90 -20  951 1012
1055 250.000 250.000   0   0    0 1824
