526 526 1000 200 1000
   0 250.000 250.000   0   0    0 1824
   1 355.000 177.000  90  20  141  298
   2 286.000 159.000  90  20  434  693
   3 322.000 465.000  90  10  226  417
   4  89.000 216.000  90  10  399  658
   5  76.000 345.000  90  30  431  694
   6 410.000 285.000  90  20  400  655
   7 472.000 189.000  90  30  290  534
   8 270.000  49.000  90  30  837 1057
   9 219.000 325.000  90  10  434  648
  10 437.000  12.000  90  20  463  706
  11 418.000 218.000   0  20  898 1106
  12  77.000 347.000  90  20  393  549
  13  73.000 346.000  90  10  642  857
  14 417.000 417.000  90  10  888 1086
  15 379.000  80.000  90  20  655  871
  16 374.000 489.000  90  20  269  545
  17 281.000 137.000  90  10  255  531
  18 379.000 196.000  90  20  590  789
  19 297.000 102.000  90  10  155  362
  20  39.000  76.000  90  10  273  533
  21  35.000 306.000  90  20  309  500
  22 435.000  68.000  90  10  259  461
  23 245.000 251.000  90  10    5  246
  24 273.000  55.000  90  20  196  377
  25 129.000 223.000  90  20  191  423
  26  77.000 344.000  90  10  196  385
  27 478.000 461.000  90  10  347  644
  28  21.000 485.000  90  30  393  633
  29 108.000  26.000  90  10  340  575
  30 424.000 286.000  90  10  412  676
  31 200.000 270.000  90  20  139  328
  32   7.000 300.000  90  30  959 1201
  33 433.000  31.000  90  10  285  554
  34 420.000 295.000  90  20  867 1153
  35 489.000 101.000  90  20  917 1154
  36 476.000 483.000  90  10  584  796
  37  30.000 302.000  90  10  450  753
  38 275.000  45.000  90  20  359  600
  39 238.000  46.000  90  40  620  900
  40  99.000 218.000  90  30  154  366
  41 337.000 256.000  90  20   87  315
  42 389.000 300.000  90  10  225  432
  43 321.000 280.000  90  30   77  362
  44 417.000 218.000  90  10  938 1249
  45 356.000  24.000  90  20  249  546
  46 143.000 207.000  90  30  173  420
  47  22.000 483.000  90  30  325  540
  48 457.000 163.000  90  20  224  445
  49 268.000 400.000  90  20  780 1016
  50 337.000 251.000  90  10   87  299
  51  72.000 344.000  90  20  505  809
  52  55.000 428.000  90  20  398  681
  53 397.000  18.000  90  10  449  645
  54 481.000 122.000  90  30  486  774
  55  20.000  73.000  90  10  290  537
  56 406.000 285.000   0  20  346  522
  57 441.000 244.000  90  10  845 1019
  58 422.000 420.000  90  20  416  619
  59  75.000 347.000  90  10  696  987
  60 141.000 428.000  90  20  208  407
  61 398.000  23.000  90  10  270  485
  62 148.000 211.000  90  20  131  268
  63 479.000 127.000  90  20  331  558
  64  65.000 100.000  90  10  679  895
  65 404.000 447.000  90  20  250  444
  66 102.000 264.000  90  10  148  425
  67 444.000 271.000  90  10  541  780
  68 335.000 243.000  90  20  326  596
  69  26.000  42.000  90  20  384  589
  70 113.000 106.000  90  20  198  424
  71 162.000 336.000   0  20  123  366
  72 218.000 316.000  90  20   73  315
  73 433.000  25.000  90  20  801 1072
  74 435.000  11.000  90  40  302  597
  75 428.000 291.000  90  10  613  849
  76 463.000 140.000   0  10  239  480
  77 343.000  47.000  90  20  639  905
  78 121.000 157.000  90  10  159  369
  79 370.000  83.000  90  20  280  497
  80 312.000 264.000  90  20   63  326
  81 208.000  11.000   0  20 1226 1473
  82 442.000 247.000  90  10  517  795
  83 140.000 431.000  90  30  211  424
  84  91.000 235.000  90  10 1025 1303
  85 377.000  76.000  90  20  561  776
  86 474.000  96.000  90  30  271  496
  87 412.000 214.000  90  10  165  454
  88  62.000 453.000  90  10  449  651
  89 367.000  83.000   0  30  203  499
  90  91.000 268.000  90  10  778 1021
  91 459.000 145.000  90  40  233  479
  92 433.000  27.000  90  20  556  766
  93  60.000 454.000  90  10  829 1016
  94 478.000  99.000  90  10  540  753
  95 485.000 454.000  90  10  720 1012
  96   6.000 292.000  90  10  250  425
  97 398.000  20.000  90  20  273  532
  98 248.000 251.000  90  20    2  279
  99 433.000  15.000  90  20  297  569
 100 111.000  23.000  90  10  266  439
 101 367.000 178.000  90  20  453  737
 102 452.000 163.000  90  30  219  486
 103 431.000  28.000  90  20  617  890
 104 233.000  47.000  90  20  292  479
 105 188.000   4.000  90  20  314  555
 106 180.000   6.000  90  10  691  921
 107 328.000 466.000   0  30  720 1033
 108 409.000  90.000  90  20  481  706
 109 323.000 471.000  90  30  372  643
 110 224.000 192.000  90  10  109  381
 111 278.000  46.000  90  20  205  399
 112 205.000 230.000  90  30   90  377
 113  65.000 453.000  90  30  330  584
 114 315.000 260.000   0  10   87  414
 115 173.000 490.000  90  20  336  531
 116  90.000 232.000  90  10  648  765
 117 402.000 265.000  90  20  208  464
 118 361.000  14.000   0  10  609  815
 119 385.000 295.000  90  20  142  327
 120  71.000 103.000   0  20 1259 1503
 121  25.000  65.000   0  10  919 1143
 122 246.000 398.000  90  40  148  409
 123 348.000 145.000  90  20  700  875
 124 169.000  31.000  90  20  290  543
 125 381.000 495.000  90  20  592  882
 126  95.000 234.000  90  10  244  433
 127 269.000 402.000  90  20  512  723
 128 473.000 196.000  90  10  480  727
 129 445.000 237.000  90  10  236  514
 130 461.000 284.000  90  10  215  400
 131 167.000 339.000  90  10  564  794
 132  26.000  43.000  90  10  305  575
 133 288.000  44.000  90  20  580  767
 134   6.000 296.000   0  10  720 1070
 135 421.000 415.000  90  30  237  495
 136  50.000 438.000  90  20  634  870
 137 440.000  61.000  90  30  871 1133
 138 323.000 118.000  90  20  212  460
 139 208.000 184.000  90  20   91  246
 140 123.000 222.000  90  30  289  517
 141  73.000 328.000  90  20  193  328
 142 250.000 405.000  90  20  211  463
 143 483.000  14.000  90  10  558  838
 144 466.000 287.000  90  10  386  606
 145 120.000 159.000  90  10  265  418
 146 408.000  84.000  90  10  640  919
 147 413.000 217.000  90  20  166  401
 148 338.000 142.000  90  40  139  358
 149 483.000 457.000  90  20  653  892
 150 477.000 179.000  90  20  237  456
 151 406.000  99.000  90  20  303  501
 152  44.000  47.000  90  20  289  583
 153 279.000 138.000  90  40  159  442
 154 338.000 147.000   0  10  135  446
 155 395.000 295.000  90  20  577  836
 156 195.000 185.000  90  20  280  455
 157 463.000 194.000  90  20  220  466
 158 317.000 261.000  90  20  315  557
 159  67.000 108.000  90  10  231  494
 160 442.000 310.000   0  20  570  772
 161 109.000 107.000  90  20  246  527
 162 100.000 387.000  90  10  334  613
 163  94.000  97.000  90  20  218  410
 164 476.000  94.000   0  20  274  499
 165 283.000  47.000   0  10  287  505
 166 398.000 325.000  90  30  675  941
 167 460.000  13.000  90  20  397  596
 168 305.000 107.000  90  20  611  830
 169 188.000  12.000  90  30  245  466
 170 136.000 290.000  90  20  194  410
 171 439.000 268.000  90  10  905 1161
 172 112.000 467.000  90  10  410  651
 173 181.000 469.000  90  20  379  625
 174 199.000 268.000  90  20  181  471
 175 436.000 237.000  90  20  186  408
 176 394.000 333.000  90  20  372  686
 177 198.000  12.000  90  10  455  758
 178 186.000 472.000  90  20  453  744
 179 390.000 408.000  90  30  375  596
 180  49.000 451.000  90  20  284  548
 181 125.000  39.000   0  20  245  509
 182 317.000 123.000   0  20  434  617
 183  71.000 333.000  90  10  201  376
 184  37.000  51.000  90  10  536  787
 185 474.000 461.000  90  30  307  534
 186  66.000 448.000  90  10  270  582
 187 337.000 241.000  90  20  236  500
 188  22.000  41.000  90  10  997 1278
 189 287.000  43.000  90  10  457  708
 190 200.000 229.000  90  30  211  446
 191  48.000  72.000  90  30  604  876
 192 465.000 142.000  90  10  307  540
 193  16.000 497.000  90  20  979 1183
 194 484.000 171.000  90  10  597  820
 195  55.000 431.000  90  20  611  835
 196 428.000  24.000   0  10  998 1247
 197  80.000 342.000  90  10  193  521
 198  16.000  68.000  90  20  395  742
 199 124.000  56.000  90  20  231  537
 200  95.000 218.000   0  20  796 1003
 201 481.000  26.000  90  30  321  471
 202 145.000 434.000  90  20  384  592
 203 335.000  57.000  90  30  210  406
 204 324.000 127.000  90  30  143  392
 205  72.000 148.000  90  20  207  387
 206 220.000 392.000   0  20  867 1118
 207 131.000 226.000  90  20  121  336
 208 150.000 204.000  90  20  537  796
 209 203.000   7.000  90  20  972 1170
 210  54.000 445.000  90  10  407  719
 211 355.000 180.000  90  30  228  396
 212   9.000 124.000  90  20  271  581
 213   3.000 292.000  90  20  276  586
 214 189.000 464.000   0  10  778  985
 215 288.000 154.000   0  10  319  617
 216  90.000 296.000  90  20  166  436
 217  13.000 459.000  90  20  520  844
 218 461.000   8.000  90  20  703  866
 219  96.000  97.000  90  20  217  484
 220  68.000  99.000  90  10  973 1153
 221 146.000 205.000   0  10  271  509
 222 117.000 152.000  90  20  768 1026
 223 338.000 260.000  90  20  534  765
 224 148.000 206.000  90  20  347  617
 225 184.000 464.000  90  10  223  464
 226 396.000 410.000  90  10  717  991
 227 464.000  13.000  90  20  782  978
 228 483.000  22.000  90  10  388  630
 229 436.000 264.000  90  20  186  419
 230 234.000 246.000  90  10  424  695
 231 315.000 287.000  90  30  593  853
 232 408.000 453.000  90  10  483  754
 233 128.000 225.000  90  10  124  314
 234 425.000 215.000  90  10  605  843
 235 479.000 176.000  90  20  240  489
 236 476.000 102.000  90  20  677  985
 237 386.000 405.000  90  20  206  411
 238  22.000  38.000   0  20  854 1055
 239 357.000 181.000  90  20  282  527
 240  97.000  93.000  90  20  391  600
 241 214.000 394.000  90  10  682  929
 242   6.000 114.000  90  10  712  952
 243 356.000  21.000  90  20  301  564
 244 241.000 403.000  90  10  608  823
 245  69.000 334.000  90  30  266  497
 246 152.000 210.000  90  20  105  281
 247 126.000  30.000  90  10  411  643
 248 390.000 423.000  90  10  222  489
 249 406.000  96.000  90  20  219  480
 250 459.000 374.000  90  20  800  966
 251  67.000 109.000  90  20  322  504
 252 468.000 475.000  90  10  313  570
 253 438.000  31.000  90  10  288  538
 254 460.000 288.000  90  10  213  441
 255 224.000 203.000  90  20   53  237
 256  21.000 487.000  90  10  480  730
 257  67.000 452.000  90  30  272  474
 258 119.000 223.000   0  10  750 1009
 259 398.000 428.000  90  10  523  672
 260 167.000  27.000  90  30  404  618
 261 236.000 247.000  90  20  379  555
 262 313.000 119.000  90  30  635  786
 263 200.000  13.000  90  10  321  528
 264 202.000   4.000  90  10  836 1118
 265 343.000 144.000  90  10  181  471
 266  94.000 383.000   0  10  590  732
 267 250.000 411.000   0  30  374  672
 268 443.000 237.000  90  20  193  375
 269   4.000 114.000  90  10  614  867
 270 200.000 178.000  90  20  172  365
 271 412.000 453.000  90  10  624  801
 272 121.000 151.000   0  20  971 1192
 273 399.000 301.000  90  30  490  729
 274  97.000 387.000  90  10  735  957
 275 334.000 240.000  90  30  460  648
 276 444.000 269.000  90  20  432  706
 277 413.000 421.000  90  10  689  906
 278 382.000 498.000  90  10  549  739
 279 398.000  97.000  90  10  212  411
 280 137.000 290.000  90  10  119  398
 281 446.000 319.000  90  30  292  489
 282 175.000 487.000  90  20  248  469
 283  26.000  45.000  90  30  303  558
 284 147.000 435.000   0  20  418  743
 285  86.000 268.000  90  10  597  827
 286 121.000 218.000  90  20  132  388
 287 210.000 185.000  90  20   76  295
 288  98.000 215.000  90  20  155  375
 289 116.000 466.000  90  20  254  536
 290 468.000 295.000  90  10  876 1046
 291 391.000 426.000  90  10  684  885
 292  15.000  68.000  90  10  311  644
 293 392.000 424.000   0  10  853 1081
 294 123.000 159.000  90  20  156  457
 295  89.000 290.000  90  20  165  457
 296  39.000  50.000  90  30  370  582
 297  55.000 449.000  90  20  278  497
 298  57.000 425.000  90  20  260  542
 299 320.000 280.000  90  10  134  386
 300 322.000 468.000  90  20  466  735
 301 483.000 458.000   0  10  539  825
 302 139.000 291.000  90  10  118  458
 303 388.000 408.000  90  10  289  497
 304 459.000 372.000   0  20  580  819
 305 204.000 269.000  90  30   49  314
 306 407.000  98.000  90  10  218  468
 307  89.000 272.000  90  10  434  620
 308 316.000 258.000  90  20  232  454
 309 113.000 156.000  90  10  483  756
 310 463.000 167.000  90  10  561  804
 311 405.000 276.000  90  20  678  941
 312 400.000 288.000  90  30  154  400
 313  61.000 156.000  90  30  364  631
 314 484.000 177.000  90  20  318  535
 315 112.000 217.000  90  20  260  565
 316 389.000 404.000  90  10  207  426
 317 434.000  26.000  90  10  462  676
 318 488.000  26.000  90  30 1056 1280
 319 439.000 310.000  90  10  198  471
 320 212.000 319.000  90  30  141  380
 321 236.000 213.000  90  20   39  250
 322 275.000  42.000  90  30  458  687
 323 423.000 214.000  90  20  558  705
 324 460.000 367.000  90  20  326  516
 325 272.000 402.000  90  10  216  454
 326 478.000 102.000  90  10  617  862
 327 400.000 260.000  90  40  150  393
 328 181.000   6.000  90  20  577  853
 329 470.000 475.000  90  30  314  548
 330 245.000 408.000  90  10  472  765
 331  93.000  96.000  90  20  317  483
 332 218.000 318.000  90  20  777 1046
 333 441.000 265.000  90  40  252  493
 334  21.000  64.000  90  20  757  937
 335 356.000  23.000  90  20  250  507
 336 277.000  50.000  90  10  210  375
 337  26.000  36.000  90  10  549  799
 338 321.000 277.000  90  10   75  261
 339 389.000 334.000  90  20  233  455
 340 206.000 225.000  90  10  334  516
 341 230.000  49.000  90  20  201  415
 342 459.000 295.000  90  20 1110 1372
 343 101.000 384.000  90  30  200  476
 344 197.000 270.000  90  30  374  648
 345 415.000 289.000  90  20  169  437
 346 203.000 390.000  90  40  232  436
 347 210.000 391.000  90  30  146  466
 348 363.000  22.000  90  20  843 1146
 349 352.000 176.000  90  20  126  328
 350   8.000 120.000   0  10 1095 1306
 351 244.000 250.000   0  10   47  327
 352  18.000 484.000  90  10  329  605
 353 233.000 207.000  90  10   46  329
 354  20.000 489.000  90  10  757  999
 355 361.000 181.000  90  20  599  785
 356 174.000 494.000  90  10  382  675
 357  49.000  76.000  90  20  794 1054
 358 125.000  32.000  90  30  298  570
 359 199.000  12.000  90  20  398  633
 360 457.000 374.000  90  10  864 1086
 361 304.000 102.000  90  30  431  632
 362  66.000 336.000  90  10  623  873
 363 132.000 291.000  90  10  668  866
 364 347.000  62.000  90  10 1089 1207
 365 404.000  83.000  90  30  755  992
 366  95.000  92.000  90  20  446  730
 367 116.000 225.000  90  20  683  889
 368 402.000 284.000  90  30  229  450
 369 108.000 105.000   0  20  202  414
 370 386.000  13.000   0  10  739  924
 371 132.000  57.000  90  20  294  545
 372  43.000  71.000  90  40  425  681
 373  12.000 451.000  90  20  311  554
 374 201.000 188.000  90  10  411  697
 375 243.000 248.000  90  30  150  408
 376 230.000 197.000  90  40  513  721
 377 389.000  11.000  90  20  610  867
 378 459.000  14.000  90  20  315  510
 379   0.000 297.000  90  10  586  829
 380 476.000 196.000   0  30  404  617
 381 458.000  16.000  90  20  313  462
 382 215.000 317.000  90  10   75  327
 383 371.000 192.000  90  30  134  352
 384 481.000  20.000  90  20  486  718
 385  14.000 459.000  90  20  422  759
 386 402.000 264.000  90  20  152  435
 387 408.000 452.000  90  10  397  657
 388 205.000 228.000  90  10   50  274
 389 395.000 331.000  90  20  572  851
 390 133.000  26.000  90  10  714  900
 391  21.000  68.000  90  20 1091 1341
 392 440.000 244.000  90  10  746  936
 393 280.000 162.000  90  30   92  310
 394 326.000 118.000  90  10  152  343
 395 207.000 400.000  90  20  412  640
 396 204.000  15.000  90  20  239  575
 397 343.000 148.000  90  20  297  543
 398 445.000 273.000  90  20  598  908
 399 208.000 396.000  90  20  316  547
 400 107.000 112.000  90  30  614  901
 401 279.000 159.000  90  20  132  421
 402 376.000 494.000  90  30  274  481
 403 403.000 262.000   0  30  404  637
 404  96.000 213.000  90  30  209  472
 405 391.000  99.000  90  20  206  574
 406 116.000 221.000  90  30  487  712
 407 165.000 343.000  90  10  445  724
 408 130.000  57.000  90  40  227  459
 409 422.000 409.000  90  10  234  482
 410 485.000  86.000  90  20  286  487
 411 389.000 428.000  90  20  275  541
 412 117.000 467.000  90  10  254  460
 413 475.000 477.000  90  20  903 1217
 414 339.000  60.000  90  20  209  450
 415 381.000 494.000  90  10  708  949
 416 218.000 321.000  90  20  617  839
 417 343.000 254.000  90  20  226  502
 418 225.000 196.000  90  10   59  347
 419 374.000 190.000  90  20  185  451
 420 489.000  87.000  90  20  319  630
 421 233.000 204.000   0  20   91  368
 422 459.000 368.000  90  10  240  438
 423  95.000 277.000   0  20  954 1224
 424 100.000 266.000  90  20  150  413
 425 211.000 386.000  90  20  141  357
 426 144.000 439.000  90  30  655  877
 427  95.000 235.000  90  10  155  388
 428   7.000 123.000  90  30  274  547
 429 105.000  27.000  90  10  509  772
 430 101.000 385.000  90  20  201  423
 431 439.000  67.000  90  10  263  450
 432 492.000  94.000   0  10  625  886
 433 440.000  63.000   0  20  808 1012
 434  15.000  69.000  90  10  296  549
 435 335.000 255.000  90  20   85  378
 436 105.000  22.000  90  30  273  452
 437 186.000   7.000  90  20  391  664
 438 465.000 168.000  90  10  740  998
 439 388.000 418.000  90  10  217  446
 440 179.000 492.000  90  10  590  839
 441 485.000  24.000  90  20  326  562
 442 388.000 331.000  90  20  160  434
 443 281.000 164.000  90  20   91  375
 444 279.000  42.000  90  40  210  428
 445 439.000 243.000  90  20 1082 1335
 446  56.000 434.000   0  20  797 1023
 447  12.000 463.000  90  20  686  865
 448 458.000 164.000  90  20  297  515
 449 446.000  65.000  90  20  408  675
 450  65.000 153.000  90  30  428  757
 451 102.000  29.000   0  30  793 1040
 452 384.000  16.000  90  20  817 1035
 453  67.000 105.000  90  10  479  721
 454  51.000 447.000  90  10  343  596
 455  91.000 266.000  90  10  672  943
 456  16.000 463.000  90  20  776  964
 457 228.000 199.000  90  10  577  842
 458 435.000  20.000   0  20  839 1073
 459 469.000 132.000  90  10  755 1023
 460  49.000  75.000  90  20  721  945
 461 166.000  32.000  90  10  233  530
 462 467.000 285.000  90  20  270  538
 463 290.000 136.000  90  20  479  685
 464 341.000  58.000  90  10  265  532
 465 121.000 219.000   0  20  132  389
 466 340.000  54.000  90  10  347  638
 467  80.000 286.000  90  10  507  770
 468  38.000 301.000  90  20  652  929
 469 470.000 139.000  90  10  568  831
 470 270.000 400.000  90  10  151  451
 471 460.000 171.000   0  30  869 1062
 472 197.000 267.000   0  10  504  704
 473 398.000 103.000  90  30  650  896
 474  35.000 303.000  90  20  221  408
 475 311.000 266.000  90  10   63  222
 476 416.000 420.000  90  20  580  830
 477   4.000 116.000  90  10  544  752
 478 417.000 217.000  90  30  319  568
 479 345.000 144.000  90  30  475  734
 480 368.000  85.000  90  30  202  456
 481 441.000  65.000  90  10  307  586
 482 201.000 270.000  90  10   52  306
 483   7.000 292.000  90  10  246  492
 484  80.000 290.000  90  10  331  573
 485 439.000 312.000  90  30  198  521
 486 300.000 108.000  90  10  150  318
 487 478.000 121.000  90  40  705  922
 488 111.000 463.000  90  20  797  997
 489 132.000 294.000  90  20  357  618
 490 316.000 284.000  90  20  424  655
 491  56.000 428.000  90  20  323  574
 492 232.000  47.000  90  10  203  387
 493 466.000 291.000   0  10  543  819
 494 341.000 257.000  90  20  352  563
 495 116.000 152.000   0  20  589  839
 496 163.000 337.000  90  10  155  455
 497 440.000   7.000  90  20  420  557
 498 208.000 222.000  90  30  590  811
 499 485.000  95.000  90  10  281  512
 500  97.000 385.000  90  30  456  679
 501 455.000 365.000  90  20  235  476
 502 405.000 450.000  90  20  253  448
 503 371.000 193.000  90  20  133  373
 504 234.000 202.000  90  10  279  550
 505 404.000 103.000  90  20  358  636
 506  24.000  41.000  90  10  441  716
 507 207.000 227.000  90  10   48  328
 508 277.000 403.000  90  10  320  539
 509  15.000 457.000  90  20  365  631
 510 112.000 465.000  90  10  592  836
 511 173.000  25.000  90  20  881 1077
 512 421.000 292.000  90  20  176  456
 513  74.000 146.000  90  30  204  534
 514 319.000 470.000  90  10  260  565
 515 163.000 331.000  90  40  118  338
 516 470.000 125.000  90  20  253  501
 517 166.000  34.000  90  20  231  508
 518 284.000 140.000  90  40  115  326
 519  85.000 288.000  90  20  211  504
 520 376.000 190.000  90  30  295  526
 521 238.000 203.000  90  10  377  641
 522 401.000 255.000  90  30  608  814
 523 475.000 480.000  90  30  745 1003
 524 332.000 249.000  90  30   82  328
 525  94.000 235.000  90  20  156  362
 526 287.000 144.000   0  20  753  969
 527 488.000  96.000  90 -20  829 1053
 528 241.000 205.000  90 -20  553  833
 529 319.000 468.000  90 -10  228  478
 530  91.000 217.000  90 -10  607  823
 531 134.000 288.000  90 -30  821 1081
 532 407.000 280.000  90 -20  498  749
 533 468.000 199.000  90 -30  584  814
 534 268.000  52.000  90 -30  927 1155
 535 221.000 325.000  90 -10  529  738
 536 439.000  15.000  90 -20  559  798
 537 418.000 218.000  90 -20  898 1106
 538  88.000 286.000  90 -20  740  914
 539  87.000 285.000  90 -10  609  864
 540 413.000 417.000  90 -10 1027 1315
 541 366.000  93.000  90 -20  860 1065
 542 380.000 498.000  90 -20  418  687
 543 286.000 137.000  90 -10  353  622
 544 378.000 199.000  90 -20  670  895
 545 304.000  97.000  90 -10  328  546
 546  38.000  72.000  90 -10  317  599
 547 134.000 285.000  90 -20 1066 1207
 548 446.000  63.000  90 -10  616  831
 549  90.000 274.000  90 -10  308  560
 550 269.000  48.000  90 -20  761  951
 551 126.000 220.000  90 -20  539  831
 552 136.000 288.000  90 -10  939 1146
 553 487.000 450.000  90 -10  822 1099
 554  21.000 488.000  90 -30  548  845
 555 107.000  35.000  90 -10  909 1118
 556 421.000 294.000  90 -10  794 1042
 557 200.000 261.000  90 -20  876 1087
 558   8.000 300.000  90 -30 1056 1286
 559 438.000  26.000  90 -10  360  591
 560 418.000 295.000  90 -20  978 1225
 561 467.000 114.000  90 -20 1093 1288
 562 477.000 483.000  90 -10  667  894
 563  30.000 301.000  90 -10  581  804
 564 269.000  46.000  90 -20  643  885
 565 235.000  50.000  90 -40  763  947
 566  87.000 217.000  90 -30  486  756
 567 342.000 254.000  90 -20  136  409
 568 390.000 301.000  90 -10  326  515
 569 318.000 280.000  90 -30  215  489
 570 418.000 221.000  90 -10 1046 1327
 571 358.000  16.000  90 -20  512  725
 572 149.000 203.000  90 -30  460  690
 573  26.000 490.000  90 -30 1159 1406
 574 462.000 167.000  90 -20  447  736
 575 267.000 394.000  90 -20  870 1118
 576 416.000 288.000  90 -10 1151 1428
 577  62.000 326.000  90 -20  799 1084
 578  54.000 430.000  90 -20  512  750
 579 393.000  12.000  90 -10  527  762
 580 479.000 121.000  90 -30  592  853
 581  18.000  63.000  90 -10  648  860
 582 406.000 285.000  90 -20  346  522
 583 435.000 267.000  90 -10 1110 1325
 584 419.000 422.000  90 -20  446  777
 585  77.000 350.000  90 -10  920 1135
 586 141.000 431.000  90 -20  263  522
 587 389.000  17.000  90 -10  930 1111
 588 152.000 207.000  90 -20  727  974
 589 481.000 124.000  90 -20  401  675
 590  66.000  98.000  90 -10  853 1088
 591 386.000 414.000  90 -20  997 1274
 592  96.000 270.000  90 -10  214  461
 593 418.000 290.000  90 -10 1080 1314
 594 285.000 162.000  90 -20  512  801
 595  20.000  48.000  90 -20 1098 1428
 596 111.000 110.000  90 -20  480  660
 597 162.000 336.000  90 -20  123  366
 598 216.000 319.000  90 -20  232  477
 599 394.000  23.000  90 -20 1184 1414
 600 429.000  27.000  90 -40 1179 1431
 601 423.000 294.000  90 -10  678  974
 602 463.000 140.000  90 -10  239  480
 603 346.000  57.000  90 -20  808 1119
 604  68.000 108.000  90 -10  230  468
 605 370.000  82.000  90 -20  372  586
 606 400.000 286.000  90 -20  154  416
 607 208.000  11.000  90 -20 1226 1473
 608 440.000 247.000  90 -10  593  904
 609 146.000 439.000  90 -30  531  818
 610  96.000 244.000  90 -10 1191 1521
 611 379.000  82.000  90 -20  751  960
 612 477.000  97.000  90 -30  302  614
 613 415.000 216.000  90 -10  266  437
 614  58.000 458.000  90 -10  605  870
 615 367.000  83.000  90 -30  203  499
 616  90.000 285.000  90 -10  903 1119
 617 467.000 141.000  90 -40  506  705
 618 432.000  24.000  90 -20  925 1131
 619  58.000 449.000  90 -10  917 1119
 620 458.000 130.000  90 -10 1059 1290
 621 481.000 456.000  90 -10  924 1194
 622   2.000 295.000  90 -10  676  925
 623 397.000  20.000  90 -20  326  583
 624 124.000 219.000  90 -20  476  710
 625 437.000  15.000  90 -20  642  898
 626 104.000  28.000  90 -10  594  869
 627 359.000 182.000  90 -20  642  926
 628 466.000 142.000  90 -30  403  625
 629 391.000  18.000  90 -20  993 1233
 630 232.000  42.000  90 -20  468  676
 631 182.000   4.000  90 -20  513  732
 632 182.000  14.000  90 -10  986 1193
 633 328.000 466.000  90 -30  720 1033
 634 409.000  88.000  90 -20  575  796
 635 325.000 466.000  90 -30  563  824
 636 231.000 195.000  90 -10  415  633
 637 285.000  44.000  90 -20  392  589
 638 199.000 187.000  90 -30  338  585
 639  59.000 459.000  90 -30  478  814
 640 315.000 260.000  90 -10   87  414
 641 178.000 491.000  90 -20  494  752
 642  92.000 216.000  90 -10  726  886
 643 338.000 257.000  90 -20  609  876
 644 361.000  14.000  90 -10  609  815
 645 393.000 301.000  90 -20  401  625
 646  71.000 103.000  90 -20 1259 1503
 647  25.000  65.000  90 -10  919 1143
 648 248.000 404.000  90 -40  154  432
 649 348.000 147.000  90 -20  768  991
 650 168.000  24.000  90 -20  641  945
 651 380.000 489.000  90 -20 1012 1216
 652  91.000 231.000  90 -10  462  768
 653 267.000 400.000  90 -20  728  887
 654 442.000 243.000  90 -10  906 1142
 655 401.000 281.000  90 -10  877 1115
 656 468.000 291.000  90 -10  654  891
 657 169.000 340.000  90 -10  667  875
 658  22.000  37.000  90 -10  748  978
 659 288.000  53.000  90 -20  872 1050
 660   6.000 296.000  90 -10  720 1070
 661 419.000 418.000  90 -30  292  556
 662  64.000 426.000  90 -20 1058 1326
 663 437.000  61.000  90 -30  954 1235
 664 313.000 126.000  90 -20  781 1016
 665 136.000  52.000  90 -20  661  914
 666 122.000 216.000  90 -30  375  622
 667  67.000 335.000  90 -20  536  777
 668 249.000 407.000  90 -20  356  502
 669 489.000  17.000  90 -10  689  901
 670 470.000 290.000  90 -10  738  993
 671 116.000 156.000  90 -10  434  619
 672 407.000  88.000  90 -10  943 1176
 673 415.000 223.000  90 -20 1139 1420
 674 349.000 158.000  90 -40  994 1149
 675 480.000 455.000  90 -20  980 1321
 676 488.000 173.000  90 -20  512  716
 677 406.000  87.000  90 -20  871 1064
 678  41.000  47.000  90 -20  291  494
 679 299.000  98.000  90 -40  232  451
 680 338.000 147.000  90 -10  135  446
 681 312.000 270.000  90 -20  889 1101
 682 204.000 187.000  90 -20  735  925
 683 467.000 195.000  90 -20  223  592
 684 319.000 260.000  90 -20  412  643
 685  64.000 101.000  90 -10  594  797
 686 442.000 310.000  90 -20  570  772
 687 109.000 108.000  90 -20  345  610
 688  74.000 350.000  90 -10  817 1052
 689  44.000  79.000  90 -20  267  463
 690 476.000  94.000  90 -20  274  499
 691 283.000  47.000  90 -10  287  505
 692 390.000 325.000  90 -30  770 1042
 693 459.000  10.000  90 -20  457  723
 694 307.000 108.000  90 -20  666  958
 695 189.000   7.000  90 -30  250  489
 696 128.000 291.000  90 -20  549  797
 697 435.000 268.000  90 -10 1010 1244
 698 110.000 459.000  90 -10  973 1192
 699 186.000 464.000  90 -20  564  828
 700 198.000 271.000  90 -20  285  554
 701 444.000 242.000  90 -20  343  599
 702 395.000 332.000  90 -20  505  736
 703 198.000   9.000  90 -10  656  926
 704 188.000 462.000  90 -20  662  917
 705 393.000 408.000  90 -30  534  805
 706  57.000 432.000  90 -20  889 1116
 707 125.000  39.000  90 -20  245  509
 708 317.000 123.000  90 -20  434  617
 709  69.000 336.000  90 -10  323  624
 710  37.000  55.000  90 -10  627  884
 711 478.000 464.000  90 -30  312  590
 712  63.000 444.000  90 -10 1014 1216
 713 285.000 163.000  90 -20  614  880
 714  13.000  51.000  90 -10 1223 1425
 715 290.000  46.000  90 -10  739  990
 716 202.000 186.000  90 -30  551  742
 717  64.000  99.000  90 -30  740 1017
 718 465.000 136.000  90 -10  874 1096
 719  25.000 499.000  90 -20 1048 1312
 720 479.000 169.000  90 -10  683  925
 721  95.000 391.000  90 -20  806 1075
 722 428.000  24.000  90 -10  998 1247
 723  78.000 346.000  90 -10  261  497
 724  17.000  65.000  90 -20  553  771
 725 122.000  35.000  90 -20  250  471
 726  95.000 218.000  90 -20  796 1003
 727 491.000  20.000  90 -30  786  991
 728 134.000 428.000  90 -20  845 1081
 729 358.000  18.000  90 -30  430  623
 730 315.000 121.000  90 -30  473  764
 731  71.000 153.000  90 -20  641  922
 732 220.000 392.000  90 -20  867 1118
 733 131.000 220.000  90 -20  653  907
 734 154.000 207.000  90 -20  920 1149
 735 202.000   9.000  90 -20 1145 1362
 736  53.000 440.000  90 -10  539  778
 737 359.000 179.000  90 -30  395  600
 738   2.000 116.000  90 -20  445  667
 739   0.000 293.000  90 -20  508  719
 740 189.000 464.000  90 -10  778  985
 741 288.000 154.000  90 -10  319  617
 742  25.000 307.000  90 -20  409  599
 743  17.000 459.000  90 -20 1112 1363
 744 462.000  14.000  90 -20  900 1045
 745 108.000 116.000  90 -20  813 1071
 746  72.000  96.000  90 -10 1158 1341
 747 146.000 205.000  90 -10  271  509
 748 118.000 153.000  90 -20  884 1092
 749 315.000 265.000  90 -20  698  918
 750 151.000 207.000  90 -20  675  845
 751 182.000 463.000  90 -10  275  537
 752 393.000 410.000  90 -10  813 1082
 753 428.000  25.000  90 -20 1106 1321
 754 489.000  27.000  90 -10 1001 1152
 755 439.000 266.000  90 -20  189  399
 756 244.000 254.000  90 -10  641  870
 757 313.000 282.000  90 -30  708  928
 758 405.000 455.000  90 -10  796 1036
 759  92.000 223.000  90 -10  894 1096
 760 421.000 218.000  90 -10  820  999
 761 484.000 174.000  90 -20  376  664
 762 477.000 120.000  90 -20  845 1150
 763 394.000 407.000  90 -20  687  834
 764  22.000  38.000  90 -20  854 1055
 765 358.000 183.000  90 -20  867 1070
 766  91.000 101.000  90 -20  728 1019
 767 224.000 314.000  90 -10  921 1279
 768   8.000 116.000  90 -10  782 1069
 769 361.000  17.000  90 -20  663  947
 770 243.000 399.000  90 -10  721  899
 771  67.000 334.000  90 -30  422  710
 772 152.000 206.000  90 -20  824 1059
 773 129.000  27.000  90 -10  584  841
 774 390.000 415.000  90 -10  928 1205
 775 411.000  95.000  90 -20  373  623
 776 453.000 367.000  90 -20  961 1184
 777  64.000 108.000  90 -20  386  627
 778 477.000 478.000  90 -10  833 1101
 779 432.000  27.000  90 -10  753  936
 780 466.000 295.000  90 -10  901 1204
 781 170.000  26.000  90 -20  735 1037
 782  24.000 492.000  90 -10 1197 1356
 783  59.000 457.000  90 -30  706  952
 784 119.000 223.000  90 -10  750 1009
 785 391.000 413.000  90 -10  920 1161
 786 173.000  28.000  90 -30 1023 1302
 787 237.000 254.000  90 -20  545  771
 788 314.000 124.000  90 -30  696  916
 789 199.000   9.000  90 -10  799  965
 790 202.000   8.000  90 -10 1036 1288
 791 346.000 150.000  90 -10  911 1036
 792  94.000 383.000  90 -10  590  732
 793 250.000 411.000  90 -30  374  672
 794 443.000 246.000  90 -20  434  695
 795   8.000 118.000  90 -10 1006 1211
 796 111.000 113.000  90 -20  531  794
 797 399.000 450.000  90 -10  908 1120
 798 121.000 151.000  90 -20  971 1192
 799 391.000 293.000  90 -30  685  916
 800 102.000 391.000  90 -10 1001 1259
 801 330.000 242.000  90 -30  525  772
 802 443.000 272.000  90 -20  723  967
 803 416.000 417.000  90 -10  977 1180
 804 387.000 488.000  90 -10  884 1149
 805 400.000 103.000  90 -10  479  702
 806 135.000 293.000  90 -10  252  538
 807 390.000 294.000  90 -30  762 1023
 808 172.000 488.000  90 -20  250  455
 809  19.000  43.000  90 -30 1086 1375
 810 147.000 435.000  90 -20  418  743
 811  90.000 237.000  90 -10 1122 1390
 812 115.000 218.000  90 -20  169  471
 813 131.000  56.000  90 -20  406  615
 814  93.000 213.000  90 -20  319  548
 815 111.000 467.000  90 -20  515  728
 816 460.000 293.000  90 -10  990 1308
 817 391.000 425.000  90 -10  768  983
 818  24.000  65.000  90 -10  810 1070
 819 392.000 424.000  90 -10  853 1081
 820 116.000 151.000  90 -20  679  932
 821  79.000 291.000  90 -20  427  661
 822  40.000  52.000  90 -30  462  674
 823  60.000 428.000  90 -20  976 1220
 824  54.000 424.000  90 -20  262  575
 825 320.000 283.000  90 -10  324  567
 826 326.000 466.000  90 -20  634  936
 827 483.000 458.000  90 -10  539  825
 828 129.000 292.000  90 -10  450  712
 829 391.000 407.000  90 -10  441  712
 830 459.000 372.000  90 -20  580  819
 831 206.000 261.000  90 -30  932 1223
 832 406.000  94.000  90 -10  275  530
 833  89.000 270.000  90 -10  510  728
 834 320.000 262.000  90 -20  559  681
 835 123.000 155.000  90 -10 1077 1276
 836 466.000 165.000  90 -10  663  889
 837 337.000 257.000  90 -20  698  970
 838 423.000 290.000  90 -30  228  490
 839  71.000 156.000  90 -30  754  995
 840 476.000 174.000  90 -20  797 1001
 841 112.000 219.000  90 -20  423  586
 842 472.000 481.000  90 -10  338  665
 843 393.000  20.000  90 -10 1059 1352
 844 483.000  27.000  90 -30 1113 1412
 845 439.000 305.000  90 -10  647  887
 846 217.000 323.000  90 -30  330  566
 847 205.000 223.000  90 -20  359  677
 848 267.000  44.000  90 -30  555  786
 849 423.000 217.000  90 -20  666  967
 850 462.000 367.000  90 -20  415  611
 851 266.000 405.000  90 -10  599  826
 852 478.000 118.000  90 -10  984 1194
 853 404.000 264.000  90 -40  340  517
 854 179.000   7.000  90 -20  853  941
 855 471.000 484.000  90 -30  473  716
 856 249.000 258.000  90 -10  823 1061
 857  87.000  96.000  90 -20  637  917
 858 246.000 255.000  90 -20  704  991
 859 450.000 265.000  90 -40  360  583
 860  24.000  68.000  90 -20 1190 1428
 861 366.000  20.000  90 -20  760 1042
 862 274.000  48.000  90 -10  270  502
 863  22.000  33.000  90 -10  632  906
 864 387.000 297.000  90 -10  144  390
 865 391.000 334.000  90 -20  296  577
 866 207.000 223.000  90 -10  500  719
 867 231.000  43.000  90 -20  365  596
 868 413.000 287.000  90 -20 1296 1469
 869  84.000 346.000  90 -30 1042 1209
 870 198.000 264.000  90 -30  665  925
 871 423.000 286.000  90 -20  323  583
 872 220.000 319.000  90 -40  849 1158
 873 186.000 461.000  90 -30  220  467
 874 343.000  62.000  90 -20 1254 1410
 875 481.000  96.000  90 -20  451  652
 876   8.000 120.000  90 -10 1095 1306
 877 244.000 250.000  90 -10   47  327
 878  20.000 488.000  90 -10  665  909
 879 224.000 191.000  90 -10  243  429
 880   8.000 497.000  90 -10  834 1132
 881 360.000 184.000  90 -20  763  989
 882 187.000 491.000  90 -10  696  929
 883  70.000 100.000  90 -20 1031 1279
 884 125.000  29.000  90 -30  499  738
 885 197.000  11.000  90 -20  589  808
 886 451.000 367.000  90 -10 1047 1283
 887 307.000 102.000  90 -30  497  753
 888  63.000 336.000  90 -10  701  982
 889 200.000 265.000  90 -10  729 1045
 890 344.000  62.000  90 -10 1130 1352
 891 403.000  93.000  90 -30 1050 1261
 892  88.000  95.000  90 -20  522  848
 893 132.000 223.000  90 -20  760  985
 894 408.000 279.000  90 -30  560  870
 895 108.000 105.000  90 -20  202  414
 896 386.000  13.000  90 -10  739  924
 897 132.000  55.000  90 -20  510  694
 898  46.000  74.000  90 -40  507  788
 899  13.000 455.000  90 -20  313  538
 900 204.000 185.000  90 -10  630  846
 901 240.000 250.000  90 -30  237  508
 902 237.000 213.000  90 -40  789  974
 903 362.000  22.000  90 -20  965 1206
 904 460.000   2.000  90 -20  568  807
 905   5.000 297.000  90 -10  857 1116
 906 476.000 196.000  90 -30  404  617
 907 459.000  17.000  90 -20  929 1203
 908 111.000 459.000  90 -10 1066 1282
 909 376.000 195.000  90 -30  488  704
 910 491.000  25.000  90 -20  870 1097
 911  16.000 460.000  90 -20 1001 1290
 912 406.000 257.000  90 -20  518  715
 913 419.000 459.000  90 -10  682  941
 914 206.000 186.000  90 -10  826 1020
 915 388.000 325.000  90 -20  911 1085
 916 132.000  30.000  90 -10  768 1033
 917  30.000  72.000  90 -20 1277 1452
 918 402.000 281.000  90 -10  777 1034
 919 285.000 158.000  90 -30  261  485
 920 319.000 124.000  90 -10  300  565
 921 210.000 398.000  90 -20  502  737
 922 200.000  14.000  90 -20  241  445
 923 344.000 146.000  90 -20  390  635
 924 441.000 273.000  90 -20  830 1045
 925 213.000 397.000  90 -20  585  839
 926 109.000 114.000  90 -30  763  937
 927 290.000 141.000  90 -20  566  787
 928 378.000 493.000  90 -30  335  578
 929 403.000 262.000  90 -30  404  637
 930  95.000 224.000  90 -30  983 1194
 931 399.000 102.000  90 -20  592  773
 932 114.000 225.000  90 -30  587  801
 933 169.000 336.000  90 -10  742  988
 934 133.000  53.000  90 -40  538  850
 935 480.000 460.000  90 -10  482  693
 936 493.000  91.000  90 -20  442  698
 937 391.000 429.000  90 -20  400  600
 938 115.000 465.000  90 -10  305  569
 939 473.000 475.000  90 -20 1022 1283
 940 342.000  54.000  90 -20  414  756
 941 384.000 491.000  90 -10  807 1039
 942 217.000 319.000  90 -20  681  959
 943 321.000 263.000  90 -20  632  791
 944 226.000 191.000  90 -10  295  561
 945 371.000 200.000  90 -20  763  996
 946 492.000  95.000  90 -20  722  971
 947 233.000 204.000  90 -20   91  368
 948 460.000 374.000  90 -10  649  935
 949  95.000 277.000  90 -20  954 1224
 950  92.000 270.000  90 -20  877 1106
 951 215.000 395.000  90 -20  768 1026
 952 138.000 438.000  90 -30  720 1004
 953  92.000 230.000  90 -10  433  614
 954   0.000 120.000  90 -30  323  601
 955 102.000  27.000  90 -10  717  931
 956 101.000 386.000  90 -20  242  522
 957 446.000  64.000  90 -10  517  748
 958 492.000  94.000  90 -10  625  886
 959 440.000  63.000  90 -20  808 1012
 960  23.000  67.000  90 -10 1016 1233
 961 344.000 262.000  90 -20  419  688
 962 107.000  26.000  90 -30  437  660
 963 176.000   8.000  90 -20  908 1074
 964 440.000 241.000  90 -10  986 1247
 965 392.000 426.000  90 -10  576  812
 966 196.000 462.000  90 -10  875 1083
 967 485.000  27.000  90 -20 1137 1385
 968 388.000 334.000  90 -20  161  394
 969 238.000 210.000  90 -20  642  936
 970 292.000  41.000  90 -40  625  913
 971 434.000 245.000  90 -20 1292 1502
 972  56.000 434.000  90 -20  797 1023
 973  18.000 462.000  90 -20  936 1170
 974 436.000 241.000  90 -20 1180 1425
 975 443.000  64.000  90 -20  701  933
 976  66.000 156.000  90 -30  561  809
 977 102.000  29.000  90 -30  793 1040
 978 357.000  26.000  90 -20 1065 1299
 979  73.000 101.000  90 -10 1236 1453
 980  52.000 432.000  90 -10  689  942
 981  92.000 233.000  90 -10  691  907
 982  16.000 462.000  90 -20  843 1079
 983 231.000 204.000  90 -10  678  933
 984 435.000  20.000  90 -20  839 1073
 985 464.000 134.000  90 -10  946 1209
 986  48.000  78.000  90 -20  901 1132
 987 167.000  24.000  90 -10  601  804
 988 465.000 287.000  90 -20  483  690
 989 287.000 143.000  90 -20  646  894
 990 346.000  60.000  90 -10  941 1171
 991 121.000 219.000  90 -20  132  389
 992 347.000  54.000  90 -10  762  979
 993  93.000 235.000  90 -10  886 1077
 994  88.000 287.000  90 -20  798 1039
 995 472.000 132.000  90 -10  656  936
 996 270.000 401.000  90 -10  152  387
 997 460.000 171.000  90 -30  869 1062
 998 197.000 267.000  90 -10  504  704
 999 399.000 104.000  90 -30  743  987
1000  35.000 304.000  90 -20  221  456
1001 443.000 313.000  90 -10  478  677
1002 411.000 421.000  90 -20  782  997
1003   7.000 118.000  90 -10  913 1121
1004 420.000 213.000  90 -30  432  645
1005 346.000 144.000  90 -30  565  825
1006 375.000  80.000  90 -30  447  701
1007 435.000  62.000  90 -10 1086 1289
1008 192.000 265.000  90 -10  596  802
1009   1.000 293.000  90 -10  384  662
1010  92.000 236.000  90 -10  914 1232
1011 444.000 313.000  90 -30  361  612
1012 343.000  49.000  90 -10  529  830
1013 477.000 122.000  90 -40  818  993
1014 109.000 463.000  90 -20  861 1117
1015 132.000 290.000  90 -20  741  975
1016 316.000 286.000  90 -20  499  765
1017 100.000 394.000  90 -20  927 1146
1018 237.000  43.000  90 -10  565  768
1019 466.000 291.000  90 -10  543  819
1020 312.000 267.000  90 -20  804  999
1021 116.000 152.000  90 -20  589  839
1022 163.000 340.000  90 -10  417  565
1023 435.000  16.000  90 -20  762  963
1024 212.000 223.000  90 -30  661  929
1025 494.000  94.000  90 -10  524  802
1026  95.000 384.000  90 -30  634  871
1027 461.000 369.000  90 -20  469  742
1028 406.000 450.000  90 -20  305  563
1029 461.000 167.000  90 -20  400  602
1030 231.000 203.000  90 -10  183  461
1031 399.000 106.000  90 -20  852 1062
1032  22.000  40.000  90 -10  944 1149
1033 118.000 157.000  90 -10  303  565
1034 272.000 403.000  90 -10  404  646
1035  17.000 458.000  90 -20 1110 1422
1036 111.000 464.000  90 -10  672  940
1037 174.000  26.000  90 -20  970 1171
1038 425.000 288.000  90 -20  513  760
1039  61.000 147.000  90 -30  278  518
1040 328.000 458.000  90 -10  833 1116
1041 165.000 337.000  90 -40  254  541
1042 472.000 129.000  90 -20  259  437
1043 164.000  21.000  90 -20  479  737
1044 282.000 139.000  90 -40  115  458
1045  92.000 234.000  90 -20  797  982
1046 375.000 191.000  90 -30  346  658
1047 238.000 204.000  90 -10  459  741
1048 335.000 256.000  90 -30  827 1025
1049 470.000 473.000  90 -30 1146 1345
1050 339.000 244.000  90 -30  151  399
1051  92.000 232.000  90 -20  288  575
1052 287.000 144.000  90 -20  753  969
1053 250.000 250.000   0   0    0 1824
