519 519 1000 200 1000
   0 250.000 250.000   0   0    0 1824
   1 387.000 297.000  90  10  200  270
   2 286.000 159.000  90  20    0 1637
   3 322.000 465.000  90  10  226  291
   4  76.000 345.000   0  30    0 1536
   5 472.000 189.000  90  30    0 1504
   6 270.000  49.000   0  30  925  970
   7 437.000  12.000  90  20  557  613
   8 418.000 218.000   0  20    0 1563
   9  77.000 347.000  90  20  436  505
  10  73.000 346.000  90  10    0 1533
  11 417.000 417.000  90  10    0 1498
  12 374.000 489.000  90  20    0 1465
  13 440.000 247.000   0  20    0 1544
  14 281.000 137.000  90  10    0 1617
  15 379.000 196.000  90  20    0 1595
  16 297.000 102.000  90  10  214  281
  17  35.000 306.000  90  20    0 1512
  18 435.000  68.000  90  10    0 1475
  19 245.000 251.000  90  10   60  130
  20 409.000  88.000  90  20    0 1508
  21 273.000  55.000  90  20  196  246
  22 163.000 340.000  90  30    0 1609
  23  77.000 344.000  90  10  254  319
  24 478.000 461.000  90  10    0 1424
  25 111.000 113.000  90  10  632  694
  26  21.000 485.000  90  30    0 1406
  27 200.000 270.000  90  20    0 1681
  28 433.000  31.000  90  10    0 1449
  29 420.000 295.000  90  20    0 1559
  30 118.000 157.000   0  20    0 1573
  31 476.000 483.000  90  10    0 1410
  32 238.000  46.000  90  40  735  784
  33 152.000 206.000   0  10    0 1627
  34  99.000 218.000  90  30  154  205
  35 337.000 256.000  90  20  154  201
  36 389.000 300.000  90  10    0 1587
  37 321.000 280.000  90  30    0 1657
  38  57.000 432.000  90  10    0 1469
  39 356.000  24.000  90  20  249  323
  40  22.000 483.000  90  30    0 1409
  41 141.000 431.000  90  30  362  423
  42 457.000 163.000  90  20  284  346
  43 470.000 290.000   0  10    0 1511
  44 149.000 203.000  90  10  553  597
  45  55.000 428.000  90  20  511  568
  46 189.000   7.000  90  30    0 1484
  47 481.000 122.000  90  30    0 1470
  48 406.000 285.000  90  20    0 1575
  49 460.000   2.000  90  20    0 1410
  50   1.000 293.000  90  10    0 1482
  51 422.000 420.000  90  20    0 1493
  52 404.000 264.000   0  20    0 1580
  53 398.000  23.000  90  10    0 1464
  54 148.000 211.000  90  20  167  233
  55 362.000  22.000   0  20    0 1480
  56 443.000 246.000  90  20    0 1541
  57  22.000  37.000  90  10    0 1422
  58  65.000 100.000  90  10    0 1496
  59 404.000 447.000  90  20  250  280
  60 102.000 264.000  90  10    0 1586
  61 444.000 271.000  90  10    0 1539
  62 124.000 219.000  90  20  571  615
  63  26.000  42.000  90  20  455  519
  64 113.000 106.000  90  20    0 1536
  65 399.000 450.000  90  20    0 1485
  66 162.000 336.000  90  20    0 1611
  67 218.000 316.000  90  20    0 1661
  68 116.000 156.000  90  10    0 1571
  69 419.000 422.000  90  20    0 1493
  70 467.000 141.000  90  10    0 1492
  71 187.000 491.000  90  20    0 1485
  72 433.000  25.000  90  20    0 1444
  73 286.000 137.000  90  10    0 1616
  74 370.000  82.000  90  40    0 1528
  75 435.000  11.000  90  40    0 1432
  76 428.000 291.000  90  10  698  764
  77 182.000 463.000  90  30    0 1511
  78  92.000 216.000   0  10    0 1573
  79 370.000  83.000  90  20  357  419
  80 312.000 264.000  90  20    0 1671
  81 208.000  11.000  90  20    0 1492
  82 442.000 247.000  90  10    0 1542
  83  91.000 235.000  90  10    0 1575
  84 474.000  96.000  90  30    0 1463
  85 346.000  57.000  90  20    0 1519
  86 393.000 301.000  90  30    0 1583
  87 412.000 214.000  90  10    0 1569
  88 346.000 150.000  90  20  948  998
  89 437.000  61.000  90  10    0 1469
  90  87.000  96.000   0  30    0 1510
  91 367.000  83.000   0  30    0 1531
  92  91.000 268.000  90  10  869  931
  93 459.000 145.000  90  40  233  291
  94  63.000 444.000  90  20    0 1465
  95 433.000  27.000  90  20    0 1446
  96 485.000 454.000  90  10    0 1423
  97   6.000 292.000  90  10  316  360
  98 398.000  20.000  90  20  333  394
  99 248.000 251.000  90  20    0 1732
 100 154.000 207.000  90  20    0 1629
 101 380.000 498.000   0  10  523  582
 102  88.000 286.000  90  10  795  859
 103 111.000  23.000  90  10  266  326
 104 367.000 178.000  90  20    0 1597
 105 233.000  47.000  90  20    0 1531
 106 188.000   4.000  90  20    0 1481
 107 180.000   6.000  90  10    0 1481
 108 409.000  90.000  90  20    0 1509
 109 394.000 407.000  90  20  733  789
 110 358.000 183.000  90  20    0 1607
 111 186.000 461.000  90  20    0 1514
 112  38.000  72.000  90  30  420  496
 113 323.000 471.000  90  30    0 1502
 114 278.000  46.000  90  20    0 1529
 115 272.000 403.000  90  30  494  555
 116  58.000 458.000  90  10    0 1451
 117 411.000 421.000  90  20  862  917
 118 315.000 260.000  90  10  223  278
 119  90.000 232.000  90  10    0 1573
 120 348.000 147.000   0  10    0 1592
 121 394.000  23.000  90  20    0 1466
 122 466.000 295.000  90  20    0 1514
 123  71.000 103.000  90  20    0 1503
 124 246.000 398.000  90  40    0 1586
 125 423.000 294.000  90  10    0 1556
 126  59.000 459.000  90  20    0 1451
 127 307.000 102.000  90  40    0 1576
 128 381.000 495.000  90  20  705  769
 129  95.000 234.000  90  10  315  362
 130  22.000  33.000  90  10    0 1420
 131 135.000 293.000  90  30    0 1612
 132 267.000 400.000  90  10    0 1584
 133 445.000 237.000  90  10  349  402
 134 101.000 386.000  90  20    0 1533
 135 288.000  44.000  90  20    0 1525
 136   6.000 296.000   0  10    0 1486
 137 421.000 415.000  90  30  297  364
 138  17.000  65.000  90  20    0 1437
 139 323.000 118.000  90  20    0 1584
 140 402.000 281.000  90  20    0 1579
 141  52.000 432.000   0  20    0 1466
 142 378.000 199.000  90  10    0 1597
 143 238.000 204.000  90  20    0 1687
 144 208.000 184.000  90  20  146  192
 145 473.000 475.000  90  10    0 1418
 146 215.000 395.000   0  20    0 1585
 147  73.000 328.000  90  20  193  270
 148 241.000 205.000  90  30    0 1689
 149 250.000 405.000  90  20  303  370
 150 467.000 114.000   0  10    0 1478
 151 413.000 217.000  90  20  230  289
 152 338.000 142.000   0  40  204  256
 153 483.000 457.000  90  20    0 1423
 154 479.000 169.000  90  20    0 1492
 155  95.000 224.000  90  20    0 1577
 156  44.000  47.000  90  20    0 1445
 157 487.000 450.000  90  10  929  993
 158 172.000 488.000  90  10    0 1484
 159 460.000 374.000  90  20  753  831
 160 395.000 295.000  90  20    0 1583
 161 244.000 254.000   0  20    0 1727
 162  67.000 108.000  90  10    0 1503
 163 494.000  94.000  90  10  634  692
 164 319.000 124.000  90  20  400  465
 165 476.000  94.000  90  20    0 1460
 166 112.000 467.000  90  10    0 1477
 167 199.000 268.000  90  20    0 1680
 168 436.000 237.000  90  20  186  264
 169 394.000 333.000  90  20    0 1568
 170 366.000  93.000  90  20    0 1539
 171  95.000 391.000  90  10    0 1525
 172 198.000  12.000  90  10    0 1491
 173  19.000  43.000  90  20    0 1424
 174 125.000  39.000  90  20    0 1489
 175  61.000 147.000  90  40    0 1519
 176 392.000 426.000  90  10  666  722
 177  71.000 333.000  90  10    0 1537
 178 304.000  97.000  90  20    0 1572
 179 196.000 462.000  90  10    0 1516
 180 224.000 191.000  90  20    0 1670
 181  37.000  51.000  90  10    0 1443
 182 491.000  25.000  90  10    0 1405
 183 270.000 401.000  90  20  217  268
 184 474.000 461.000  90  30    0 1427
 185  66.000 448.000  90  10    0 1464
 186 198.000 271.000  90  20    0 1678
 187 287.000  43.000  90  10    0 1524
 188 123.000 155.000  90  10    0 1576
 189  16.000 497.000  90  20    0 1394
 190 220.000 319.000  90  30    0 1659
 191 428.000  24.000  90  10    0 1447
 192  80.000 342.000  90  10  193  275
 193  16.000  68.000   0  20  521  617
 194  95.000 218.000  90  20  873  927
 195 481.000  26.000  90  30    0 1413
 196 145.000 434.000  90  20  462  514
 197  26.000 490.000  90  10    0 1406
 198 109.000 114.000  90  10  829  871
 199 220.000 392.000  90  20  970 1015
 200 442.000 243.000  90  10    0 1542
 201  69.000 336.000  90  20  440  507
 202 150.000 204.000  90  20    0 1624
 203 203.000   7.000  90  20    0 1487
 204  54.000 445.000  90  10    0 1458
 205  13.000 455.000  90  10  381  430
 206   9.000 124.000  90  20    0 1463
 207   3.000 292.000  90  20  404  457
 208  16.000 462.000  90  10  935  986
 209 461.000   8.000  90  20    0 1413
 210  68.000  99.000  90  10    0 1498
 211 117.000 152.000  90  20    0 1569
 212 285.000  44.000  90  10    0 1526
 213 111.000 464.000  90  10    0 1479
 214 468.000 291.000  90  30    0 1513
 215 184.000 464.000  90  10  285  344
 216 133.000  53.000  90  20    0 1505
 217 132.000  30.000   0  20  875  926
 218 464.000  13.000  90  20  853  906
 219 483.000  22.000  90  10    0 1409
 220 436.000 264.000  90  20    0 1548
 221  24.000 492.000  90  10    0 1403
 222 315.000 287.000  90  30    0 1660
 223 408.000 453.000  90  10    0 1477
 224 179.000   7.000  90  20    0 1481
 225 425.000 215.000  90  10    0 1556
 226 479.000 176.000  90  20    0 1494
 227  22.000  38.000   0  20    0 1423
 228 357.000 181.000  90  20  367  441
 229 423.000 290.000  90  10    0 1557
 230 104.000  28.000  90  20    0 1469
 231 131.000  56.000  90  10    0 1507
 232 111.000 110.000  90  20    0 1537
 233 356.000  21.000  90  20  414  452
 234 466.000 165.000  90  30    0 1502
 235 415.000 223.000  90  20    0 1567
 236 397.000  20.000  90  20    0 1462
 237 241.000 403.000   0  10  686  744
 238  69.000 334.000  90  30    0 1535
 239  67.000 335.000  90  20    0 1533
 240 126.000  30.000  90  10    0 1482
 241 285.000 158.000  90  30  340  405
 242 406.000  96.000  90  20  280  342
 243 459.000 374.000  90  20    0 1491
 244 468.000 475.000  90  10    0 1421
 245 168.000  24.000  90  10    0 1494
 246 267.000 394.000  90  10    0 1589
 247 406.000 450.000  90  20    0 1481
 248 224.000 203.000  90  20    0 1681
 249  87.000 217.000  90  10    0 1568
 250  67.000 452.000  90  30    0 1462
 251 398.000 428.000  90  10    0 1503
 252 344.000 262.000  90  20    0 1640
 253 167.000  27.000  90  30    0 1497
 254 236.000 247.000   0  20    0 1720
 255 313.000 119.000  90  30    0 1589
 256  13.000  51.000  90  10    0 1425
 257 200.000  13.000  90  10    0 1492
 258   0.000 120.000   0  30    0 1453
 259 343.000 144.000  90  10    0 1593
 260  94.000 383.000  90  10  636  687
 261 250.000 411.000  90  30    0 1573
 262 464.000 134.000  90  20    0 1491
 263 443.000 237.000  90  20    0 1541
 264   4.000 114.000  90  10  712  769
 265 200.000 178.000  90  20  240  298
 266 176.000   8.000  90  10    0 1481
 267 151.000 207.000  90  10    0 1627
 268 334.000 240.000  90  30    0 1650
 269 132.000 223.000  90  30    0 1613
 270 413.000 421.000  90  10  768  828
 271 382.000 498.000  90  10    0 1454
 272 391.000 429.000   0  20    0 1507
 273 398.000  97.000  90  10  264  344
 274 192.000 265.000  90  10    0 1675
 275 438.000  26.000  90  10    0 1442
 276  44.000  79.000  90  10    0 1467
 277 137.000 290.000  90  10    0 1615
 278 446.000 319.000  90  30    0 1527
 279 175.000 487.000  90  20  248  308
 280  26.000  45.000  90  30    0 1431
 281 111.000 459.000  90  20    0 1483
 282 121.000 218.000  90  20  191  257
 283 210.000 185.000  90  20    0 1658
 284 328.000 458.000  90  10    0 1512
 285 459.000  17.000  90  20 1039 1094
 286 116.000 466.000  90  20    0 1480
 287 468.000 295.000   0  10    0 1512
 288 391.000 426.000  90  10    0 1509
 289  15.000  68.000  90  10  448  508
 290 116.000 151.000  90  20  774  836
 291 240.000 250.000   0  10    0 1724
 292  89.000 290.000  90  20    0 1569
 293  39.000  50.000  90  30    0 1444
 294 338.000 257.000  90  20    0 1646
 295  92.000 236.000  90  20    0 1576
 296  55.000 449.000  90  20    0 1456
 297  57.000 425.000  90  20    0 1474
 298 465.000 287.000  90  10    0 1516
 299 322.000 468.000  90  20    0 1505
 300 388.000 408.000  90  10    0 1525
 301 204.000 269.000  90  30   49   98
 302 407.000  98.000  90  10    0 1516
 303 471.000 484.000  90  10    0 1413
 304 199.000   9.000  90  20  853  911
 305 405.000 276.000  90  20    0 1577
 306 400.000 288.000  90  30    0 1580
 307 393.000  20.000   0  20    0 1464
 308 112.000 217.000  90  20    0 1593
 309 102.000 391.000  90  20    0 1530
 310 434.000  26.000  90  10    0 1445
 311 488.000  26.000  90  30    0 1408
 312 477.000 120.000  90  10  968 1026
 313 126.000 220.000  90  20    0 1607
 314 212.000 319.000  90  30    0 1656
 315 320.000 283.000  90  30  421  471
 316 236.000 213.000  90  20    0 1695
 317  68.000 108.000  90  10    0 1504
 318 390.000 294.000  90  20    0 1588
 319 275.000  42.000  90  30    0 1525
 320 423.000 214.000  90  20    0 1558
 321 460.000 367.000  90  20    0 1494
 322 272.000 402.000  90  10    0 1581
 323 400.000 260.000  90  40  150  212
 324 470.000 475.000  90  30    0 1420
 325  93.000  96.000  90  20    0 1515
 326  21.000  64.000  90  20    0 1439
 327 356.000  23.000  90  20    0 1484
 328 277.000  50.000  90  10    0 1533
 329 321.000 277.000  90  10    0 1659
 330 358.000  16.000  90  30  596  641
 331  48.000  78.000  90  20    0 1469
 332  24.000  68.000  90  20    0 1444
 333 359.000 182.000  90  20    0 1606
 334 230.000  49.000  90  20  201  253
 335 407.000 280.000  90  10  595  653
 336 468.000 199.000  90  20    0 1511
 337 170.000  26.000  90  10    0 1497
 338 415.000 289.000  90  20  169  228
 339 203.000 390.000  90  40    0 1587
 340 443.000 272.000  90  10    0 1540
 341 210.000 391.000  90  30    0 1588
 342 352.000 176.000  90  20    0 1608
 343 361.000 181.000  90  20  662  723
 344 174.000 494.000  90  10    0 1479
 345 390.000 325.000  90  30  883  929
 346 399.000 102.000  90  20    0 1524
 347 109.000 108.000   0  10    0 1534
 348  54.000 424.000  90  10    0 1472
 349 457.000 374.000  90  10    0 1493
 350 304.000 102.000  90  30    0 1577
 351 347.000  62.000  90  10    0 1523
 352 466.000 142.000  90  10    0 1493
 353 342.000 254.000  90  10    0 1642
 354 404.000  83.000  90  30    0 1507
 355  95.000  92.000  90  20    0 1513
 356 200.000 265.000  90  10    0 1682
 357  25.000 499.000  90  10    0 1399
 358 319.000 260.000  90  20    0 1665
 359 472.000 129.000  90  10  312  383
 360 132.000  57.000  90  20  396  443
 361  43.000  71.000  90  40    0 1461
 362 493.000  91.000  90  30  542  599
 363  12.000 451.000  90  20    0 1423
 364 201.000 188.000  90  10    0 1655
 365  60.000 428.000  90  20 1059 1137
 366 243.000 248.000  90  30    0 1727
 367 389.000  11.000  90  20    0 1458
 368 459.000  14.000  90  20  372  439
 369 411.000  95.000  90  30  475  521
 370   0.000 297.000  90  10  679  737
 371 476.000 196.000  90  30  476  544
 372 458.000  16.000  90  20    0 1421
 373 215.000 317.000  90  10    0 1659
 374 481.000  20.000  90  20    0 1409
 375 152.000 207.000  90  20    0 1627
 376 361.000  17.000  90  20  777  832
 377   8.000 497.000  90  40    0 1389
 378 421.000 218.000  90  10    0 1561
 379 402.000 264.000  90  20    0 1582
 380  30.000 301.000  90  10  660  726
 381 380.000 489.000  90  20    0 1462
 382 133.000  26.000  90  10    0 1482
 383  21.000  68.000  90  20    0 1442
 384  53.000 440.000  90  10    0 1461
 385 458.000 130.000  90  20    0 1494
 386 400.000 286.000  90  10    0 1580
 387 346.000 144.000  90  10    0 1591
 388 488.000 173.000  90  20    0 1484
 389 326.000 118.000  90  10  213  272
 390 391.000  18.000  90  10    0 1463
 391 173.000  28.000  90  10    0 1500
 392 343.000 148.000  90  20  399  441
 393 445.000 273.000  90  20  725  781
 394 208.000 396.000  90  20    0 1583
 395 249.000 407.000  90  10  403  455
 396 279.000 159.000  90  20    0 1639
 397 376.000 494.000  90  30    0 1460
 398  41.000  47.000  90  20  359  406
 399 116.000 221.000  90  30    0 1597
 400 165.000 343.000  90  10  556  613
 401 388.000 334.000  90  20    0 1573
 402 130.000  57.000  90  40  289  365
 403 422.000 409.000  90  10  234  290
 404  66.000 156.000  90  10    0 1528
 405 485.000  86.000  90  20    0 1448
 406 117.000 467.000  90  10    0 1480
 407 423.000 286.000  90  20    0 1558
 408 225.000 196.000  90  10  128  174
 409 489.000  87.000  90  20    0 1445
 410 443.000 313.000  90  30    0 1531
 411 233.000 204.000  90  20    0 1685
 412 477.000 483.000  90  20    0 1409
 413  95.000 277.000  90  20    0 1577
 414  16.000 460.000  90  20 1112 1180
 415 288.000  53.000  90  40    0 1534
 416 211.000 386.000  90  20  141  212
 417 144.000 439.000  90  30    0 1518
 418  79.000 291.000  90  10    0 1559
 419  95.000 235.000  90  10  155  227
 420   7.000 123.000  90  30    0 1460
 421  91.000 217.000  90  10  692  738
 422 439.000  67.000  90  10  322  386
 423 435.000 267.000  90  20    0 1549
 424 443.000  64.000  90  30    0 1466
 425  92.000 234.000  90  10    0 1576
 426 102.000  27.000  90  20  796  852
 427 492.000  94.000  90  10    0 1447
 428 489.000  17.000  90  10    0 1401
 429 335.000 255.000  90  20    0 1649
 430 419.000 418.000  90  10  394  454
 431 461.000 369.000  90  10    0 1492
 432 105.000  22.000  90  30    0 1464
 433 207.000 223.000  90  10    0 1684
 434 465.000 168.000  90  10  837  902
 435 388.000 418.000  90  10  217  283
 436 388.000 331.000  90  20    0 1574
 437 391.000 334.000  90  20  402  470
 438 441.000 273.000  90  20  903  972
 439  12.000 463.000  90  20    0 1415
 440 446.000  65.000  90  20    0 1465
 441  71.000 156.000  90  10    0 1532
 442  65.000 153.000   0  30    0 1526
 443   8.000 118.000  90  20 1079 1138
 444 102.000  29.000  90  30    0 1469
 445 315.000 265.000  90  10    0 1668
 446 343.000  62.000  90  10    0 1525
 447  67.000 105.000  90  10    0 1501
 448 478.000 118.000  90  20    0 1471
 449  73.000 101.000   0  20    0 1503
 450 200.000  14.000  90  10  311  356
 451 114.000 225.000  90  30    0 1596
 452  51.000 447.000   0  10  438  501
 453 418.000 295.000  90  20    0 1561
 454 282.000 139.000  90  20    0 1619
 455 477.000 122.000  90  10  886  924
 456  91.000 266.000  90  10    0 1575
 457  16.000 463.000  90  20    0 1418
 458 435.000  20.000  90  20    0 1439
 459 469.000 132.000   0  10    0 1486
 460 465.000 136.000  90  30  964 1007
 461  49.000  75.000  90  20  810  857
 462 166.000  32.000  90  10  296  352
 463 467.000 285.000  90  20    0 1515
 464 290.000 136.000  90  20    0 1614
 465 121.000 219.000  90  20    0 1602
 466  89.000 270.000  90  10  590  647
 467 136.000  52.000  90  10  759  817
 468 462.000 167.000  90  20    0 1507
 469 340.000  54.000  90  10    0 1519
 470  80.000 286.000  90  10    0 1561
 471 470.000 139.000  90  10    0 1488
 472 270.000 400.000  90  10  151  213
 473 197.000 267.000  90  10  582  626
 474  77.000 350.000  90  10  997 1058
 475  91.000 231.000  90  30    0 1574
 476 398.000 103.000  90  30    0 1526
 477  35.000 303.000  90  20    0 1513
 478 231.000 204.000  90  20    0 1685
 479 311.000 266.000  90  10    0 1671
 480 231.000 203.000  90  20    0 1684
 481   4.000 116.000  90  10  618  678
 482 268.000  52.000  90  10 1003 1079
 483 441.000  65.000   0  10    0 1469
 484 167.000  24.000  90  20    0 1494
 485 186.000 464.000  90  10    0 1511
 486   7.000 292.000  90  10  246  306
 487 439.000 312.000  90  30  257  324
 488 132.000 294.000  90  20    0 1609
 489 134.000 285.000  90  20    0 1613
 490 232.000  47.000  90  10  262  327
 491 116.000 152.000  90  20  678  750
 492 163.000 337.000  90  10    0 1611
 493 440.000   7.000  90  20    0 1426
 494 208.000 222.000   0  30  667  734
 495 485.000  95.000  90  10  281  351
 496  97.000 385.000  90  30    0 1530
 497 405.000 450.000  90  20    0 1481
 498 234.000 202.000  90  10    0 1684
 499  24.000  41.000  90  10    0 1427
 500  67.000 334.000  90  20  532  600
 501 207.000 227.000  90  10    0 1686
 502 217.000 319.000  90  10    0 1658
 503 111.000 467.000  90  20  597  647
 504 421.000 292.000  90  20    0 1558
 505  74.000 146.000  90  30    0 1530
 506 178.000 491.000  90  10    0 1483
 507 204.000 185.000  90  20    0 1655
 508 319.000 470.000  90  10    0 1504
 509 163.000 331.000  90  40  118  179
 510 470.000 125.000  90  20  253  316
 511 166.000  34.000  90  20    0 1503
 512 284.000 140.000  90  40  115  172
 513  85.000 288.000  90  20  329  386
 514 376.000 190.000  90  30    0 1595
 515 399.000 104.000  90  10    0 1526
 516 401.000 255.000  90  30    0 1583
 517 332.000 249.000  90  30   82  144
 518 375.000  80.000  90  10  550  598
 519 287.000 144.000   0  20    0 1622
 520 466.000 291.000  90 -10    0 1515
 521 285.000 162.000  90 -20  625  688
 522 319.000 468.000  90 -10    0 1506
 523  76.000 345.000  90 -30    0 1536
 524 463.000 194.000  90 -30    0 1514
 525 270.000  49.000  90 -30  925  970
 526 435.000  16.000  90 -20    0 1436
 527 418.000 218.000  90 -20    0 1563
 528  90.000 296.000  90 -20    0 1568
 529  75.000 347.000  90 -10    0 1534
 530 416.000 417.000  90 -10    0 1499
 531 378.000 493.000  90 -20  426  487
 532 440.000 247.000  90 -20    0 1544
 533 290.000 141.000  90 -10  645  709
 534 375.000 191.000  90 -20    0 1596
 535 314.000 124.000  90 -10    0 1593
 536  35.000 304.000  90 -20    0 1513
 537 446.000  64.000  90 -10    0 1464
 538 205.000 230.000  90 -10    0 1685
 539 404.000 103.000  90 -20    0 1522
 540 341.000  58.000  90 -20    0 1522
 541 237.000 254.000  90 -30    0 1721
 542  62.000 326.000  90 -10    0 1532
 543 483.000 458.000  90 -10  656  708
 544 107.000 112.000  90 -10    0 1536
 545  18.000 484.000  90 -30    0 1405
 546 197.000 270.000  90 -20    0 1678
 547 432.000  27.000  90 -10    0 1447
 548 391.000 293.000  90 -20    0 1587
 549 118.000 157.000  90 -20    0 1573
 550 470.000 473.000  90 -10 1221 1270
 551 235.000  50.000  90 -40  813  896
 552 152.000 206.000  90 -10    0 1627
 553  92.000 223.000  90 -30    0 1574
 554 312.000 267.000  90 -20    0 1670
 555 385.000 295.000  90 -10    0 1592
 556 320.000 280.000  90 -30  221  298
 557  64.000 426.000  90 -10 1162 1223
 558 363.000  22.000  90 -20    0 1480
 559  20.000 489.000  90 -30  856  901
 560  95.000 384.000  90 -30  719  785
 561 473.000 196.000  90 -20  564  642
 562 470.000 290.000  90 -10    0 1511
 563 152.000 210.000  90 -10    0 1629
 564  74.000 350.000  90 -20    0 1532
 565 182.000  14.000  90 -30    0 1489
 566 481.000 124.000  90 -30  505  571
 567 410.000 285.000  90 -20  499  556
 568 438.000  31.000  90 -20    0 1446
 569   8.000 300.000  90 -10    0 1487
 570 390.000 415.000  90 -20    0 1518
 571 404.000 264.000  90 -20    0 1580
 572 397.000  18.000  90 -10    0 1460
 573 129.000 223.000  90 -20    0 1611
 574 362.000  22.000  90 -20    0 1480
 575 440.000 244.000  90 -20  809  874
 576  20.000  73.000  90 -10    0 1444
 577  64.000  99.000  90 -10    0 1495
 578 393.000 410.000  90 -20    0 1520
 579 234.000 246.000  90 -10    0 1718
 580 436.000 241.000  90 -10    0 1548
 581 131.000 226.000  90 -20    0 1613
 582  22.000  41.000  90 -20 1110 1164
 583 199.000 187.000  90 -20    0 1653
 584 389.000 428.000  90 -20    0 1509
 585 244.000 250.000  90 -20    0 1728
 586 218.000 318.000  90 -20    0 1659
 587 121.000 157.000  90 -10    0 1575
 588 416.000 420.000  90 -20    0 1497
 589 460.000 171.000  90 -10  937  994
 590 188.000 462.000  90 -20    0 1514
 591 432.000  24.000  90 -20    0 1444
 592 305.000 107.000  90 -10    0 1581
 593 313.000 126.000  90 -40    0 1595
 594 439.000  15.000  90 -40    0 1433
 595 460.000 288.000  90 -10    0 1521
 596 147.000 435.000  90 -30    0 1523
 597  92.000 216.000  90 -10    0 1573
 598 347.000  54.000  90 -20    0 1516
 599 312.000 270.000  90 -20    0 1669
 600 198.000   9.000  90 -20    0 1488
 601 417.000 218.000  90 -10    0 1564
 602  94.000 235.000  90 -10    0 1578
 603 481.000  96.000  90 -30  526  577
 604 346.000  60.000  90 -20 1027 1086
 605 390.000 301.000  90 -30    0 1585
 606 371.000 192.000  90 -10    0 1600
 607 338.000 147.000  90 -20    0 1599
 608 435.000  62.000  90 -10    0 1471
 609  87.000  96.000  90 -30    0 1510
 610 367.000  83.000  90 -30    0 1531
 611 100.000 266.000  90 -10    0 1584
 612 484.000 174.000  90 -40    0 1488
 613 100.000 394.000  90 -20    0 1527
 614 428.000  25.000  90 -20    0 1448
 615 480.000 455.000  90 -10 1123 1179
 616   0.000 293.000  90 -10  591  637
 617 386.000  13.000  90 -20    0 1461
 618 205.000 223.000  90 -20    0 1682
 619 146.000 205.000  90 -20    0 1621
 620 380.000 498.000  90 -10  523  582
 621  88.000 287.000  90 -10    0 1568
 622 105.000  27.000  90 -10    0 1469
 623 359.000 179.000  90 -20    0 1604
 624 269.000  46.000  90 -20    0 1530
 625 188.000  12.000  90 -20    0 1489
 626 186.000   7.000  90 -10    0 1483
 627 406.000  99.000  90 -20    0 1517
 628 396.000 410.000  90 -20  829  880
 629 337.000 241.000  90 -20    0 1647
 630 146.000 439.000  90 -20    0 1519
 631  46.000  74.000  90 -30    0 1465
 632 325.000 466.000  90 -30    0 1506
 633 344.000  62.000  90 -20 1208 1274
 634 269.000 402.000  90 -30    0 1581
 635  59.000 457.000  90 -10    0 1453
 636 413.000 417.000  90 -20 1135 1207
 637 416.000 288.000  90 -10    0 1564
 638  93.000 235.000  90 -10    0 1577
 639 348.000 147.000  90 -10    0 1592
 640 384.000  16.000  90 -20    0 1465
 641 459.000 295.000  90 -20    0 1521
 642 121.000 151.000  90 -20    0 1572
 643 248.000 404.000  90 -40    0 1580
 644 466.000 287.000  90 -10    0 1515
 645  65.000 453.000  90 -20    0 1460
 646 307.000 108.000  90 -40    0 1581
 647 381.000 494.000  90 -20    0 1458
 648  92.000 233.000  90 -10  768  830
 649  26.000  36.000  90 -10    0 1425
 650 134.000 288.000  90 -30    0 1612
 651 318.000 280.000  90 -10    0 1660
 652 440.000 241.000  90 -10    0 1544
 653 101.000 385.000  90 -20    0 1533
 654 279.000  42.000  90 -20    0 1524
 655   6.000 296.000  90 -10    0 1486
 656 405.000 455.000  90 -30    0 1477
 657  23.000  67.000  90 -20    0 1443
 658 348.000 145.000  90 -20  763  813
 659 408.000 279.000  90 -20    0 1574
 660  52.000 432.000  90 -20    0 1466
 661 371.000 193.000  90 -10    0 1601
 662 237.000 213.000  90 -20    0 1695
 663 226.000 191.000  90 -20    0 1671
 664 478.000 464.000  90 -10    0 1422
 665 215.000 395.000  90 -20    0 1585
 666 132.000 291.000  90 -20    0 1610
 667 280.000 162.000  90 -30  158  210
 668 249.000 258.000  90 -20    0 1726
 669 467.000 114.000  90 -10    0 1478
 670 376.000 195.000  90 -20    0 1597
 671 338.000 142.000  90 -40  204  256
 672 481.000 456.000  90 -20    0 1425
 673 484.000 171.000  90 -20  680  736
 674  89.000 216.000  90 -20    0 1570
 675  40.000  52.000  90 -20  546  591
 676 412.000 453.000  90 -10    0 1475
 677 173.000 490.000  90 -10  406  462
 678 462.000 367.000  90 -20    0 1492
 679 418.000 290.000  90 -20 1172 1221
 680 244.000 254.000  90 -20    0 1727
 681  70.000 100.000  90 -10 1119 1191
 682 477.000  97.000  90 -10    0 1461
 683 324.000 127.000  90 -20    0 1591
 684 476.000 102.000  90 -20    0 1464
 685 109.000 463.000  90 -10    0 1479
 686 200.000 261.000  90 -20  945 1017
 687 444.000 242.000  90 -20  441  501
 688 395.000 332.000  90 -20  593  648
 689 368.000  85.000  90 -20    0 1532
 690  54.000 430.000  90 -10    0 1468
 691 199.000  12.000  90 -10    0 1491
 692  20.000  48.000  90 -20 1294 1358
 693 122.000  35.000  90 -20    0 1484
 694  71.000 153.000  90 -40  746  816
 695 391.000 413.000  90 -10    0 1519
 696 136.000 290.000  90 -10    0 1614
 697 299.000  98.000  90 -20    0 1575
 698 207.000 400.000  90 -10    0 1578
 699 231.000 195.000  90 -20    0 1676
 700  37.000  55.000  90 -10    0 1446
 701 491.000  20.000  90 -10    0 1401
 702 268.000 400.000  90 -20    0 1583
 703 419.000 459.000  90 -30    0 1466
 704  14.000 459.000  90 -10    0 1419
 705 198.000 264.000  90 -20    0 1681
 706 292.000  41.000  90 -10    0 1521
 707 118.000 153.000  90 -10    0 1571
 708  50.000 438.000  90 -20    0 1460
 709 224.000 314.000  90 -30    0 1665
 710 433.000  15.000  90 -10    0 1437
 711  25.000 307.000  90 -10    0 1502
 712  16.000  68.000  90 -20  521  617
 713  96.000 213.000  90 -20    0 1576
 714 483.000  14.000  90 -30    0 1403
 715  97.000 387.000  90 -20  823  869
 716  21.000 487.000  90 -10  582  629
 717 108.000 105.000  90 -10    0 1532
 718 219.000 325.000  90 -20    0 1653
 719 441.000 244.000  90 -10    0 1543
 720  72.000 344.000  90 -20    0 1533
 721 143.000 207.000  90 -20    0 1619
 722 202.000   8.000  90 -20    0 1488
 723  60.000 454.000  90 -10  892  952
 724  49.000 451.000  90 -10    0 1450
 725   8.000 116.000  90 -20    0 1458
 726   7.000 300.000  90 -20    0 1486
 727  17.000 458.000  90 -10 1297 1360
 728 408.000  84.000  90 -20    0 1505
 729 195.000 185.000  90 -10    0 1649
 730 120.000 159.000  90 -20    0 1576
 731 339.000  60.000  90 -10    0 1525
 732 111.000 463.000  90 -10    0 1480
 733 461.000 284.000  90 -30    0 1521
 734 140.000 431.000  90 -10    0 1523
 735  97.000  93.000  90 -20    0 1515
 736 132.000  30.000  90 -20  875  926
 737 462.000  14.000  90 -20    0 1417
 738 483.000  27.000  90 -10    0 1412
 739 406.000 257.000  90 -20    0 1578
 740  21.000 488.000  90 -10    0 1404
 741 246.000 255.000  90 -30  818  877
 742 391.000 425.000  90 -10    0 1510
 743 182.000   4.000  90 -20    0 1479
 744 418.000 221.000  90 -10 1150 1223
 745 484.000 177.000  90 -20    0 1489
 746  22.000  38.000  90 -20    0 1423
 747 360.000 184.000  90 -20  846  906
 748 460.000 293.000  90 -10 1121 1176
 749 125.000  32.000  90 -20    0 1483
 750  91.000 101.000  90 -10    0 1517
 751 109.000 107.000  90 -20  357  416
 752 358.000  18.000  90 -20    0 1479
 753 461.000 167.000  90 -30    0 1508
 754 467.000 195.000  90 -20  285  344
 755 389.000  17.000  90 -20    0 1463
 756 241.000 403.000  90 -10  686  744
 757 129.000 292.000  90 -30  552  610
 758  66.000 336.000  90 -20    0 1531
 759 233.000 207.000  90 -10    0 1688
 760 281.000 164.000  90 -30    0 1643
 761 407.000  88.000  90 -20    0 1509
 762 453.000 367.000  90 -20    0 1500
 763 475.000 480.000  90 -10    0 1413
 764 164.000  21.000  90 -10  578  639
 765 313.000 282.000  90 -10    0 1664
 766 391.000 407.000  90 -20    0 1523
 767 202.000 186.000  90 -20    0 1654
 768  98.000 215.000  90 -10    0 1579
 769 110.000 459.000  90 -30    0 1483
 770 393.000 408.000  90 -10    0 1521
 771 341.000 257.000  90 -20    0 1643
 772 173.000  25.000  90 -30  952 1007
 773 236.000 247.000  90 -20    0 1720
 774 315.000 121.000  90 -30    0 1590
 775  24.000  65.000  90 -10    0 1442
 776 202.000   4.000  90 -10  950 1004
 777   0.000 120.000  90 -30    0 1453
 778 355.000 177.000  90 -10    0 1607
 779 100.000 387.000  90 -10    0 1531
 780 243.000 399.000  90 -30  782  837
 781 463.000 140.000  90 -20    0 1495
 782 439.000 243.000  90 -20    0 1545
 783   6.000 114.000  90 -10    0 1455
 784 204.000 187.000  90 -20  803  857
 785 181.000   6.000  90 -10  678  753
 786 200.000 229.000  90 -10    0 1680
 787 330.000 242.000  90 -30    0 1654
 788 115.000 218.000  90 -30  298  341
 789 390.000 408.000  90 -10    0 1523
 790 384.000 491.000  90 -10  897  948
 791 391.000 429.000  90 -20    0 1507
 792 391.000  99.000  90 -10    0 1528
 793  92.000 270.000  90 -10    0 1575
 794 431.000  28.000  90 -10    0 1448
 795  39.000  76.000  90 -10  328  399
 796 139.000 291.000  90 -10    0 1616
 797 442.000 310.000  90 -30    0 1533
 798 189.000 464.000  90 -20    0 1512
 799  26.000  43.000  90 -30  365  427
 800 134.000 428.000  90 -20    0 1522
 801 112.000 219.000  90 -20    0 1593
 802 129.000  27.000  90 -20    0 1481
 803 386.000 414.000  90 -10 1109 1162
 804 403.000  93.000  90 -20    0 1515
 805 112.000 465.000  90 -20    0 1479
 806 468.000 295.000  90 -10    0 1512
 807 392.000 424.000  90 -10    0 1510
 808  18.000  63.000  90 -10  716  792
 809 123.000 159.000  90 -20    0 1578
 810 240.000 250.000  90 -10    0 1724
 811  87.000 285.000  90 -20    0 1568
 812  48.000  72.000  90 -30    0 1465
 813 337.000 257.000  90 -20    0 1647
 814  96.000 244.000  90 -20    0 1580
 815  56.000 434.000  90 -20    0 1467
 816  55.000 431.000  90 -20    0 1468
 817 450.000 265.000  90 -10    0 1534
 818 326.000 466.000  90 -20  753  817
 819 386.000 405.000  90 -10    0 1528
 820 201.000 270.000  90 -30    0 1682
 821 400.000 103.000  90 -10    0 1524
 822 477.000 478.000  90 -10    0 1413
 823 197.000  11.000  90 -20    0 1490
 824 338.000 260.000  90 -20    0 1646
 825 401.000 281.000  90 -30    0 1580
 826 393.000  20.000  90 -20    0 1464
 827 119.000 223.000  90 -20  853  906
 828 101.000 384.000  90 -20    0 1534
 829 429.000  27.000  90 -10 1272 1339
 830 489.000  27.000  90 -30    0 1408
 831 479.000 121.000  90 -10    0 1472
 832 122.000 216.000  90 -20  461  537
 833 216.000 319.000  90 -30    0 1658
 834 316.000 286.000  90 -30  601  662
 835 238.000 203.000  90 -20    0 1686
 836  66.000  98.000  90 -10    0 1496
 837 399.000 301.000  90 -20    0 1577
 838 275.000  45.000  90 -30    0 1528
 839 339.000 244.000  90 -20    0 1645
 840 455.000 365.000  90 -20    0 1499
 841 266.000 405.000  90 -10  680  745
 842 402.000 265.000  90 -40  306  365
 843 472.000 481.000  90 -30    0 1414
 844  96.000  97.000  90 -20    0 1517
 845  25.000  65.000  90 -20    0 1443
 846 366.000  20.000  90 -20    0 1477
 847 283.000  47.000  90 -10    0 1529
 848 316.000 284.000  90 -10  510  570
 849 361.000  14.000  90 -30    0 1474
 850  67.000 109.000  90 -20    0 1503
 851  30.000  72.000  90 -20    0 1452
 852 335.000 243.000  90 -20    0 1649
 853 267.000  44.000  90 -20    0 1528
 854 316.000 258.000  90 -10    0 1668
 855 444.000 269.000  90 -20    0 1540
 856 274.000  48.000  90 -10    0 1531
 857 439.000 305.000  90 -20    0 1538
 858 221.000 325.000  90 -40    0 1654
 859 434.000 245.000  90 -10 1377 1416
 860 210.000 398.000  90 -30    0 1581
 861 371.000 200.000  90 -20    0 1604
 862 355.000 180.000  90 -20    0 1608
 863 186.000 472.000  90 -10    0 1503
 864 388.000 325.000  90 -30    0 1577
 865 379.000  80.000  90 -20    0 1521
 866 109.000 108.000  90 -10    0 1534
 867  84.000 346.000  90 -10    0 1543
 868 459.000 372.000  90 -10    0 1492
 869 317.000 123.000  90 -30    0 1591
 870 343.000  49.000  90 -10    0 1513
 871 476.000 174.000  90 -10  874  924
 872 335.000 256.000  90 -10  890  962
 873 379.000  82.000  90 -30    0 1523
 874  88.000  95.000  90 -20    0 1510
 875  90.000 274.000  90 -10    0 1573
 876  20.000 488.000  90 -10  754  820
 877 321.000 263.000  90 -20    0 1662
 878 417.000 217.000  90 -10    0 1564
 879 132.000  55.000  90 -20    0 1507
 880  64.000 108.000  90 -40    0 1500
 881 489.000 101.000  90 -30    0 1453
 882  58.000 449.000  90 -20    0 1458
 883  94.000  97.000  90 -10  285  334
 884 169.000 340.000  90 -20    0 1613
 885 205.000 228.000  90 -30    0 1684
 886 343.000  47.000  90 -20    0 1511
 887 460.000  13.000  90 -20    0 1418
 888 399.000 106.000  90 -30    0 1527
 889   5.000 297.000  90 -10    0 1485
 890 423.000 217.000  90 -30    0 1558
 891 459.000  10.000  90 -20    0 1416
 892 217.000 323.000  90 -10    0 1654
 893 485.000  24.000  90 -20    0 1408
 894 148.000 206.000  90 -20    0 1623
 895 357.000  26.000  90 -20    0 1486
 896  18.000 462.000  90 -40    0 1420
 897 415.000 216.000  90 -10    0 1566
 898 403.000 262.000  90 -20  493  547
 899  30.000 302.000  90 -10    0 1508
 900 390.000 423.000  90 -20    0 1512
 901 124.000  56.000  90 -10    0 1503
 902  15.000  69.000  90 -20    0 1438
 903  62.000 453.000  90 -10    0 1458
 904 452.000 163.000  90 -20    0 1515
 905 402.000 284.000  90 -10  313  367
 906 344.000 146.000  90 -10    0 1594
 907 477.000 179.000  90 -20    0 1497
 908 345.000 144.000  90 -10  568  640
 909 393.000  12.000  90 -10    0 1457
 910 174.000  26.000  90 -10    0 1498
 911 349.000 158.000  90 -20    0 1599
 912 337.000 251.000  90 -20    0 1647
 913 213.000 397.000  90 -20    0 1583
 914 245.000 408.000  90 -10  585  652
 915 285.000 163.000  90 -20    0 1641
 916 387.000 488.000  90 -30    0 1460
 917  72.000  96.000  90 -20    0 1499
 918 128.000 225.000  90 -30    0 1610
 919 169.000 336.000  90 -10    0 1616
 920 395.000 331.000  90 -20    0 1568
 921 107.000  35.000  90 -40  986 1041
 922 451.000 367.000  90 -10    0 1502
 923  72.000 148.000  90 -10    0 1529
 924 492.000  95.000  90 -20    0 1447
 925 115.000 465.000  90 -10    0 1481
 926 424.000 286.000  90 -20    0 1557
 927 224.000 192.000  90 -10  215  274
 928 478.000 102.000  90 -20    0 1463
 929 439.000 310.000  90 -30    0 1536
 930 230.000 197.000  90 -20    0 1678
 931 475.000 477.000  90 -20    0 1415
 932  89.000 272.000  90 -20    0 1572
 933  17.000 459.000  90 -20    0 1421
 934 290.000  46.000  90 -40    0 1527
 935 214.000 394.000  90 -20    0 1586
 936 138.000 438.000  90 -30    0 1516
 937  80.000 290.000  90 -10    0 1560
 938  92.000 230.000  90 -10    0 1575
 939   2.000 116.000  90 -30    0 1453
 940  93.000 213.000  90 -10    0 1573
 941 446.000  63.000  90 -10    0 1464
 942 439.000 266.000  90 -20    0 1545
 943 440.000  61.000  90 -30    0 1467
 944  90.000 237.000  90 -10    0 1574
 945 108.000  26.000  90 -20    0 1469
 946 488.000  96.000  90 -10    0 1451
 947 485.000  27.000  90 -10 1231 1291
 948 320.000 262.000  90 -20  585  656
 949 389.000 404.000  90 -10    0 1527
 950 459.000 368.000  90 -10    0 1494
 951 125.000  29.000  90 -30    0 1481
 952 212.000 223.000  90 -10    0 1688
 953 463.000 167.000  90 -10    0 1506
 954 480.000 460.000  90 -10  549  627
 955 389.000 334.000  90 -20    0 1572
 956 398.000 325.000  90 -20  774  843
 957 439.000 268.000  90 -20    0 1545
 958  15.000 457.000  90 -20    0 1421
 959 440.000  63.000  90 -20    0 1468
 960  61.000 156.000  90 -10  462  532
 961  65.000 153.000  90 -30    0 1526
 962   7.000 118.000  90 -20    0 1458
 963 107.000  26.000  90 -30    0 1469
 964 435.000 268.000  90 -10 1100 1154
 965 300.000 108.000  90 -10    0 1584
 966  64.000 101.000  90 -10  667  724
 967 478.000 121.000  90 -20  788  840
 968  73.000 101.000  90 -20    0 1503
 969 204.000  15.000  90 -10    0 1495
 970 116.000 225.000  90 -30    0 1598
 971  51.000 447.000  90 -10  438  501
 972 421.000 294.000  90 -20    0 1558
 973 279.000 138.000  90 -20  281  320
 974 479.000 127.000  90 -10    0 1475
 975  96.000 270.000  90 -10    0 1579
 976  13.000 459.000  90 -20    0 1419
 977 406.000  87.000  90 -20    0 1509
 978 469.000 132.000  90 -10    0 1486
 979 465.000 142.000  90 -30    0 1494
 980  49.000  76.000  90 -20    0 1469
 981 237.000  43.000  90 -10    0 1527
 982 441.000 265.000  90 -20    0 1543
 983 287.000 143.000  90 -20    0 1621
 984 123.000 222.000  90 -20    0 1604
 985  86.000 268.000  90 -10    0 1570
 986 108.000 116.000  90 -10    0 1539
 987 420.000 213.000  90 -20    0 1561
 988 335.000  57.000  90 -10    0 1524
 989 128.000 291.000  90 -10    0 1606
 990 458.000 164.000  90 -10    0 1509
 991 277.000 403.000  90 -10  395  464
 992 206.000 261.000  90 -10 1050 1104
 993  78.000 346.000  90 -10    0 1538
 994  92.000 232.000  90 -30    0 1575
 995 377.000  76.000  90 -30    0 1519
 996  38.000 301.000  90 -20    0 1516
 997 238.000 210.000  90 -20  757  821
 998 425.000 288.000  90 -10    0 1555
 999 228.000 199.000  90 -20  673  746
1000   8.000 120.000  90 -10    0 1460
1001 269.000  48.000  90 -10    0 1532
1002 441.000  65.000  90 -10    0 1469
1003 169.000  31.000  90 -20    0 1501
1004 181.000 469.000  90 -10  468  536
1005   2.000 295.000  90 -10    0 1482
1006 444.000 313.000  90 -30    0 1531
1007 136.000 288.000  90 -20 1023 1063
1008  90.000 285.000  90 -20    0 1571
1009 231.000  43.000  90 -10  447  513
1010 113.000 156.000  90 -20    0 1568
1011 167.000 339.000  90 -10    0 1613
1012 437.000  15.000  90 -20    0 1434
1013 208.000 222.000  90 -30  667  734
1014 478.000  99.000  90 -10    0 1461
1015  56.000 428.000  90 -30    0 1471
1016 408.000 452.000  90 -20  490  564
1017 202.000   9.000  90 -10    0 1489
1018  22.000  40.000  90 -10    0 1425
1019  63.000 336.000  90 -20    0 1529
1020 131.000 220.000  90 -10    0 1612
1021 218.000 321.000  90 -10    0 1657
1022 141.000 428.000  90 -20    0 1526
1023 413.000 287.000  90 -20    0 1567
1024 206.000 225.000  90 -30    0 1684
1025 179.000 492.000  90 -10  678  752
1026 206.000 186.000  90 -20  891  955
1027 328.000 466.000  90 -10    0 1505
1028 165.000 337.000  90 -40    0 1613
1029 472.000 132.000  90 -20  767  826
1030 232.000  42.000  90 -20    0 1526
1031 288.000 154.000  90 -40    0 1631
1032 132.000 290.000  90 -20    0 1610
1033 374.000 190.000  90 -30    0 1597
1034 406.000  94.000  90 -10  375  430
1035 343.000 254.000  90 -30    0 1641
1036 317.000 261.000  90 -30  398  473
1037 342.000  54.000  90 -10    0 1518
1038 287.000 144.000  90 -20    0 1622
1039 250.000 250.000   0   0    0 1824
