529 529 1000 200 1000
   0 250.000 250.000   0   0    0 1824
   1 355.000 177.000  90  20  136  303
   2 322.000 465.000  90  10  226  335
   3 410.000 285.000  90  20  457  599
   4 472.000 189.000  90  30  356  468
   5 219.000 325.000  90  10  486  597
   6  77.000 347.000  90  20  397  545
   7  73.000 346.000  90  10  701  798
   8 129.000 292.000  90  10  526  636
   9 237.000 254.000   0  20  608  709
  10 287.000 143.000   0  10  718  823
  11 374.000 489.000  90  20  269  389
  12 440.000 247.000  90  20  675  822
  13 281.000 137.000  90  10  339  447
  14 379.000 196.000   0  20  633  745
  15 297.000 102.000  90  10  195  300
  16  39.000  76.000  90  10  299  429
  17  35.000 306.000  90  20  347  461
  18 435.000  68.000  90  10  259  378
  19 245.000 251.000  90  10   26  164
  20 409.000  88.000  90  20  626  744
  21 273.000  55.000  90  20  196  313
  22 163.000 340.000  90  30  431  551
  23 129.000 223.000  90  20  267  347
  24 470.000 473.000   0  10 1195 1296
  25  77.000 344.000  90  10  215  359
  26 478.000 461.000  90  10  422  569
  27 128.000 291.000   0  10  591  754
  28 164.000  21.000  90  20  555  661
  29  21.000 485.000  90  30  458  568
  30 433.000  31.000  90  10  285  423
  31 420.000 295.000  90  20  946 1074
  32 118.000 157.000  90  20  385  484
  33 200.000 261.000  90  10  910 1053
  34 476.000 483.000  90  10  619  760
  35  99.000 218.000  90  30  154  286
  36 389.000 300.000  90  10  267  390
  37  64.000 108.000  90  10  453  560
  38 356.000  24.000  90  20  249  363
  39 143.000 207.000  90  30  243  349
  40  22.000 483.000  90  30  325  466
  41 141.000 431.000  90  30  341  445
  42 202.000   9.000   0  10 1170 1336
  43  20.000  48.000  90  10 1267 1385
  44 457.000 163.000  90  20  255  374
  45 366.000  20.000  90  10  844  958
  46  55.000 428.000  90  20  481  597
  47 189.000   7.000  90  30  291  392
  48 481.000 122.000  90  30  547  714
  49  20.000  73.000  90  10  290  397
  50  54.000 430.000  90  20  600  662
  51  74.000 350.000  90  10  885  984
  52 460.000   2.000  90  20  635  741
  53   1.000 293.000  90  10  449  597
  54 115.000 465.000  90  10  365  510
  55 141.000 428.000  90  20  208  328
  56 404.000 264.000  90  20  371  485
  57 398.000  23.000  90  10  270  404
  58 443.000 246.000  90  20  496  633
  59 404.000 447.000  90  20  250  324
  60 102.000 264.000  90  10  148  257
  61  26.000  42.000  90  20  427  546
  62 113.000 106.000  90  20  198  323
  63 399.000 450.000   0  20  964 1063
  64 162.000 336.000  90  20  153  274
  65   2.000 295.000   0  30  741  860
  66 122.000  35.000  90  10  283  397
  67  93.000 213.000  90  30  370  497
  68 218.000 316.000  90  20   73  211
  69 116.000 156.000  90  10  474  578
  70 467.000 141.000  90  10  543  668
  71 187.000 491.000  90  20  736  890
  72 370.000  82.000  90  40  419  539
  73 435.000  11.000  90  40  325  459
  74 205.000 223.000  90  20  443  592
  75 463.000 140.000  90  10  263  398
  76 343.000  47.000  90  20  704  840
  77 370.000  83.000  90  20  334  442
  78  90.000 285.000  90  40  953 1069
  79 312.000 264.000  90  20   96  215
  80 140.000 431.000   0  30  265  338
  81 118.000 153.000  90  30  917 1059
  82 474.000  96.000   0  30  271  407
  83 346.000  57.000  90  20  904 1023
  84 393.000 301.000  90  30  463  564
  85 412.000 214.000  90  10  165  272
  86  87.000  96.000   0  30  715  838
  87 367.000  83.000  90  30  224  366
  88 459.000 145.000  90  40  233  363
  89 433.000  27.000  90  20  619  703
  90  60.000 454.000  90  10  854  990
  91 478.000  99.000  90  10  585  707
  92 398.000  20.000  90  20  320  408
  93 248.000 251.000  90  20    2  103
  94 433.000  15.000  90  20  297  412
  95 154.000 207.000   0  20  961 1107
  96 111.000  23.000  90  10  266  324
  97 367.000 178.000  90  20  529  662
  98 452.000 163.000  90  30  219  354
  99 431.000  28.000  90  20  689  818
 100   8.000 116.000  90  20  857  994
 101 233.000  47.000  90  20  321  451
 102 237.000  43.000  90  20  609  725
 103 320.000 262.000  90  10  562  678
 104 180.000   6.000  90  10  749  863
 105 393.000  12.000  90  10  589  700
 106 394.000 407.000  90  20  703  818
 107 186.000 461.000  90  20  220  342
 108  38.000  72.000  90  30  385  530
 109 278.000  46.000  90  20  205  338
 110 205.000 230.000  90  30  185  282
 111  65.000 453.000  90  30  393  520
 112 411.000 421.000  90  20  850  930
 113 173.000 490.000  90  20  366  502
 114  90.000 232.000  90  10  661  752
 115 402.000 265.000  90  20  261  410
 116 385.000 295.000  90  20  142  306
 117 246.000 398.000  90  40  148  263
 118 423.000 294.000  90  10  787  865
 119  59.000 459.000  90  20  597  696
 120 477.000  97.000  90  10  417  498
 121 169.000  31.000  90  20  352  481
 122  95.000 234.000  90  10  287  390
 123  22.000  33.000  90  10  706  832
 124 439.000 266.000  90  10  234  326
 125 269.000 402.000  90  20  569  667
 126 445.000 237.000  90  10  322  428
 127  26.000  43.000  90  10  326  466
 128 342.000  54.000  90  20  537  632
 129 274.000  48.000  90  10  313  459
 130  23.000  67.000  90  30 1072 1176
 131 421.000 415.000  90  30  265  396
 132 319.000 468.000  90  10  250  391
 133  50.000 438.000  90  20  689  815
 134 440.000  61.000   0  30  953 1050
 135  17.000  65.000  90  20  607  717
 136 323.000 118.000  90  20  275  397
 137 402.000 281.000  90  20  842  968
 138  71.000 153.000  90  20  738  824
 139  52.000 432.000  90  20  754  878
 140 208.000 184.000  90  20  108  229
 141 123.000 222.000   0  30  355  450
 142  70.000 100.000  90  10 1101 1208
 143  73.000 328.000  90  20  193  311
 144 250.000 405.000  90  20  279  394
 145 483.000  14.000  90  10  636  761
 146 466.000 287.000  90  10  421  570
 147 120.000 159.000  90  10  283  400
 148 408.000  84.000  90  10  708  850
 149 413.000 217.000  90  20  186  332
 150 338.000 142.000  90  40  166  294
 151 483.000 457.000  90  20  700  846
 152 479.000 169.000  90  20  742  866
 153 122.000 216.000  90  10  441  557
 154 477.000 179.000  90  20  237  347
 155  44.000  47.000  90  20  289  393
 156 172.000 488.000   0  10  297  387
 157 460.000 374.000  90  20  740  844
 158 338.000 147.000  90  10  135  260
 159 195.000 185.000  90  20  310  424
 160 463.000 194.000  90  20  220  336
 161 317.000 261.000  90  20  383  488
 162  67.000 108.000  90  10  266  377
 163 109.000 107.000  90  20  320  452
 164 100.000 387.000  90  10  404  544
 165 319.000 124.000   0  20  381  485
 166 476.000  94.000  90  20  306  424
 167 398.000 325.000  90  30  738  878
 168 188.000  12.000  90  30  245  426
 169 136.000 290.000  90  20  270  334
 170 112.000 467.000  90  10  478  584
 171 181.000 469.000  90  20  445  559
 172 358.000  18.000  90  10  451  602
 173 459.000  10.000  90  10  522  657
 174 199.000 268.000  90  20  252  400
 175 436.000 237.000  90  20  186  307
 176 318.000 280.000  90  20  298  405
 177 394.000 333.000  90  20  454  605
 178 344.000 146.000  90  10  478  547
 179 198.000  12.000  90  10  542  672
 180 390.000 408.000  90  30  431  540
 181  49.000 451.000  90  20  314  435
 182 125.000  39.000  90  20  245  353
 183 317.000 123.000  90  20  461  589
 184  71.000 333.000  90  10  217  361
 185 224.000 191.000  90  20  266  406
 186  37.000  51.000  90  10  607  716
 187 270.000 401.000  90  20  182  302
 188 474.000 461.000  90  30  307  421
 189  66.000 448.000  90  10  270  338
 190 337.000 241.000  90  20  294  443
 191 198.000 271.000  90  20  357  482
 192 287.000  43.000  90  10  515  649
 193 446.000  63.000  90  20  678  769
 194 200.000 229.000  90  30  275  381
 195 465.000 142.000  90  10  375  472
 196  80.000 342.000  90  10  193  336
 197  16.000  68.000  90  20  510  627
 198 124.000  56.000  90  20  231  345
 199 481.000  26.000  90  30  321  444
 200 145.000 434.000  90  20  420  556
 201 335.000  57.000  90  30  210  330
 202 324.000 127.000  90  30  143  281
 203  72.000 148.000  90  20  234  360
 204  69.000 336.000   0  20  399  548
 205 131.000 226.000  90  20  121  258
 206 150.000 204.000  90  20  595  739
 207 423.000 217.000  90  20  765  868
 208  54.000 445.000  90  10  509  618
 209 355.000 180.000  90  30  271  353
 210  13.000 455.000  90  10  346  465
 211 165.000 337.000   0  20  320  475
 212   9.000 124.000  90  20  271  420
 213   3.000 292.000  90  20  376  486
 214  90.000 296.000  90  20  166  311
 215  96.000  97.000  90  20  217  322
 216 146.000 205.000  90  10  332  448
 217 285.000  44.000  90  10  399  581
 218 111.000 464.000  90  10  747  865
 219 468.000 291.000  90  30  716  829
 220 148.000 206.000  90  20  418  546
 221 184.000 464.000  90  10  254  374
 222 464.000  13.000   0  20  843  916
 223 100.000 394.000   0  10  990 1082
 224 483.000  22.000  90  10  458  561
 225  93.000 235.000  90  10  917 1046
 226 436.000 264.000  90  20  186  317
 227  24.000 492.000  90  10 1212 1341
 228 406.000  94.000  90  10  331  475
 229 408.000 453.000  90  10  570  666
 230 128.000 225.000  90  10  151  278
 231 391.000 407.000  90  10  521  633
 232 425.000 215.000  90  10  646  801
 233 479.000 176.000  90  20  256  406
 234 386.000 405.000  90  20  206  335
 235 266.000 405.000  90  20  653  771
 236 357.000 181.000  90  20  324  484
 237 423.000 290.000  90  10  304  414
 238 104.000  28.000  90  20  664  799
 239 131.000  56.000  90  10  459  562
 240 214.000 394.000  90  10  749  863
 241 356.000  21.000  90  20  358  507
 242 397.000  20.000  90  20  386  523
 243 152.000 210.000  90  20  105  201
 244  67.000 335.000  90  20  591  722
 245 126.000  30.000  90  10  473  580
 246 390.000 423.000  90  10  248  377
 247 285.000 162.000  90  30  579  733
 248 285.000 158.000  90  30  317  428
 249 406.000  96.000  90  20  258  363
 250 459.000 374.000  90  20  815  951
 251  67.000 109.000  90  20  332  493
 252 468.000 475.000  90  10  313  432
 253 438.000  31.000  90  10  335  426
 254 168.000  24.000  90  10  735  852
 255 460.000 288.000  90  10  213  350
 256 224.000 203.000  90  20   53  174
 257  21.000 488.000  90  10  614  779
 258  87.000 217.000  90  10  558  683
 259  67.000 452.000  90  30  285  443
 260 344.000 262.000  90  20  483  624
 261 390.000 301.000  90  10  359  482
 262 167.000  27.000  90  30  450  573
 263 236.000 247.000  90  20  394  540
 264 313.000 119.000  90  30  648  773
 265 200.000  13.000  90  10  378  472
 266   0.000 120.000  90  30  405  518
 267 202.000   4.000  90  10  919 1035
 268 250.000 411.000  90  30  465  580
 269 443.000 237.000  90  20  212  355
 270 299.000  98.000  90  30  283  401
 271 334.000 240.000  90  30  497  612
 272 444.000 269.000  90  20  502  636
 273 413.000 421.000   0  10  740  855
 274 382.000 498.000  90  10  601  688
 275 391.000 429.000  90  20  434  566
 276 398.000  97.000  90  10  253  354
 277 438.000  26.000   0  10  397  553
 278  44.000  79.000  90  10  267  394
 279 446.000 319.000  90  30  345  435
 280 175.000 487.000  90  20  248  398
 281  26.000  45.000   0  30  303  458
 282 147.000 435.000  90  20  504  656
 283  86.000 268.000  90  10  655  769
 284 415.000 216.000  90  10  292  410
 285 121.000 218.000  90  20  159  289
 286 210.000 185.000  90  20   76  204
 287  98.000 215.000  90  20  190  306
 288 484.000 174.000  90  10  473  567
 289 328.000 458.000   0  10  907 1043
 290 481.000 124.000  90  10  463  613
 291 386.000 414.000   0  10 1082 1189
 292 116.000 466.000  90  20  289  403
 293  15.000  68.000  90  10  412  544
 294 392.000 424.000  90  10  917 1017
 295 240.000 250.000  90  10  308  437
 296 123.000 159.000  90  20  156  294
 297  89.000 290.000  90  20  201  324
 298  39.000  50.000   0  30  416  536
 299 338.000 257.000   0  20  692  793
 300  91.000 101.000  90  10  818  929
 301  55.000 449.000  90  20  278  405
 302  57.000 425.000  90  20  260  387
 303 465.000 287.000  90  10  524  650
 304 320.000 280.000  90  10  201  318
 305 322.000 468.000  90  20  533  667
 306 483.000 458.000  90  10  607  756
 307 139.000 291.000  90  10  118  235
 308 204.000 269.000  90  30   49  194
 309 407.000  98.000  90  10  218  345
 310 339.000 244.000   0  30  201  348
 311  89.000 272.000  90  10  471  582
 312 425.000 288.000  90  10  578  694
 313 199.000   9.000  90  20  840  924
 314 463.000 167.000  90  10  619  746
 315 400.000 288.000  90  30  154  300
 316  61.000 156.000  90  30  431  563
 317 112.000 217.000  90  20  345  481
 318 389.000 404.000  90  10  243  356
 319 434.000  26.000  90  10  499  640
 320 439.000 310.000  90  10  198  342
 321 212.000 319.000  90  30  209  311
 322 320.000 283.000  90  30  384  507
 323 236.000 213.000  90  20   39  162
 324  68.000 108.000  90  10  230  350
 325 275.000  42.000  90  30  509  637
 326 423.000 214.000   0  20  580  684
 327 460.000 367.000  90  20  375  468
 328 272.000 402.000  90  10  280  390
 329 478.000 102.000  90  10  690  789
 330 400.000 260.000  90  40  150  237
 331  93.000  96.000  90  20  336  464
 332 441.000 265.000  90  40  304  441
 333  21.000  64.000   0  20  804  890
 334 267.000  44.000  90  20  613  729
 335 277.000  50.000  90  10  234  352
 336 182.000   4.000  90  10  571  675
 337  26.000  36.000  90  10  622  727
 338 321.000 277.000  90  10   75  187
 339 358.000  16.000  90  30  571  665
 340 290.000 141.000  90  30  610  744
 341 439.000  15.000  90  20  615  741
 342 230.000  49.000  90  20  201  302
 343 468.000 199.000  90  20  651  748
 344 101.000 384.000  90  30  200  296
 345 197.000 270.000  90  30  448  573
 346 415.000 289.000  90  20  169  331
 347 203.000 390.000  90  40  279  388
 348 210.000 391.000  90  30  172  301
 349 363.000  22.000   0  20  922 1066
 350 352.000 176.000  90  20  126  233
 351  18.000 484.000  90  10  345  495
 352 379.000  82.000   0  10  796  915
 353  84.000 346.000   0  20 1044 1207
 354   7.000 118.000   0  20  958 1076
 355 109.000 108.000  90  10  422  532
 356  88.000 287.000  90  30  857  980
 357  54.000 424.000  90  10  285  423
 358 125.000  32.000  90  30  377  492
 359 199.000  12.000  90  20  462  570
 360 304.000 102.000  90  30  481  583
 361 391.000 293.000   0  20  736  866
 362 132.000 291.000  90  10  710  824
 363  18.000 462.000  90  20 1005 1100
 364 342.000 254.000  90  10  209  337
 365  92.000 223.000   0  10  934 1056
 366 404.000  83.000   0  30  806  941
 367  95.000  92.000  90  20  526  650
 368 319.000 260.000   0  20  460  596
 369 402.000 284.000  90  30  267  412
 370 108.000 105.000  90  20  234  353
 371 472.000 129.000  90  10  278  418
 372  43.000  71.000   0  40  505  600
 373 493.000  91.000  90  30  500  640
 374  12.000 451.000  90  20  311  454
 375  60.000 428.000   0  20 1033 1162
 376 389.000  11.000  90  20  677  800
 377 459.000  14.000  90  20  362  448
 378   0.000 297.000  90  10  639  776
 379 458.000  16.000  90  20  313  391
 380  92.000 230.000  90  20  450  597
 381 432.000  24.000   0  20  962 1094
 382 215.000 317.000  90  10  110  223
 383 371.000 192.000  90  30  167  283
 384 481.000  20.000  90  20  538  666
 385  14.000 459.000  90  20  517  664
 386   8.000 497.000  90  40  919 1047
 387 402.000 264.000  90  20  187  303
 388  35.000 304.000   0  30  252  372
 389 321.000 263.000  90  20  653  771
 390 444.000 313.000  90  20  440  534
 391 400.000 103.000  90  10  516  666
 392 112.000 219.000  90  20  428  581
 393 408.000 452.000  90  10  480  575
 394 205.000 228.000   0  10   90  193
 395 395.000 331.000  90  20  649  774
 396 313.000 282.000   0  20  751  886
 397 400.000 286.000  90  10  187  306
 398 346.000 144.000  90  10  637  753
 399 440.000 244.000  90  10  774  909
 400 207.000 400.000  90  20  492  559
 401 204.000  15.000  90  20  239  351
 402 445.000 273.000  90  20  700  806
 403 439.000 305.000  90  30  693  841
 404 249.000 407.000  90  10  373  485
 405 279.000 159.000  90  20  238  315
 406 376.000 494.000  90  30  302  428
 407  41.000  47.000  90  20  331  433
 408 391.000  99.000  90  20  206  311
 409 116.000 221.000   0  30  560  639
 410 165.000 343.000  90  10  550  619
 411 388.000 334.000  90  20  193  314
 412 130.000  57.000  90  40  262  392
 413 422.000 409.000  90  10  234  403
 414 485.000  86.000  90  20  307  455
 415 389.000 428.000  90  20  348  468
 416 117.000 467.000  90  10  254  393
 417 339.000  60.000  90  20  249  362
 418 381.000 494.000  90  10  768  888
 419 218.000 321.000  90  20  662  794
 420  64.000 101.000  90  20  643  748
 421 478.000 464.000  90  10  356  449
 422 423.000 286.000  90  20  407  499
 423 225.000 196.000  90  10   85  216
 424 374.000 190.000  90  20  226  411
 425 231.000 195.000  90  20  460  589
 426  72.000  96.000  90  20 1194 1305
 427 489.000  87.000  90  20  403  546
 428 233.000 204.000  90  20  164  294
 429 459.000 368.000  90  10  280  380
 430 211.000 386.000  90  20  141  250
 431 224.000 314.000   0  10 1029 1172
 432  79.000 291.000  90  10  486  601
 433  95.000 235.000  90  10  155  248
 434   7.000 123.000  90  30  296  433
 435  91.000 217.000  90  10  676  754
 436 105.000  27.000   0  10  571  709
 437 101.000 385.000  90  20  239  344
 438 439.000  67.000  90  10  290  417
 439 450.000 265.000  90  10  404  538
 440 492.000  94.000  90  10  693  817
 441 440.000  63.000  90  20  835  984
 442 453.000 367.000   0  20 1021 1124
 443  15.000  69.000  90  10  320  453
 444 335.000 255.000  90  20   85  239
 445 419.000 418.000  90  10  367  481
 446 292.000  41.000   0  10  698  840
 447 489.000  27.000  90  10  999 1153
 448  96.000 270.000  90  20  262  413
 449 105.000  22.000  90  30  316  408
 450 186.000   7.000  90  20  459  597
 451 465.000 168.000  90  10  794  944
 452 416.000 288.000   0  20 1239 1340
 453 388.000 418.000  90  10  217  372
 454 485.000  24.000  90  20  370  463
 455 388.000 331.000  90  20  160  303
 456 281.000 164.000  90  20   91  225
 457 279.000  42.000  90  40  231  370
 458 439.000 243.000  90  20 1152 1266
 459 477.000 478.000  90  20  914 1021
 460  12.000 463.000  90  20  706  846
 461 458.000 164.000   0  20  335  477
 462 446.000  65.000  90  20  478  605
 463 102.000  29.000  90  30  864  969
 464 384.000  16.000  90  20  881  971
 465 282.000 139.000  90  20  133  282
 466 228.000 199.000  90  10  658  760
 467 467.000 195.000  90  10  236  392
 468 469.000 132.000   0  10  828  951
 469 246.000 255.000  90  10  805  891
 470 202.000 186.000  90  20  578  714
 471 467.000 285.000  90  20  352  455
 472 341.000  58.000  90  10  345  452
 473 121.000 219.000  90  20  132  274
 474  89.000 270.000  90  10  558  679
 475 136.000  52.000   0  10  734  842
 476 340.000  54.000   0  10  428  557
 477  80.000 286.000  90  10  566  712
 478  25.000 307.000  90  10  442  567
 479 270.000 400.000  90  10  151  253
 480 399.000 106.000  90  20  892 1022
 481  91.000 231.000  90  30  549  681
 482  35.000 303.000  90  20  221  353
 483 311.000 266.000  90  10   63  165
 484 416.000 420.000  90  20  652  757
 485 231.000 203.000   0  20  278  366
 486   4.000 116.000  90  10  591  706
 487 345.000 144.000  90  30  533  676
 488 368.000  85.000  90  30  202  345
 489 201.000 270.000  90  10   88  198
 490   0.000 293.000  90  30  570  657
 491 186.000 464.000  90  10  639  754
 492   7.000 292.000  90  10  246  380
 493 300.000 108.000  90  10  150  265
 494 478.000 121.000  90  40  756  871
 495  92.000 232.000  90  10  364  500
 496 132.000 294.000  90  20  428  547
 497 232.000  47.000  90  10  241  349
 498 466.000 291.000  90  10  615  746
 499 341.000 257.000  90  20  401  513
 500 116.000 152.000   0  20  652  777
 501 440.000   7.000  90  20  424  554
 502 485.000  95.000  90  10  281  401
 503  97.000 385.000  90  30  502  633
 504 455.000 365.000  90  20  235  352
 505 405.000 450.000  90  20  288  398
 506 371.000 193.000  90  20  133  221
 507 234.000 202.000  90  10  359  471
 508 404.000 103.000  90  20  431  562
 509  24.000  41.000  90  10  515  643
 510  67.000 334.000  90  20  509  622
 511 207.000 227.000  90  10   48  180
 512  15.000 457.000  90  20  452  544
 513 378.000 493.000  90  30  419  495
 514 112.000 465.000   0  10  658  770
 515 173.000  25.000   0  20  899 1060
 516  74.000 146.000  90  30  204  305
 517 178.000 491.000  90  10  563  683
 518 204.000 185.000  90  20  697  779
 519 319.000 470.000  90  10  338  487
 520 163.000 331.000  90  40  118  245
 521 470.000 125.000  90  20  253  379
 522 166.000  34.000  90  20  231  314
 523 284.000 140.000  90  40  115  227
 524 376.000 190.000  90  30  344  477
 525 238.000 203.000  90  10  451  567
 526 472.000 481.000  90  20  444  560
 527  46.000  74.000  90  20  592  703
 528 475.000 480.000  90  30  806  942
 529 332.000 249.000  90  30   82  204
 530 359.000 179.000  90 -20  418  577
 531 325.000 466.000  90 -10  616  772
 532 407.000 280.000  90 -20  563  684
 533 476.000 196.000  90 -30  467  553
 534 217.000 319.000  90 -10  754  886
 535  72.000 344.000  90 -20  584  729
 536  75.000 347.000  90 -10  789  893
 537 132.000 290.000  90 -10  804  911
 538 237.000 254.000  90 -20  608  709
 539 287.000 143.000  90 -10  718  823
 540 387.000 488.000  90 -20  952 1082
 541 442.000 243.000  90 -20  977 1071
 542 286.000 137.000  90 -10  413  562
 543 379.000 196.000  90 -20  633  745
 544 304.000  97.000  90 -10  357  516
 545 121.000 151.000  90 -10 1022 1141
 546  30.000 302.000  90 -20  536  668
 547 446.000  64.000  90 -10  564  700
 548 244.000 250.000  90 -10  123  250
 549 407.000  88.000  90 -20 1004 1115
 550 275.000  45.000  90 -20  422  537
 551 169.000 336.000  90 -30  807  923
 552 132.000 223.000  90 -20  803  942
 553 470.000 473.000  90 -10 1195 1296
 554  78.000 346.000  90 -10  307  451
 555 481.000 456.000  90 -10  991 1128
 556 128.000 291.000  90 -10  591  754
 557 173.000  28.000  90 -20 1112 1213
 558  25.000 499.000  90 -30 1118 1241
 559 428.000  24.000  90 -10 1061 1183
 560 418.000 290.000  90 -20 1147 1247
 561 113.000 156.000  90 -20  567  672
 562 206.000 261.000  90 -10 1017 1137
 563 477.000 483.000  90 -10  710  851
 564  96.000 213.000  90 -30  292  389
 565 390.000 294.000  90 -10  827  957
 566  67.000 105.000  90 -10  526  674
 567 356.000  23.000  90 -20  276  405
 568 152.000 206.000  90 -30  895  989
 569  20.000 489.000  90 -30  833  924
 570 134.000 428.000  90 -30  914 1013
 571 202.000   9.000  90 -10 1170 1336
 572  13.000  51.000  90 -10 1282 1425
 573 461.000 167.000  90 -20  450  551
 574 362.000  22.000  90 -10 1022 1149
 575  55.000 431.000  90 -20  673  772
 576 181.000   6.000  90 -30  656  774
 577 479.000 121.000  90 -30  680  765
 578  24.000  65.000  90 -10  879 1002
 579 102.000 391.000  90 -20 1082 1177
 580  77.000 350.000  90 -10  964 1092
 581 462.000  14.000  90 -20  915 1029
 582   7.000 300.000  90 -10 1034 1125
 583 111.000 463.000  90 -10  850  944
 584 138.000 438.000  90 -20  804  920
 585 403.000 262.000  90 -20  466  574
 586 397.000  18.000  90 -10  480  613
 587 441.000 244.000  90 -20  849 1016
 588 419.000 459.000  90 -20  766  857
 589 100.000 266.000  90 -10  183  300
 590  22.000  38.000  90 -20  899 1009
 591 109.000 114.000  90 -20  792  908
 592 399.000 450.000  90 -20  964 1063
 593 169.000 340.000  90 -20  723  820
 594   2.000 295.000  90 -30  741  860
 595 132.000  30.000  90 -10  843  958
 596  89.000 216.000  90 -30  473  584
 597 216.000 319.000  90 -20  283  425
 598 116.000 151.000  90 -10  732  878
 599 465.000 136.000  90 -10  915 1055
 600 189.000 464.000  90 -20  818  945
 601 375.000  80.000  90 -40  526  623
 602 437.000  12.000  90 -40  526  643
 603 207.000 223.000  90 -20  543  677
 604 466.000 142.000  90 -10  436  592
 605 346.000  60.000  90 -20  998 1114
 606 366.000  93.000  90 -20  897 1028
 607  95.000 277.000  90 -40 1032 1147
 608 316.000 258.000  90 -20  262  424
 609 140.000 431.000  90 -30  265  338
 610 123.000 155.000  90 -30 1136 1216
 611 474.000  96.000  90 -30  271  407
 612 344.000  62.000  90 -20 1176 1306
 613 399.000 301.000  90 -30  557  662
 614 420.000 213.000  90 -10  462  616
 615  87.000  96.000  90 -30  715  838
 616 379.000  80.000  90 -30  694  832
 617 472.000 132.000  90 -40  728  864
 618 429.000  27.000  90 -20 1231 1380
 619  58.000 449.000  90 -10  956 1080
 620 476.000 102.000  90 -10  773  890
 621 393.000  20.000  90 -20 1120 1292
 622 243.000 248.000  90 -20  212  346
 623 435.000  16.000  90 -20  813  911
 624 154.000 207.000  90 -20  961 1107
 625 108.000  26.000  90 -10  380  535
 626 359.000 182.000  90 -20  735  833
 627 462.000 167.000  90 -30  514  669
 628 428.000  25.000  90 -20 1168 1258
 629   8.000 120.000  90 -20 1128 1273
 630 232.000  42.000  90 -20  507  637
 631 235.000  50.000  90 -20  797  912
 632 312.000 267.000  90 -10  852  951
 633 179.000   7.000  90 -10  824  971
 634 389.000  17.000  90 -10  960 1081
 635 393.000 410.000  90 -20  889 1005
 636 188.000 462.000  90 -20  740  839
 637  48.000  72.000  90 -30  669  811
 638 288.000  53.000  90 -20  895 1028
 639 208.000 222.000  90 -30  644  757
 640  63.000 444.000  90 -30 1054 1176
 641 413.000 417.000  90 -20 1111 1232
 642 179.000 492.000  90 -20  641  788
 643  91.000 235.000  90 -10 1111 1218
 644 406.000 257.000  90 -20  556  676
 645 387.000 297.000  90 -20  187  283
 646 248.000 404.000  90 -40  165  323
 647 413.000 287.000  90 -10 1325 1440
 648  59.000 457.000  90 -20  772  887
 649 458.000 130.000  90 -10 1113 1237
 650 167.000  24.000  90 -20  622  782
 651  92.000 233.000  90 -10  741  856
 652  19.000  43.000  90 -10 1178 1283
 653 444.000 271.000  90 -10  607  714
 654 267.000 400.000  90 -20  746  868
 655 436.000 241.000  90 -10 1242 1362
 656  22.000  40.000  90 -10  975 1118
 657 347.000  54.000  90 -20  813  928
 658 269.000  48.000  90 -10  796  915
 659  24.000  68.000  90 -30 1236 1382
 660 422.000 420.000  90 -30  448  588
 661 323.000 471.000  90 -10  433  581
 662  57.000 432.000  90 -20  951 1055
 663 440.000  61.000  90 -30  953 1050
 664  21.000  68.000  90 -20 1157 1275
 665 313.000 126.000  90 -20  850  947
 666 401.000 281.000  90 -20  921 1071
 667  71.000 156.000  90 -20  806  942
 668  56.000 434.000  90 -20  844  977
 669 199.000 187.000  90 -20  393  531
 670 123.000 222.000  90 -30  355  450
 671  71.000 103.000  90 -10 1385 1490
 672  63.000 336.000  90 -20  785  898
 673 245.000 408.000  90 -20  575  663
 674 483.000  27.000  90 -10 1256 1412
 675 466.000 295.000  90 -10  998 1107
 676 117.000 152.000  90 -10  835  959
 677 403.000  93.000  90 -10 1095 1216
 678 417.000 217.000  90 -20  399  488
 679 343.000 148.000  90 -40  345  495
 680 485.000 454.000  90 -20  809  924
 681 476.000 174.000  90 -20  823  975
 682 131.000 220.000  90 -10  720  840
 683 488.000 173.000  90 -20  563  665
 684  48.000  78.000  90 -20  946 1087
 685 172.000 488.000  90 -10  297  387
 686 451.000 367.000  90 -20 1092 1237
 687 343.000 144.000  90 -10  290  361
 688 201.000 188.000  90 -20  508  599
 689 418.000 221.000  90 -20 1127 1246
 690 312.000 270.000  90 -20  951 1038
 691  68.000  99.000  90 -10  996 1130
 692 111.000 110.000  90 -20  514  625
 693  97.000 387.000  90 -10  799  893
 694 319.000 124.000  90 -20  381  485
 695 481.000  96.000  90 -20  504  599
 696 388.000 325.000  90 -30  930 1067
 697 188.000   4.000  90 -30  382  486
 698 135.000 293.000  90 -20  336  454
 699 111.000 467.000  90 -10  568  676
 700 186.000 472.000  90 -20  539  658
 701 357.000  26.000  90 -10 1117 1247
 702 461.000   8.000  90 -10  714  854
 703 200.000 265.000  90 -20  822  953
 704 442.000 247.000  90 -20  601  712
 705 316.000 286.000  90 -20  575  689
 706 395.000 332.000  90 -20  568  673
 707 348.000 147.000  90 -10  834  925
 708 202.000   8.000  90 -10 1082 1242
 709 391.000 413.000  90 -30  985 1097
 710  51.000 447.000  90 -20  413  525
 711 129.000  27.000  90 -20  663  763
 712 315.000 121.000  90 -20  563  673
 713  69.000 334.000  90 -10  318  444
 714 231.000 204.000  90 -20  741  869
 715  37.000  55.000  90 -10  694  816
 716 267.000 394.000  90 -20  945 1043
 717 480.000 460.000  90 -30  532  643
 718  62.000 453.000  90 -10  475  624
 719 335.000 243.000  90 -20  393  529
 720 192.000 265.000  90 -20  624  775
 721 288.000  44.000  90 -10  612  735
 722 443.000  64.000  90 -20  768  866
 723 206.000 225.000  90 -30  388  463
 724 470.000 139.000  90 -10  614  785
 725  76.000 345.000  90 -10  503  623
 726  30.000  72.000  90 -20 1351 1452
 727 132.000  57.000  90 -20  360  479
 728 491.000  25.000  90 -30  926 1041
 729 146.000 439.000  90 -20  604  744
 730 343.000  62.000  90 -30 1271 1394
 731 326.000 118.000  90 -30  195  291
 732  66.000 156.000  90 -20  635  736
 733  69.000 336.000  90 -20  399  548
 734 124.000 219.000  90 -20  545  641
 735 152.000 207.000  90 -20  795  907
 736 415.000 223.000  90 -20 1231 1329
 737  64.000 426.000  90 -10 1122 1263
 738 361.000 181.000  90 -30  626  759
 739  13.000 459.000  90 -10  634  729
 740 165.000 337.000  90 -20  320  475
 741   6.000 114.000  90 -20  762  903
 742   6.000 296.000  90 -20  830  959
 743  80.000 290.000  90 -20  413  492
 744  94.000  97.000  90 -20  230  388
 745 149.000 203.000  90 -10  515  636
 746 290.000  46.000  90 -10  800  929
 747 109.000 463.000  90 -10  914 1064
 748 459.000 295.000  90 -30 1189 1293
 749 151.000 207.000  90 -20  695  824
 750 182.000 463.000  90 -10  353  459
 751 464.000  13.000  90 -20  843  916
 752 100.000 394.000  90 -10  990 1082
 753 489.000  17.000  90 -10  729  860
 754  96.000 244.000  90 -10 1294 1417
 755 441.000 273.000  90 -20  879  996
 756  26.000 490.000  90 -10 1278 1406
 757 406.000  87.000  90 -10  893 1043
 758 405.000 455.000  90 -10  857  974
 759 126.000 220.000  90 -10  630  740
 760 393.000 408.000  90 -10  625  713
 761 417.000 218.000  90 -10 1030 1156
 762 484.000 177.000  90 -20  363  490
 763 388.000 408.000  90 -20  321  465
 764 268.000 400.000  90 -20  833  964
 765 358.000 183.000  90 -20  892 1045
 766 424.000 286.000  90 -10  488  600
 767 102.000  27.000  90 -20  764  885
 768 133.000  53.000  90 -10  648  741
 769 220.000 392.000  90 -10  954 1031
 770 361.000  14.000  90 -20  665  759
 771 386.000  13.000  90 -20  772  891
 772 148.000 211.000  90 -20  147  252
 773  66.000 336.000  90 -20  674  823
 774 125.000  29.000  90 -10  562  675
 775 391.000 426.000  90 -10  724  845
 776 285.000 163.000  90 -30  688  806
 777 286.000 159.000  90 -30  502  624
 778 411.000  95.000  90 -20  443  553
 779 457.000 374.000  90 -20  909 1040
 780  65.000 100.000  90 -20  724  850
 781 470.000 475.000  90 -10  342  468
 782 432.000  27.000  90 -10  766  922
 783 170.000  26.000  90 -10  817  955
 784 461.000 284.000  90 -10  254  362
 785 224.000 192.000  90 -20  186  304
 786  20.000 488.000  90 -10  726  849
 787  95.000 218.000  90 -10  834  965
 788  58.000 458.000  90 -30  680  795
 789 338.000 260.000  90 -20  604  695
 790 395.000 295.000  90 -10  649  764
 791 174.000  26.000  90 -30 1013 1128
 792 244.000 254.000  90 -20  698  813
 793 314.000 124.000  90 -30  774  838
 794 198.000   9.000  90 -10  738  843
 795   2.000 116.000  90 -30  499  614
 796 208.000  11.000  90 -10 1304 1394
 797 243.000 399.000  90 -30  758  861
 798 444.000 242.000  90 -20  399  543
 799 307.000 108.000  90 -30  769  856
 800 330.000 242.000  90 -30  606  691
 801 443.000 272.000  90 -20  788  902
 802 413.000 421.000  90 -10  740  855
 803 384.000 491.000  90 -10  848  998
 804 392.000 426.000  90 -20  653  735
 805 406.000  99.000  90 -10  334  470
 806 438.000  26.000  90 -10  397  553
 807  49.000  75.000  90 -10  770  896
 808 442.000 310.000  90 -30  619  722
 809 174.000 494.000  90 -20  469  587
 810  26.000  45.000  90 -30  303  458
 811 144.000 439.000  90 -20  711  821
 812  92.000 270.000  90 -10  937 1047
 813 418.000 218.000  90 -10  948 1056
 814 115.000 218.000  90 -20  247  393
 815 200.000 178.000  90 -20  216  322
 816  95.000 224.000  90 -20 1030 1147
 817 484.000 171.000  90 -10  652  765
 818 328.000 458.000  90 -10  907 1043
 819 477.000 120.000  90 -10  938 1057
 820 386.000 414.000  90 -10 1082 1189
 821 110.000 459.000  90 -20 1029 1136
 822  25.000  65.000  90 -10  974 1089
 823 390.000 415.000  90 -10 1025 1108
 824 234.000 246.000  90 -10  497  622
 825 121.000 157.000  90 -20  199  300
 826  85.000 288.000  90 -20  288  426
 827  39.000  50.000  90 -30  416  536
 828 338.000 257.000  90 -20  692  793
 829 108.000 116.000  90 -10  892  993
 830  53.000 440.000  90 -20  591  725
 831  95.000 391.000  90 -20  885  996
 832 460.000 293.000  90 -10 1083 1215
 833 316.000 284.000  90 -10  457  622
 834 328.000 466.000  90 -20  806  947
 835 487.000 450.000  90 -10  902 1019
 836 137.000 290.000  90 -10  169  252
 837 198.000 264.000  90 -30  746  845
 838 409.000  90.000  90 -10  531  655
 839 339.000 244.000  90 -30  201  348
 840  91.000 266.000  90 -10  763  852
 841 421.000 294.000  90 -10  858  978
 842 203.000   7.000  90 -20 1005 1136
 843 466.000 165.000  90 -10  709  844
 844 405.000 276.000  90 -30  738  881
 845  65.000 153.000  90 -30  523  662
 846 119.000 223.000  90 -20  817  942
 847 396.000 410.000  90 -10  795  913
 848 433.000  25.000  90 -10  869 1004
 849 439.000 312.000  90 -10  230  350
 850 217.000 323.000  90 -30  358  538
 851 315.000 287.000  90 -30  666  780
 852 233.000 207.000  90 -20   72  201
 853  64.000  99.000  90 -10  832  925
 854 269.000  46.000  90 -30  708  820
 855 423.000 214.000  90 -20  580  684
 856 459.000 372.000  90 -20  631  768
 857 277.000 403.000  90 -10  357  502
 858 478.000 118.000  90 -10 1045 1134
 859 401.000 255.000  90 -40  635  787
 860  97.000  93.000  90 -20  433  558
 861 435.000 267.000  90 -40 1155 1281
 862  21.000  64.000  90 -20  804  890
 863 270.000  49.000  90 -20  889 1006
 864 268.000  52.000  90 -10  977 1105
 865 176.000   8.000  90 -10  921 1060
 866  22.000  37.000  90 -10  798  928
 867 321.000 280.000  90 -10  119  218
 868 361.000  17.000  90 -30  751  858
 869 287.000 144.000  90 -30  805  918
 870 435.000  20.000  90 -20  900 1013
 871 231.000  43.000  90 -20  429  531
 872 421.000 218.000  90 -20  845  973
 873  95.000 384.000  90 -30  680  825
 874 197.000 267.000  90 -30  538  669
 875 421.000 292.000  90 -20  204  329
 876 210.000 398.000  90 -40  557  681
 877 208.000 396.000  90 -30  375  487
 878 363.000  22.000  90 -20  922 1066
 879 360.000 184.000  90 -20  819  933
 880  21.000 487.000  90 -10  552  659
 881 379.000  82.000  90 -10  796  915
 882  84.000 346.000  90 -20 1044 1207
 883   7.000 118.000  90 -20  958 1076
 884 107.000 112.000  90 -10  698  817
 885 134.000 285.000  90 -30 1087 1185
 886  56.000 428.000  90 -10  394  503
 887 133.000  26.000  90 -30  744  870
 888 197.000  11.000  90 -20  619  778
 889 305.000 107.000  90 -30  662  779
 890 391.000 293.000  90 -20  736  866
 891 136.000 288.000  90 -10  986 1099
 892  17.000 458.000  90 -20 1255 1402
 893 343.000 254.000  90 -10  301  426
 894  92.000 223.000  90 -10  934 1056
 895 404.000  83.000  90 -30  806  941
 896  88.000  95.000  90 -20  624  747
 897 319.000 260.000  90 -20  460  596
 898 406.000 285.000  90 -30  375  492
 899 111.000 113.000  90 -20  621  704
 900 479.000 127.000  90 -10  375  515
 901  43.000  71.000  90 -40  505  600
 902 488.000  96.000  90 -30  881 1001
 903  17.000 459.000  90 -20 1185 1289
 904  60.000 428.000  90 -20 1033 1162
 905 394.000  23.000  90 -20 1249 1349
 906 460.000  13.000  90 -20  432  562
 907   5.000 297.000  90 -10  931 1041
 908 459.000  17.000  90 -20  987 1146
 909  92.000 236.000  90 -20 1007 1139
 910 432.000  24.000  90 -20  962 1094
 911 221.000 325.000  90 -10  586  681
 912 371.000 200.000  90 -30  812  946
 913 485.000  27.000  90 -20 1193 1328
 914  16.000 462.000  90 -20  889 1032
 915  16.000 497.000  90 -40 1007 1154
 916 335.000 256.000  90 -20  861  991
 917  35.000 304.000  90 -30  252  372
 918 315.000 265.000  90 -20  746  870
 919 443.000 313.000  90 -20  521  635
 920 399.000 104.000  90 -10  799  930
 921 116.000 225.000  90 -20  720  851
 922 412.000 453.000  90 -10  646  778
 923 205.000 228.000  90 -10   90  193
 924 390.000 325.000  90 -20  839  973
 925 313.000 282.000  90 -20  751  886
 926 408.000 279.000  90 -10  650  779
 927 346.000 150.000  90 -10  922 1024
 928 440.000 241.000  90 -10 1054 1179
 929 213.000 397.000  90 -20  652  773
 930 200.000  14.000  90 -20  272  395
 931 439.000 268.000  90 -20  969 1096
 932 418.000 295.000  90 -30 1041 1163
 933 241.000 403.000  90 -10  654  777
 934 288.000 154.000  90 -20  415  521
 935 380.000 498.000  90 -30  485  619
 936  40.000  52.000  90 -20  508  628
 937 399.000 102.000  90 -20  608  756
 938 116.000 221.000  90 -30  560  639
 939 167.000 339.000  90 -10  628  731
 940 389.000 334.000  90 -20  282  406
 941 132.000  55.000  90 -40  553  651
 942 416.000 417.000  90 -10 1011 1145
 943 492.000  95.000  90 -20  777  915
 944 398.000 428.000  90 -20  545  650
 945 111.000 459.000  90 -10 1108 1239
 946 347.000  62.000  90 -20 1083 1214
 947 380.000 489.000  90 -10 1053 1175
 948 218.000 318.000  90 -20  854  969
 949  66.000  98.000  90 -20  913 1027
 950 480.000 455.000  90 -10 1098 1203
 951 428.000 291.000  90 -20  664  798
 952 226.000 191.000  90 -10  367  488
 953 378.000 199.000  90 -20  725  840
 954 230.000 197.000  90 -20  534  700
 955  73.000 101.000  90 -20 1284 1405
 956 467.000 114.000  90 -20 1117 1265
 957 238.000 204.000  90 -20  547  653
 958 462.000 367.000  90 -10  465  561
 959 215.000 395.000  90 -20  847  946
 960 224.000 314.000  90 -10 1029 1172
 961  87.000 285.000  90 -10  671  801
 962  94.000 235.000  90 -10  191  302
 963   8.000 118.000  90 -30 1038 1178
 964  92.000 216.000  90 -10  746  866
 965 105.000  27.000  90 -10  571  709
 966 101.000 386.000  90 -20  307  457
 967 441.000  65.000  90 -10  385  508
 968 435.000 268.000  90 -10 1041 1213
 969 489.000 101.000  90 -10  995 1076
 970 437.000  61.000  90 -20 1033 1157
 971 453.000 367.000  90 -20 1021 1124
 972  18.000  63.000  90 -10  705  803
 973 337.000 256.000  90 -20  142  213
 974 419.000 422.000  90 -10  530  692
 975 292.000  41.000  90 -10  698  840
 976 488.000  26.000  90 -10 1113 1222
 977  90.000 274.000  90 -20  366  503
 978 107.000  26.000  90 -30  492  605
 979 182.000  14.000  90 -20 1039 1139
 980 460.000 171.000  90 -10  900 1031
 981 416.000 288.000  90 -20 1239 1340
 982 391.000 425.000  90 -10  818  934
 983 491.000  20.000  90 -20  835  943
 984 391.000 334.000  90 -20  376  496
 985 280.000 162.000  90 -20  125  243
 986 283.000  47.000  90 -40  321  472
 987 434.000 245.000  90 -20 1325 1469
 988 473.000 475.000  90 -20 1097 1208
 989  16.000 460.000  90 -20 1099 1193
 990 458.000 164.000  90 -20  335  477
 991 435.000  62.000  90 -20 1139 1236
 992 107.000  35.000  90 -30  964 1063
 993 391.000  18.000  90 -20 1056 1169
 994 290.000 136.000  90 -20  521  642
 995 237.000 213.000  90 -10  823  940
 996 473.000 196.000  90 -10  548  658
 997 469.000 132.000  90 -10  828  951
 998 249.000 258.000  90 -10  883 1000
 999 204.000 187.000  90 -20  771  890
1000 470.000 290.000  90 -20  807  924
1001 343.000  49.000  90 -10  612  747
1002 114.000 225.000  90 -20  618  769
1003  91.000 268.000  90 -10  844  955
1004 136.000  52.000  90 -10  734  842
1005 340.000  54.000  90 -10  428  557
1006  88.000 286.000  90 -10  758  896
1007  30.000 301.000  90 -10  637  748
1008 272.000 403.000  90 -10  470  579
1009 349.000 158.000  90 -20 1022 1121
1010  90.000 237.000  90 -30 1195 1317
1011  38.000 301.000  90 -20  720  862
1012 315.000 260.000  90 -10  185  315
1013 417.000 417.000  90 -20  931 1044
1014 231.000 203.000  90 -20  278  366
1015   4.000 114.000  90 -10  671  810
1016 348.000 145.000  90 -30  730  845
1017 377.000  76.000  90 -30  609  729
1018 200.000 270.000  90 -10  184  283
1019   8.000 300.000  90 -30 1125 1216
1020 220.000 319.000  90 -10  958 1050
1021   6.000 292.000  90 -10  288  387
1022 307.000 102.000  90 -10  580  669
1023 464.000 134.000  90 -40 1005 1149
1024  92.000 234.000  90 -10  821  959
1025 134.000 288.000  90 -20  888 1014
1026 238.000  46.000  90 -10  702  817
1027 468.000 295.000  90 -10  904 1018
1028 337.000 257.000  90 -20  771  897
1029 116.000 152.000  90 -20  652  777
1030 437.000  15.000  90 -20  719  821
1031 494.000  94.000  90 -10  609  718
1032  94.000 383.000  90 -30  599  723
1033 461.000 369.000  90 -20  564  648
1034 406.000 450.000  90 -20  382  487
1035 376.000 195.000  90 -20  526  665
1036 238.000 210.000  90 -10  735  843
1037 398.000 103.000  90 -20  699  848
1038  22.000  41.000  90 -10 1074 1201
1039  62.000 326.000  90 -20  877 1006
1040 212.000 223.000  90 -10  742  849
1041  16.000 463.000  90 -20  823  916
1042 381.000 495.000  90 -30  675  800
1043 112.000 465.000  90 -10  658  770
1044 173.000  25.000  90 -20  899 1060
1045  61.000 147.000  90 -30  322  475
1046 196.000 462.000  90 -10  908 1050
1047 206.000 186.000  90 -20  857  989
1048 326.000 466.000  90 -10  737  832
1049 163.000 337.000  90 -40  258  353
1050 477.000 122.000  90 -20  841  970
1051 166.000  32.000  90 -20  256  391
1052 279.000 138.000  90 -40  250  351
1053 375.000 191.000  90 -30  421  582
1054 241.000 205.000  90 -10  655  731
1055 471.000 484.000  90 -20  558  632
1056  49.000  76.000  90 -20  882  966
1057 475.000 477.000  90 -30 1014 1106
1058 337.000 251.000  90 -30  105  249
1059 250.000 250.000   0   0    0 1824
