524 524 1000 200 1000
   0 250.000 250.000   0   0    0 1824
   1 387.000 297.000  90  10  200  270
   2  78.000 346.000  90  30  355  403
   3 322.000 465.000  90  10  226  291
   4  76.000 345.000  90  30    0 1536
   5 410.000 285.000  90  20  499  556
   6 472.000 189.000  90  30    0 1504
   7 270.000  49.000   0  30  925  970
   8 219.000 325.000  90  10    0 1653
   9 418.000 218.000   0  20    0 1563
  10  77.000 347.000  90  20  436  505
  11 129.000 292.000  90  10  552  610
  12 337.000 257.000  90  20    0 1647
  13 237.000 254.000   0  20    0 1721
  14 379.000  80.000   0  20    0 1521
  15 374.000 489.000  90  20    0 1465
  16 440.000 247.000  90  20  717  779
  17 281.000 137.000  90  10    0 1617
  18 297.000 102.000  90  10  214  281
  19  39.000  76.000  90  10  328  399
  20  35.000 306.000   0  20    0 1512
  21 435.000  68.000  90  10    0 1475
  22 245.000 251.000  90  10   60  130
  23 273.000  55.000  90  20  196  246
  24 163.000 340.000  90  30  468  513
  25 129.000 223.000  90  20  274  340
  26 470.000 473.000  90  10 1221 1270
  27 478.000 461.000  90  10    0 1424
  28 128.000 291.000   0  10    0 1606
  29 164.000  21.000  90  20  578  639
  30  21.000 485.000  90  30  487  540
  31 200.000 270.000  90  20    0 1681
  32 433.000  31.000  90  10    0 1449
  33 489.000 101.000  90  20    0 1453
  34 476.000 483.000  90  10    0 1410
  35   8.000 300.000  90  10 1131 1211
  36 275.000  45.000  90  20  444  515
  37 238.000  46.000  90  40  735  784
  38 152.000 206.000  90  10  910  973
  39  99.000 218.000  90  30  154  205
  40 337.000 256.000  90  20  154  201
  41 321.000 280.000  90  30  143  194
  42  64.000 108.000  90  10  473  539
  43 356.000  24.000  90  20  249  323
  44 221.000 325.000  90  10    0 1654
  45 141.000 431.000  90  30  362  423
  46 457.000 163.000  90  20  284  346
  47 470.000 290.000  90  10    0 1511
  48 337.000 251.000  90  10    0 1647
  49 189.000   7.000  90  30    0 1484
  50  20.000  73.000  90  10    0 1444
  51  74.000 350.000  90  10  915  955
  52 460.000   2.000  90  20  655  720
  53 441.000 244.000  90  10    0 1543
  54   1.000 293.000   0  10    0 1482
  55 422.000 420.000  90  20    0 1493
  56  75.000 347.000  90  10    0 1534
  57 141.000 428.000  90  20    0 1526
  58 398.000  23.000  90  10  270  334
  59 148.000 211.000  90  20  167  233
  60 479.000 127.000  90  20  412  478
  61 404.000 447.000  90  20  250  280
  62 102.000 264.000  90  10  148  215
  63 124.000 219.000  90  20  571  615
  64 335.000 243.000  90  20    0 1649
  65 113.000 106.000  90  20    0 1536
  66 399.000 450.000  90  20    0 1485
  67 122.000  35.000   0  10    0 1484
  68 116.000 156.000  90  10  495  557
  69 187.000 491.000   0  20    0 1485
  70 433.000  25.000  90  20    0 1444
  71 370.000  82.000  90  40    0 1528
  72 205.000 223.000  90  20  491  544
  73 463.000 140.000  90  10    0 1495
  74 343.000  47.000  90  20    0 1511
  75 435.000  62.000   0  30    0 1471
  76 121.000 157.000  90  10    0 1575
  77 182.000 463.000  90  30    0 1511
  78  92.000 216.000  90  10    0 1573
  79 370.000  83.000  90  20  357  419
  80  90.000 285.000  90  40    0 1571
  81 446.000  64.000  90  10    0 1464
  82 312.000 264.000  90  20  131  179
  83 208.000  11.000  90  20    0 1492
  84 140.000 431.000  90  30  280  324
  85  91.000 235.000  90  10    0 1575
  86 377.000  76.000   0  20    0 1519
  87 474.000  96.000  90  30    0 1463
  88 346.000  57.000  90  20    0 1519
  89 210.000 398.000  90  10    0 1581
  90  87.000  96.000  90  30    0 1510
  91 459.000 145.000  90  40  233  291
  92  60.000 454.000  90  10  892  952
  93   6.000 292.000  90  10  316  360
  94 398.000  20.000  90  20  333  394
  95 481.000 456.000  90  40 1028 1091
  96 111.000  23.000  90  10  266  326
  97 452.000 163.000  90  30    0 1515
  98 237.000  43.000  90  20  631  702
  99 393.000  12.000  90  10    0 1457
 100 409.000  90.000  90  20    0 1509
 101 394.000 407.000  90  20  733  789
 102 358.000 183.000  90  20    0 1607
 103 186.000 461.000  90  20  220  284
 104  38.000  72.000   0  30  420  496
 105 224.000 192.000  90  10  215  274
 106 272.000 403.000  90  30  494  555
 107 232.000  42.000   0  10  545  599
 108 205.000 230.000  90  30  203  263
 109  65.000 453.000  90  30    0 1460
 110   2.000 116.000  90  20  526  586
 111 411.000 421.000  90  20  862  917
 112 315.000 260.000  90  10  223  278
 113 173.000 490.000  90  20  406  462
 114 402.000 265.000  90  20  306  365
 115 361.000  14.000  90  10    0 1474
 116 385.000 295.000   0  20    0 1592
 117 466.000 295.000   0  20    0 1514
 118  58.000 449.000  90  30    0 1458
 119 246.000 398.000  90  40  148  199
 120 348.000 145.000   0  20  763  813
 121 477.000  97.000  90  10    0 1461
 122 307.000 102.000  90  40    0 1576
 123 381.000 495.000  90  20  705  769
 124  95.000 234.000  90  10  315  362
 125  22.000  33.000  90  10    0 1420
 126 435.000 268.000  90  10 1100 1154
 127 135.000 293.000   0  30    0 1612
 128 473.000 196.000  90  10  564  642
 129 445.000 237.000  90  10  349  402
 130 461.000 284.000  90  10  275  340
 131  26.000  43.000  90  10  365  427
 132 101.000 386.000  90  20    0 1533
 133 288.000  44.000  90  20    0 1525
 134 274.000  48.000  90  10    0 1531
 135  23.000  67.000  90  30    0 1443
 136   6.000 296.000  90  10  863  926
 137 421.000 415.000  90  30  297  364
 138 319.000 468.000  90  10  289  353
 139  17.000  65.000  90  20  625  699
 140  52.000 432.000   0  20  789  843
 141 378.000 199.000  90  10  761  804
 142 238.000 204.000   0  20  566  634
 143 208.000 184.000  90  20  146  192
 144 436.000 241.000  90  20    0 1548
 145  73.000 328.000  90  20  193  270
 146 466.000 287.000  90  10  467  525
 147 120.000 159.000  90  10  306  377
 148 413.000 217.000  90  20  230  289
 149 338.000 142.000  90  40  204  256
 150 483.000 457.000   0  20  735  811
 151  95.000 224.000  90  20    0 1577
 152 406.000  99.000  90  20    0 1517
 153  44.000  47.000  90  20    0 1445
 154 172.000 488.000  90  10  310  374
 155 279.000 138.000  90  40  281  320
 156 338.000 147.000  90  10    0 1599
 157 463.000 194.000  90  20    0 1514
 158 244.000 254.000  90  20  723  787
 159  67.000 108.000  90  10    0 1503
 160 442.000 310.000   0  20  643  698
 161 109.000 107.000  90  20  357  416
 162 100.000 387.000  90  10    0 1531
 163 343.000  49.000  90  10    0 1513
 164  94.000  97.000  90  20  285  334
 165 476.000  94.000  90  20  334  396
 166 398.000 325.000  90  30  774  843
 167 460.000  13.000  90  20    0 1418
 168 188.000  12.000  90  30  245  309
 169 136.000 290.000  90  20  272  332
 170 112.000 467.000  90  10    0 1477
 171 181.000 469.000  90  20  468  536
 172 358.000  18.000  90  10    0 1479
 173 459.000  10.000  90  10    0 1416
 174 199.000 268.000  90  20  284  368
 175 436.000 237.000  90  20  186  264
 176 318.000 280.000  90  20  319  384
 177 394.000 333.000  90  20    0 1568
 178 366.000  93.000  90  20    0 1539
 179  95.000 391.000   0  10    0 1525
 180 391.000 425.000  90  20  842  909
 181 198.000  12.000  90  10    0 1491
 182 186.000 472.000  90  20    0 1503
 183 390.000 408.000   0  30    0 1523
 184  19.000  43.000  90  20 1203 1259
 185  59.000 457.000  90  30  810  848
 186  49.000 451.000  90  20    0 1450
 187 125.000  39.000  90  20  245  318
 188  61.000 147.000  90  40    0 1519
 189 317.000 123.000  90  20  497  554
 190 392.000 426.000  90  10  666  722
 191 304.000  97.000  90  20    0 1572
 192 196.000 462.000  90  10  955 1003
 193  37.000  51.000  90  10    0 1443
 194 491.000  25.000  90  10    0 1405
 195 270.000 401.000  90  20  217  268
 196 474.000 461.000  90  30  307  379
 197  66.000 448.000  90  10  270  345
 198 200.000 229.000   0  30    0 1680
 199  48.000  72.000  90  30  711  768
 200  16.000 497.000  90  20 1038 1123
 201  80.000 342.000  90  10  193  275
 202  16.000  68.000  90  20  521  617
 203 124.000  56.000  90  20    0 1503
 204 481.000  26.000  90  30    0 1413
 205 335.000  57.000  90  30    0 1524
 206  26.000 490.000  90  10    0 1406
 207 324.000 127.000  90  30  143  200
 208  72.000 148.000  90  20    0 1529
 209 220.000 392.000  90  20  970 1015
 210  69.000 336.000  90  20  440  507
 211 131.000 226.000  90  20  121  183
 212 423.000 217.000  90  20  785  849
 213  54.000 445.000  90  10  534  593
 214 165.000 337.000  90  20    0 1613
 215   9.000 124.000  90  20  271  336
 216   3.000 292.000  90  20  404  457
 217  13.000 459.000  90  20  646  718
 218 461.000   8.000  90  20    0 1413
 219  96.000  97.000  90  20  217  280
 220  68.000  99.000  90  10 1040 1085
 221 481.000  96.000  90  20  526  577
 222 285.000  44.000  90  10    0 1526
 223 111.000 464.000  90  10  775  837
 224 468.000 291.000  90  30    0 1513
 225 184.000 464.000  90  10  285  344
 226 396.000 410.000  90  10  829  880
 227 133.000  53.000  90  20    0 1505
 228 132.000  30.000  90  20  875  926
 229 406.000  94.000  90  10  375  430
 230 234.000 246.000  90  10    0 1718
 231 226.000 191.000  90  20    0 1671
 232 198.000 264.000  90  20    0 1681
 233 179.000   7.000  90  20  864  930
 234 483.000  27.000  90  20    0 1412
 235 479.000 176.000  90  20    0 1494
 236  22.000  38.000  90  20    0 1423
 237 266.000 405.000  90  20  680  745
 238 357.000 181.000  90  20  367  441
 239 395.000 332.000   0  10  593  648
 240 104.000  28.000  90  20    0 1469
 241 131.000  56.000  90  10    0 1507
 242  90.000 274.000  90  20  411  458
 243   6.000 114.000  90  10    0 1455
 244 356.000  21.000   0  20  414  452
 245 466.000 165.000  90  30    0 1502
 246 397.000  20.000  90  20    0 1462
 247 241.000 403.000  90  10  686  744
 248  69.000 334.000  90  30    0 1535
 249 152.000 210.000  90  20  105  163
 250 126.000  30.000  90  10  495  558
 251 285.000 158.000  90  30  340  405
 252 406.000  96.000  90  20  280  342
 253  67.000 109.000  90  20  388  438
 254 468.000 475.000  90  10  313  373
 255 406.000 450.000  90  20  405  464
 256 460.000 288.000  90  10  213  265
 257 224.000 203.000  90  20    0 1681
 258  21.000 487.000  90  10  582  629
 259  87.000 217.000  90  10    0 1568
 260 313.000 119.000   0  30  679  742
 261 200.000  13.000  90  10  397  453
 262   0.000 120.000  90  30    0 1453
 263 202.000   4.000  90  10  950 1004
 264 343.000 144.000  90  10    0 1593
 265 250.000 411.000  90  30  492  554
 266 464.000 134.000   0  20    0 1491
 267 443.000 237.000  90  20  248  318
 268 169.000 336.000   0  30    0 1616
 269 200.000 178.000  90  20  240  298
 270 151.000 207.000  90  10    0 1627
 271  92.000 270.000  90  20    0 1575
 272 132.000 223.000  90  30    0 1613
 273 382.000 498.000  90  10    0 1454
 274 391.000 429.000  90  20    0 1507
 275 398.000  97.000  90  10  264  344
 276  44.000  79.000  90  10  267  333
 277 137.000 290.000  90  10    0 1615
 278 175.000 487.000  90  20  248  308
 279  26.000  45.000  90  30    0 1431
 280 472.000 132.000  90  10  767  826
 281  86.000 268.000   0  10  689  735
 282 415.000 216.000  90  10  319  384
 283 121.000 218.000  90  20  191  257
 284 210.000 185.000  90  20    0 1658
 285  98.000 215.000   0  20    0 1579
 286 484.000 174.000  90  10    0 1488
 287 328.000 458.000  90  10    0 1512
 288 481.000 124.000   0  10  505  571
 289 116.000 466.000  90  20  318  373
 290  15.000  68.000  90  10  448  508
 291 116.000 151.000  90  20  774  836
 292 123.000 159.000  90  20  156  216
 293  89.000 290.000  90  20    0 1569
 294 359.000 179.000  90  20    0 1604
 295  57.000 425.000  90  20    0 1474
 296 465.000 287.000  90  10    0 1516
 297 322.000 468.000  90  20    0 1505
 298 483.000 458.000  90  10  656  708
 299 312.000 267.000  90  10    0 1670
 300 139.000 291.000  90  10  118  187
 301 459.000 372.000  90  20    0 1492
 302 204.000 269.000   0  30   49   98
 303 339.000 244.000  90  30  251  299
 304  89.000 272.000  90  10  498  555
 305 316.000 258.000  90  20    0 1668
 306 113.000 156.000   0  10    0 1568
 307 199.000   9.000  90  20  853  911
 308 463.000 167.000  90  10  657  709
 309 248.000 404.000  90  30    0 1580
 310 405.000 276.000  90  20    0 1577
 311 400.000 288.000  90  30  154  232
 312  61.000 156.000  90  30  462  532
 313 484.000 177.000  90  20  390  463
 314 108.000 116.000  90  30    0 1539
 315 102.000 391.000  90  20    0 1530
 316 488.000  26.000  90  30    0 1408
 317 477.000 120.000  90  10  968 1026
 318 439.000 310.000  90  10  198  256
 319 320.000 283.000  90  30  421  471
 320  68.000 108.000  90  10    0 1504
 321 275.000  42.000  90  30  537  608
 322 423.000 214.000  90  20    0 1558
 323 400.000 260.000  90  40  150  212
 324 181.000   6.000  90  20  678  753
 325 470.000 475.000  90  30  381  429
 326 218.000 318.000  90  20  884  939
 327 441.000 265.000   0  40    0 1543
 328  21.000  64.000  90  20  818  876
 329 356.000  23.000  90  20    0 1484
 330 267.000  44.000  90  20  649  693
 331 182.000   4.000  90  10  586  659
 332 321.000 277.000  90  10   75  140
 333 206.000 225.000  90  10    0 1684
 334 439.000  15.000  90  20    0 1433
 335 359.000 182.000  90  20    0 1606
 336 230.000  49.000  90  20  201  253
 337 407.000 280.000  90  10  595  653
 338 459.000 295.000  90  20 1209 1273
 339 101.000 384.000  90  30  200  262
 340 170.000  26.000  90  10  855  918
 341 415.000 289.000  90  20  169  228
 342 203.000 390.000  90  40  307  361
 343 443.000 272.000  90  10    0 1540
 344 210.000 391.000  90  30  202  272
 345 363.000  22.000  90  20  964 1025
 346 352.000 176.000  90  20  126  175
 347  18.000 484.000  90  10    0 1405
 348  84.000 346.000  90  20    0 1543
 349  49.000  76.000  90  20    0 1469
 350 107.000  26.000  90  10    0 1469
 351 312.000 270.000  90  30    0 1669
 352 399.000 102.000  90  20    0 1524
 353 109.000 108.000  90  10    0 1534
 354 115.000 218.000  90  10  298  341
 355  88.000 287.000  90  30    0 1568
 356  54.000 424.000  90  10  320  387
 357 125.000  32.000  90  30  407  462
 358 457.000 374.000  90  10    0 1493
 359 391.000 413.000  90  10    0 1519
 360  66.000 336.000  90  10  719  778
 361 342.000 254.000  90  10    0 1642
 362  92.000 223.000  90  10    0 1574
 363 404.000  83.000  90  30  831  916
 364  95.000  92.000  90  20    0 1513
 365 435.000  16.000  90  10  829  895
 366 319.000 260.000  90  20    0 1665
 367 116.000 225.000  90  20    0 1598
 368 402.000 284.000  90  30  313  367
 369 472.000 129.000  90  10  312  383
 370  43.000  71.000   0  40    0 1461
 371 493.000  91.000  90  30  542  599
 372  12.000 451.000  90  20    0 1423
 373  60.000 428.000  90  20 1059 1137
 374 243.000 248.000  90  30  243  314
 375 389.000  11.000  90  20  707  769
 376 411.000  95.000   0  30  475  521
 377   0.000 297.000  90  10  679  737
 378 458.000  16.000  90  20  313  369
 379  92.000 230.000  90  20    0 1575
 380 215.000 317.000  90  10  140  194
 381 371.000 192.000  90  30    0 1600
 382 152.000 207.000  90  20  824  877
 383  14.000 459.000  90  20    0 1419
 384   8.000 497.000  90  40  959 1006
 385 388.000 325.000   0  10  971 1026
 386  35.000 304.000  90  30    0 1513
 387 444.000 313.000  90  20    0 1531
 388 400.000 103.000  90  10    0 1524
 389 408.000 452.000  90  10  490  564
 390  30.000 301.000  90  10  660  726
 391 205.000 228.000  90  10    0 1684
 392 133.000  26.000  90  10    0 1482
 393  21.000  68.000  90  20    0 1442
 394 313.000 282.000  90  20    0 1664
 395  53.000 440.000  90  10  633  684
 396 437.000  15.000  90  30    0 1434
 397 346.000 144.000  90  10    0 1591
 398 440.000 244.000  90  10  809  874
 399 280.000 162.000  90  30  158  210
 400 488.000 173.000  90  20    0 1484
 401 326.000 118.000  90  10  213  272
 402 391.000  18.000  90  10 1085 1141
 403  37.000  55.000   0  10    0 1446
 404 204.000  15.000   0  20    0 1495
 405 173.000  28.000  90  10 1134 1191
 406 343.000 148.000  90  20  399  441
 407 231.000  43.000  90  10  447  513
 408 445.000 273.000  90  20  725  781
 409 432.000  27.000  90  10  810  878
 410 439.000 305.000  90  30    0 1538
 411 107.000 112.000  90  30  728  787
 412 279.000 159.000  90  20  252  301
 413 376.000 494.000  90  30  334  396
 414 403.000 262.000  90  30  493  547
 415  41.000  47.000  90  20  359  406
 416 116.000 221.000  90  30    0 1597
 417 388.000 334.000  90  20  227  280
 418 130.000  57.000  90  40  289  365
 419 422.000 409.000  90  10  234  290
 420 485.000  86.000  90  20  349  413
 421 389.000 428.000  90  20    0 1509
 422 117.000 467.000  90  10    0 1480
 423 339.000  60.000  90  20  274  338
 424 343.000 254.000  90  20  334  394
 425 423.000 286.000  90  20  430  477
 426 225.000 196.000  90  10  128  174
 427 374.000 190.000  90  20    0 1597
 428 462.000  14.000  90  20    0 1417
 429 231.000 195.000  90  20    0 1676
 430 489.000  87.000  90  20  451  499
 431 233.000 204.000  90  20    0 1685
 432 477.000 483.000  90  20  745  817
 433 459.000 368.000  90  10  299  361
 434  95.000 277.000   0  20 1057 1121
 435 100.000 266.000  90  20  207  275
 436 211.000 386.000  90  20  141  212
 437  79.000 291.000  90  10  519  568
 438  95.000 235.000  90  10  155  227
 439   7.000 123.000  90  30  329  399
 440 105.000  27.000  90  10    0 1469
 441 439.000  67.000  90  10  322  386
 442 435.000 267.000  90  20    0 1549
 443 443.000  64.000  90  30  779  854
 444  92.000 234.000  90  10    0 1576
 445 335.000 255.000  90  20   85  124
 446 419.000 418.000  90  10  394  454
 447 292.000  41.000  90  10    0 1521
 448 461.000 369.000  90  10    0 1492
 449 105.000  22.000  90  30  339  385
 450 207.000 223.000  90  10  585  634
 451 465.000 168.000  90  10  837  902
 452 388.000 418.000  90  10  217  283
 453 485.000  24.000  90  20    0 1408
 454 491.000  20.000  90  20    0 1401
 455 391.000 334.000  90  20  402  470
 456 441.000 273.000  90  20  903  972
 457  12.000 463.000  90  20    0 1415
 458  71.000 156.000  90  10    0 1532
 459 343.000  62.000  90  10 1300 1364
 460  73.000 101.000  90  20 1313 1375
 461 200.000  14.000  90  10  311  356
 462 460.000 293.000  90  30 1121 1176
 463  51.000 447.000  90  10  438  501
 464 282.000 139.000  90  20    0 1619
 465  16.000 463.000  90  20    0 1418
 466 228.000 199.000  90  10  673  746
 467 435.000  20.000  90  20    0 1439
 468 467.000 195.000  90  10  285  344
 469 465.000 136.000  90  30  964 1007
 470  49.000  75.000  90  20  810  857
 471  66.000  98.000  90  20    0 1496
 472 166.000  32.000  90  10  296  352
 473 326.000 466.000  90  30  753  817
 474 290.000 136.000  90  20    0 1614
 475 341.000  58.000  90  10    0 1522
 476 121.000 219.000  90  20    0 1602
 477 134.000 288.000  90  20    0 1612
 478 270.000 400.000  90  10  151  213
 479 204.000 187.000   0  30  803  857
 480 460.000 171.000  90  30  937  994
 481 398.000 103.000  90  30  739  807
 482 416.000 420.000  90  20    0 1497
 483   4.000 116.000   0  10  618  678
 484 441.000  65.000  90  10    0 1469
 485   7.000 292.000  90  10  246  306
 486 405.000 455.000   0  40    0 1477
 487 439.000 312.000  90  30  257  324
 488 478.000 121.000  90  40  788  840
 489  92.000 232.000  90  10    0 1575
 490 111.000 463.000  90  20    0 1480
 491 132.000 294.000  90  20  454  521
 492  56.000 428.000  90  20  415  482
 493 232.000  47.000  90  10  262  327
 494 420.000 213.000  90  10  509  568
 495 163.000 337.000  90  10  277  334
 496 440.000   7.000  90  20    0 1426
 497 485.000  95.000  90  10  281  351
 498  97.000 385.000  90  30    0 1530
 499 462.000 367.000  90  20  481  545
 500 455.000 365.000  90  20  235  306
 501 492.000  95.000   0  30    0 1447
 502 405.000 450.000  90  20  311  376
 503 371.000 193.000  90  20    0 1601
 504 234.000 202.000  90  10    0 1684
 505  24.000  41.000  90  10    0 1427
 506  67.000 334.000  90  20  532  600
 507 277.000 403.000  90  10  395  464
 508  15.000 457.000  90  20  462  534
 509 111.000 467.000  90  20  597  647
 510 378.000 493.000  90  30  426  487
 511 421.000 292.000   0  20    0 1558
 512 178.000 491.000  90  10    0 1483
 513 163.000 331.000  90  40  118  179
 514 470.000 125.000  90  20  253  316
 515 166.000  34.000  90  20    0 1503
 516 284.000 140.000  90  40  115  172
 517 238.000 203.000  90  10    0 1686
 518 472.000 481.000  90  20  477  527
 519 401.000 255.000  90  30  685  738
 520 330.000 242.000  90  30  627  671
 521 332.000 249.000   0  30   82  144
 522 375.000  80.000  90  10  550  598
 523  94.000 235.000  90  20  227  266
 524 287.000 144.000   0  20    0 1622
 525 395.000 295.000  90 -10  677  736
 526  62.000 326.000  90 -30    0 1532
 527 319.000 470.000  90 -10    0 1504
 528  73.000 346.000  90 -30    0 1533
 529 468.000 295.000  90 -20  934  987
 530 470.000 139.000  90 -30  668  731
 531 270.000  49.000  90 -30  925  970
 532 218.000 321.000  90 -10    0 1657
 533 418.000 218.000  90 -20    0 1563
 534  90.000 296.000  90 -20    0 1568
 535 201.000 270.000  90 -10    0 1682
 536 344.000 262.000  90 -20    0 1640
 537 237.000 254.000  90 -20    0 1721
 538 379.000  80.000  90 -20    0 1521
 539 380.000 489.000  90 -20    0 1462
 540 406.000 285.000  90 -20    0 1575
 541 286.000 137.000  90 -10    0 1616
 542 315.000 121.000  90 -10    0 1590
 543  72.000  96.000  90 -10 1220 1278
 544  35.000 306.000  90 -20    0 1512
 545 446.000  65.000  90 -10  516  566
 546 208.000 222.000  90 -10  667  734
 547 287.000  43.000  90 -20  555  609
 548 212.000 319.000  90 -30    0 1656
 549 122.000 216.000  90 -20  461  537
 550 478.000 464.000  90 -10    0 1422
 551 480.000 460.000  90 -10  549  627
 552 128.000 291.000  90 -10    0 1606
 553 169.000  31.000  90 -20    0 1501
 554  20.000 488.000  90 -30  754  820
 555 248.000 251.000  90 -20    0 1732
 556 429.000  27.000  90 -10 1272 1339
 557 458.000 130.000  90 -20    0 1494
 558 477.000 478.000  90 -10    0 1413
 559  80.000 286.000  90 -10    0 1561
 560 279.000  42.000  90 -20    0 1524
 561 235.000  50.000  90 -40  813  896
 562 146.000 205.000  90 -10    0 1621
 563  95.000 218.000  90 -30  873  927
 564 408.000 279.000  90 -20  682  747
 565 320.000 280.000  90 -30  221  298
 566  65.000 100.000  90 -10  763  811
 567 362.000  22.000  90 -20    0 1480
 568 220.000 319.000  90 -10    0 1659
 569  50.000 438.000  90 -30    0 1460
 570 461.000 167.000  90 -20  470  531
 571 467.000 285.000  90 -10    0 1515
 572 335.000 256.000  90 -10  890  962
 573 186.000   7.000  90 -30    0 1483
 574  15.000  69.000  90 -10    0 1438
 575  72.000 344.000  90 -10    0 1533
 576 438.000  26.000  90 -20    0 1442
 577 442.000 243.000  90 -10  996 1052
 578   1.000 293.000  90 -10    0 1482
 579 419.000 422.000  90 -20    0 1493
 580  20.000 489.000  90 -10  856  901
 581 145.000 434.000  90 -20  462  514
 582 386.000  13.000  90 -10  785  878
 583 149.000 203.000  90 -20  553  597
 584 466.000 142.000  90 -20    0 1493
 585 390.000 415.000  90 -20    0 1518
 586  96.000 244.000  90 -10 1332 1380
 587 131.000 220.000  90 -20    0 1612
 588 338.000 257.000  90 -20    0 1646
 589 237.000 213.000  90 -20    0 1695
 590 398.000 428.000  90 -20    0 1503
 591 122.000  35.000  90 -10    0 1484
 592 118.000 157.000  90 -10    0 1573
 593 187.000 491.000  90 -20    0 1485
 594 428.000  25.000  90 -20    0 1448
 595 432.000  24.000  90 -40    0 1444
 596 200.000 261.000  90 -20  945 1017
 597 371.000 200.000  90 -10    0 1604
 598 347.000  54.000  90 -20  836  904
 599 435.000  62.000  90 -30    0 1471
 600 109.000 114.000  90 -10  829  871
 601 217.000 319.000  90 -30    0 1658
 602  96.000 213.000  90 -10    0 1576
 603 434.000  26.000  90 -20    0 1445
 604 197.000 270.000  90 -40    0 1678
 605 440.000  61.000  90 -10    0 1467
 606 317.000 261.000  90 -20  398  473
 607 233.000  47.000  90 -20    0 1531
 608  57.000 432.000  90 -30  973 1033
 609  90.000 232.000  90 -10    0 1573
 610 377.000  76.000  90 -20    0 1519
 611 479.000 121.000  90 -30    0 1472
 612 346.000  60.000  90 -20 1027 1086
 613 215.000 395.000  90 -10    0 1585
 614  88.000  95.000  90 -30    0 1510
 615 479.000 169.000  90 -40  774  834
 616 109.000 463.000  90 -10    0 1479
 617   5.000 297.000  90 -10  955 1017
 618 384.000  16.000  90 -20  892  959
 619 480.000 455.000  90 -40 1123 1179
 620 173.000  25.000  90 -10  952 1007
 621 458.000 164.000  90 -30  374  439
 622 313.000 126.000  90 -20    0 1595
 623 389.000  17.000  90 -10    0 1463
 624 408.000  84.000  90 -20  745  814
 625 389.000 404.000  90 -20    0 1527
 626 375.000 191.000  90 -20    0 1596
 627  77.000 350.000  90 -20  997 1058
 628  38.000  72.000  90 -30  420  496
 629 231.000 203.000  90 -10    0 1684
 630 268.000 400.000  90 -30    0 1583
 631 232.000  42.000  90 -10  545  599
 632 200.000 265.000  90 -30  853  922
 633  62.000 453.000  90 -30  515  584
 634   7.000 118.000  90 -20    0 1458
 635 416.000 417.000  90 -20 1057 1099
 636 320.000 262.000  90 -10  585  656
 637 179.000 492.000  90 -20  678  752
 638 404.000 264.000  90 -20    0 1580
 639 366.000  20.000  90 -10  874  927
 640 385.000 295.000  90 -20    0 1592
 641 466.000 295.000  90 -20    0 1514
 642  55.000 449.000  90 -30    0 1456
 643 249.000 407.000  90 -40  403  455
 644 348.000 145.000  90 -20  763  813
 645 476.000 102.000  90 -10    0 1464
 646 288.000 154.000  90 -40    0 1631
 647 387.000 488.000  90 -20    0 1460
 648  93.000 235.000  90 -10    0 1577
 649  26.000  36.000  90 -10    0 1425
 650 425.000 288.000  90 -10    0 1555
 651 135.000 293.000  90 -30    0 1612
 652 440.000 241.000  90 -10    0 1544
 653 442.000 247.000  90 -10    0 1542
 654 444.000 269.000  90 -10    0 1540
 655  26.000  42.000  90 -10  455  519
 656 162.000 336.000  90 -20    0 1611
 657 277.000  50.000  90 -20    0 1533
 658 283.000  47.000  90 -10    0 1529
 659  71.000 103.000  90 -30    0 1503
 660  25.000 307.000  90 -10    0 1502
 661 395.000 331.000  90 -30    0 1568
 662 323.000 471.000  90 -10    0 1502
 663  13.000  51.000  90 -20    0 1425
 664  52.000 432.000  90 -20  789  843
 665 337.000 241.000  90 -10    0 1647
 666 238.000 204.000  90 -20  566  634
 667 236.000 213.000  90 -20    0 1695
 668 434.000 245.000  90 -20 1377 1416
 669  30.000 302.000  90 -20    0 1508
 670 436.000 264.000  90 -10    0 1548
 671 150.000 204.000  90 -10    0 1624
 672 425.000 215.000  90 -20  699  748
 673 346.000 150.000  90 -40  948  998
 674 483.000 457.000  90 -20  735  811
 675  91.000 217.000  90 -20  692  738
 676 404.000 103.000  90 -20    0 1522
 677  39.000  50.000  90 -20    0 1444
 678 174.000 494.000  90 -10    0 1479
 679 290.000 141.000  90 -40  645  709
 680 345.000 144.000  90 -10  568  640
 681 477.000 179.000  90 -20    0 1497
 682 246.000 255.000  90 -20  818  877
 683  67.000 105.000  90 -10    0 1501
 684 442.000 310.000  90 -20  643  698
 685 111.000 113.000  90 -20  632  694
 686 101.000 385.000  90 -10    0 1533
 687 347.000  62.000  90 -10 1121 1176
 688 108.000 105.000  90 -20    0 1532
 689 478.000  99.000  90 -20    0 1461
 690 390.000 325.000  90 -30  883  929
 691 464.000  13.000  90 -20  853  906
 692 188.000   4.000  90 -30  413  455
 693 132.000 291.000  90 -20    0 1610
 694 112.000 465.000  90 -10    0 1479
 695 146.000 439.000  90 -20  642  707
 696 358.000  16.000  90 -10  596  641
 697 459.000  17.000  90 -10 1039 1094
 698 197.000 267.000  90 -20  582  626
 699 443.000 246.000  90 -20  536  593
 700 315.000 287.000  90 -20  693  754
 701 388.000 331.000  90 -20    0 1574
 702 368.000  85.000  90 -20    0 1532
 703  95.000 391.000  90 -10    0 1525
 704 392.000 424.000  90 -20  926 1007
 705 198.000   9.000  90 -10    0 1488
 706 188.000 462.000  90 -20    0 1514
 707 390.000 408.000  90 -30    0 1523
 708  30.000  72.000  90 -20    0 1452
 709 111.000 459.000  90 -30    0 1483
 710  63.000 444.000  90 -20    0 1465
 711 116.000 152.000  90 -20  678  750
 712  66.000 156.000  90 -40  653  718
 713 323.000 118.000  90 -20    0 1584
 714 388.000 408.000  90 -10    0 1525
 715 304.000 102.000  90 -20  505  559
 716 186.000 464.000  90 -10    0 1511
 717  22.000  41.000  90 -10 1110 1164
 718 489.000  17.000  90 -10    0 1401
 719 269.000 402.000  90 -20  587  648
 720 487.000 450.000  90 -30  929  993
 721  67.000 452.000  90 -10  327  402
 722 200.000 229.000  90 -30    0 1680
 723  91.000 101.000  90 -30    0 1517
 724  24.000 492.000  90 -20 1252 1302
 725  25.000 499.000  90 -10    0 1399
 726  25.000  65.000  90 -20 1005 1057
 727 202.000 186.000  90 -20    0 1654
 728 489.000  27.000  90 -30    0 1408
 729 344.000  62.000  90 -30 1208 1274
 730  22.000 483.000  90 -10    0 1409
 731 355.000 180.000  90 -30    0 1608
 732  74.000 146.000  90 -20    0 1530
 733 224.000 314.000  90 -20    0 1665
 734  38.000 301.000  90 -20    0 1516
 735 123.000 222.000  90 -20  376  430
 736 391.000 293.000  90 -20    0 1587
 737  58.000 458.000  90 -10  702  774
 738 165.000 343.000  90 -20  556  613
 739   8.000 116.000  90 -20  894  957
 740   0.000 293.000  90 -20  591  637
 741  16.000 462.000  90 -20  935  986
 742 403.000  93.000  90 -20    0 1515
 743  93.000  96.000  90 -20  374  427
 744  70.000 100.000  90 -10 1119 1191
 745 478.000 102.000  90 -20  704  775
 746 278.000  46.000  90 -10    0 1529
 747 144.000 439.000  90 -10    0 1518
 748 466.000 291.000  90 -30    0 1515
 749 147.000 435.000  90 -10  553  607
 750 391.000 407.000  90 -10    0 1523
 751 204.000 185.000  90 -20    0 1655
 752 125.000  29.000  90 -20    0 1481
 753 409.000  88.000  90 -10    0 1508
 754 236.000 247.000  90 -10    0 1720
 755 136.000  52.000  90 -20  759  817
 756  85.000 288.000  90 -20  329  386
 757 182.000  14.000  90 -20    0 1489
 758 483.000  22.000  90 -20  476  543
 759 469.000 132.000  90 -20  856  923
 760  22.000  37.000  90 -20    0 1422
 761 217.000 323.000  90 -20    0 1654
 762 361.000 181.000  90 -20  662  723
 763 395.000 332.000  90 -10  593  648
 764 107.000  35.000  90 -20  986 1041
 765 132.000  55.000  90 -10  573  632
 766  91.000 266.000  90 -20    0 1575
 767   8.000 120.000  90 -10    0 1460
 768 356.000  21.000  90 -20  414  452
 769 376.000 190.000  90 -30    0 1595
 770 397.000  18.000  90 -20    0 1460
 771 243.000 399.000  90 -10  782  837
 772  71.000 333.000  90 -30    0 1537
 773 148.000 206.000  90 -20  458  506
 774 167.000  27.000  90 -10    0 1497
 775 286.000 159.000  90 -30  530  597
 776 431.000  28.000  90 -20    0 1448
 777  64.000  99.000  90 -20  853  904
 778 475.000 480.000  90 -10  837  911
 779 412.000 453.000  90 -20    0 1475
 780 444.000 271.000  90 -10  633  688
 781 231.000 204.000  90 -20    0 1685
 782  21.000 488.000  90 -10    0 1404
 783  89.000 216.000  90 -10    0 1570
 784 313.000 119.000  90 -30  679  742
 785 197.000  11.000  90 -10    0 1490
 786   4.000 114.000  90 -30  712  769
 787 202.000   8.000  90 -10    0 1488
 788 344.000 146.000  90 -10    0 1594
 789 245.000 408.000  90 -30  585  652
 790 464.000 134.000  90 -20    0 1491
 791 444.000 242.000  90 -20  441  501
 792 169.000 336.000  90 -30    0 1616
 793 238.000 210.000  90 -20  757  821
 794 154.000 207.000  90 -10    0 1629
 795  91.000 268.000  90 -20  869  931
 796 112.000 217.000  90 -30  383  443
 797 381.000 494.000  90 -10  801  855
 798 391.000 426.000  90 -20    0 1509
 799 399.000 104.000  90 -10    0 1526
 800  46.000  74.000  90 -10    0 1465
 801 134.000 285.000  90 -10    0 1613
 802 189.000 464.000  90 -20    0 1512
 803  22.000  40.000  90 -30 1012 1080
 804 462.000 167.000  90 -10    0 1507
 805  86.000 268.000  90 -10  689  735
 806 421.000 218.000  90 -10  880  939
 807 112.000 219.000  90 -20    0 1593
 808 224.000 191.000  90 -20    0 1670
 809  98.000 215.000  90 -20    0 1579
 810 476.000 174.000  90 -10  874  924
 811 267.000 394.000  90 -10    0 1589
 812 481.000 124.000  90 -10  505  571
 813 138.000 438.000  90 -20    0 1516
 814  24.000  65.000  90 -10    0 1442
 815 117.000 152.000  90 -20    0 1569
 816 111.000 110.000  90 -20    0 1537
 817  88.000 286.000  90 -20  795  859
 818 355.000 177.000  90 -20    0 1607
 819 100.000 394.000  90 -20    0 1527
 820 424.000 286.000  90 -10    0 1557
 821 325.000 466.000  90 -20    0 1506
 822 485.000 454.000  90 -10    0 1423
 823 311.000 266.000  90 -10    0 1671
 824 132.000 290.000  90 -10    0 1610
 825 459.000 374.000  90 -20  848  917
 826 204.000 269.000  90 -30   49   98
 827 334.000 240.000  90 -30    0 1650
 828  89.000 270.000  90 -10  590  647
 829 315.000 265.000  90 -20    0 1668
 830 113.000 156.000  90 -10    0 1568
 831 203.000   7.000  90 -20    0 1487
 832 417.000 218.000  90 -10    0 1564
 833 250.000 405.000  90 -30  303  370
 834 413.000 287.000  90 -20    0 1567
 835 402.000 264.000  90 -30  216  273
 836  71.000 153.000  90 -30  746  816
 837 484.000 171.000  90 -20  680  736
 838 121.000 151.000  90 -30    0 1572
 839 167.000 339.000  90 -20    0 1613
 840 485.000  27.000  90 -30 1231 1291
 841 478.000 118.000  90 -10    0 1471
 842 400.000 286.000  90 -10    0 1580
 843 316.000 286.000  90 -30  601  662
 844  64.000 101.000  90 -10  667  724
 845 269.000  48.000  90 -30    0 1532
 846 418.000 221.000  90 -20 1150 1223
 847 476.000 196.000  90 -40  476  544
 848 180.000   6.000  90 -20    0 1481
 849 475.000 477.000  90 -30 1028 1091
 850 249.000 258.000  90 -20    0 1726
 851 441.000 265.000  90 -40    0 1543
 852  20.000  48.000  90 -20 1294 1358
 853 361.000  17.000  90 -20  777  832
 854 288.000  53.000  90 -20    0 1534
 855 176.000   8.000  90 -10    0 1481
 856 399.000 301.000  90 -10  584  634
 857 207.000 227.000  90 -10    0 1686
 858 437.000  12.000  90 -20  557  613
 859 360.000 184.000  90 -20  846  906
 860 269.000  46.000  90 -20    0 1530
 861 402.000 281.000  90 -10    0 1579
 862 420.000 295.000  90 -20    0 1559
 863  55.000 428.000  90 -30  511  568
 864 168.000  24.000  90 -10    0 1494
 865 428.000 291.000  90 -20  698  764
 866 207.000 400.000  90 -40  489  562
 867 439.000 266.000  90 -10    0 1545
 868 213.000 397.000  90 -30  680  744
 869 357.000  26.000  90 -20    0 1486
 870 391.000  99.000  90 -20    0 1528
 871 169.000 340.000  90 -10    0 1613
 872  77.000 344.000  90 -20  254  319
 873  48.000  78.000  90 -20    0 1469
 874 108.000  26.000  90 -10  423  491
 875 316.000 284.000  90 -30  510  570
 876 399.000 106.000  90 -20    0 1527
 877 244.000 250.000  90 -10    0 1728
 878 128.000 225.000  90 -10    0 1610
 879 192.000 265.000  90 -30    0 1675
 880  55.000 431.000  90 -10    0 1468
 881 167.000  24.000  90 -30  668  736
 882 390.000 301.000  90 -10    0 1585
 883 386.000 405.000  90 -10    0 1528
 884  63.000 336.000  90 -10    0 1529
 885 416.000 288.000  90 -10 1251 1328
 886  93.000 213.000  90 -10    0 1573
 887 407.000  98.000  90 -30    0 1516
 888  97.000  93.000  90 -20    0 1515
 889 433.000  15.000  90 -10    0 1437
 890 321.000 263.000  90 -20    0 1662
 891 119.000 223.000  90 -20  853  906
 892 393.000 301.000  90 -30    0 1583
 893 467.000 141.000  90 -10    0 1492
 894  43.000  71.000  90 -40    0 1461
 895 492.000  94.000  90 -30  724  787
 896  13.000 455.000  90 -20  381  430
 897  64.000 426.000  90 -20 1162 1223
 898 338.000 260.000  90 -30    0 1646
 899 394.000  23.000  90 -20 1271 1326
 900 411.000  95.000  90 -30  475  521
 901   7.000 300.000  90 -10 1056 1104
 902 459.000  14.000  90 -20  372  439
 903 240.000 250.000  90 -20    0 1724
 904 218.000 316.000  90 -10    0 1661
 905 379.000 196.000  90 -30  665  714
 906 143.000 207.000  90 -20    0 1619
 907  18.000 462.000  90 -20    0 1420
 908 110.000 459.000  90 -40    0 1483
 909 388.000 325.000  90 -10  971 1026
 910  80.000 290.000  90 -30    0 1560
 911 443.000 313.000  90 -20  554  602
 912 406.000  87.000  90 -10    0 1509
 913 408.000 453.000  90 -10    0 1477
 914  35.000 303.000  90 -10    0 1513
 915 206.000 261.000  90 -10 1050 1104
 916 129.000  27.000  90 -10    0 1481
 917  24.000  68.000  90 -20    0 1444
 918 389.000 334.000  90 -20    0 1572
 919  56.000 434.000  90 -10    0 1467
 920 428.000  24.000  90 -30    0 1447
 921 348.000 147.000  90 -10  845  914
 922 439.000 243.000  90 -10    0 1545
 923 285.000 162.000  90 -30  625  688
 924 415.000 223.000  90 -20 1257 1302
 925 319.000 124.000  90 -10  400  465
 926 393.000  20.000  90 -10    0 1464
 927  37.000  55.000  90 -10    0 1446
 928 204.000  15.000  90 -20    0 1495
 929 174.000  26.000  90 -10    0 1498
 930 349.000 158.000  90 -20    0 1599
 931 305.000 107.000  90 -10    0 1581
 932 406.000 257.000  90 -20    0 1578
 933 367.000  83.000  90 -10    0 1531
 934 418.000 295.000  90 -30 1063 1140
 935 123.000 155.000  90 -30 1143 1209
 936 285.000 163.000  90 -20  714  780
 937 384.000 491.000  90 -30  897  948
 938 390.000 294.000  90 -30    0 1588
 939  40.000  52.000  90 -20  546  591
 940 114.000 225.000  90 -30    0 1596
 941 393.000 410.000  90 -20  913  982
 942 118.000 153.000  90 -40    0 1571
 943 417.000 417.000  90 -10  954 1020
 944 488.000  96.000  90 -20    0 1451
 945 386.000 414.000  90 -20 1109 1162
 946 115.000 465.000  90 -10  409  465
 947 342.000  54.000  90 -20  553  616
 948 418.000 290.000  90 -20 1172 1221
 949 423.000 290.000  90 -20    0 1557
 950 206.000 186.000  90 -10  891  955
 951 367.000 178.000  90 -20    0 1597
 952 438.000  31.000  90 -20    0 1446
 953 241.000 205.000  90 -20    0 1689
 954 494.000  94.000  90 -20  634  692
 955 230.000 197.000  90 -20  588  645
 956 473.000 475.000  90 -20    0 1418
 957 460.000 374.000  90 -10  753  831
 958  95.000 277.000  90 -20 1057 1121
 959  96.000 270.000  90 -20  308  367
 960 208.000 396.000  90 -20  401  462
 961  87.000 285.000  90 -10  709  764
 962  90.000 237.000  90 -10    0 1574
 963   8.000 118.000  90 -30 1079 1138
 964 102.000  27.000  90 -10  796  852
 965 440.000  63.000  90 -10  886  934
 966 421.000 294.000  90 -20    0 1558
 967 437.000  61.000  90 -30 1063 1127
 968  92.000 236.000  90 -10    0 1576
 969 401.000 281.000  90 -20    0 1580
 970 413.000 417.000  90 -10 1135 1207
 971 290.000  46.000  90 -10  832  896
 972 451.000 367.000  90 -10 1134 1195
 973 102.000  29.000  90 -30    0 1469
 974 212.000 223.000  90 -10  758  832
 975 412.000 214.000  90 -10    0 1569
 976 390.000 423.000  90 -10    0 1512
 977 483.000  14.000  90 -20    0 1403
 978 481.000  20.000  90 -20    0 1409
 979 393.000 408.000  90 -20    0 1521
 980 439.000 268.000  90 -20    0 1545
 981  16.000 460.000  90 -20 1112 1180
 982  65.000 153.000  90 -10    0 1526
 983 307.000 108.000  90 -10    0 1581
 984 199.000 187.000  90 -20    0 1653
 985 202.000   9.000  90 -10    0 1489
 986 423.000 294.000  90 -30    0 1556
 987  59.000 459.000  90 -10    0 1451
 988 281.000 164.000  90 -20    0 1643
 989  17.000 458.000  90 -20 1297 1360
 990 233.000 207.000  90 -10    0 1688
 991 379.000  82.000  90 -20    0 1523
 992 468.000 199.000  90 -10  669  730
 993 465.000 142.000  90 -30    0 1494
 994 201.000 188.000  90 -20    0 1655
 995 195.000 185.000  90 -20    0 1649
 996 314.000 124.000  90 -10    0 1593
 997 328.000 466.000  90 -30    0 1505
 998 299.000  98.000  90 -20    0 1575
 999 340.000  54.000  90 -10    0 1519
1000 126.000 220.000  90 -20    0 1607
1001 198.000 271.000  90 -20    0 1678
1002 272.000 402.000  90 -10    0 1581
1003 204.000 187.000  90 -30  803  857
1004 417.000 217.000  90 -30    0 1564
1005 407.000  88.000  90 -30    0 1509
1006 413.000 421.000  90 -20  768  828
1007   4.000 116.000  90 -10  618  678
1008 446.000  63.000  90 -10  697  750
1009   2.000 295.000  90 -10  774  828
1010 405.000 455.000  90 -40    0 1477
1011 446.000 319.000  90 -30    0 1527
1012 477.000 122.000  90 -40  886  924
1013  92.000 233.000  90 -10  768  830
1014 216.000 319.000  90 -20    0 1658
1015 136.000 288.000  90 -20 1023 1063
1016  54.000 430.000  90 -20  610  652
1017 268.000  52.000  90 -10 1003 1079
1018 450.000 265.000  90 -10    0 1534
1019  97.000 387.000  90 -10  823  869
1020 435.000  11.000  90 -20    0 1432
1021 467.000 114.000  90 -10    0 1478
1022  95.000 384.000  90 -30  719  785
1023 453.000 367.000  90 -20    0 1500
1024 460.000 367.000  90 -20    0 1494
1025 492.000  95.000  90 -30    0 1447
1026 419.000 459.000  90 -20  785  838
1027 376.000 195.000  90 -20  576  616
1028 132.000  57.000  90 -10  396  443
1029  18.000  63.000  90 -10  716  792
1030  67.000 335.000  90 -20  629  684
1031 267.000 400.000  90 -10  779  836
1032  17.000 459.000  90 -20 1200 1275
1033 134.000 428.000  90 -20  935  992
1034 380.000 498.000  90 -30  523  582
1035 421.000 292.000  90 -20    0 1558
1036 214.000 394.000  90 -10    0 1586
1037  94.000 383.000  90 -40  636  687
1038 481.000 122.000  90 -20  607  653
1039 300.000 108.000  90 -20    0 1584
1040 287.000 143.000  90 -40  748  793
1041 199.000  12.000  90 -10    0 1491
1042 471.000 484.000  90 -20    0 1413
1043 389.000 300.000  90 -30    0 1587
1044 341.000 257.000  90 -30    0 1643
1045 332.000 249.000  90 -30   82  144
1046 433.000  27.000  90 -10    0 1446
1047  91.000 231.000  90 -20  579  652
1048 287.000 144.000  90 -20    0 1622
1049 250.000 250.000   0   0    0 1824
