509 509 1000 700 1000
   0 250.000 250.000   0   0    0 3914
   1  89.000 284.000  90  20 1301 1730
   2 430.000 298.000  90  10 1388 1895
   3 435.000  77.000  90  20  891 1274
   4  43.000 269.000  90  30  558  977
   5 216.000 117.000  90  10  259  760
   6  79.000 479.000  90  30  780 1375
   7 365.000  18.000  90  20 2048 2538
   8 225.000 125.000  90  20  127  757
   9 143.000 266.000  90  10  297  668
  10  67.000 153.000  90  20  674 1309
  11  90.000 168.000  90  20 2934 3386
  12 302.000 235.000  90  20  902 1344
  13  19.000 297.000  90  20 2087 2637
  14 209.000 358.000  90  30 1360 1753
  15  48.000 137.000  90  20 1598 2156
  16 436.000  54.000  90  20 1733 2409
  17 456.000 154.000  90  10  227  725
  18 280.000 224.000  90  10 2049 2562
  19  90.000 270.000  90  10  353  938
  20  94.000 275.000  90  10  286  811
  21 292.000 445.000  90  10 1557 2036
  22 329.000 471.000  90  30 2583 3142
  23 457.000 160.000  90  10 2855 3286
  24 113.000 289.000  90  10  142  459
  25 410.000 364.000  90  30 1685 2159
  26  80.000 281.000  90  10 1602 1992
  27  73.000 395.000  90  20 1051 1555
  28 259.000  76.000  90  10  784 1232
  29 121.000 203.000  90  10 1634 2109
  30 118.000 256.000  90  10 2296 2901
  31 301.000  53.000  90  20  826 1271
  32 382.000 197.000  90  20  520  921
  33 491.000 160.000  90  20 1839 2298
  34 453.000 164.000  90  10 2861 3471
  35 277.000 371.000  90  30  354  997
  36 386.000 218.000  90  20 1785 2177
  37 353.000  32.000  90  10  694 1277
  38  59.000 389.000  90  20 1487 2069
  39 278.000 357.000  90  10  110  608
  40  74.000 390.000  90  20  592 1163
  41 332.000  55.000  90  30  211  797
  42 272.000 365.000  90  30  508 1037
  43 216.000 380.000  90  20 2094 2667
  44  66.000 491.000  90  20 1898 2403
  45 394.000 367.000  90  30  197  723
  46 290.000  75.000  90  20  179  690
  47 346.000 344.000   0  10 3043 3541
  48 236.000  96.000  90  20 1412 1955
  49  29.000 282.000  90  10 1196 1784
  50 166.000 464.000  90  10  587 1161
  51 201.000 273.000  90  30   54  690
  52 255.000 245.000  90  10    7  329
  53  85.000 317.000  90  30 2513 2860
  54 128.000 209.000  90  20  850 1496
  55 420.000  20.000  90  30  383  927
  56 132.000 218.000  90  10  122  650
  57 406.000 339.000  90  20  179  630
  58 191.000 397.000  90  20  158  673
  59  72.000 341.000  90  10 2720 3172
  60 169.000 360.000  90  20 1993 2512
  61  96.000 292.000  90  10  668 1217
  62 259.000 243.000  90  20   11  505
  63  63.000 159.000  90  20  961 1216
  64  67.000 485.000  90  40 1938 2555
  65 220.000 359.000  90  30 1247 1761
  66 147.000 435.000  90  10 1961 2421
  67  43.000 355.000  90  20 1388 1963
  68 368.000 340.000  90  10  245  836
  69 355.000 480.000  90  20 1512 1880
  70 450.000 153.000  90  20  298  927
  71  54.000 287.000  90  20  199  617
  72 219.000  89.000  90  20 2530 3014
  73 191.000 309.000  90  10 1233 1788
  74 301.000  67.000  90  40  348  773
  75 484.000 161.000  90  10 1482 2071
  76 241.000 375.000  90  10 1810 2347
  77 272.000 228.000  90  10 1895 2330
  78  25.000 290.000  90  30 2710 3192
  79 441.000 157.000  90  10  259  766
  80  13.000 266.000  90  20 1034 1533
  81  61.000 170.000  90  30 2225 2750
  82 386.000 357.000  90  20 1285 1740
  83  71.000 388.000  90  20 1353 1816
  84 352.000  38.000  90  10  374 1037
  85  46.000 383.000  90  30 1090 1647
  86 202.000 198.000  90  30 2137 2579
  87 191.000 352.000  90  20  117  742
  88 228.000 124.000  90  20  127  646
  89 331.000 486.000  90  10 1745 2421
  90 112.000 208.000   0  10 1404 1959
  91 326.000 498.000   0  10  862 1340
  92  95.000 279.000  90  20  181  728
  93  76.000 456.000  90  30  574 1147
  94 152.000 196.000  90  10  111  704
  95 268.000 351.000  90  10 1255 1805
  96 139.000 269.000  90  20 1577 2039
  97 483.000 170.000  90  30 2073 2481
  98  39.000 278.000  90  10 1430 1933
  99 201.000 307.000  90  10 1550 2036
 100 294.000 455.000  90  30 2331 2682
 101 216.000 316.000  90  20 2139 2659
 102 261.000  96.000  90  40  361  694
 103 152.000 460.000  90  10 1141 1639
 104 135.000 460.000  90  10 1634 2096
 105 260.000 104.000  90  20  146  669
 106  32.000 247.000  90  20  651 1112
 107  95.000 294.000  90  10  556 1144
 108 223.000  90.000  90  30 2535 3199
 109 261.000  84.000  90  10  464 1164
 110  73.000 484.000  90  20 2344 2707
 111  78.000 375.000  90  10  212  867
 112 366.000 346.000  90  20  472  983
 113 125.000 181.000  90  20 2499 3098
 114  69.000 493.000  90  20 1802 2311
 115  85.000 486.000  90  30 2468 2967
 116 280.000 423.000  90  10  754 1308
 117  96.000 356.000  90  10  186  707
 118  81.000 283.000  90  10 1447 1961
 119 255.000 371.000  90  40 2017 2562
 120 358.000 359.000  90  20 2501 2937
 121 305.000 212.000  90  20  991 1480
 122 151.000 462.000  90  10 1290 1675
 123 155.000 198.000  90  30  108  681
 124  88.000 394.000  90  10  560 1054
 125  81.000 373.000  90  10  421  919
 126 163.000 453.000  90  10  616  929
 127 231.000  81.000  90  30 2188 2777
 128 236.000  95.000  90  30 1991 2403
 129 296.000 253.000  90  10  724 1105
 130 230.000  95.000   0  20 1742 2216
 131  57.000 131.000  90  10 1291 1675
 132 379.000 245.000   0  10 2626 3080
 133 154.000 458.000  90  20  972 1438
 134 290.000 417.000  90  10  171  668
 135 272.000 243.000  90  30   23  642
 136  94.000 130.000   0  10  448  914
 137 222.000 356.000  90  20 1411 1964
 138 224.000  93.000  90  20 2019 2523
 139 155.000 242.000  90  10  666 1266
 140 440.000 302.000  90  20 1114 1604
 141  52.000 484.000  90  10 1592 1931
 142 111.000 244.000  90  10 2089 2530
 143 228.000 186.000  90  20  119  580
 144 221.000 374.000  90  30  878 1543
 145 390.000   9.000  90  30 1053 1632
 146 189.000 368.000  90  20  132  605
 147 408.000 305.000  90  10  248  750
 148 180.000 335.000  90  20 2395 2926
 149 327.000 483.000  90  20 1936 2421
 150 375.000 342.000  90  10  742 1296
 151 152.000 260.000  90  10   98  475
 152 255.000 120.000  90  10  130  591
 153 214.000 382.000   0  30 2351 2791
 154 414.000 384.000  90  10 2527 2957
 155 188.000 330.000  90  30  386  801
 156 101.000 237.000  90  20 1700 2122
 157  74.000 360.000  90  40 2660 3212
 158 267.000 260.000  90  20  385  793
 159 384.000 217.000  90  20 1615 2163
 160 418.000 300.000  90  10  473  909
 161 293.000 454.000  90  20 2394 2987
 162 321.000 228.000  90  30 2046 2514
 163 198.000 284.000  90  10   62  632
 164 137.000 186.000   0  10 2688 3297
 165 229.000 396.000  90  30 2666 3258
 166  95.000 243.000  90  20  603 1074
 167 297.000 430.000  90  20  250  667
 168 393.000 368.000  90  10  317  787
 169 280.000 351.000  90  30  105  565
 170 241.000  77.000  90  30  987 1623
 171 134.000 265.000  90  20 2441 3050
 172 420.000  95.000  90  30  230  634
 173 367.000 358.000  90  30 2009 2417
 174 239.000 373.000  90  10 1747 2223
 175 284.000 360.000  90  30  115  726
 176 279.000 369.000  90  10  312  853
 177 447.000  88.000   0  20 2754 3332
 178 314.000 279.000  90  10  113  586
 179 370.000 353.000  90  10  586 1065
 180 332.000 486.000  90  20 1681 2304
 181 386.000 361.000  90  30 1389 1824
 182  55.000 282.000  90  40  293  477
 183 317.000 467.000  90  20  269  738
 184 348.000 466.000  90  20 2389 2937
 185 416.000  48.000  90  10 1727 2193
 186 149.000 434.000  90  30 1999 2568
 187 466.000 169.000  90  30 2268 2896
 188 141.000 267.000  90  10 1419 2011
 189 211.000 188.000  90  10  461 1019
 190  50.000 343.000  90  10 2524 3143
 191 107.000 311.000  90  40 2609 3176
 192 178.000 441.000  90  20  204  815
 193 137.000 227.000  90  20  115  770
 194 161.000 203.000  90  20  100  507
 195 384.000 346.000   0  20 1183 1639
 196 346.000 211.000  90  10  103  432
 197 265.000 358.000  90  20 1271 1593
 198  96.000 407.000  90  20  237  791
 199 443.000  70.000  90  20 2322 2767
 200 361.000 337.000  90  50  167  718
 201 322.000  78.000  90  20 2246 2842
 202 481.000 156.000   0  20 1392 1969
 203 188.000 293.000  90  30  756 1078
 204  76.000 408.000  90  30  849 1352
 205 378.000 363.000  90  30 1516 2141
 206 185.000 301.000  90  20 1128 1693
 207 261.000 350.000  90  10 1562 2056
 208 151.000 214.000  90  10  278  905
 209 265.000  94.000  90  10  156  708
 210 293.000  81.000  90  10  174  676
 211 363.000  55.000   0  10 2909 3216
 212 428.000 298.000  90  30 1481 1987
 213  75.000 379.000  90  30 2402 2893
 214 259.000  88.000  90  20  385  865
 215 320.000 258.000  90  20  394  894
 216 316.000 453.000  90  20  213  672
 217 225.000 192.000  90  20   63  669
 218 140.000 206.000  90  30  232  743
 219 366.000 196.000  90  10  127  631
 220 129.000 267.000  90  10 2299 2822
 221  57.000 379.000  90  20  774 1201
 222 329.000  56.000  90  20 1259 1816
 223 330.000 259.000  90  30  974 1648
 224 136.000 217.000  90  30  756 1200
 225 412.000 361.000  90  10 1585 2072
 226 259.000  90.000  90  30  433 1001
 227 460.000 173.000  90  20 2723 3211
 228  83.000 301.000  90  20 2086 2668
 229 118.000 214.000  90  20  136  592
 230 283.000 248.000  90  30   33  376
 231 391.000 334.000  90  20  873 1380
 232 276.000 428.000  90  20  959 1297
 233  96.000 152.000  90  20  182  655
 234 425.000  85.000  90  10  427  806
 235 336.000   7.000  90  10 1446 1883
 236 341.000  37.000  90  20  342  685
 237 406.000  37.000  90  40  264  700
 238  80.000 376.000  90  40  243  730
 239  88.000 379.000  90  20  450 1089
 240 345.000  15.000  90  20 1264 1860
 241 125.000 245.000  90  20 2858 3307
 242 449.000 140.000  90  20  543 1078
 243 430.000 310.000  90  30 1020 1493
 244 446.000 139.000  90  20  414 1021
 245 229.000 214.000  90  20   41  617
 246 197.000 301.000  90  10   73  550
 247 401.000 368.000  90  20  452 1036
 248  59.000 159.000  90  10  947 1419
 249 186.000 177.000  90  20 1203 1680
 250 319.000 229.000  90  10 2126 2618
 251  26.000 269.000  90  30  865 1305
 252 471.000 154.000  90  20 1170 1628
 253 367.000  59.000  90  10 3039 3459
 254 441.000 287.000  90  40 2652 3339
 255 444.000 157.000  90  10  215  515
 256 374.000  17.000  90  10 1734 2276
 257 448.000 295.000  90  10 2501 3107
 258 318.000 493.000  90  10  721 1090
 259 399.000 352.000  90  10 1094 1587
 260  51.000 364.000  90  10 1700 2234
 261 173.000 208.000  90  30 1669 2254
 262  79.000 346.000  90  10 2990 3470
 263 360.000 338.000  90  10  140  618
 264 390.000  17.000  90  30 1226 1839
 265 206.000 377.000  90  20  366  911
 266 429.000 294.000   0  10 1760 2286
 267 375.000  31.000  90  20 2060 2471
 268 426.000  80.000  90  20  602 1003
 269 239.000 369.000  90  30 1613 2169
 270 420.000 308.000  90  30  644  934
 271 254.000 357.000  90  20 1901 2284
 272 204.000 171.000  90  20  789 1288
 273 207.000 194.000  90  10 2250 2856
 274 315.000 232.000  90  10 2580 3086
 275 425.000  87.000  90  20  247  802
 276 312.000  64.000  90  20  368  956
 277 432.000 369.000  90  10 1922 2532
 278 221.000 179.000  90  20  153  745
 279 413.000 350.000  90  10 1361 1913
 280 214.000 372.000  90  10  657 1389
 281 379.000 229.000  90  10  862 1389
 282 226.000 120.000  90  30  132  692
 283 344.000  46.000  90  30 1473 2008
 284  95.000 160.000  90  10  179  704
 285  98.000 286.000  90  30 1202 1632
 286 147.000 199.000  90  30  126  649
 287 210.000  98.000  90  10  493 1108
 288 203.000 369.000  90  10  652 1190
 289 296.000 232.000  90  10 1109 1586
 290  87.000 369.000  90  10  201  839
 291 247.000  88.000  90  30 1765 2242
 292 114.000 296.000  90  40  143  623
 293 192.000 306.000  90  20 1364 1843
 294 419.000 310.000  90  10  572 1192
 295 129.000 264.000  90  20 2587 3095
 296 172.000 483.000  90  30  793 1175
 297 325.000 251.000  90  20 1241 1769
 298 151.000 436.000  90  10 2250 2682
 299 401.000  15.000  90  20  634  897
 300 283.000 229.000  90  30 1218 1684
 301 392.000 213.000  90  20 1900 2445
 302 167.000 304.000  90  20   99  701
 303 234.000 383.000  90  10 1965 2393
 304 144.000 266.000  90  30  141  641
 305 368.000 325.000  90  30  139  661
 306 440.000 295.000  90  30 1976 2455
 307 187.000 362.000  90  20 1556 2176
 308 131.000 207.000  90  20  967 1191
 309 405.000   5.000  90  20  617 1115
 310 281.000 279.000  90  20  592  996
 311 326.000 241.000  90  20 1472 1919
 312  71.000 139.000  90  30  721 1053
 313  46.000 277.000  90  10  463  874
 314 393.000  13.000  90  20 1208 1667
 315  87.000 454.000  90  40  744 1179
 316 220.000 192.000  90  20   65  645
 317 131.000 267.000  90  10 2470 2834
 318 200.000 297.000  90  30  395  872
 319 312.000  74.000  90  20 2610 3049
 320  67.000 160.000  90  10 2530 3010
 321 390.000  42.000  90  20 2437 2900
 322  44.000 279.000  90  10  409  744
 323 200.000 182.000  90  10  938 1528
 324 298.000 438.000  90  10  491  803
 325  62.000 301.000   0  20 3152 3630
 326 269.000 428.000  90  20  986 1463
 327 320.000 231.000  90  20 2214 2714
 328 117.000 204.000  90  30 1481 2075
 329 169.000 443.000  90  30  328  832
 330  71.000 163.000  90  20 2663 3067
 331 389.000 233.000  90  20 2350 2783
 332 209.000 307.000  90  10 1634 2149
 333 405.000  47.000  90  10  255  919
 334 278.000 329.000  90  10   83  605
 335 302.000 470.000  90  20 2051 2564
 336 373.000 205.000  90  40  130  708
 337  46.000 341.000  90  10 2541 2938
 338  50.000 138.000  90  20 1660 2277
 339  61.000 437.000  90  20  265  630
 340 440.000  81.000  90  20 2494 2995
 341 174.000 304.000  90  20   93  482
 342 106.000 248.000  90  20 1243 1809
 343 412.000 367.000  90  20  809 1271
 344 412.000 300.000  90  20  385  805
 345 206.000 295.000  90  10 2657 3120
 346 177.000 436.000  90  20  199  699
 347 266.000 264.000  90  30  421  945
 348 308.000 235.000   0  10 2928 3502
 349 428.000 384.000  90  10 2253 2795
 350 365.000 360.000  90  20 1850 2390
 351 220.000 177.000  90  20  268  815
 352 347.000  21.000  90  20 1345 1588
 353 267.000 436.000  90  30 2805 3368
 354 383.000 351.000  90  20  167  796
 355 289.000 240.000  90  20  762 1276
 356 387.000  21.000  90  10 1425 1830
 357 116.000 255.000  90  20 1029 1609
 358 447.000 102.000  90  10 2943 3578
 359 366.000  16.000  90  20 1738 2377
 360  54.000 485.000  90  30 1521 2185
 361 273.000 234.000  90  10 1430 2041
 362 223.000 114.000  90  20  176  647
 363 191.000 308.000  90  20   82  549
 364 106.000 295.000  90  20  888 1378
 365 387.000 224.000  90  30 1369 1825
 366  96.000 377.000  90  10  199  664
 367  86.000 361.000   0  20 3096 3626
 368 369.000 351.000  90  20  753 1084
 369 388.000 228.000  90  10 1091 1538
 370 420.000  78.000  90  20 1189 1766
 371 396.000   4.000  90  10  849 1457
 372 222.000 317.000  90  30 2214 2775
 373 389.000 198.000  90  20  349  898
 374 322.000 454.000  90  20  216  708
 375 298.000 255.000  90  10   48  724
 376 345.000 496.000  90  20 1170 1804
 377 167.000 169.000  90  20 1464 2003
 378  23.000 306.000  90  20 2019 2506
 379 317.000  62.000  90  20  502 1012
 380  59.000 377.000  90  20 1946 2390
 381 138.000 272.000  90  20 1652 2149
 382 317.000 251.000  90  30  792 1248
 383 371.000 207.000  90  10  128  642
 384 263.000 372.000  90  10  770 1162
 385 334.000  47.000  90  20  219  638
 386  50.000 383.000  90  10 1655 2282
 387  54.000 372.000  90  20 1775 2367
 388 380.000 228.000  90  30  925 1508
 389 425.000 118.000  90  10  219  705
 390  80.000 398.000  90  10  698 1114
 391  40.000 378.000  90  20 1230 1703
 392 157.000 436.000  90  20 2593 3112
 393 463.000 161.000  90  30 2220 2747
 394  51.000 162.000  90  20 2003 2582
 395 194.000 353.000  90  20 1193 1709
 396 457.000 142.000  90  20  670 1148
 397 244.000  94.000  90  20 1697 2054
 398 174.000 444.000  90  10  263  706
 399  94.000 247.000  90  30  669 1196
 400 155.000 447.000  90  20 2555 2948
 401 297.000 442.000  90  20 1625 2159
 402 200.000 342.000  90  10  869 1284
 403  80.000 374.000  90  20  264  893
 404 236.000  92.000  90  10 2008 2573
 405 404.000 310.000  90  20  165  666
 406 367.000 239.000  90  20 2983 3490
 407 188.000 356.000  90  20 1587 2337
 408 413.000 353.000  90  10 1516 1945
 409  54.000 446.000  90  20  277  559
 410 230.000 105.000  90  10 2762 3313
 411 196.000 302.000  90  20  113  594
 412 234.000 350.000  90  10 2525 2869
 413 283.000 425.000  90  20  655 1221
 414  77.000 397.000  90  10  729 1269
 415 213.000  76.000  90  20 1093 1666
 416 417.000  56.000  90  20 1654 2070
 417 183.000 340.000  90  10 2525 2988
 418 377.000 246.000  90  20 2890 3379
 419 310.000 484.000  90  30  449  962
 420  57.000 456.000  90  20  282  805
 421 313.000 266.000  90  20  258  647
 422 475.000 145.000  90  30  965 1450
 423 400.000 376.000  90  40  541 1143
 424 290.000 416.000  90  30  170  877
 425 277.000 369.000  90  30  256  725
 426 194.000 301.000  90  30  249  643
 427  56.000 287.000  90  20  197  679
 428 378.000 326.000  90  30  148  691
 429 197.000 350.000  90  30 1037 1496
 430 243.000  88.000  90  20 1515 2106
 431 250.000  72.000  90  20  946 1465
 432 101.000 290.000  90  20 1005 1456
 433 351.000 480.000  90  30 1482 2098
 434 292.000 456.000  90  20 2305 2891
 435 392.000  31.000  90  20 2741 3199
 436 420.000 295.000  90  10 1547 2117
 437 427.000  64.000  90  30 1129 1615
 438 101.000 263.000  90  20 1038 1434
 439 148.000 270.000  90  10  103  609
 440  76.000 287.000  90  20 1710 2078
 441 308.000  55.000  90  30  711 1192
 442 143.000 257.000  90  10  360  802
 443 385.000  28.000  90  10 2091 2641
 444 132.000 272.000  90  30 2181 2567
 445 206.000 379.000  90  10  317  777
 446 431.000 301.000  90  10 1316 1781
 447 328.000 498.000  90  20  967 1419
 448 108.000 222.000  90  10 1305 1849
 449 341.000  26.000  90  10 1096 1640
 450  63.000 454.000  90  10  278  851
 451 416.000 364.000  90  20 1750 2285
 452 140.000 252.000  90  20  353 1001
 453 438.000  72.000  90  10  962 1395
 454 208.000 371.000  90  20  540  929
 455 190.000 292.000  90  10  559 1092
 456  78.000 479.000  90  30  926 1412
 457 346.000  13.000  90  20 1431 2102
 458  47.000 388.000  90  20  981 1566
 459 315.000  57.000  90  20  971 1532
 460 323.000  60.000  90  10 1102 1598
 461 326.000 253.000  90  10  820 1417
 462 118.000 223.000  90  10  217  621
 463  95.000 395.000  90  30  212  717
 464 117.000 319.000  90  10 2922 3454
 465 195.000 300.000  90  10  256  820
 466 397.000  27.000  90  20 2209 2727
 467 179.000 311.000  90  10  118  665
 468  77.000 133.000  90  10  503 1074
 469  66.000 397.000  90  10  895 1516
 470 366.000 352.000  90  10 2667 3152
 471 272.000 246.000  90  10   22  606
 472 293.000  67.000  90  20  187  651
 473 140.000 265.000  90  40 1313 1933
 474 238.000  83.000  90  20 1388 1858
 475 136.000 296.000   0  30 3097 3612
 476 218.000  98.000  90  30 1837 2327
 477 290.000 440.000  90  40 1370 2033
 478  29.000 302.000  90  20 1991 2339
 479 290.000 425.000  90  30  179  770
 480 294.000  64.000  90  10  191  769
 481 405.000  24.000  90  10  274  923
 482 211.000  97.000  90  20  683 1101
 483 186.000 372.000  90  20 1538 1993
 484 293.000 249.000  90  10   43  505
 485  83.000 228.000  90  20  475  984
 486  96.000 269.000  90  10  715 1375
 487 368.000 219.000  90  20  793 1248
 488  66.000 359.000  90  20 2939 3535
 489 138.000 196.000  90  30 1926 2220
 490 425.000  99.000  90  20  231  769
 491 264.000 365.000  90  10 1009 1661
 492  78.000 141.000  90  30  203  791
 493 196.000 348.000  90  10  948 1400
 494 313.000 263.000  90  20  320  772
 495 217.000 189.000  90  20  419  869
 496  60.000 497.000   0  10 1677 2236
 497  11.000 269.000  90  10  924 1457
 498 292.000 434.000  90  10  591 1079
 499 145.000 221.000  90  20  517 1058
 500 489.000 150.000  90  50 1640 2116
 501 152.000 225.000  90  30  794 1353
 502 415.000  73.000  90  20 1358 1792
 503 320.000 476.000  90  30  438  769
 504 405.000 311.000  90  30  166  745
 505 428.000 314.000  90  20  801 1343
 506  40.000 288.000  90  20 1679 2068
 507 175.000 282.000  90  10  952 1459
 508 208.000 101.000  90  10  467  947
 509 342.000  52.000  90  10  218  660
 510  83.000 282.000  90 -20 1323 1902
 511 410.000 287.000  90 -10 3095 3505
 512 437.000  61.000  90 -20 1900 2436
 513  39.000 296.000  90 -30 1899 2228
 514 210.000  94.000  90 -10  811 1342
 515  69.000 475.000  90 -30 1041 1496
 516 383.000  41.000  90 -20 2541 2990
 517 245.000  96.000  90 -20 1561 2004
 518  91.000 303.000  90 -10 2017 2540
 519  53.000 139.000  90 -20 1017 1571
 520 140.000 180.000  90 -20 2884 3293
 521 272.000 233.000  90 -20 1602 2053
 522  25.000 293.000  90 -20 2773 3314
 523 206.000 312.000  90 -30 1790 2370
 524  59.000 163.000  90 -20 2191 2591
 525 446.000  86.000  90 -20 2838 3433
 526 452.000 154.000  90 -10  223  701
 527 253.000 241.000  90 -10 2646 3184
 528 112.000 251.000  90 -10 1461 1964
 529 112.000 243.000  90 -10 2101 2701
 530 299.000 442.000  90 -10 1791 2178
 531 329.000 459.000  90 -30 2653 3276
 532 363.000 212.000  90 -10 3103 3605
 533 121.000 236.000  90 -10 1912 2316
 534 434.000 377.000  90 -30 2115 2736
 535  90.000 298.000  90 -10 1929 2438
 536  67.000 387.000  90 -20 2219 2692
 537 235.000  81.000  90 -10 1343 1717
 538 110.000 199.000  90 -10 2113 2462
 539 119.000 285.000  90 -10 2897 3388
 540 319.000  77.000  90 -20 2455 2820
 541 379.000 208.000  90 -20  656 1173
 542 440.000 173.000  90 -20 3101 3619
 543 446.000 169.000  90 -10 3054 3475
 544 252.000 347.000  90 -30 2796 3187
 545 386.000 213.000  90 -20 1685 2467
 546 351.000  31.000  90 -10  652 1133
 547  74.000 374.000  90 -20 2534 2950
 548 262.000 368.000  90 -10  967 1517
 549  56.000 388.000  90 -20 1637 2105
 550 351.000  33.000  90 -30  517 1085
 551 244.000 371.000  90 -30 2080 2700
 552 220.000 384.000  90 -20 2523 3003
 553  87.000 481.000  90 -20 2595 3032
 554 400.000 364.000  90 -30  440  859
 555 335.000  52.000  90 -20 1587 2095
 556 346.000 344.000  90 -10 3043 3541
 557 215.000 108.000  90 -20 2671 3008
 558  36.000 284.000  90 -10 1484 2072
 559 142.000 457.000  90 -10 1402 1943
 560 176.000 296.000  90 -30 1057 1563
 561 308.000  60.000  90 -10  609 1104
 562 105.000 317.000  90 -30 2749 3229
 563 125.000 212.000  90 -20  911 1623
 564 395.000   1.000  90 -30  726 1208
 565 103.000 251.000  90 -10 1104 1572
 566 386.000 344.000  90 -20 1101 1536
 567 176.000 447.000  90 -20  210  645
 568  95.000 356.000  90 -10 3122 3637
 569 206.000 326.000  90 -20 3119 3533
 570 102.000 289.000  90 -10 1062 1582
 571 394.000  10.000  90 -20 1050 1448
 572  59.000 128.000  90 -20 1288 1865
 573 156.000 421.000  90 -40 3224 3629
 574 260.000 330.000  90 -30 3075 3491
 575 156.000 434.000  90 -10 2608 3283
 576  54.000 357.000  90 -20 1525 2028
 577 320.000 225.000  90 -10 1879 2309
 578 336.000 479.000  90 -20 1979 2578
 579 490.000 159.000  90 -20 1732 2222
 580  17.000 283.000  90 -20 2391 2936
 581 245.000 109.000  90 -20 2897 3441
 582 204.000 291.000  90 -10 2733 3234
 583 356.000  77.000  90 -40 2026 2633
 584 467.000 157.000  90 -10 2130 2645
 585 220.000 379.000  90 -10 2307 2642
 586 265.000 218.000  90 -10 2284 2735
 587 163.000 277.000  90 -30 3282 3733
 588 428.000 312.000  90 -10  882 1445
 589  34.000 279.000  90 -20 1285 1888
 590 107.000 168.000  90 -30 2334 2855
 591 377.000 356.000  90 -20 1747 2104
 592  73.000 360.000  90 -20 2857 3197
 593 343.000  27.000  90 -10  983 1569
 594  35.000 358.000  90 -30 1322 1831
 595 204.000 189.000  90 -30 2147 2769
 596 202.000 386.000  90 -20  228  670
 597 204.000  90.000  90 -20  956 1392
 598 345.000 468.000  90 -10 2530 2984
 599 112.000 208.000  90 -10 1404 1959
 600 326.000 498.000  90 -10  862 1340
 601 101.000 295.000  90 -20  788 1289
 602  59.000 471.000  90 -30 1347 1781
 603  80.000 141.000  90 -10  340  807
 604 259.000 355.000  90 -10 1768 2226
 605 129.000 255.000  90 -20 2593 2999
 606 464.000 178.000  90 -30 2477 3065
 607  37.000 295.000  90 -10 1705 2238
 608 218.000 298.000  90 -10 2482 3091
 609 253.000 382.000  90 -30 2946 3394
 610 216.000 300.000  90 -20 2461 2926
 611 232.000  87.000  90 -40 1318 1850
 612 160.000 431.000  90 -10 3067 3601
 613 116.000 446.000  90 -10 1688 2269
 614 263.000  91.000  90 -20  188  676
 615  16.000 280.000  90 -20 2594 3100
 616 121.000 249.000  90 -10 2270 2733
 617 241.000  98.000  90 -30 2822 3312
 618 226.000  86.000  90 -10 2450 2900
 619  95.000 475.000  90 -20 2797 3213
 620  50.000 347.000  90 -10 2433 2852
 621 323.000 258.000  90 -20 1160 1657
 622 129.000 185.000  90 -20 2692 3095
 623  95.000 466.000  90 -20 2842 3365
 624  94.000 456.000  90 -30 3054 3353
 625 251.000 376.000  90 -10 2972 3561
 626  50.000 368.000  90 -10 1856 2267
 627 109.000 325.000  90 -10 2847 3329
 628 254.000 335.000  90 -40 2854 3333
 629 360.000 356.000  90 -20 2538 3088
 630 254.000 238.000  90 -20 2376 3076
 631 166.000 434.000  90 -10 2813 3278
 632 104.000 198.000  90 -30 2166 2601
 633  72.000 391.000  90 -10 1181 1803
 634  52.000 369.000  90 -10 1884 2423
 635 125.000 444.000  90 -10 1836 2318
 636 243.000 108.000  90 -30 2897 3384
 637 224.000  96.000  90 -30 1892 2464
 638 173.000 328.000  90 -10 2267 2855
 639 230.000  95.000  90 -20 1742 2216
 640  49.000 136.000  90 -10 1509 2061
 641 379.000 245.000  90 -10 2626 3080
 642 151.000 442.000  90 -20 2276 2848
 643 314.000 436.000  90 -10 1951 2411
 644 385.000 235.000  90 -30 2402 2920
 645  94.000 130.000  90 -10  448  914
 646 222.000 357.000  90 -20 1406 1788
 647 215.000  91.000  90 -20 2074 2667
 648 128.000 249.000  90 -10 1100 1746
 649 429.000 282.000  90 -20 2859 3337
 650  77.000 483.000  90 -10 2389 2849
 651 115.000 269.000  90 -10 2800 3273
 652 197.000 178.000  90 -20  874 1402
 653 206.000 313.000  90 -30 1966 2376
 654 378.000  25.000  90 -30 2227 2750
 655 199.000 305.000  90 -20 1356 2044
 656 389.000 342.000  90 -10  984 1466
 657 200.000 327.000  90 -20 2936 3524
 658 347.000 479.000  90 -20 2153 2785
 659 323.000 229.000  90 -10 1560 2036
 660 149.000 273.000  90 -10  103  485
 661 247.000  82.000  90 -10 1656 2160
 662 214.000 382.000  90 -30 2351 2791
 663 403.000 390.000  90 -10 2376 2903
 664 201.000 331.000  90 -30  493 1080
 665 110.000 241.000  90 -20 1953 2479
 666  71.000 368.000  90 -40 3051 3610
 667 198.000 334.000  90 -20 1985 2581
 668 384.000 235.000  90 -20 2449 3055
 669 420.000 311.000  90 -10  660 1286
 670 247.000 447.000  90 -20 3024 3375
 671 317.000 234.000  90 -30 2372 2746
 672 194.000 296.000  90 -10  490  970
 673 137.000 186.000  90 -10 2688 3297
 674 257.000 336.000  90 -30 2930 3442
 675 104.000 246.000  90 -20 1113 1753
 676 294.000 437.000  90 -20  494  989
 677 401.000 385.000  90 -10 2697 3191
 678 261.000 370.000  90 -30  976 1323
 679 232.000  85.000  90 -30 2129 2649
 680 131.000 253.000  90 -20 2529 3248
 681 426.000  85.000  90 -30  461  954
 682 341.000 367.000  90 -30 2322 2899
 683 232.000 378.000  90 -10 2024 2525
 684 266.000 373.000  90 -30  566 1180
 685 241.000 362.000  90 -10 2306 2674
 686 447.000  88.000  90 -20 2754 3332
 687 403.000 361.000  90 -10 1323 1742
 688 308.000 232.000  90 -10 2788 3267
 689 349.000 476.000  90 -20 2267 2860
 690 372.000 354.000  90 -30 1803 2238
 691  47.000 280.000  90 -40  249  717
 692 332.000 491.000  90 -20 1177 1405
 693 357.000 445.000  90 -20 3079 3455
 694 441.000  63.000  90 -10 2104 2605
 695 150.000 435.000  90 -30 2081 2668
 696 465.000 176.000  90 -30 2333 3024
 697 127.000 278.000  90 -10 1969 2404
 698 196.000 192.000  90 -10 1914 2425
 699  86.000 359.000  90 -10 3067 3603
 700 153.000 295.000  90 -40 3211 3713
 701 166.000 452.000  90 -20  425  934
 702 103.000 266.000  90 -20 1035 1250
 703 114.000 169.000  90 -20 2519 2866
 704 384.000 346.000  90 -20 1183 1639
 705 388.000 220.000  90 -10 1277 1729
 706 258.000 350.000  90 -20 1663 2140
 707  70.000 482.000  90 -20 2143 2719
 708 430.000  86.000  90 -20 2586 3107
 709 331.000 252.000  90 -50 1008 1420
 710 316.000  80.000  90 -20 2469 2994
 711 481.000 156.000  90 -20 1392 1969
 712 179.000 284.000  90 -30  890 1332
 713  67.000 377.000  90 -30 1952 2579
 714 363.000 351.000  90 -30 2754 3253
 715 131.000 269.000  90 -20 2222 2714
 716 229.000 364.000  90 -10 2405 2778
 717 120.000 210.000  90 -10 1084 1640
 718 238.000  84.000  90 -10 1380 2049
 719 329.000  48.000  90 -10 1333 1937
 720 363.000  55.000  90 -10 2909 3216
 721 439.000 297.000  90 -30 1862 2384
 722  77.000 360.000  90 -30 3155 3619
 723 253.000  81.000  90 -20  798 1413
 724 319.000 257.000  90 -20  527  944
 725 311.000 496.000  90 -20  549 1066
 726 212.000 168.000  90 -20  697 1182
 727  63.000 166.000  90 -30 2338 2826
 728 384.000 206.000  90 -10  562 1077
 729 124.000 247.000  90 -10 2878 3471
 730  47.000 389.000  90 -20  918 1446
 731 310.000  81.000  90 -20 2688 3165
 732 325.000 228.000  90 -30 1647 2134
 733 196.000 219.000  90 -30 2836 3431
 734 391.000 373.000  90 -10 2851 3428
 735 265.000  77.000  90 -30  628 1196
 736 354.000 219.000  90 -20 3198 3712
 737  67.000 302.000  90 -20 2329 2817
 738 107.000 225.000  90 -20  265  775
 739 275.000 236.000  90 -30 1357 1929
 740 402.000 362.000  90 -20 1158 1723
 741 277.000 431.000  90 -20 1174 1653
 742  83.000 151.000  90 -20  194  686
 743 440.000  70.000  90 -10 2169 2734
 744 397.000  40.000  90 -10 2303 2838
 745 356.000  28.000  90 -20  872 1288
 746 408.000  20.000  90 -40  282  825
 747  48.000 385.000  90 -40  783 1394
 748  58.000 364.000  90 -20 1994 2690
 749 348.000  16.000  90 -20 1616 2104
 750 123.000 242.000  90 -20 2963 3577
 751 470.000 152.000  90 -20 1010 1603
 752 436.000 301.000  90 -30 1095 1811
 753 475.000 136.000  90 -20  907 1311
 754 207.000 196.000  90 -20 2309 2982
 755 207.000 337.000  90 -10  605 1165
 756 409.000 361.000  90 -20  907 1366
 757  57.000 132.000  90 -10 1127 1656
 758 250.000 217.000  90 -20 2435 2794
 759 317.000 235.000  90 -10 2414 2886
 760  22.000 283.000  90 -30 1089 1697
 761 477.000 154.000  90 -20 1359 1812
 762 363.000  62.000  90 -10 3048 3605
 763 426.000 279.000  90 -40 2979 3405
 764 468.000 135.000  90 -10  830 1193
 765 395.000  30.000  90 -10 2687 3066
 766 442.000 287.000  90 -10 2648 3160
 767 338.000 489.000  90 -10 1164 1611
 768 358.000 365.000  90 -10 2134 2677
 769  65.000 357.000  90 -10 2236 2832
 770 212.000 215.000  90 -30 3093 3387
 771  89.000 358.000  90 -10 3140 3631
 772 366.000 341.000  90 -10  362  903
 773 373.000  22.000  90 -30 2121 2664
 774 204.000 371.000  90 -20  565 1093
 775 429.000 294.000  90 -10 1760 2286
 776 370.000  55.000  90 -20 2691 3241
 777 429.000  80.000  90 -20  583 1208
 778 220.000 394.000  90 -30 2634 3092
 779 406.000 286.000  90 -30 3039 3664
 780 233.000 346.000  90 -20 2550 3031
 781 184.000 178.000  90 -20 1286 1782
 782 209.000 201.000  90 -10 2586 3081
 783 305.000 233.000  90 -10 2899 3342
 784 432.000  80.000  90 -20  746 1231
 785 325.000  75.000  90 -20 2212 2689
 786 399.000 379.000  90 -10 2786 3293
 787 211.000 180.000  90 -20  569 1107
 788 434.000 382.000  90 -10 2123 2537
 789 213.000 363.000  90 -10 1035 1594
 790 382.000 213.000  90 -10 1598 1992
 791 211.000 107.000  90 -30  405  816
 792 337.000  63.000  90 -30 1933 2317
 793 149.000 183.000  90 -10 2903 3473
 794 108.000 245.000  90 -30 1584 2037
 795 148.000 225.000  90 -30  501  885
 796 212.000  71.000  90 -10 1043 1525
 797 210.000 359.000  90 -10 1384 1912
 798 274.000 231.000  90 -10 1841 2572
 799  78.000 371.000  90 -10  210  692
 800 221.000 102.000  90 -30 2727 3149
 801 119.000 232.000  90 -40 1720 2318
 802 216.000 307.000  90 -20 2380 2812
 803 448.000 297.000  90 -10 2546 2878
 804 128.000 240.000  90 -20 3138 3593
 805 152.000 457.000  90 -30 1028 1566
 806 307.000 227.000  90 -20 2688 3178
 807 149.000 444.000  90 -10 2445 2864
 808 382.000  17.000  90 -20 1616 2012
 809 268.000 235.000  90 -30 1648 2195
 810 402.000 230.000  90 -20 2111 2453
 811 111.000 279.000  90 -20  141  662
 812 222.000 381.000  90 -10 2473 2866
 813 146.000 245.000  90 -30  466 1087
 814 394.000 356.000  90 -30  178  628
 815 297.000 250.000  90 -30 2978 3777
 816 184.000 354.000  90 -20 1793 2319
 817 101.000 179.000  90 -20 2261 2723
 818 384.000  24.000  90 -20 2461 2901
 819 205.000 343.000  90 -20  696 1267
 820 328.000 216.000  90 -20 1756 2228
 821  65.000 164.000  90 -30 2361 2990
 822  32.000 256.000  90 -10  730 1231
 823 391.000  23.000  90 -20 2470 3086
 824  69.000 485.000  90 -40 2107 2569
 825 184.000 188.000  90 -20 1168 1512
 826 129.000 244.000  90 -10 2794 3183
 827 132.000 273.000  90 -30 2036 2530
 828 308.000  82.000  90 -20 2764 3274
 829  74.000 165.000  90 -10 2733 3184
 830 378.000  46.000  90 -20 2896 3445
 831  35.000 308.000  90 -10 2908 3396
 832 200.000 195.000  90 -10 1948 2581
 833 275.000 431.000  90 -10  963 1680
 834  62.000 301.000  90 -20 3152 3630
 835 298.000 456.000  90 -20 2202 2622
 836 316.000 234.000  90 -20 2544 2938
 837 126.000 188.000  90 -30 1918 2437
 838 152.000 478.000  90 -30  872 1317
 839 157.000 192.000  90 -20 3049 3532
 840 383.000 246.000  90 -20 2627 3268
 841 211.000 308.000  90 -10 1696 2271
 842 393.000   2.000  90 -10  871 1247
 843 262.000 352.000  90 -10 1435 1998
 844 289.000 452.000  90 -20 2632 3124
 845 458.000 303.000  90 -40 2452 2770
 846  69.000 346.000  90 -10 2744 3339
 847  44.000 153.000  90 -20 1884 2266
 848  67.000 463.000  90 -20  339  989
 849 432.000 105.000  90 -20 3152 3592
 850  90.000 277.000  90 -20  475 1009
 851 125.000 264.000  90 -20 2588 3283
 852 353.000 346.000  90 -20 2875 3514
 853 448.000 302.000  90 -20 2164 2650
 854 207.000 289.000  90 -10 2771 3383
 855 146.000 461.000  90 -20 1389 1765
 856 266.000 250.000  90 -30  321  657
 857 308.000 235.000  90 -10 2928 3502
 858 373.000 364.000  90 -10 2942 3558
 859 359.000 371.000  90 -20 2311 2692
 860 211.000 198.000  90 -20 2507 2972
 861 374.000  55.000  90 -20 2537 3206
 862 233.000 441.000  90 -30 3024 3586
 863 404.000 378.000  90 -20  718 1156
 864 165.000 333.000  90 -20 2120 2802
 865 381.000  20.000  90 -10 1736 2079
 866  73.000 303.000  90 -20 2258 2697
 867 448.000 103.000  90 -10 2964 3578
 868 366.000  34.000  90 -20 1910 2421
 869  94.000 479.000  90 -30 2652 3168
 870 272.000 212.000  90 -10 2098 2723
 871 216.000  96.000  90 -20 2429 2863
 872 236.000 361.000  90 -20 1564 2022
 873 116.000 259.000  90 -20 2421 2965
 874 380.000 223.000  90 -30 1483 1906
 875  76.000 391.000  90 -10 1093 1702
 876  86.000 361.000  90 -20 3096 3626
 877 325.000 246.000  90 -20 1280 1921
 878 396.000 234.000  90 -10 2118 2821
 879 438.000  60.000  90 -20 1990 2530
 880 383.000  18.000  90 -10 1452 1993
 881 249.000 251.000  90 -30 2933 3298
 882 389.000 221.000  90 -20 1240 1583
 883 325.000 490.000  90 -20  746 1260
 884 253.000 244.000  90 -10 2501 3142
 885 352.000 500.000  90 -20 1366 1804
 886 183.000 187.000  90 -20 1568 2128
 887   5.000 296.000  90 -20 2319 2613
 888 326.000  57.000  90 -20 1216 1672
 889  69.000 383.000  90 -20 2308 2793
 890 138.000 276.000  90 -20 1734 2256
 891 266.000 231.000  90 -30 1815 2218
 892 394.000 205.000  90 -10  274  776
 893 250.000 367.000  90 -10 1917 2468
 894 362.000  17.000  90 -20 1759 2169
 895  67.000 380.000  90 -10 2037 2680
 896  59.000 358.000  90 -20 2137 2739
 897 382.000 245.000  90 -30 2811 3266
 898 428.000  64.000  90 -10 1014 1548
 899  74.000 363.000  90 -10 2651 3035
 900  57.000 367.000  90 -20 1898 2600
 901 168.000 433.000  90 -20 3009 3462
 902 460.000 183.000  90 -30 2596 3139
 903  77.000 172.000  90 -20 2884 3227
 904 189.000 339.000  90 -20 2726 3160
 905 475.000 156.000  90 -20 1181 1806
 906 245.000 239.000  90 -20 2758 3269
 907 141.000 454.000  90 -10 1497 2035
 908 113.000 229.000  90 -30  958 1447
 909 172.000 435.000  90 -20 2947 3336
 910 300.000 443.000  90 -20 1835 2317
 911 170.000 338.000  90 -10 2151 2578
 912  56.000 357.000  90 -20 1637 2099
 913 216.000  93.000  90 -10 2470 2636
 914 364.000 364.000  90 -20 2011 2609
 915 301.000 247.000  90 -20 3059 3578
 916 189.000 338.000  90 -20 2765 3303
 917 418.000 355.000  90 -10 1909 2325
 918  52.000 469.000  90 -20 1208 1725
 919 231.000  97.000  90 -10 2743 3192
 920 189.000 327.000  90 -20  253  746
 921 242.000 350.000  90 -10 2595 3187
 922 277.000 434.000  90 -20 1282 1732
 923  66.000 391.000  90 -10 1469 1892
 924 221.000  87.000  90 -20 1206 1761
 925 432.000  87.000  90 -20 2650 3226
 926 184.000 340.000  90 -10 2646 3049
 927 293.000 245.000  90 -20 3298 3722
 928 344.000 478.000  90 -30 2092 2661
 929  71.000 453.000  90 -20  504 1025
 930 278.000 230.000  90 -20 1218 1874
 931 500.000 162.000  90 -30 1905 2431
 932 404.000 346.000  90 -40 1005 1480
 933 314.000 449.000  90 -30  209  739
 934 261.000 371.000  90 -30  881 1236
 935 241.000 391.000  90 -30 2869 3262
 936  16.000 285.000  90 -20 2277 2866
 937 395.000 365.000  90 -30  185  722
 938 197.000 351.000  90 -30 1119 1596
 939 229.000  78.000  90 -20 2373 2780
 940 238.000  57.000  90 -20 1112 1720
 941 109.000 250.000  90 -20 1374 1865
 942 337.000 453.000  90 -30 2844 3286
 943 275.000 448.000  90 -20 2796 3168
 944 389.000  33.000  90 -20 2830 3296
 945 446.000 297.000  90 -10 2084 2539
 946 450.000  72.000  90 -30 2437 2845
 947 125.000 226.000  90 -20 1204 1734
 948 152.000 241.000  90 -10  648 1099
 949  77.000 287.000  90 -20 1668 2301
 950 335.000  64.000  90 -30 1752 2314
 951  91.000 298.000  90 -10 1854 2332
 952 366.000  57.000  90 -10 2924 3388
 953 131.000 241.000  90 -30 2953 3705
 954 216.000 374.000  90 -10  900 1330
 955 444.000 309.000  90 -10 2189 2821
 956 340.000 449.000  90 -20 2926 3394
 957 199.000 200.000  90 -10 2842 3207
 958 347.000  23.000  90 -10  942 1419
 959  59.000 480.000  90 -10 1435 1892
 960 418.000 385.000  90 -20 2586 3088
 961  99.000 307.000  90 -20 2602 2985
 962 414.000  66.000  90 -10 1440 1904
 963 220.000 362.000  90 -20 1225 1597
 964 185.000 293.000  90 -10  697 1323
 965  64.000 473.000  90 -30 1079 1649
 966 361.000  15.000  90 -20 1980 2416
 967  71.000 348.000  90 -20 2904 3365
 968 256.000 117.000  90 -20 2985 3508
 969 351.000  75.000  90 -10 2051 2417
 970 321.000 224.000  90 -10 1924 2447
 971 107.000 221.000  90 -10  284  945
 972  90.000 391.000  90 -30  383  859
 973 130.000 304.000  90 -10 2998 3512
 974 190.000 332.000  90 -10  387  985
 975 386.000  28.000  90 -20 2308 2865
 976  88.000 390.000  90 -10  478  948
 977  30.000 162.000  90 -10 1909 2454
 978  67.000 357.000  90 -10 2887 3362
 979 361.000 349.000  90 -10 2902 3290
 980 274.000 248.000  90 -10  154  626
 981 311.000  47.000  90 -20  894 1406
 982 133.000 278.000  90 -40 1856 2324
 983 247.000  89.000  90 -20 1894 2295
 984 136.000 296.000  90 -30 3097 3612
 985 216.000  92.000  90 -30 2165 2759
 986 291.000 450.000  90 -40 2515 3055
 987  16.000 281.000  90 -20 2534 2979
 988 298.000 430.000  90 -30  362  737
 989 335.000  54.000  90 -10 1675 2192
 990 368.000  17.000  90 -10 1903 2299
 991 212.000 101.000  90 -20 2549 2934
 992 199.000 327.000  90 -20 2922 3355
 993 316.000 254.000  90 -10  558 1102
 994 189.000 200.000  90 -20 1738 2400
 995 132.000 314.000  90 -10 3127 3460
 996 398.000 231.000  90 -20 2147 2605
 997  78.000 361.000  90 -20 3169 3620
 998 203.000 203.000  90 -30 2675 3185
 999 414.000  62.000  90 -20 1524 2008
1000 263.000 351.000  90 -10 1409 1840
1001  43.000 125.000  90 -30 1474 1892
1002 176.000 358.000  90 -10 1934 2377
1003 312.000 252.000  90 -20  690 1159
1004 173.000 169.000  90 -20 1471 1805
1005  60.000 497.000  90 -10 1677 2236
1006  53.000 297.000  90 -10 3203 3558
1007 279.000 436.000  90 -10 1423 1776
1008 123.000 206.000  90 -20 1720 2211
1009 420.000 168.000  90 -50 2983 3636
1010 140.000 220.000  90 -30  668 1098
1011 448.000  94.000  90 -20 3014 3454
1012 346.000 487.000  90 -30 1623 2153
1013 395.000 378.000  90 -30 1449 1983
1014 428.000 292.000  90 -20 1657 2205
1015  44.000 325.000  90 -20 2968 3553
1016 139.000 262.000  90 -10 1369 1691
1017 212.000  96.000  90 -10  734 1233
1018 347.000  40.000  90 -10  333  888
1019 250.000 250.000   0   0    0 3914
