509 509 1000 700 1000
   0 250.000 250.000   0   0    0 3914
   1 212.000 101.000  90  30    0 3671
   2 266.000 231.000  90  40    0 3800
   3 430.000 298.000  90  10    0 3638
   4  25.000 293.000  90  20    0 3595
   5  43.000 269.000  90  30  687  847
   6 216.000 117.000  90  10    0 3687
   7 294.000 437.000  90  30  661  821
   8  79.000 479.000  90  30  998 1158
   9 365.000  18.000  90  20    0 3566
  10 225.000 125.000  90  20  127  287
  11 448.000 103.000  90  30    0 3578
  12 143.000 266.000  90  10    0 3716
  13  67.000 153.000  90  20    0 3617
  14  90.000 168.000  90  20 3080 3240
  15 259.000 355.000  90  20 1917 2077
  16  56.000 388.000  90  20    0 3586
  17 115.000 269.000  90  10    0 3688
  18 377.000 356.000  90  10    0 3659
  19 205.000 343.000  90  20  902 1062
  20  48.000 137.000  90  20    0 3593
  21 220.000 394.000  90  10    0 3677
  22 436.000  54.000  90  20    0 3554
  23  54.000 357.000  90  10    0 3601
  24  90.000 270.000  90  10  565  725
  25 166.000 452.000  90  20    0 3606
  26  17.000 283.000  90  20    0 3589
  27  94.000 275.000  90  10  469  629
  28 292.000 445.000  90  10    0 3625
  29 452.000 154.000  90  30  332  492
  30 113.000 289.000  90  10    0 3682
  31 368.000  17.000  90  20 2021 2181
  32 410.000 364.000  90  30 1842 2002
  33  80.000 281.000  90  10    0 3652
  34 321.000 224.000  90  30    0 3749
  35  73.000 395.000  90  20 1223 1383
  36 259.000  76.000  90  10    0 3650
  37 121.000 203.000   0  10    0 3687
  38 301.000  53.000  90  20    0 3621
  39 382.000 197.000  90  20    0 3682
  40 491.000 160.000  90  20    0 3567
  41 453.000 164.000  90  10    0 3604
  42 353.000  32.000  90  10    0 3583
  43  59.000 389.000  90  20    0 3588
  44 414.000  62.000  90  10    0 3575
  45 101.000 179.000  90  20 2412 2572
  46 396.000 234.000  90  20    0 3678
  47  74.000 390.000  90  20  797  957
  48 332.000  55.000  90  30  211  371
  49 272.000 365.000  90  30    0 3707
  50 216.000 380.000  90  20    0 3690
  51 317.000 234.000  90  10 2479 2639
  52 394.000 367.000  90  30  380  540
  53  58.000 364.000  90  10    0 3601
  54 290.000  75.000  90  20  191  351
  55 131.000 269.000  90  10    0 3704
  56 236.000  96.000  90  20 1604 1764
  57 148.000 225.000  90  40  613  773
  58 166.000 464.000  90  10    0 3595
  59 266.000 373.000  90  10    0 3700
  60 255.000 245.000  90  10    0 3817
  61 125.000 264.000  90  20    0 3699
  62 184.000 188.000  90  10 1260 1420
  63 420.000  20.000  90  30  575  735
  64 132.000 218.000  90  10  136  296
  65 406.000 339.000  90  20  295  455
  66 222.000 381.000  90  20    0 3691
  67  96.000 292.000  90  10    0 3665
  68 349.000 476.000  90  10    0 3578
  69  63.000 159.000   0  20    0 3617
  70 112.000 243.000  90  20    0 3686
  71 448.000 302.000  90  20 2327 2487
  72  67.000 485.000  90  40 2166 2326
  73 220.000 359.000  90  30 1424 1584
  74 317.000 235.000  90  20    0 3756
  75 450.000  72.000  90  10    0 3557
  76 400.000 364.000  90  30    0 3636
  77 355.000 480.000  90  20    0 3572
  78 450.000 153.000  90  20  533  693
  79 380.000 223.000  90  10    0 3692
  80  54.000 287.000  90  20  209  369
  81 420.000 168.000   0  10 3393 3553
  82 219.000  89.000  90  20    0 3661
  83 189.000 327.000  90  10    0 3726
  84 191.000 309.000   0  10    0 3741
  85 131.000 241.000  90  10 3378 3538
  86  63.000 166.000  90  30    0 3619
  87 272.000 228.000  90  10 2033 2193
  88  25.000 290.000  90  30    0 3596
  89 441.000 157.000  90  10    0 3612
  90  61.000 170.000  90  30    0 3619
  91 386.000 357.000  90  20 1433 1593
  92  90.000 298.000  90  10 2104 2264
  93  71.000 388.000  90  20    0 3598
  94 383.000 246.000  90  20    0 3691
  95 352.000  38.000  90  10    0 3589
  96 395.000   1.000  90  30    0 3536
  97 202.000 198.000  90  30    0 3754
  98 228.000 124.000  90  20  141  301
  99 402.000 230.000  90  10    0 3671
 100 331.000 486.000  90  10    0 3575
 101 172.000 435.000  90  30    0 3624
 102 326.000 498.000  90  10    0 3565
 103 242.000 350.000  90  10    0 3724
 104 268.000 351.000  90  10    0 3722
 105 360.000 356.000  90  10    0 3672
 106 262.000 368.000  90  30 1162 1322
 107 149.000 273.000  90  20  212  372
 108 446.000  86.000  90  10    0 3569
 109 483.000 170.000  90  30    0 3578
 110 139.000 262.000  90  30    0 3713
 111 176.000 447.000  90  20  311  471
 112  35.000 358.000  90  20    0 3584
 113 351.000  33.000  90  20    0 3585
 114 261.000  96.000  90  40    0 3670
 115 238.000  57.000  90  30    0 3631
 116 383.000  18.000  90  20 1643 1803
 117  94.000 479.000  90  20    0 3547
 118 337.000 453.000  90  30    0 3604
 119 260.000 104.000  90  20  157  317
 120  64.000 473.000  90  10    0 3534
 121 261.000  84.000  90  10    0 3658
 122 394.000  10.000  90  40    0 3545
 123  94.000 456.000   0  20    0 3566
 124  78.000 375.000  90  10    0 3612
 125  69.000 493.000  90  20    0 3521
 126 432.000  80.000  90  40  908 1068
 127  72.000 391.000  90  10    0 3597
 128  85.000 486.000  90  30    0 3537
 129 280.000 423.000  90  10    0 3649
 130  96.000 356.000  90  10  186  346
 131  81.000 283.000  90  10 1624 1784
 132 373.000  22.000  90  10    0 3565
 133  73.000 360.000  90  20    0 3616
 134 151.000 462.000  90  10    0 3591
 135 152.000 457.000  90  10    0 3595
 136 329.000  48.000  90  10    0 3608
 137 163.000 453.000  90  10    0 3604
 138 184.000 340.000  90  10    0 3713
 139  70.000 482.000  90  20 2351 2511
 140 379.000 208.000  90  10  835  995
 141 236.000  95.000  90  30    0 3669
 142 189.000 200.000  90  10 1989 2149
 143 296.000 253.000  90  10    0 3778
 144 379.000 245.000  90  10    0 3695
 145 290.000 417.000  90  10    0 3653
 146 272.000 243.000  90  30    0 3801
 147  94.000 130.000  90  10    0 3628
 148 222.000 356.000  90  20    0 3715
 149 440.000 302.000  90  20    0 3628
 150 221.000 102.000  90  20    0 3674
 151  52.000 484.000  90  10    0 3518
 152 132.000 273.000  90  10    0 3704
 153 228.000 186.000  90  20    0 3757
 154 221.000 374.000  90  30    0 3697
 155 390.000   9.000  90  30 1263 1423
 156 335.000  52.000  90  20    0 3609
 157 408.000 305.000  90  10    0 3657
 158 156.000 434.000  90  10    0 3618
 159 180.000 335.000  90  20    0 3714
 160 363.000  62.000  90  20    0 3605
 161 375.000 342.000  90  10  939 1099
 162  16.000 280.000  90  10    0 3589
 163 277.000 431.000  90  30    0 3641
 164 110.000 241.000  90  20    0 3684
 165  48.000 385.000  90  20    0 3582
 166 152.000 260.000  90  10    0 3726
 167 188.000 330.000  90  30    0 3723
 168  74.000 360.000  90  40 2856 3016
 169 267.000 260.000  90  20    0 3805
 170 420.000 311.000  90  30    0 3644
 171 323.000 258.000   0  10    0 3751
 172 231.000  97.000  90  20    0 3670
 173 316.000 234.000  90  10    0 3757
 174 382.000  17.000  90  20 1734 1894
 175 198.000 284.000   0  10    0 3762
 176 229.000 396.000  90  30 2882 3042
 177 268.000 235.000  90  10 1842 2002
 178  95.000 243.000  90  20    0 3669
 179 297.000 430.000  90  20  378  538
 180 393.000 368.000  90  10    0 3639
 181 420.000  95.000  90  30  345  505
 182 111.000 279.000  90  30  141  301
 183 239.000 373.000  90  10    0 3701
 184 279.000 369.000  90  10    0 3702
 185 314.000 279.000  90  10  270  430
 186 434.000 377.000  90  10    0 3601
 187  57.000 367.000  90  20    0 3599
 188 332.000 486.000  90  20 1912 2072
 189  55.000 282.000  90  40  305  465
 190 370.000  55.000  90  10    0 3596
 191 149.000 434.000  90  30    0 3615
 192 466.000 169.000  90  30    0 3594
 193 428.000 312.000  90  10    0 3636
 194 211.000 188.000  90  10    0 3751
 195 178.000 441.000  90  20    0 3620
 196 137.000 227.000  90  20    0 3709
 197 161.000 203.000  90  20    0 3724
 198 363.000 212.000  90  30 3274 3434
 199 384.000 346.000  90  20    0 3660
 200 166.000 434.000  90  40 2965 3125
 201 274.000 248.000  90  20    0 3800
 202 265.000 358.000  90  20 1352 1512
 203  96.000 407.000  90  20    0 3605
 204 443.000  70.000  90  20 2464 2624
 205 361.000 337.000  90  50  363  523
 206 481.000 156.000  90  20    0 3575
 207 188.000 293.000  90  30    0 3749
 208  76.000 408.000  90  30    0 3589
 209 378.000 363.000  90  30    0 3654
 210 185.000 301.000  90  20    0 3742
 211 261.000 350.000  90  10    0 3724
 212 265.000  94.000  90  10    0 3668
 213  65.000 164.000  90  20    0 3620
 214 363.000  55.000  90  10    0 3599
 215 428.000 298.000  90  30 1654 1814
 216  75.000 379.000  90  30    0 3607
 217 404.000 378.000  90  10    0 3624
 218 203.000 203.000  90  10    0 3758
 219 362.000  17.000  90  10    0 3566
 220 320.000 258.000  90  20  564  724
 221  59.000 358.000  90  20    0 3605
 222 316.000 453.000  90  20  224  384
 223 225.000 192.000  90  20    0 3761
 224  83.000 151.000  90  10    0 3630
 225 108.000 245.000  90  20    0 3682
 226  57.000 379.000  90  20    0 3592
 227  76.000 391.000  90  30    0 3601
 228 338.000 489.000  90  30    0 3570
 229 412.000 361.000  90  10    0 3628
 230 259.000  90.000  90  30    0 3664
 231 265.000  77.000  90  20    0 3651
 232  83.000 301.000  90  20    0 3650
 233 118.000 214.000  90  20    0 3688
 234 125.000 444.000  90  10 1997 2157
 235 283.000 248.000  90  30    0 3791
 236 391.000 334.000  90  20    0 3660
 237 212.000 215.000  90  20 3160 3320
 238 276.000 428.000  90  20 1048 1208
 239  96.000 152.000  90  20    0 3642
 240 425.000  85.000   0  10    0 3584
 241 341.000  37.000  90  20  434  594
 242 344.000 478.000  90  20 2296 2456
 243 406.000  37.000  90  40    0 3560
 244  80.000 376.000  90  40  407  567
 245 314.000 449.000  90  30    0 3615
 246 209.000 201.000  90  30    0 3761
 247 345.000  15.000  90  20    0 3571
 248 125.000 245.000  90  20 3002 3162
 249  52.000 369.000  90  30    0 3593
 250 109.000 325.000  90  20    0 3665
 251 446.000 139.000  90  20    0 3599
 252 197.000 301.000  90  10    0 3751
 253 116.000 259.000  90  20    0 3690
 254 325.000 490.000  90  10    0 3573
 255  59.000 159.000  90  10    0 3613
 256 186.000 177.000  90  20    0 3727
 257  26.000 269.000  90  30    0 3600
 258 301.000 247.000  90  10    0 3773
 259 261.000 370.000  90  30 1069 1229
 260  44.000 153.000  90  30    0 3597
 261 444.000 157.000  90  10    0 3609
 262 347.000  40.000  90  30    0 3593
 263 318.000 493.000  90  10  825  985
 264 399.000 352.000  90  10 1260 1420
 265  51.000 364.000  90  10    0 3595
 266 250.000 217.000  90  40    0 3791
 267 107.000 225.000   0  30    0 3679
 268  79.000 346.000  90  10    0 3628
 269 360.000 338.000  90  10  272  432
 270 409.000 361.000  90  30    0 3631
 271  74.000 374.000  90  20    0 3609
 272 408.000  20.000  90  30    0 3545
 273 239.000 369.000  90  30 1811 1971
 274 420.000 308.000  90  30    0 3645
 275  53.000 297.000  90  30    0 3622
 276 434.000 382.000  90  30    0 3598
 277 190.000 332.000  90  20    0 3723
 278 207.000 194.000  90  10    0 3754
 279 312.000  64.000  90  20    0 3628
 280 221.000 179.000  90  20  369  529
 281 194.000 296.000  90  20    0 3752
 282 413.000 350.000  90  10    0 3633
 283 214.000 372.000  90  10    0 3697
 284 379.000 229.000  90  10 1045 1205
 285 226.000 120.000  90  30    0 3692
 286 344.000  46.000  90  30    0 3600
 287 138.000 276.000  90  10 1915 2075
 288 346.000 487.000  90  10    0 3569
 289  95.000 160.000  90  10    0 3645
 290 147.000 199.000  90  30  308  468
 291 210.000  98.000  90  10    0 3667
 292 121.000 236.000  90  10    0 3695
 293 203.000 369.000  90  10    0 3697
 294 296.000 232.000  90  10    0 3775
 295  87.000 369.000  90  10  201  361
 296 104.000 246.000  90  10    0 3678
 297 114.000 296.000  90  40    0 3681
 298 419.000 310.000  90  10    0 3645
 299 389.000 221.000  90  10    0 3683
 300 129.000 264.000  90  20    0 3703
 301 325.000 251.000  90  20    0 3749
 302 151.000 436.000  90  10    0 3614
 303 263.000  91.000  90  20    0 3665
 304 283.000 229.000  90  30    0 3785
 305 477.000 154.000  90  10 1506 1666
 306 234.000 383.000  90  10    0 3691
 307 140.000 220.000  90  30    0 3710
 308 144.000 266.000  90  30    0 3717
 309 432.000 105.000  90  10    0 3592
 310 368.000 325.000  90  30  139  299
 311 202.000 386.000  90  20    0 3680
 312 430.000  86.000  90  20    0 3581
 313 200.000 195.000  90  20    0 3750
 314  77.000 287.000  90  10    0 3648
 315 405.000   5.000  90  20  786  946
 316 212.000 168.000  90  20  860 1020
 317 326.000 241.000  90  20    0 3748
 318  71.000 139.000  90  30    0 3614
 319  87.000 454.000  90  40  882 1042
 320 220.000 192.000  90  20    0 3759
 321 312.000  74.000  90  20    0 3638
 322  44.000 279.000  90  10    0 3616
 323 458.000 303.000  90  20    0 3610
 324 298.000 438.000  90  10  567  727
 325 140.000 180.000  90  20    0 3694
 326  36.000 284.000  90  10    0 3608
 327 320.000 231.000  90  20    0 3752
 328 114.000 169.000  90  20    0 3666
 329 117.000 204.000  90  30    0 3684
 330 316.000 254.000  90  20    0 3758
 331 169.000 443.000  90  30  500  660
 332 212.000  96.000  90  10    0 3666
 333 119.000 285.000  90  40    0 3689
 334 354.000 219.000  90  10    0 3716
 335 389.000 233.000  90  20    0 3684
 336  90.000 391.000  90  10  541  701
 337 209.000 307.000  90  10 1811 1971
 338 261.000 371.000  90  20    0 3703
 339 302.000 470.000  90  20 2227 2387
 340 381.000  20.000   0  20 1828 1988
 341  90.000 277.000  90  30  662  822
 342  46.000 341.000  90  10    0 3601
 343  61.000 437.000  90  20    0 3559
 344 331.000 252.000  90  10    0 3743
 345 440.000  81.000  90  20    0 3570
 346 384.000 206.000  90  20  739  899
 347  59.000 471.000  90  20    0 3532
 348 174.000 304.000  90  20    0 3731
 349 106.000 248.000  90  20    0 3680
 350 206.000 313.000  90  20    0 3748
 351 412.000 367.000  90  20  960 1120
 352 412.000 300.000  90  20  515  675
 353 177.000 436.000  90  20    0 3625
 354 260.000 330.000  90  40 3203 3363
 355 356.000  28.000  90  20    0 3578
 356 428.000 384.000  90  10    0 3602
 357 220.000 362.000  90  20    0 3709
 358 107.000 168.000  90  20    0 3660
 359 347.000  21.000  90  20 1386 1546
 360 293.000 245.000  90  10    0 3781
 361 267.000 436.000  90  30    0 3638
 362 383.000 351.000  90  20  167  327
 363 387.000  21.000  90  10    0 3558
 364 116.000 255.000  90  20    0 3690
 365 404.000 346.000  90  10    0 3643
 366 447.000 102.000  90  10    0 3578
 367  54.000 485.000  90  30    0 3518
 368 384.000  24.000  90  10 2601 2761
 369 199.000 200.000  90  10    0 3753
 370 191.000 308.000  90  20    0 3742
 371 386.000  28.000   0  20 2507 2667
 372 106.000 295.000  90  20    0 3674
 373 387.000 224.000  90  30    0 3685
 374  96.000 377.000   0  10    0 3625
 375  43.000 125.000  90  30 1603 1763
 376 369.000 351.000  90  20    0 3668
 377 388.000 228.000  90  10    0 3685
 378 490.000 159.000  90  20 1897 2057
 379 420.000  78.000  90  20    0 3583
 380 322.000 454.000  90  20    0 3608
 381 256.000 117.000  90  20    0 3691
 382  74.000 363.000  90  40    0 3615
 383 345.000 496.000  90  20    0 3561
 384 167.000 169.000  90  20 1654 1814
 385 317.000  62.000  90  20    0 3625
 386 129.000 255.000  90  10    0 3703
 387 138.000 272.000  90  20 1821 1981
 388 279.000 436.000  90  20    0 3636
 389 263.000 372.000  90  10  886 1046
 390 334.000  47.000  90  20    0 3605
 391 245.000 109.000  90  20    0 3683
 392 425.000 118.000  90  10  219  379
 393 226.000  86.000  90  10    0 3659
 394  59.000 480.000  90  10 1583 1743
 395 250.000 367.000  90  20 2113 2273
 396 157.000 436.000  90  20    0 3617
 397 266.000 250.000  90  10    0 3808
 398  51.000 162.000  90  20    0 3607
 399 194.000 353.000   0  20    0 3707
 400 247.000  82.000  90  30    0 3656
 401 244.000  94.000  90  20 1795 1955
 402 174.000 444.000  90  10    0 3616
 403  94.000 247.000  90  30  853 1013
 404 320.000 225.000  90  20    0 3750
 405 316.000  80.000   0  30    0 3642
 406 155.000 447.000  90  20 2672 2832
 407 297.000 442.000  90  20    0 3627
 408  44.000 325.000  90  20    0 3605
 409  34.000 279.000  90  20    0 3607
 410 404.000 310.000  90  20    0 3659
 411 133.000 278.000  90  10    0 3704
 412 446.000 169.000  90  10    0 3612
 413  54.000 446.000  90  20    0 3547
 414  56.000 357.000  90  10    0 3603
 415 101.000 295.000  90  30    0 3669
 416 234.000 350.000  90  10    0 3723
 417 215.000 108.000   0  20 2760 2920
 418 283.000 425.000  90  20    0 3646
 419  77.000 397.000  90  10  919 1079
 420 105.000 317.000  90  10    0 3665
 421 213.000  76.000  90  20    0 3647
 422 475.000 136.000  90  20    0 3572
 423 377.000 246.000  90  20    0 3697
 424 310.000 484.000  90  30    0 3583
 425  57.000 456.000  90  20    0 3542
 426 313.000 266.000  90  20  373  533
 427 475.000 145.000  90  30    0 3576
 428 400.000 376.000  90  40    0 3629
 429 290.000 416.000  90  30    0 3654
 430 277.000 369.000  90  30    0 3702
 431 254.000 238.000  90  30    0 3812
 432 215.000  91.000  90  30    0 3662
 433 500.000 162.000  90  20 2088 2248
 434  56.000 287.000  90  20    0 3627
 435 378.000 326.000  90  30  160  320
 436 197.000 350.000  90  30 1186 1346
 437 243.000  88.000  90  20    0 3662
 438 128.000 240.000  90  10    0 3702
 439 392.000  31.000  90  20    0 3563
 440 103.000 251.000  90  10    0 3677
 441 372.000 354.000  90  30    0 3664
 442 141.000 454.000  90  20    0 3593
 443 298.000 430.000  90  30  469  629
 444  76.000 287.000  90  20    0 3647
 445 308.000  55.000  90  30    0 3621
 446 393.000   2.000  90  30  979 1139
 447 199.000 305.000  90  30    0 3749
 448  95.000 356.000  90  10 3447 3607
 449 108.000 222.000  90  10    0 3680
 450 140.000 252.000  90  20    0 3714
 451 432.000  87.000  90  10    0 3580
 452 184.000 178.000   0  10 1454 1614
 453 150.000 435.000  90  20    0 3614
 454 208.000 371.000  90  20    0 3696
 455  78.000 479.000  90  30 1089 1249
 456 323.000  60.000  90  10    0 3621
 457 216.000 374.000  90  30    0 3696
 458 118.000 223.000  90  10    0 3690
 459  95.000 395.000  90  30    0 3612
 460 117.000 319.000  90  10    0 3675
 461 468.000 135.000  90  10  932 1092
 462 351.000  31.000  90  20  813  973
 463 397.000  27.000  90  20    0 3557
 464 179.000 311.000  90  10    0 3731
 465  66.000 397.000  90  10    0 3589
 466 366.000 352.000  90  10    0 3670
 467 221.000  87.000  90  20    0 3659
 468 347.000  23.000  90  30    0 3578
 469 229.000  78.000   0  20 2496 2656
 470 272.000 246.000  90  10  218  378
 471 293.000  67.000  90  20    0 3637
 472 238.000  83.000  90  20    0 3657
 473 290.000 425.000  90  30  280  440
 474 442.000 287.000  90  30    0 3629
 475  74.000 165.000  90  10    0 3629
 476 405.000  24.000  90  10    0 3550
 477 211.000  97.000  90  20    0 3667
 478  88.000 390.000  90  30    0 3610
 479  37.000 295.000  90  20    0 3607
 480 359.000 371.000  90  10    0 3662
 481 186.000 372.000  90  20    0 3687
 482 293.000 249.000  90  10    0 3781
 483  96.000 269.000  90  10    0 3669
 484 189.000 338.000  90  10 2954 3114
 485   5.000 296.000  90  10    0 3575
 486 366.000  34.000  90  10 2086 2246
 487 138.000 196.000  90  30    0 3700
 488 425.000  99.000  90  20    0 3593
 489 207.000 289.000  90  20    0 3766
 490 264.000 365.000  90  10    0 3709
 491 102.000 289.000  90  20 1242 1402
 492 233.000 346.000  90  20    0 3727
 493  78.000 141.000  90  30    0 3621
 494 196.000 348.000  90  10    0 3713
 495 216.000  92.000  90  20 2382 2542
 496 313.000 263.000  90  20    0 3760
 497 305.000 233.000  90  20 3041 3201
 498  71.000 348.000   0  10 3055 3215
 499  11.000 269.000  90  10    0 3585
 500 386.000 213.000  90  20 1996 2156
 501 145.000 221.000  90  20    0 3716
 502  59.000 128.000  90  20    0 3598
 503 440.000  70.000  90  10 2371 2531
 504 320.000 476.000  90  30    0 3588
 505 428.000 314.000  90  20    0 3635
 506  40.000 288.000  90  20 1793 1953
 507 298.000 456.000  90  30    0 3613
 508 208.000 101.000  90  10    0 3670
 509 342.000  52.000  90  10    0 3606
 510 236.000  92.000  90 -30 2210 2370
 511 259.000 243.000  90 -40    0 3813
 512 448.000 297.000  90 -10    0 3621
 513  19.000 297.000  90 -20    0 3589
 514 112.000 208.000  90 -30    0 3680
 515 196.000 219.000  90 -10 3054 3214
 516 292.000 456.000  90 -30    0 3614
 517  69.000 475.000  90 -30 1189 1349
 518 383.000  41.000  90 -20 2685 2845
 519 223.000 114.000  90 -20  332  492
 520 447.000  88.000  90 -30 2963 3123
 521 141.000 267.000  90 -10    0 3714
 522 128.000 249.000  90 -20    0 3702
 523 151.000 214.000  90 -20    0 3719
 524 363.000 351.000  90 -20 2923 3083
 525  67.000 377.000  90 -20    0 3602
 526  95.000 279.000  90 -10    0 3667
 527 370.000 353.000  90 -10  746  906
 528 197.000 351.000  90 -20    0 3710
 529  50.000 138.000  90 -20    0 3595
 530 255.000 371.000  90 -10    0 3703
 531 437.000  61.000  90 -20    0 3559
 532  43.000 355.000  90 -10    0 3592
 533 175.000 282.000  90 -10    0 3743
 534 172.000 483.000  90 -20    0 3579
 535  16.000 281.000  90 -20    0 3588
 536 101.000 263.000  90 -10    0 3675
 537 290.000 440.000  90 -10    0 3630
 538 463.000 161.000  90 -30    0 3594
 539  67.000 302.000  90 -10    0 3634
 540 361.000  15.000  90 -20 2118 2278
 541 403.000 390.000  90 -30    0 3617
 542  83.000 282.000  90 -10    0 3654
 543 289.000 240.000  90 -30    0 3784
 544  59.000 377.000  90 -20 2088 2248
 545 247.000  88.000  90 -10    0 3662
 546 121.000 203.000  90 -10    0 3687
 547 311.000  47.000  90 -20    0 3613
 548 346.000 211.000  90 -20    0 3721
 549 470.000 152.000  90 -20    0 3584
 550 464.000 178.000  90 -10    0 3599
 551 374.000  55.000  90 -10 2792 2952
 552  78.000 361.000  90 -20    0 3620
 553 438.000  60.000  90 -10    0 3557
 554 152.000 196.000  90 -20    0 3713
 555 297.000 250.000  90 -20    0 3777
 556  47.000 389.000  90 -20    0 3578
 557 367.000  59.000  90 -30    0 3601
 558 367.000 358.000  90 -30    0 3665
 559 209.000 358.000  90 -20 1477 1637
 560 308.000 232.000  90 -10    0 3764
 561 403.000 361.000  90 -30    0 3635
 562  86.000 359.000  90 -10    0 3628
 563 294.000  64.000  90 -20    0 3633
 564 201.000 273.000  90 -10    0 3770
 565 197.000 178.000  90 -20    0 3735
 566 207.000 196.000  90 -40 2565 2725
 567 154.000 458.000  90 -10    0 3595
 568 346.000 344.000  90 -10    0 3690
 569 308.000  60.000  90 -10  776  936
 570 127.000 278.000  90 -20 2106 2266
 571 216.000 307.000  90 -10    0 3758
 572 308.000  82.000  90 -30    0 3647
 573 136.000 217.000  90 -10    0 3706
 574 394.000 356.000  90 -20    0 3646
 575 253.000 382.000  90 -20 3090 3250
 576  98.000 286.000  90 -10    0 3668
 577 329.000 471.000  90 -10    0 3590
 578  63.000 159.000  90 -20    0 3617
 579 124.000 247.000  90 -20    0 3698
 580 448.000 295.000  90 -20    0 3621
 581 195.000 300.000  90 -40    0 3750
 582 213.000 363.000  90 -30    0 3706
 583 392.000 213.000  90 -20 2092 2252
 584 426.000  80.000  90 -10    0 3580
 585 418.000 355.000  90 -30 2037 2197
 586 340.000 449.000  90 -20    0 3606
 587 465.000 176.000  90 -20    0 3597
 588 386.000 218.000  90 -10 1901 2061
 589 110.000 199.000  90 -20    0 3675
 590 420.000 168.000  90 -10 3393 3553
 591 211.000 180.000  90 -20    0 3744
 592 169.000 360.000  90 -10 2172 2332
 593 191.000 309.000  90 -10    0 3741
 594 146.000 245.000  90 -10    0 3720
 595 121.000 249.000  90 -30    0 3695
 596 275.000 236.000  90 -10    0 3796
 597  13.000 266.000  90 -30    0 3587
 598 456.000 154.000  90 -10    0 3597
 599 120.000 210.000  90 -30    0 3688
 600 401.000 385.000  90 -20    0 3622
 601 130.000 304.000  90 -10    0 3693
 602  46.000 383.000  90 -20    0 3581
 603 410.000 287.000  90 -20    0 3660
 604 337.000  63.000  90 -10    0 3618
 605 343.000  27.000  90 -30    0 3583
 606 218.000 298.000  90 -30    0 3767
 607 211.000 107.000  90 -20  531  691
 608 382.000 245.000  90 -10 2959 3119
 609 345.000 468.000  90 -10 2677 2837
 610 168.000 433.000  90 -30    0 3624
 611 332.000 491.000  90 -10 1211 1371
 612 251.000 376.000  90 -10    0 3698
 613 220.000 384.000  90 -10    0 3687
 614 244.000 371.000  90 -10    0 3703
 615 365.000 360.000  90 -30    0 3665
 616  73.000 303.000  90 -20    0 3640
 617 426.000  85.000  90 -10    0 3583
 618 471.000 154.000  90 -30    0 3584
 619 148.000 270.000  90 -30    0 3721
 620 147.000 435.000  90 -20 2111 2271
 621  32.000 256.000  90 -20    0 3606
 622 329.000  56.000  90 -20 1457 1617
 623 259.000  88.000  90 -40    0 3662
 624 238.000  84.000  90 -30 1634 1794
 625 374.000  17.000  90 -20    0 3561
 626 204.000 291.000  90 -20    0 3763
 627 284.000 360.000  90 -30    0 3709
 628 250.000  72.000  90 -20 1125 1285
 629  87.000 481.000  90 -10    0 3542
 630 253.000  81.000  90 -10    0 3655
 631 391.000  23.000  90 -40    0 3557
 632  94.000 456.000  90 -20    0 3566
 633  88.000 394.000  90 -10    0 3608
 634  77.000 483.000  90 -20    0 3534
 635 415.000  73.000  90 -40 1495 1655
 636  78.000 371.000  90 -10    0 3614
 637  95.000 475.000  90 -30    0 3551
 638 327.000 483.000  90 -10 2098 2258
 639  65.000 357.000  90 -10    0 3611
 640  91.000 303.000  90 -10    0 3657
 641 336.000   7.000  90 -10    0 3567
 642  81.000 373.000  90 -20    0 3615
 643 146.000 461.000  90 -10 1497 1657
 644 116.000 446.000  90 -10 1898 2058
 645 366.000  16.000  90 -10    0 3563
 646 152.000 478.000  90 -10    0 3576
 647 199.000 327.000  90 -10    0 3732
 648  95.000 466.000  90 -20    0 3559
 649 380.000 228.000  90 -10    0 3693
 650 231.000  81.000  90 -30    0 3654
 651 211.000 198.000  90 -10 2660 2820
 652 429.000 282.000  90 -10 3018 3178
 653 398.000 231.000  90 -10    0 3675
 654 299.000 442.000  90 -10    0 3626
 655 272.000 233.000  90 -30    0 3797
 656 140.000 206.000  90 -10    0 3706
 657 220.000 379.000  90 -20    0 3692
 658 441.000 287.000  90 -20    0 3630
 659 230.000 105.000  90 -20    0 3678
 660  69.000 485.000  90 -10    0 3528
 661 143.000 257.000  90 -10    0 3717
 662 220.000 177.000  90 -20    0 3746
 663 210.000 359.000  90 -30 1568 1728
 664 393.000  13.000  90 -30    0 3548
 665 356.000  77.000  90 -20 2249 2409
 666 444.000 309.000  90 -10 2425 2585
 667 211.000 308.000  90 -10    0 3755
 668 183.000 340.000  90 -20    0 3712
 669 280.000 224.000  90 -20    0 3785
 670 358.000 359.000  90 -10    0 3671
 671  39.000 278.000  90 -10 1601 1761
 672 275.000 431.000  90 -30    0 3642
 673 157.000 192.000  90 -20 3210 3370
 674  67.000 357.000  90 -20    0 3613
 675 140.000 265.000  90 -10    0 3713
 676 200.000 327.000  90 -30 3150 3310
 677  77.000 360.000  90 -40    0 3619
 678 418.000 300.000  90 -20  611  771
 679 405.000 311.000  90 -30    0 3658
 680 323.000 258.000  90 -10    0 3751
 681 204.000 171.000  90 -20    0 3733
 682 308.000 235.000  90 -10 3135 3295
 683 378.000  25.000  90 -20    0 3566
 684 198.000 284.000  90 -10    0 3762
 685 252.000 347.000  90 -30    0 3727
 686 321.000 228.000  90 -10    0 3750
 687 125.000 181.000  90 -20    0 3682
 688 292.000 434.000  90 -20  755  915
 689 416.000 364.000  90 -10    0 3623
 690 438.000  72.000  90 -30    0 3566
 691  69.000 383.000  90 -30    0 3600
 692 241.000 391.000  90 -10 2985 3145
 693 364.000 364.000  90 -10    0 3663
 694 386.000 344.000  90 -10    0 3659
 695 399.000 379.000  90 -10    0 3627
 696  66.000 359.000  90 -20 3157 3317
 697 357.000 445.000  90 -20    0 3602
 698  47.000 280.000  90 -40  403  563
 699 366.000  57.000  90 -10    0 3599
 700 184.000 354.000  90 -30    0 3701
 701 489.000 150.000  90 -30    0 3565
 702 430.000 310.000  90 -10    0 3635
 703 217.000 189.000  90 -10    0 3755
 704 149.000 444.000  90 -20    0 3606
 705 152.000 225.000  90 -20  994 1154
 706 173.000 208.000  90 -20    0 3737
 707 328.000 216.000  90 -30    0 3739
 708 278.000 357.000  90 -20    0 3714
 709 187.000 362.000  90 -40    0 3696
 710 325.000 228.000  90 -20    0 3746
 711 361.000 349.000  90 -20 3016 3176
 712  63.000 454.000  90 -20    0 3548
 713 425.000  87.000  90 -20    0 3585
 714 277.000 371.000  90 -50  595  755
 715 440.000 173.000  90 -20 3282 3442
 716 198.000 334.000  90 -30    0 3726
 717  67.000 380.000  90 -30    0 3600
 718 241.000 362.000  90 -30    0 3712
 719 201.000 307.000  90 -20    0 3749
 720 258.000 350.000  90 -10 1822 1982
 721 249.000 251.000  90 -10 3036 3196
 722 112.000 251.000  90 -20    0 3686
 723 401.000  15.000  90 -10    0 3545
 724 429.000 294.000  90 -30    0 3640
 725  40.000 378.000  90 -30    0 3579
 726 391.000 373.000  90 -10    0 3637
 727  57.000 132.000  90 -10 1312 1472
 728 385.000  28.000  90 -10    0 3565
 729 325.000 246.000  90 -20 1520 1680
 730  89.000 358.000  90 -20    0 3631
 731 311.000 496.000  90 -20    0 3571
 732 204.000  90.000  90 -20 1094 1254
 733  77.000 172.000  90 -10    0 3635
 734 137.000 186.000  90 -20 2912 3072
 735  80.000 374.000  90 -20    0 3614
 736  86.000 361.000  90 -30 3347 3507
 737 348.000 466.000  90 -30    0 3587
 738 373.000 364.000  90 -10    0 3657
 739 243.000 108.000  90 -30    0 3682
 740 247.000  89.000  90 -20    0 3663
 741  85.000 317.000  90 -20    0 3646
 742 113.000 229.000  90 -20    0 3686
 743 151.000 442.000  90 -10    0 3608
 744 298.000 255.000  90 -30    0 3776
 745 440.000 295.000  90 -20    0 3629
 746 245.000 239.000  90 -20    0 3812
 747 247.000 447.000  90 -20    0 3627
 748  53.000 139.000  90 -20    0 3598
 749 425.000  85.000  90 -10    0 3584
 750 341.000  26.000  90 -20    0 3583
 751 280.000 351.000  90 -20    0 3719
 752 390.000  17.000  90 -40    0 3553
 753  67.000 387.000  90 -40    0 3596
 754 328.000 498.000  90 -30    0 3565
 755  77.000 133.000  90 -30    0 3616
 756 273.000 234.000  90 -20    0 3796
 757 123.000 242.000  90 -20 3190 3350
 758  50.000 368.000  90 -30    0 3592
 759 153.000 295.000  90 -20 3382 3542
 760 457.000 142.000  90 -20    0 3591
 761 200.000 297.000  90 -10    0 3756
 762 131.000 253.000  90 -20    0 3705
 763 351.000 480.000  90 -10    0 3573
 764 128.000 209.000  90 -10    0 3696
 765 173.000 169.000  90 -20    0 3713
 766  83.000 228.000  90 -30    0 3656
 767 382.000 213.000  90 -10 1715 1875
 768 262.000 352.000  90 -30    0 3722
 769  30.000 162.000  90 -30    0 3588
 770 449.000 140.000  90 -10  730  890
 771 326.000  57.000  90 -30    0 3617
 772 329.000 459.000  90 -10    0 3601
 773 395.000 365.000  90 -10    0 3639
 774  72.000 341.000  90 -10    0 3625
 775 232.000  85.000  90 -40    0 3659
 776 107.000 225.000  90 -30    0 3679
 777  69.000 346.000  90 -10    0 3620
 778 368.000 340.000  90 -10  461  621
 779 386.000 361.000  90 -30 1527 1687
 780  50.000 383.000  90 -20    0 3584
 781 397.000  40.000  90 -30    0 3568
 782 257.000 336.000  90 -30    0 3738
 783 446.000 297.000  90 -30    0 3623
 784  16.000 285.000  90 -30    0 3588
 785 418.000 385.000  90 -30    0 3609
 786 206.000 312.000  90 -20 2000 2160
 787 254.000 335.000  90 -10 3013 3173
 788 293.000  81.000  90 -20    0 3650
 789 216.000  93.000  90 -20    0 3664
 790  76.000 456.000  90 -20    0 3555
 791 432.000 369.000  90 -10    0 3607
 792 229.000 364.000  90 -10    0 3709
 793 366.000 196.000  90 -10    0 3697
 794 210.000  94.000  90 -30    0 3663
 795 319.000  77.000  90 -30    0 3638
 796 134.000 265.000  90 -10 2666 2826
 797 347.000 479.000  90 -10    0 3576
 798  80.000 141.000  90 -10  494  654
 799 131.000 207.000  90 -30    0 3698
 800 223.000  90.000  90 -10    0 3662
 801 109.000 250.000  90 -10 1540 1700
 802 206.000 377.000  90 -10    0 3690
 803 319.000 229.000  90 -10    0 3752
 804  80.000 398.000  90 -10    0 3599
 805 149.000 183.000  90 -10 3108 3268
 806 101.000 290.000  90 -40    0 3670
 807 420.000 295.000  90 -10    0 3649
 808 371.000 207.000  90 -10    0 3696
 809 139.000 269.000  90 -20    0 3712
 810 326.000 253.000  90 -20    0 3748
 811 191.000 352.000  90 -10    0 3707
 812 241.000  77.000  90 -20 1225 1385
 813 302.000 235.000  90 -30    0 3770
 814 457.000 160.000  90 -10    0 3599
 815 254.000 357.000  90 -10    0 3717
 816 183.000 187.000  90 -30    0 3733
 817 132.000 272.000  90 -30    0 3704
 818 435.000  77.000  90 -10    0 3571
 819 366.000 341.000  90 -30    0 3677
 820 188.000 356.000  90 -20    0 3702
 821 427.000  64.000  90 -20 1292 1452
 822 222.000 317.000  90 -20    0 3752
 823 136.000 296.000  90 -10    0 3702
 824 378.000  46.000  90 -20    0 3584
 825 224.000  93.000  90 -20 2191 2351
 826 330.000 259.000  90 -20    0 3744
 827 123.000 206.000  90 -30    0 3690
 828  66.000 391.000  90 -40    0 3593
 829 229.000 214.000  90 -20    0 3783
 830 301.000  67.000  90 -20    0 3635
 831  46.000 277.000  90 -10    0 3619
 832 439.000 297.000  90 -20    0 3630
 833 269.000 428.000  90 -10    0 3645
 834 119.000 232.000  90 -20 1939 2099
 835  32.000 247.000  90 -10    0 3606
 836 389.000 198.000  90 -20    0 3676
 837 104.000 198.000  90 -20    0 3670
 838 152.000 241.000  90 -30    0 3726
 839 312.000 252.000  90 -20    0 3762
 840 142.000 457.000  90 -30    0 3591
 841 218.000  98.000  90 -10    0 3669
 842  99.000 307.000  90 -40    0 3663
 843 373.000 205.000  90 -10    0 3694
 844 384.000 235.000  90 -20    0 3690
 845  71.000 368.000  90 -10    0 3610
 846 170.000 338.000  90 -10 2284 2444
 847 263.000 351.000  90 -20 1545 1705
 848 291.000 450.000  90 -20 2705 2865
 849 381.000  20.000  90 -20 1828 1988
 850 103.000 266.000  90 -30    0 3677
 851  23.000 306.000  90 -10    0 3591
 852  67.000 463.000  90 -20    0 3544
 853 367.000 239.000  90 -10    0 3707
 854 429.000  80.000  90 -20    0 3578
 855 394.000 205.000  90 -20    0 3674
 856  66.000 491.000  90 -20    0 3521
 857 167.000 304.000  90 -20  207  367
 858 101.000 237.000  90 -20 1831 1991
 859 189.000 339.000  90 -20 2863 3023
 860 413.000 353.000  90 -20    0 3632
 861 389.000 342.000  90 -20 1145 1305
 862 135.000 460.000  90 -20    0 3585
 863 216.000 300.000  90 -40    0 3764
 864 274.000 231.000  90 -20    0 3794
 865 414.000 384.000  90 -10    0 3613
 866 204.000 371.000  90 -20    0 3695
 867  71.000 163.000  90 -20    0 3625
 868 346.000  13.000  90 -20 1686 1846
 869 323.000 229.000  90 -10    0 3749
 870 233.000 441.000  90 -30    0 3633
 871 366.000 346.000  90 -20    0 3674
 872 375.000  31.000  90 -10 2185 2345
 873 118.000 256.000  90 -20    0 3692
 874 401.000 368.000  90 -10    0 3633
 875 441.000  63.000  90 -10    0 3557
 876  73.000 484.000  90 -30    0 3531
 877 389.000  33.000  90 -10    0 3567
 878  57.000 131.000  90 -10    0 3598
 879 196.000 302.000  90 -20    0 3750
 880 386.000  28.000  90 -20 2507 2667
 881  62.000 301.000  90 -20    0 3630
 882 384.000 217.000  90 -30 1809 1969
 883  96.000 377.000  90 -10    0 3625
 884  49.000 136.000  90 -30    0 3593
 885 241.000 375.000  90 -20    0 3699
 886 388.000 220.000  90 -10    0 3683
 887 460.000 173.000  90 -20    0 3601
 888 416.000  48.000  90 -20    0 3563
 889 317.000 467.000  90 -20    0 3597
 890 245.000  96.000  90 -20    0 3670
 891 165.000 333.000  90 -40    0 3706
 892 352.000 500.000  90 -20 1505 1665
 893 196.000 192.000  90 -20    0 3745
 894 315.000  57.000  90 -20    0 3621
 895 163.000 277.000  90 -10    0 3733
 896 131.000 267.000  90 -20    0 3704
 897 277.000 434.000  90 -20    0 3639
 898 341.000 367.000  90 -10    0 3676
 899 396.000   4.000  90 -20    0 3538
 900 265.000 218.000  90 -20 2429 2589
 901 428.000  64.000  90 -10    0 3567
 902 200.000 182.000  90 -10    0 3740
 903 194.000 301.000  90 -10    0 3749
 904 232.000 378.000  90 -20    0 3695
 905 156.000 421.000  90 -20    0 3629
 906 319.000 257.000  90 -10    0 3755
 907  59.000 163.000  90 -20    0 3615
 908 194.000 353.000  90 -20    0 3707
 909 255.000 120.000  90 -30    0 3694
 910 241.000  98.000  90 -20    0 3672
 911 152.000 460.000  90 -10    0 3593
 912 125.000 226.000  90 -30 1389 1549
 913 315.000 232.000  90 -20    0 3757
 914 316.000  80.000  90 -30    0 3642
 915 201.000 331.000  90 -20    0 3730
 916 300.000 443.000  90 -20 1996 2156
 917  50.000 343.000  90 -20    0 3604
 918  39.000 296.000  90 -20 1983 2143
 919 431.000 301.000  90 -20    0 3636
 920  95.000 294.000  90 -10    0 3663
 921 305.000 212.000  90 -10    0 3758
 922  60.000 497.000  90 -20    0 3513
 923  35.000 308.000  90 -10 3072 3232
 924 107.000 311.000  90 -30 2813 2973
 925 222.000 357.000  90 -10    0 3714
 926 215.000 108.000  90 -20 2760 2920
 927 289.000 452.000  90 -20    0 3619
 928  47.000 388.000  90 -10 1193 1353
 929 185.000 293.000  90 -10    0 3747
 930 230.000  95.000  90 -20 1899 2059
 931 467.000 157.000  90 -20    0 3588
 932 426.000 279.000  90 -20 3112 3272
 933 278.000 329.000  90 -30    0 3741
 934  71.000 453.000  90 -20  685  845
 935 317.000 251.000  90 -20    0 3757
 936 475.000 156.000  90 -30    0 3581
 937 395.000 378.000  90 -40    0 3631
 938 275.000 448.000  90 -30    0 3625
 939 281.000 279.000  90 -30    0 3782
 940 253.000 244.000  90 -30    0 3818
 941 216.000  96.000  90 -30    0 3667
 942 460.000 183.000  90 -20    0 3604
 943 155.000 198.000  90 -20    0 3716
 944 402.000 362.000  90 -30    0 3636
 945 176.000 296.000  90 -30 1230 1390
 946 253.000 241.000  90 -20 2835 2995
 947 155.000 242.000  90 -10    0 3729
 948 310.000  81.000  90 -20    0 3645
 949 107.000 221.000  90 -10    0 3679
 950 236.000 361.000  90 -30    0 3713
 951 160.000 431.000  90 -20    0 3622
 952 314.000 436.000  90 -30 2101 2261
 953  91.000 298.000  90 -20    0 3658
 954 351.000  75.000  90 -30    0 3622
 955 348.000  16.000  90 -30    0 3571
 956 176.000 358.000  90 -30    0 3694
 957 132.000 314.000  90 -10    0 3690
 958 129.000 185.000  90 -10 2814 2974
 959 179.000 284.000  90 -20    0 3746
 960 417.000  56.000  90 -10    0 3569
 961 184.000 178.000  90 -10 1454 1614
 962 206.000 326.000  90 -20    0 3737
 963 206.000 379.000  90 -20    0 3688
 964  52.000 469.000  90 -30    0 3529
 965 322.000  78.000  90 -10 2464 2624
 966 191.000 397.000  90 -30    0 3666
 967 111.000 244.000  90 -10    0 3685
 968 173.000 328.000  90 -30    0 3715
 969 190.000 292.000  90 -10    0 3751
 970 484.000 161.000  90 -10    0 3574
 971 335.000  54.000  90 -20 1853 2013
 972 395.000  30.000  90 -20 2796 2956
 973 200.000 342.000  90 -10    0 3720
 974  54.000 372.000  90 -10    0 3594
 975 266.000 264.000  90 -10    0 3803
 976 224.000  96.000  90 -20    0 3668
 977 390.000  42.000  90 -30 2588 2748
 978 229.000  78.000  90 -20 2496 2656
 979 278.000 230.000  90 -10    0 3790
 980 272.000 212.000  90 -20    0 3781
 981 232.000  87.000  90 -20    0 3661
 982 294.000 455.000  90 -30    0 3615
 983 428.000 292.000  90 -30    0 3642
 984 125.000 212.000  90 -10    0 3694
 985 405.000  47.000  90 -10    0 3569
 986 235.000  81.000  90 -20    0 3655
 987  88.000 379.000  90 -30    0 3617
 988  22.000 283.000  90 -20    0 3594
 989 358.000 365.000  90 -10    0 3667
 990 189.000 368.000  90 -20    0 3692
 991 406.000 286.000  90 -10    0 3664
 992 129.000 267.000  90 -10 2480 2640
 993 192.000 306.000  90 -10    0 3744
 994  29.000 282.000  90 -10 1410 1570
 995 335.000  64.000  90 -10    0 3620
 996 126.000 188.000  90 -30    0 3686
 997 414.000  66.000  90 -20 1592 1752
 998 206.000 295.000  90 -20 2809 2969
 999 353.000 346.000  90 -10    0 3684
1000  89.000 284.000  90 -20 1436 1596
1001 214.000 382.000  90 -20    0 3688
1002 129.000 244.000  90 -30 2908 3068
1003 207.000 337.000  90 -10    0 3727
1004 204.000 189.000  90 -20    0 3748
1005 385.000 235.000  90 -20 2581 2741
1006 307.000 227.000  90 -20    0 3763
1007  71.000 348.000  90 -10 3055 3215
1008  29.000 302.000  90 -10    0 3597
1009 368.000 219.000  90 -20    0 3702
1010 216.000 316.000  90 -20    0 3750
1011  67.000 160.000  90 -20 2690 2850
1012 448.000  94.000  90 -10    0 3572
1013 336.000 479.000  90 -30    0 3580
1014 436.000 301.000  90 -20    0 3632
1015  50.000 347.000  90 -20    0 3602
1016 293.000 454.000  90 -30    0 3616
1017 212.000  71.000  90 -10    0 3642
1018 325.000  75.000  90 -10    0 3634
1019 250.000 250.000   0   0    0 3914
