507 507 1000 700 1000
   0 250.000 250.000   0   0    0 3914
   1  89.000 284.000  90  20 1196 1836
   2 430.000 298.000  90  10 1322 1962
   3  43.000 269.000  90  30  447 1087
   4 216.000 117.000  90  10  189  829
   5 294.000 437.000  90  30  421 1061
   6 365.000  18.000  90  20 1973 2613
   7 225.000 125.000  90  20  127  767
   8 143.000 266.000  90  10  162  802
   9 252.000 347.000  90  10 2671 3311
  10 403.000 390.000  90  10 2320 2960
  11  19.000 297.000  90  20 2042 2682
  12  56.000 388.000  90  20 1551 2191
  13 377.000 356.000  90  10 1606 2246
  14 113.000 229.000  90  30  883 1523
  15 205.000 343.000  90  20  662 1302
  16  48.000 137.000  90  20 1557 2197
  17 220.000 394.000  90  10 2543 3183
  18 436.000  54.000  90  20 1751 2391
  19  54.000 357.000  90  10 1456 2096
  20 456.000 154.000  90  10  227  867
  21  90.000 270.000  90  10  325  965
  22 166.000 452.000  90  20  359  999
  23  94.000 275.000  90  10  229  869
  24 329.000 471.000  90  30 2543 3183
  25 326.000  57.000  90  20 1124 1764
  26 429.000 282.000  90  20 2778 3418
  27 229.000 364.000  90  10 2272 2912
  28 113.000 289.000  90  10  142  782
  29 410.000 364.000  90  30 1602 2242
  30  73.000 395.000  90  20  983 1623
  31 259.000  76.000  90  10  688 1328
  32 301.000  53.000  90  20  729 1369
  33 382.000 197.000  90  20  400 1040
  34 277.000 371.000  90  30  355  995
  35 272.000 212.000  90  20 2090 2730
  36 353.000  32.000  90  10  665 1305
  37  59.000 389.000  90  20 1458 2098
  38 278.000 357.000  90  10  110  750
  39 332.000  55.000  90  30  211  851
  40 272.000 365.000  90  30  453 1093
  41  66.000 491.000  90  20 1830 2470
  42 317.000 234.000  90  10 2239 2879
  43 394.000 367.000  90  30  185  825
  44  58.000 364.000  90  10 2022 2662
  45 290.000  75.000  90  20  179  819
  46 131.000 269.000  90  10 2148 2788
  47 236.000  96.000  90  20 1364 2004
  48  29.000 282.000  90  10 1170 1810
  49 418.000 385.000   0  30 2517 3157
  50 266.000 373.000  90  10  553 1193
  51 201.000 273.000  90  30   54  694
  52 255.000 245.000  90  10    7  647
  53 220.000 379.000  90  10 2154 2794
  54  85.000 317.000  90  30 2367 3007
  55 128.000 209.000  90  20  853 1493
  56 373.000 364.000  90  20 2930 3570
  57 420.000  20.000  90  30  335  975
  58 132.000 218.000  90  10  122  762
  59  32.000 256.000  90  10  661 1301
  60 406.000 339.000  90  20  179  819
  61 191.000 397.000  90  20  158  798
  62  96.000 292.000  90  10  622 1262
  63 259.000 243.000  90  20   11  651
  64 349.000 476.000  90  10 2243 2883
  65 448.000 302.000  90  20 2087 2727
  66 343.000  27.000  90  20  956 1596
  67  67.000 485.000  90  40 1926 2566
  68 147.000 435.000  90  10 1871 2511
  69  43.000 355.000  90  20 1355 1995
  70 368.000 340.000  90  10  221  861
  71 400.000 364.000  90  30  330  970
  72 355.000 480.000  90  20 1376 2016
  73 450.000 153.000  90  20  293  933
  74  71.000 453.000  90  20  445 1085
  75  54.000 287.000  90  20  199  839
  76 219.000  89.000  90  20 2452 3092
  77 189.000 327.000  90  10  180  820
  78 484.000 161.000   0  10 1456 2096
  79  77.000 483.000  90  20 2299 2939
  80  63.000 166.000  90  30 2262 2902
  81  71.000 368.000  90  20 2970 3610
  82  25.000 290.000   0  30 2631 3271
  83 441.000 157.000  90  10  212  852
  84  13.000 266.000  90  20  964 1604
  85 386.000 357.000  90  20 1193 1833
  86  90.000 298.000  90  10 1864 2504
  87 352.000  38.000  90  10  386 1026
  88 395.000   1.000  90  30  647 1287
  89  46.000 383.000  90  30 1048 1688
  90 191.000 352.000  90  20  117  757
  91 470.000 152.000  90  30  986 1626
  92 228.000 124.000  90  20  127  767
  93 323.000 229.000  90  10 1478 2118
  94 331.000 486.000  90  10 1763 2403
  95 112.000 208.000  90  10 1361 2001
  96  95.000 279.000  90  20  157  797
  97  76.000 456.000  90  30  540 1180
  98 262.000 368.000  90  30  922 1562
  99 204.000  90.000  90  20  854 1494
 100 149.000 273.000  90  20  103  743
 101 483.000 170.000  90  30 1957 2597
 102  39.000 278.000  90  10 1361 2001
 103 201.000 307.000  90  10 1473 2113
 104 139.000 262.000  90  30 1210 1850
 105 176.000 447.000  90  20  210  850
 106 351.000  33.000  90  20  481 1121
 107 261.000  96.000  90  40  207  847
 108 260.000 104.000  90  20  146  786
 109 394.000 205.000  90  10  205  845
 110  95.000 294.000  90  10  530 1170
 111  64.000 473.000  90  10 1044 1684
 112 261.000  84.000  90  10  494 1134
 113 394.000  10.000  90  40  929 1569
 114  73.000 484.000  90  20 2205 2845
 115 277.000 434.000  90  20 1187 1827
 116 119.000 232.000  90  10 1699 2339
 117  78.000 375.000  90  10  212  852
 118 366.000 346.000  90  20  408 1048
 119 173.000 328.000  90  10 2241 2881
 120  96.000 356.000  90  10  186  826
 121 332.000 491.000  90  30  971 1611
 122 255.000 371.000  90  40 1969 2609
 123 358.000 359.000  90  20 2399 3039
 124 216.000  93.000  90  10 2233 2873
 125  73.000 360.000  90  20 2707 3347
 126 305.000 212.000  90  20  916 1556
 127 151.000 462.000  90  10 1162 1802
 128  47.000 389.000  90  30  862 1502
 129 155.000 198.000  90  30  108  748
 130 329.000  48.000  90  10 1315 1955
 131  88.000 394.000  90  10  487 1127
 132 153.000 295.000   0  20 3078 3718
 133  81.000 373.000  90  10  350  990
 134 378.000  25.000  90  10 2168 2808
 135 184.000 340.000  90  10 2528 3168
 136 231.000  81.000  90  30 2163 2803
 137 379.000 208.000  90  10  595 1235
 138 386.000 344.000  90  20  999 1639
 139 189.000 200.000  90  10 1749 2389
 140 296.000 253.000  90  10  594 1234
 141  57.000 131.000  90  10 1163 1803
 142 379.000 245.000  90  10 2533 3173
 143 107.000 221.000  90  40  294  934
 144 154.000 458.000   0  20  885 1525
 145 272.000 243.000  90  30   23  663
 146  94.000 130.000  90  10  361 1001
 147 224.000  93.000  90  20 1951 2591
 148 440.000 302.000  90  20 1039 1679
 149  52.000 484.000  90  10 1441 2081
 150 132.000 273.000  90  10 1963 2603
 151 228.000 186.000  90  20   67  707
 152 390.000   9.000  90  30 1023 1663
 153 327.000 483.000  90  20 1858 2498
 154  48.000 385.000  90  20  768 1408
 155 152.000 260.000  90  10   98  738
 156 255.000 120.000  90  10  130  770
 157 414.000 384.000  90  10 2422 3062
 158 232.000 378.000  90  20 1954 2594
 159  80.000 141.000  90  30  254  894
 160 101.000 237.000  90  20 1591 2231
 161 267.000 260.000  90  20  269  909
 162 384.000 217.000  90  20 1569 2209
 163 418.000 300.000  90  10  371 1011
 164 323.000 258.000  90  10 1088 1728
 165 321.000 228.000  90  30 1960 2600
 166 198.000 284.000  90  10   62  702
 167 268.000 235.000  90  10 1602 2242
 168  95.000 243.000  90  20  519 1159
 169 393.000 368.000  90  10  232  872
 170 280.000 351.000  90  30  105  745
 171 241.000  77.000  90  30  985 1625
 172 134.000 265.000  90  20 2426 3066
 173 420.000  95.000  90  30  230  870
 174 111.000 279.000  90  30  141  781
 175 367.000 358.000  90  30 1893 2533
 176 239.000 373.000  90  10 1665 2305
 177 284.000 360.000  90  30  115  755
 178 325.000  75.000   0  30 2130 2770
 179 340.000 449.000  90  10 2840 3480
 180 275.000 448.000  90  10 2662 3302
 181 314.000 279.000  90  10   70  710
 182 332.000 486.000  90  20 1672 2312
 183 386.000 361.000  90  30 1287 1927
 184  55.000 282.000  90  40  197  837
 185 317.000 467.000  90  20  227  867
 186 149.000 434.000  90  30 1963 2603
 187 466.000 169.000  90  30 2262 2902
 188 258.000 350.000  90  20 1582 2222
 189 107.000 311.000  90  40 2573 3213
 190 232.000  85.000  90  10 2069 2709
 191 391.000  23.000  90  10 2458 3098
 192 274.000 248.000  90  20   70  710
 193 346.000 211.000  90  10  103  743
 194  96.000 407.000  90  20  219  859
 195 125.000 212.000  90  10  947 1587
 196 361.000 337.000  90  50  141  781
 197 481.000 156.000  90  20 1360 2000
 198 188.000 293.000  90  30  597 1237
 199  76.000 408.000  90  30  780 1420
 200 378.000 363.000  90  30 1509 2149
 201 185.000 301.000  90  20 1090 1730
 202 385.000 235.000  90  10 2341 2981
 203 261.000 350.000  90  10 1489 2129
 204 151.000 214.000  90  10  271  911
 205 265.000  94.000  90  10  156  796
 206 293.000  81.000  90  10  174  814
 207 404.000 378.000  90  10  617 1257
 208 259.000  88.000  90  20  305  945
 209 362.000  17.000  90  10 1644 2284
 210 320.000 258.000  90  20  324  964
 211 316.000 453.000  90  20  213  853
 212 225.000 192.000  90  20   63  703
 213 140.000 206.000  90  30  168  808
 214  83.000 151.000  90  10  194  834
 215 366.000 196.000  90  10  127  767
 216 108.000 245.000  90  20 1490 2130
 217 129.000 267.000  90  10 2240 2880
 218  57.000 379.000  90  20  667 1307
 219 329.000  56.000  90  20 1217 1857
 220  76.000 391.000  90  30 1078 1718
 221 136.000 217.000  90  30  658 1298
 222 259.000  90.000  90  30  397 1037
 223 460.000 173.000  90  20 2647 3287
 224  83.000 301.000  90  20 2057 2697
 225 201.000 331.000  90  20  467 1107
 226 118.000 214.000  90  20  136  776
 227 395.000  30.000  90  20 2556 3196
 228 283.000 248.000   0  30   33  673
 229 391.000 334.000  90  20  807 1447
 230 276.000 428.000  90  20  808 1448
 231  96.000 152.000  90  20  182  822
 232 425.000  85.000  90  10  296  936
 233 210.000  94.000  90  20  757 1397
 234 406.000  37.000  90  40  264  904
 235  69.000 346.000   0  10 2722 3362
 236 314.000 449.000  90  30  209  849
 237 209.000 201.000  90  30 2513 3153
 238  88.000 379.000  90  20  449 1089
 239  65.000 357.000  90  10 2214 2854
 240 345.000  15.000  90  20 1242 1882
 241  52.000 369.000  90  30 1833 2473
 242 449.000 140.000  90  20  490 1130
 243 430.000 310.000  90  30  936 1576
 244 229.000 214.000  90  20   41  681
 245 197.000 301.000  90  10   73  713
 246 146.000 245.000  90  20  456 1096
 247 249.000 251.000   0  20 2796 3436
 248 325.000 490.000  90  10  683 1323
 249  59.000 159.000  90  10  863 1503
 250 186.000 177.000  90  20 1121 1761
 251 319.000 229.000  90  10 2052 2692
 252 471.000 154.000  90  20 1079 1719
 253 388.000 220.000  90  20 1183 1823
 254 235.000  81.000  90  20 1210 1850
 255 261.000 370.000  90  30  829 1469
 256 263.000 351.000  90  10 1305 1945
 257 444.000 157.000  90  10  215  855
 258 446.000 297.000  90  10 1992 2632
 259 347.000  40.000  90  30  290  930
 260 318.000 493.000  90  10  585 1225
 261 399.000 352.000  90  10 1020 1660
 262  51.000 364.000  90  10 1647 2287
 263 250.000 217.000  90  40 2294 2934
 264 360.000 338.000  90  10  140  780
 265 390.000  17.000  90  30 1213 1853
 266 409.000 361.000  90  30  817 1457
 267 206.000 377.000  90  20  319  959
 268 375.000  31.000   0  20 1945 2585
 269 408.000  20.000  90  30  279  919
 270 420.000 308.000  90  30  469 1109
 271 173.000 169.000  90  10 1318 1958
 272 190.000 332.000  90  20  366 1006
 273 274.000 231.000  90  30 1886 2526
 274 207.000 194.000  90  10 2233 2873
 275 315.000 232.000  90  10 2513 3153
 276 425.000  87.000  90  20  239  879
 277 278.000 230.000  90  10 1226 1866
 278 351.000  75.000  90  10 1914 2554
 279 185.000 293.000  90  10  690 1330
 280 432.000 369.000  90  10 1907 2547
 281 128.000 249.000  90  20 1103 1743
 282 221.000 179.000  90  20  129  769
 283 194.000 296.000  90  20  410 1050
 284 413.000 350.000  90  10 1317 1957
 285 214.000 372.000  90  10  703 1343
 286 226.000 120.000  90  30  132  772
 287 346.000 487.000  90  10 1568 2208
 288  95.000 160.000  90  10  179  819
 289 103.000 266.000  90  30  822 1462
 290  98.000 286.000  90  30 1097 1737
 291 147.000 199.000  90  30  114  754
 292 203.000 369.000  90  10  601 1241
 293  87.000 369.000  90  10  201  841
 294 247.000  88.000  90  30 1684 2324
 295 104.000 246.000  90  10 1113 1753
 296 114.000 296.000  90  40  143  783
 297 394.000 356.000  90  30  178  818
 298 192.000 306.000  90  20 1283 1923
 299 419.000 310.000  90  10  562 1202
 300 389.000 221.000  90  10 1092 1732
 301 129.000 264.000  90  20 2521 3161
 302 172.000 483.000  90  30  664 1304
 303 325.000 251.000  90  20 1185 1825
 304 151.000 436.000  90  10 2146 2786
 305 263.000  91.000  90  20  159  799
 306 401.000  15.000  90  20  445 1085
 307 283.000 229.000  90  30 1131 1771
 308 392.000 213.000  90  20 1852 2492
 309 167.000 304.000  90  20   99  739
 310 477.000 154.000  90  10 1266 1906
 311 234.000 383.000  90  10 1859 2499
 312 140.000 220.000  90  30  563 1203
 313 144.000 266.000  90  30  107  747
 314 368.000 325.000  90  30  139  779
 315 325.000 246.000  90  10 1280 1920
 316 430.000  86.000  90  20 2526 3166
 317 200.000 195.000  90  20 1945 2585
 318 440.000 295.000  90  30 1896 2536
 319 187.000 362.000  90  20 1546 2186
 320 212.000 168.000  90  20  620 1260
 321 281.000 279.000  90  20  474 1114
 322 326.000 241.000  90  20 1375 2015
 323 152.000 241.000  90  20  553 1193
 324  46.000 277.000  90  10  349  989
 325 220.000 192.000  90  20   65  705
 326 200.000 297.000  90  30  313  953
 327 299.000 442.000  90  10 1664 2304
 328  22.000 283.000  90  30 1073 1713
 329  67.000 160.000  90  10 2450 3090
 330 200.000 182.000  90  10  913 1553
 331 298.000 438.000  90  10  327  967
 332  62.000 301.000  90  20 2990 3630
 333 184.000 354.000  90  30 1736 2376
 334 140.000 180.000  90  20 2769 3409
 335 123.000 206.000   0  10 1645 2285
 336  36.000 284.000  90  10 1458 2098
 337 211.000 180.000  90  20  518 1158
 338  78.000 361.000  90  10 2980 3620
 339 389.000 233.000  90  20 2247 2887
 340  90.000 391.000  90  10  301  941
 341 209.000 307.000  90  10 1571 2211
 342 405.000  47.000  90  10  255  895
 343 278.000 329.000  90  10   83  723
 344 261.000 371.000  90  20  738 1378
 345 302.000 470.000  90  20 1987 2627
 346 373.000 205.000  90  40  130  770
 347  90.000 277.000  90  30  422 1062
 348  61.000 437.000  90  20  265  905
 349 440.000  81.000   0  20 2425 3065
 350  59.000 471.000  90  20 1244 1884
 351 174.000 304.000  90  20   93  733
 352 106.000 248.000  90  20 1206 1846
 353 412.000 367.000  90  20  720 1360
 354 177.000 436.000  90  20  199  839
 355 266.000 264.000  90  30  363 1003
 356 365.000 360.000  90  20 1800 2440
 357 220.000 177.000  90  20  221  861
 358 383.000 351.000  90  20  167  807
 359 387.000  21.000  90  10 1308 1948
 360 116.000 255.000  90  20  999 1639
 361 404.000 346.000  90  10  923 1563
 362 447.000 102.000  90  10 2938 3578
 363 348.000  16.000  90  30 1540 2180
 364 319.000  77.000  90  30 2318 2958
 365  83.000 282.000  90  10 1292 1932
 366 384.000  24.000  90  10 2361 3001
 367  16.000 281.000  90  10 2436 3076
 368 151.000 442.000  90  20 2242 2882
 369 223.000 114.000  90  20  138  778
 370 191.000 308.000  90  20   82  722
 371 386.000  28.000  90  20 2267 2907
 372 106.000 295.000  90  20  813 1453
 373 387.000 224.000  90  30 1277 1917
 374  96.000 377.000  90  10  199  839
 375  43.000 125.000  90  30 1363 2003
 376 369.000 351.000  90  20  598 1238
 377 420.000  78.000  90  20 1158 1798
 378 396.000   4.000  90  10  833 1473
 379 389.000 198.000  90  20  303  943
 380 322.000 454.000  90  20  216  856
 381 241.000 391.000  90  30 2745 3385
 382 345.000 496.000  90  20 1167 1807
 383  23.000 306.000  90  20 1942 2582
 384 317.000  62.000  90  20  437 1077
 385 319.000 257.000  90  20  416 1056
 386 317.000 251.000  90  30  700 1340
 387 279.000 436.000  90  20 1279 1919
 388 275.000 236.000  90  20 1323 1963
 389 334.000  47.000  90  20  219  859
 390  50.000 383.000  90  10 1649 2289
 391  69.000 475.000  90  30  949 1589
 392 198.000 334.000  90  20 1963 2603
 393 380.000 228.000  90  30  897 1537
 394 425.000 118.000  90  10  219  859
 395  80.000 398.000  90  10  586 1226
 396  67.000 463.000  90  30  344  984
 397  40.000 378.000  90  20 1146 1786
 398 157.000 436.000  90  20 2533 3173
 399 266.000 250.000  90  10  169  809
 400 383.000  41.000  90  20 2445 3085
 401 457.000 142.000  90  20  589 1229
 402 244.000  94.000  90  20 1555 2195
 403 174.000 444.000  90  10  208  848
 404  94.000 247.000  90  30  613 1253
 405 316.000  80.000  90  30 2412 3052
 406 200.000 342.000  90  10  757 1397
 407  80.000 374.000  90  20  259  899
 408  59.000 163.000  90  20 2071 2711
 409 414.000  66.000  90  30 1352 1992
 410  34.000 279.000  90  20 1266 1906
 411 404.000 310.000  90  20  165  805
 412 210.000 359.000  90  10 1328 1968
 413 312.000 252.000  90  20  605 1245
 414  54.000 446.000  90  20  277  917
 415 196.000 302.000  90  20   74  714
 416 142.000 457.000  90  10 1353 1993
 417 283.000 425.000  90  20  618 1258
 418  77.000 397.000  90  10  679 1319
 419 417.000  56.000  90  20 1542 2182
 420 183.000 340.000  90  10 2437 3077
 421 475.000 136.000  90  20  789 1429
 422 377.000 246.000  90  20 2814 3454
 423 310.000 484.000  90  30  386 1026
 424  57.000 456.000  90  20  282  922
 425 313.000 266.000  90  20  133  773
 426 475.000 145.000  90  30  888 1528
 427 290.000 416.000  90  30  170  810
 428 277.000 369.000  90  30  170  810
 429 194.000 301.000  90  30  126  766
 430 215.000  91.000  90  30 2050 2690
 431  56.000 287.000  90  20  197  837
 432 378.000 326.000  90  30  148  788
 433 197.000 350.000  90  30  946 1586
 434 243.000  88.000  90  20 1491 2131
 435 292.000 456.000  90  20 2278 2918
 436 183.000 187.000  90  20 1528 2168
 437 300.000 443.000  90  10 1756 2396
 438 420.000 295.000  90  10 1512 2152
 439 427.000  64.000  90  30 1052 1692
 440 146.000 461.000  90  20 1257 1897
 441 298.000 430.000  90  30  229  869
 442 148.000 270.000  90  10  103  743
 443 308.000  55.000  90  30  631 1271
 444 143.000 257.000  90  10  261  901
 445 206.000 379.000  90  10  227  867
 446 245.000  96.000  90  20 1463 2103
 447 431.000 301.000  90  10 1228 1868
 448 341.000  26.000  90  10 1048 1688
 449  63.000 454.000  90  10  276  916
 450 127.000 278.000  90  10 1866 2506
 451 140.000 252.000  90  20  357  997
 452 438.000  72.000  90  10  858 1498
 453 184.000 178.000  90  10 1214 1854
 454 150.000 435.000  90  20 2055 2695
 455 395.000 365.000  90  30  185  825
 456 208.000 371.000  90  20  415 1055
 457 190.000 292.000  90  10  505 1145
 458  47.000 388.000  90  20  953 1593
 459 110.000 199.000  90  10 1967 2607
 460 323.000  60.000  90  10 1030 1670
 461 118.000 223.000  90  10  134  774
 462  95.000 395.000  90  30  212  852
 463 468.000 135.000  90  10  692 1332
 464 361.000  15.000  90  20 1878 2518
 465 195.000 300.000  90  10  218  858
 466  77.000 133.000  90  10  469 1109
 467 272.000 246.000  90  10   22  662
 468 293.000  67.000  90  20  187  827
 469 140.000 265.000  90  40 1303 1943
 470 218.000  98.000  90  30 1762 2402
 471 290.000 425.000  90  30  179  819
 472 124.000 247.000  90  20 2855 3495
 473 294.000  64.000  90  10  191  831
 474 211.000  97.000  90  20  572 1212
 475  88.000 390.000  90  30  393 1033
 476 116.000 446.000  90  20 1658 2298
 477 293.000 249.000  90  10   43  683
 478  83.000 228.000  90  20  409 1049
 479 179.000 284.000  90  30  791 1431
 480 189.000 338.000  90  10 2714 3354
 481 163.000 277.000   0  10 3093 3733
 482 152.000 478.000  90  20  775 1415
 483 429.000  80.000  90  20  575 1215
 484 464.000 178.000  90  10 2451 3091
 485 138.000 196.000  90  30 1753 2393
 486  87.000 481.000   0  10 2493 3133
 487 425.000  99.000  90  20  231  871
 488  78.000 141.000  90  30  203  843
 489 217.000 189.000  90  20  324  964
 490 197.000 178.000  90  20  818 1458
 491 197.000 351.000  90  20 1037 1677
 492  11.000 269.000  90  10  870 1510
 493 292.000 434.000  90  10  515 1155
 494 436.000 301.000  90  20 1133 1773
 495 145.000 221.000  90  20  468 1108
 496 224.000  96.000  90  40 1858 2498
 497  59.000 128.000  90  20 1256 1896
 498 426.000  85.000  90  10  387 1027
 499 415.000  73.000  90  20 1255 1895
 500 440.000  70.000  90  10 2131 2771
 501 320.000 476.000  90  30  283  923
 502  57.000 132.000  90  10 1072 1712
 503 405.000 311.000  90  30  166  806
 504 109.000 250.000  90  10 1300 1940
 505 175.000 282.000  90  10  886 1526
 506 208.000 101.000  90  10  387 1027
 507 342.000  52.000  90  10  218  858
 508  76.000 287.000  90 -20 1574 2214
 509 428.000 292.000  90 -10 1611 2251
 510  26.000 269.000  90 -30  765 1405
 511 213.000  76.000  90 -10 1060 1700
 512 280.000 423.000  90 -30  711 1351
 513 363.000  55.000  90 -20 2743 3383
 514 212.000  96.000  90 -20  664 1304
 515 169.000 360.000  90 -10 1932 2572
 516 257.000 336.000  90 -10 2866 3506
 517 346.000 344.000  90 -10 2972 3612
 518  53.000 297.000  90 -20 2982 3622
 519  59.000 358.000  90 -20 2118 2758
 520 398.000 231.000  90 -10 2056 2696
 521 129.000 255.000  90 -30 2476 3116
 522 220.000 362.000  90 -20 1091 1731
 523  51.000 162.000  90 -20 1973 2613
 524 260.000 330.000  90 -10 2963 3603
 525 446.000  86.000  90 -20 2816 3456
 526  69.000 383.000  90 -10 2230 2870
 527 489.000 150.000  90 -10 1558 2198
 528 101.000 295.000  90 -10  718 1358
 529 125.000 444.000  90 -20 1757 2397
 530  77.000 287.000  90 -10 1665 2305
 531 337.000 453.000  90 -30 2745 3385
 532 308.000  82.000  90 -20 2699 3339
 533 426.000 279.000  90 -20 2872 3512
 534 229.000 396.000  90 -10 2642 3282
 535  73.000 303.000  90 -10 2157 2797
 536 412.000 361.000  90 -30 1508 2148
 537  77.000 360.000  90 -20 2979 3619
 538 253.000  81.000  90 -10  786 1426
 539 337.000  63.000  90 -20 1805 2445
 540 320.000 225.000  90 -20 1774 2414
 541 263.000 372.000  90 -30  646 1286
 542 196.000 192.000  90 -20 1850 2490
 543 356.000  28.000  90 -10  760 1400
 544  71.000 348.000  90 -20 2815 3455
 545 358.000 365.000  90 -10 2086 2726
 546 366.000  16.000  90 -30 1738 2378
 547 359.000 371.000  90 -30 2182 2822
 548  95.000 475.000  90 -20 2685 3325
 549 317.000 235.000  90 -10 2330 2970
 550 400.000 376.000  90 -30  522 1162
 551  79.000 346.000  90 -10 2910 3550
 552 315.000  57.000  90 -20  931 1571
 553 125.000 245.000  90 -10 2762 3402
 554 245.000 109.000  90 -20 2849 3489
 555  40.000 288.000  90 -10 1553 2193
 556 418.000 385.000  90 -30 2517 3157
 557 259.000 355.000  90 -10 1677 2317
 558 216.000 380.000  90 -30 2060 2700
 559 308.000  60.000  90 -10  536 1176
 560 220.000 384.000  90 -10 2443 3083
 561  99.000 307.000  90 -30 2474 3114
 562 141.000 267.000  90 -20 1395 2035
 563 353.000 346.000  90 -20 2874 3514
 564 393.000   2.000  90 -30  739 1379
 565 103.000 251.000  90 -10 1018 1658
 566  17.000 283.000  90 -10 2344 2984
 567 428.000 314.000  90 -20  752 1392
 568 166.000 464.000  90 -20  554 1194
 569  67.000 302.000  90 -10 2253 2893
 570 397.000  27.000  90 -20 2148 2788
 571 336.000 479.000  90 -10 1958 2598
 572 441.000 287.000  90 -20 2675 3315
 573 347.000  23.000  90 -20  860 1500
 574  69.000 485.000  90 -40 2018 2658
 575 149.000 444.000  90 -10 2335 2975
 576  74.000 363.000  90 -20 2523 3163
 577 370.000 353.000  90 -10  506 1146
 578 391.000 373.000  90 -30 2820 3460
 579 293.000 454.000  90 -20 2371 3011
 580 446.000 139.000  90 -20  397 1037
 581  94.000 479.000  90 -20 2590 3230
 582  29.000 302.000  90 -20 1845 2485
 583 221.000 102.000  90 -20 2618 3258
 584 165.000 333.000  90 -10 2141 2781
 585 484.000 161.000  90 -10 1456 2096
 586  85.000 486.000  90 -20 2398 3038
 587  90.000 168.000  90 -30 2840 3480
 588  86.000 361.000  90 -20 2986 3626
 589  25.000 290.000  90 -30 2631 3271
 590 453.000 164.000  90 -10 2846 3486
 591  44.000 325.000  90 -20 2941 3581
 592 308.000 235.000  90 -20 2895 3535
 593 130.000 304.000  90 -10 2935 3575
 594 385.000  28.000  90 -10 2046 2686
 595 393.000  13.000  90 -30 1118 1758
 596  46.000 341.000  90 -30 2419 3059
 597 234.000 350.000  90 -20 2377 3017
 598 460.000 183.000  90 -30 2547 3187
 599 211.000 107.000  90 -20  291  931
 600 202.000 198.000  90 -10 2038 2678
 601 329.000 459.000  90 -10 2645 3285
 602 125.000 181.000  90 -10 2478 3118
 603  80.000 281.000  90 -20 1477 2117
 604  70.000 482.000  90 -30 2111 2751
 605 264.000 365.000  90 -30 1015 1655
 606 230.000  95.000  90 -20 1659 2299
 607 179.000 311.000  90 -20   93  733
 608 420.000 168.000  90 -30 2996 3636
 609  37.000 295.000  90 -10 1651 2291
 610 211.000 308.000  90 -10 1663 2303
 611 132.000 272.000  90 -30 2054 2694
 612 163.000 453.000  90 -20  453 1093
 613 347.000  21.000  90 -20 1146 1786
 614 238.000  83.000  90 -40 1303 1943
 615 238.000  84.000  90 -20 1394 2034
 616 380.000 223.000  90 -10 1374 2014
 617  81.000 283.000  90 -10 1384 2024
 618  69.000 493.000  90 -10 1737 2377
 619 236.000  92.000  90 -10 1970 2610
 620 374.000  17.000  90 -40 1685 2325
 621  94.000 456.000  90 -20 2884 3524
 622 314.000 436.000  90 -20 1861 2501
 623 112.000 243.000  90 -10 2081 2721
 624  50.000 347.000  90 -10 2322 2962
 625 396.000 234.000  90 -20 2150 2790
 626 207.000 289.000  90 -10 2757 3397
 627  78.000 371.000  90 -10  210  850
 628 289.000 452.000  90 -30 2558 3198
 629 241.000 362.000  90 -40 2170 2810
 630 360.000 356.000  90 -20 2493 3133
 631 230.000 105.000  90 -10 2718 3358
 632  74.000 360.000  90 -20 2616 3256
 633 289.000 240.000  90 -20  699 1339
 634 152.000 457.000  90 -10  977 1617
 635  67.000 380.000  90 -30 2039 2679
 636 125.000 226.000  90 -30 1149 1789
 637 335.000  52.000  90 -10 1521 2161
 638  74.000 374.000  90 -10 2422 3062
 639 153.000 295.000  90 -20 3078 3718
 640  72.000 341.000  90 -10 2626 3266
 641 392.000  31.000  90 -10 2650 3290
 642 204.000 291.000  90 -10 2663 3303
 643 216.000  96.000  90 -30 2326 2966
 644 379.000 229.000  90 -10  805 1445
 645 384.000 235.000  90 -20 2432 3072
 646 121.000 249.000  90 -10 2181 2821
 647 273.000 234.000  90 -10 1416 2056
 648  53.000 139.000  90 -10  974 1614
 649 354.000 219.000  90 -10 3076 3716
 650 107.000 225.000  90 -40  200  840
 651 154.000 458.000  90 -20  885 1525
 652 368.000 219.000  90 -30  700 1340
 653  30.000 162.000  90 -10 1862 2502
 654 245.000 239.000  90 -20 2693 3333
 655 406.000 286.000  90 -20 3024 3664
 656  95.000 466.000  90 -10 2784 3424
 657 131.000 253.000  90 -10 2569 3209
 658 211.000 188.000  90 -20  420 1060
 659 382.000  17.000  90 -30 1494 2134
 660 267.000 436.000  90 -20 2767 3407
 661  86.000 359.000  90 -20 2988 3628
 662 137.000 227.000  90 -10  115  755
 663 238.000  57.000  90 -10 1096 1736
 664 401.000 385.000  90 -10 2624 3264
 665 222.000 317.000  90 -20 2175 2815
 666  63.000 159.000  90 -30  769 1409
 667 117.000 204.000  90 -20 1458 2098
 668 325.000 228.000  90 -20 1570 2210
 669 305.000 233.000  90 -20 2801 3441
 670 448.000 297.000  90 -10 2392 3032
 671 331.000 252.000  90 -10  894 1534
 672 320.000 231.000  90 -30 2144 2784
 673 220.000 359.000  90 -10 1184 1824
 674 266.000 231.000  90 -10 1696 2336
 675 101.000 263.000  90 -20  916 1556
 676 403.000 361.000  90 -10 1212 1852
 677 268.000 351.000  90 -30 1210 1850
 678 247.000  89.000  90 -30 1775 2415
 679 129.000 244.000  90 -20 2668 3308
 680 426.000  80.000  90 -30  482 1122
 681 132.000 314.000  90 -30 2974 3614
 682 361.000 349.000  90 -30 2776 3416
 683 241.000 375.000  90 -10 1758 2398
 684 298.000 456.000  90 -30 2092 2732
 685 325.000  75.000  90 -30 2130 2770
 686 357.000 445.000  90 -10 2947 3587
 687 253.000 382.000  90 -10 2850 3490
 688 408.000 305.000  90 -10  179  819
 689 348.000 466.000  90 -20 2343 2983
 690 402.000 230.000  90 -30 1962 2602
 691  44.000 279.000  90 -40  256  896
 692 347.000 479.000  90 -20 2149 2789
 693 155.000 447.000  90 -30 2432 3072
 694 465.000 176.000  90 -30 2359 2999
 695 363.000 351.000  90 -20 2683 3323
 696 105.000 317.000  90 -40 2669 3309
 697 226.000  86.000  90 -10 2355 2995
 698 363.000  62.000  90 -10 2965 3605
 699 316.000 254.000  90 -20  510 1150
 700 384.000 206.000  90 -10  499 1139
 701  78.000 479.000  90 -20  849 1489
 702 138.000 272.000  90 -10 1581 2221
 703 372.000 354.000  90 -50 1701 2341
 704 490.000 159.000  90 -20 1657 2297
 705 222.000 356.000  90 -30 1368 2008
 706  50.000 368.000  90 -30 1741 2381
 707 297.000 250.000  90 -30 3093 3733
 708 216.000 300.000  90 -20 2373 3013
 709 383.000 246.000  90 -10 2628 3268
 710 254.000 357.000  90 -10 1772 2412
 711 133.000 278.000  90 -10 1770 2410
 712 215.000 108.000  90 -10 2520 3160
 713 301.000  67.000  90 -10  240  880
 714 413.000 353.000  90 -10 1410 2050
 715 250.000  72.000  90 -20  885 1525
 716 368.000  17.000  90 -10 1781 2421
 717 265.000 218.000  90 -20 2189 2829
 718 311.000 496.000  90 -20  488 1128
 719 112.000 251.000  90 -20 1393 2033
 720 120.000 210.000  90 -30 1042 1682
 721  67.000 153.000  90 -10  672 1312
 722 371.000 207.000  90 -10  128  768
 723 110.000 241.000  90 -20 1896 2536
 724 131.000 267.000  90 -10 2332 2972
 725  66.000 359.000  90 -20 2917 3557
 726 356.000  77.000  90 -20 2009 2649
 727  71.000 388.000  90 -30 1265 1905
 728 148.000 225.000  90 -30  373 1013
 729 265.000  77.000  90 -30  592 1232
 730 363.000 212.000  90 -20 3034 3674
 731 117.000 319.000  90 -20 2868 3508
 732 222.000 381.000  90 -20 2349 2989
 733 108.000 222.000  90 -20 1257 1897
 734 397.000  40.000  90 -20 2251 2891
 735 283.000 248.000  90 -30   33  673
 736 389.000 342.000  90 -20  905 1545
 737 277.000 431.000  90 -20 1094 1734
 738  74.000 165.000  90 -20 2638 3278
 739 448.000  94.000  90 -10 2914 3554
 740 221.000  87.000  90 -20 1163 1803
 741 374.000  55.000  90 -40 2552 3192
 742  69.000 346.000  90 -10 2722 3362
 743 338.000 489.000  90 -30 1068 1708
 744 199.000 200.000  90 -30 2705 3345
 745  67.000 357.000  90 -20 2804 3444
 746  89.000 358.000  90 -10 2991 3631
 747 370.000  55.000  90 -20 2646 3286
 748  67.000 387.000  90 -30 2136 2776
 749 467.000 157.000  90 -20 2067 2707
 750 444.000 309.000  90 -30 2185 2825
 751 161.000 203.000  90 -20  100  740
 752 202.000 386.000  90 -10  144  784
 753 206.000 312.000  90 -20 1760 2400
 754 249.000 251.000  90 -20 2796 3436
 755 291.000 450.000  90 -10 2465 3105
 756  44.000 153.000  90 -10 1755 2395
 757 116.000 259.000  90 -20 2373 3013
 758 307.000 227.000  90 -10 2613 3253
 759 446.000 169.000  90 -20 2945 3585
 760 321.000 224.000  90 -20 1866 2506
 761 247.000  82.000  90 -20 1588 2228
 762 341.000 367.000  90 -30 2290 2930
 763 262.000 352.000  90 -10 1396 2036
 764 452.000 154.000  90 -10  223  863
 765 448.000 295.000  90 -10 2484 3124
 766 351.000  31.000  90 -30  573 1213
 767 328.000 498.000  90 -10  873 1513
 768 434.000 377.000  90 -10 2105 2745
 769  75.000 379.000  90 -10 2327 2967
 770 207.000 196.000  90 -40 2325 2965
 771 366.000 341.000  90 -10  313  953
 772 373.000  22.000  90 -30 2072 2712
 773 402.000 362.000  90 -30 1121 1761
 774 233.000 346.000  90 -20 2471 3111
 775 375.000  31.000  90 -20 1945 2585
 776 405.000  24.000  90 -30  274  914
 777 429.000 294.000  90 -30 1703 2343
 778 121.000 236.000  90 -10 1794 2434
 779 199.000 327.000  90 -20 2819 3459
 780 254.000 238.000  90 -30 2406 3046
 781 203.000 203.000  90 -10 2610 3250
 782 293.000 245.000  90 -10 3141 3781
 783 435.000  77.000  90 -20  762 1402
 784 253.000 244.000  90 -10 2502 3142
 785 322.000  78.000  90 -10 2224 2864
 786 213.000 363.000  90 -10  994 1634
 787 399.000 379.000  90 -10 2720 3360
 788 138.000 276.000  90 -20 1675 2315
 789 118.000 256.000  90 -20 2279 2919
 790 209.000 358.000  90 -20 1237 1877
 791 434.000 382.000  90 -10 2010 2650
 792 221.000 374.000  90 -10  890 1530
 793 210.000  98.000  90 -30  481 1121
 794 344.000 478.000  90 -10 2056 2696
 795  50.000 138.000  90 -10 1649 2289
 796 104.000 198.000  90 -30 2063 2703
 797  91.000 303.000  90 -30 1959 2599
 798 131.000 207.000  90 -30  759 1399
 799 236.000 361.000  90 -10 1473 2113
 800  80.000 376.000  90 -10  211  851
 801 223.000  90.000  90 -30 2547 3187
 802 126.000 188.000  90 -10 1858 2498
 803 109.000 325.000  90 -40 2768 3408
 804 401.000 368.000  90 -30  424 1064
 805 216.000 307.000  90 -20 2276 2916
 806 428.000 312.000  90 -10  844 1484
 807 386.000 213.000  90 -10 1756 2396
 808 131.000 241.000  90 -20 3065 3705
 809 152.000 460.000  90 -30 1070 1710
 810 212.000 215.000  90 -20 2920 3560
 811 160.000 431.000  90 -10 2982 3622
 812 212.000 101.000  90 -20 2422 3062
 813 405.000   5.000  90 -20  546 1186
 814 280.000 224.000  90 -30 1986 2626
 815 316.000 234.000  90 -20 2421 3061
 816  54.000 372.000  90 -20 1751 2391
 817 491.000 160.000  90 -10 1749 2389
 818 244.000 371.000  90 -10 2070 2710
 819 152.000 225.000  90 -30  754 1394
 820 196.000 348.000  90 -30  854 1494
 821 382.000 245.000  90 -30 2719 3359
 822 328.000 216.000  90 -10 1672 2312
 823 447.000  88.000  90 -20 2723 3363
 824 204.000 189.000  90 -20 2138 2778
 825 458.000 303.000  90 -30 2291 2931
 826 170.000 338.000  90 -20 2044 2684
 827 125.000 264.000  90 -20 2615 3255
 828 326.000 253.000  90 -20  799 1439
 829 211.000 198.000  90 -20 2420 3060
 830 199.000 305.000  90 -20 1380 2020
 831  32.000 247.000  90 -10  562 1202
 832 152.000 196.000  90 -20  111  751
 833 222.000 357.000  90 -30 1277 1917
 834 294.000 455.000  90 -10 2186 2826
 835  16.000 280.000  90 -30 2527 3167
 836 157.000 192.000  90 -10 2970 3610
 837 115.000 269.000  90 -10 2716 3356
 838 290.000 440.000  90 -10 1381 2021
 839 136.000 296.000  90 -20 3035 3675
 840 180.000 335.000  90 -30 2341 2981
 841 149.000 183.000  90 -20 2868 3508
 842 123.000 206.000  90 -10 1645 2285
 843  39.000 296.000  90 -10 1743 2383
 844 204.000 171.000  90 -20  718 1358
 845  95.000 356.000  90 -10 2997 3637
 846 301.000 247.000  90 -20 2998 3638
 847  66.000 397.000  90 -10  885 1525
 848 218.000 298.000  90 -10 2466 3106
 849 367.000  59.000  90 -10 2929 3569
 850 279.000 369.000  90 -10  262  902
 851 265.000 358.000  90 -20 1112 1752
 852 251.000 376.000  90 -20 2946 3586
 853 308.000 232.000  90 -40 2708 3348
 854 101.000 290.000  90 -30  910 1550
 855  87.000 454.000  90 -20  642 1282
 856 440.000  81.000  90 -20 2425 3065
 857  54.000 485.000  90 -20 1533 2173
 858 194.000 353.000  90 -20 1131 1771
 859 137.000 186.000  90 -20 2672 3312
 860 416.000 364.000  90 -20 1698 2338
 861 178.000 441.000  90 -20  204  844
 862 313.000 263.000  90 -30  226  866
 863 364.000 364.000  90 -20 1990 2630
 864 184.000 188.000  90 -20 1020 1660
 865 428.000 384.000  90 -20 2204 2844
 866 383.000  18.000  90 -10 1403 2043
 867 121.000 203.000  90 -20 1552 2192
 868 418.000 355.000  90 -10 1797 2437
 869 448.000 103.000  90 -10 2938 3578
 870 366.000  34.000  90 -30 1846 2486
 871 310.000  81.000  90 -30 2606 3246
 872  91.000 298.000  90 -10 1773 2413
 873 390.000  42.000  90 -10 2348 2988
 874  25.000 293.000  90 -10 2724 3364
 875 166.000 434.000  90 -20 2725 3365
 876 232.000  87.000  90 -20 1264 1904
 877 204.000 371.000  90 -20  509 1149
 878 366.000  57.000  90 -20 2836 3476
 879 102.000 289.000  90 -20 1002 1642
 880 386.000 218.000  90 -30 1661 2301
 881  59.000 377.000  90 -10 1848 2488
 882  77.000 172.000  90 -30 2736 3376
 883 384.000 346.000  90 -20 1091 1731
 884 441.000  63.000  90 -20 2034 2674
 885 381.000  20.000  90 -10 1588 2228
 886 382.000 213.000  90 -20 1475 2115
 887 352.000 500.000  90 -20 1265 1905
 888 242.000 350.000  90 -30 2571 3211
 889 345.000 468.000  90 -20 2437 3077
 890  35.000 308.000  90 -20 2832 3472
 891 344.000  46.000  90 -20 1420 2060
 892 330.000 259.000  90 -20  991 1631
 893 253.000 241.000  90 -30 2595 3235
 894 292.000 445.000  90 -20 1476 2116
 895 272.000 233.000  90 -20 1507 2147
 896 341.000  37.000  90 -20  231  871
 897  66.000 391.000  90 -10 1361 2001
 898  52.000 469.000  90 -30 1147 1787
 899 200.000 327.000  90 -20 2910 3550
 900 388.000 228.000  90 -30  995 1635
 901 416.000  48.000  90 -10 1640 2280
 902  56.000 357.000  90 -10 1548 2188
 903  60.000 497.000  90 -30 1637 2277
 904  50.000 343.000  90 -20 2514 3154
 905 172.000 435.000  90 -20 2821 3461
 906 302.000 235.000  90 -10  803 1443
 907 378.000  46.000  90 -20 2850 3490
 908 457.000 160.000  90 -20 2751 3391
 909 231.000  97.000  90 -20 2647 3287
 910 169.000 443.000  90 -10  260  900
 911 101.000 179.000  90 -30 2172 2812
 912 312.000  74.000  90 -30 2509 3149
 913 176.000 358.000  90 -10 1835 2475
 914  74.000 390.000  90 -20  557 1197
 915  65.000 164.000  90 -20 2355 2995
 916 414.000  62.000  90 -30 1446 2086
 917   5.000 296.000  90 -20 2146 2786
 918 428.000 298.000  90 -20 1414 2054
 919 254.000 335.000  90 -10 2773 3413
 920 272.000 228.000  90 -20 1793 2433
 921  59.000 480.000  90 -20 1343 1983
 922 216.000 374.000  90 -20  795 1435
 923 206.000 326.000  90 -10 3006 3646
 924 297.000 442.000  90 -20 1572 2212
 925  72.000 391.000  90 -10 1172 1812
 926 450.000  72.000  90 -20 2321 2961
 927 189.000 339.000  90 -10 2623 3263
 928 500.000 162.000  90 -20 1848 2488
 929 367.000 239.000  90 -20 2916 3556
 930 326.000 498.000  90 -30  781 1421
 931  79.000 479.000  90 -20  758 1398
 932 375.000 342.000  90 -20  699 1339
 933 475.000 156.000  90 -30 1173 1813
 934 290.000 417.000  90 -30  171  811
 935 366.000 352.000  90 -30 2590 3230
 936 189.000 368.000  90 -30  132  772
 937 243.000 108.000  90 -30 2821 3461
 938  47.000 280.000  90 -20  205  845
 939 412.000 300.000  90 -30  275  915
 940 188.000 356.000  90 -30 1642 2282
 941 229.000  78.000  90 -20 2256 2896
 942 233.000 441.000  90 -20 2985 3625
 943 119.000 285.000  90 -20 2823 3463
 944 247.000 447.000  90 -10 2880 3520
 945 439.000 297.000  90 -10 1803 2443
 946 432.000 105.000  90 -30 2952 3592
 947 135.000 460.000  90 -20 1545 2185
 948 275.000 431.000  90 -30 1002 1642
 949 188.000 330.000  90 -10  273  913
 950 335.000  54.000  90 -30 1613 2253
 951 206.000 313.000  90 -10 1851 2491
 952 250.000 367.000  90 -10 1873 2513
 953 236.000  95.000  90 -20 1877 2517
 954 410.000 287.000  90 -10 2980 3620
 955 346.000  13.000  90 -10 1446 2086
 956 156.000 421.000  90 -10 2989 3629
 957 128.000 240.000  90 -10 3045 3685
 958 191.000 309.000  90 -20 1190 1830
 959 428.000  64.000  90 -10  961 1601
 960 173.000 208.000  90 -10 1641 2281
 961 156.000 434.000  90 -20 2625 3265
 962 395.000 378.000  90 -30 1396 2036
 963 239.000 369.000  90 -20 1571 2211
 964 214.000 382.000  90 -10 2251 2891
 965  67.000 377.000  90 -20 1946 2586
 966 114.000 169.000  90 -10 2372 3012
 967 335.000  64.000  90 -10 1713 2353
 968 129.000 185.000  90 -10 2574 3214
 969  35.000 358.000  90 -30 1257 1897
 970 463.000 161.000  90 -10 2163 2803
 971 389.000  33.000  90 -20 2743 3383
 972 207.000 337.000  90 -10  565 1205
 973  71.000 163.000  90 -10 2545 3185
 974 298.000 255.000  90 -10   48  688
 975 311.000  47.000  90 -20  830 1470
 976 139.000 269.000  90 -40 1488 2128
 977 256.000 117.000  90 -30 2927 3567
 978 297.000 430.000  90 -30  186  826
 979 123.000 242.000  90 -20 2950 3590
 980 312.000  64.000  90 -10  342  982
 981 216.000  92.000  90 -20 2142 2782
 982  57.000 367.000  90 -30 1929 2569
 983 168.000 433.000  90 -20 2916 3556
 984 296.000 232.000  90 -10 1028 1668
 985  96.000 269.000  90 -20  725 1365
 986 176.000 296.000  90 -30  990 1630
 987 206.000 295.000  90 -10 2569 3209
 988 163.000 277.000  90 -10 3093 3733
 989 141.000 454.000  90 -20 1446 2086
 990 438.000  60.000  90 -20 1940 2580
 991 440.000 173.000  90 -10 2979 3619
 992 107.000 168.000  90 -30 2275 2915
 993  87.000 481.000  90 -10 2493 3133
 994 432.000  80.000  90 -20  668 1308
 995  71.000 139.000  90 -30  567 1207
 996 167.000 169.000  90 -20 1414 2054
 997 111.000 244.000  90 -20 1989 2629
 998 186.000 372.000  90 -20 1445 2085
 999  16.000 285.000  90 -10 2252 2892
1000 269.000 428.000  90 -10  905 1545
1001 442.000 287.000  90 -20 2584 3224
1002 155.000 242.000  90 -20  646 1286
1003 241.000  98.000  90 -40 2747 3387
1004  61.000 170.000  90 -20 2168 2808
1005 432.000  87.000  90 -10 2618 3258
1006 437.000  61.000  90 -20 1848 2488
1007 443.000  70.000  90 -10 2224 2864
1008 351.000 480.000  90 -30 1470 2110
1009  49.000 136.000  90 -10 1465 2105
1010 420.000 311.000  90 -30  653 1293
1011 196.000 219.000  90 -10 2814 3454
1012 216.000 316.000  90 -10 2079 2719
1013 212.000  71.000  90 -10  964 1604
1014 336.000   7.000  90 -10 1344 1984
1015 250.000 250.000   0   0    0 3914
