504 504 1000 700 1000
   0 250.000 250.000   0   0    0 3914
   1  25.000 293.000  90  20 2604 3484
   2  43.000 269.000  90  30  327 1207
   3 294.000 437.000  90  30  301 1181
   4  79.000 479.000  90  30  638 1518
   5 225.000 125.000  90  20  127 1007
   6 143.000 266.000  90  10  108  988
   7 252.000 347.000  90  10 2551 3431
   8 403.000 390.000  90  10 2200 3080
   9 302.000 235.000  90  20  683 1563
  10 149.000 183.000  90  20 2748 3628
  11  56.000 388.000  90  20 1431 2311
  12  48.000 137.000  90  20 1437 2317
  13 220.000 394.000  90  10 2423 3303
  14 436.000  54.000  90  20 1631 2511
  15 456.000 154.000  90  10  227 1107
  16 196.000 192.000  90  30 1730 2610
  17  94.000 275.000  90  10  157 1037
  18 326.000  57.000  90  20 1004 1884
  19 457.000 160.000  90  10 2631 3511
  20 452.000 154.000  90  30  223 1103
  21 113.000 289.000  90  10  142 1022
  22  67.000 387.000  90  10 2016 2896
  23 368.000  17.000  90  20 1661 2541
  24 410.000 364.000  90  30 1482 2362
  25  80.000 281.000  90  10 1357 2237
  26  78.000 371.000  90  20  210 1090
  27 301.000  53.000  90  20  609 1489
  28 277.000 371.000  90  30  235 1115
  29 272.000 212.000  90  20 1970 2850
  30 353.000  32.000  90  10  545 1425
  31  59.000 389.000  90  20 1338 2218
  32 278.000 357.000  90  10  110  990
  33 332.000  55.000  90  30  211 1091
  34  66.000 491.000  90  20 1710 2590
  35 317.000 234.000  90  10 2119 2999
  36 394.000 367.000  90  30  185 1065
  37 290.000  75.000  90  20  179 1059
  38 236.000  96.000  90  20 1244 2124
  39 148.000 225.000  90  40  253 1133
  40 166.000 464.000  90  10  434 1314
  41 201.000 273.000  90  30   54  934
  42 255.000 245.000  90  10    7  887
  43 128.000 209.000  90  20  733 1613
  44 389.000 342.000  90  10  785 1665
  45 420.000  20.000  90  30  286 1166
  46 132.000 218.000  90  10  122 1002
  47  32.000 256.000  90  10  541 1421
  48 406.000 339.000  90  20  179 1059
  49 191.000 397.000  90  20  158 1038
  50 169.000 360.000  90  20 1812 2692
  51  96.000 292.000  90  10  502 1382
  52 220.000 384.000  90  10 2323 3203
  53 259.000 243.000  90  20   11  891
  54  63.000 159.000  90  20  649 1529
  55 147.000 435.000  90  10 1751 2631
  56  43.000 355.000  90  20 1235 2115
  57 450.000 153.000  90  20  222 1102
  58 126.000 188.000  90  20 1738 2618
  59 380.000 223.000  90  10 1254 2134
  60  54.000 287.000  90  20  199 1079
  61 219.000  89.000  90  20 2332 3212
  62 189.000 327.000  90  10   98  978
  63 301.000  67.000  90  40  189 1069
  64 241.000 375.000  90  10 1638 2518
  65 428.000  64.000  90  20  841 1721
  66 403.000 361.000  90  10 1092 1972
  67 272.000 228.000  90  10 1673 2553
  68 441.000 157.000  90  10  212 1092
  69  61.000 170.000  90  30 2048 2928
  70 386.000 357.000  90  20 1073 1953
  71 358.000 365.000   0  30 1966 2846
  72 470.000 152.000  90  30  866 1746
  73 228.000 124.000  90  20  127 1007
  74 326.000 498.000  90  10  661 1541
  75  76.000 456.000  90  30  420 1300
  76 152.000 196.000  90  10  111  991
  77 360.000 356.000  90  10 2373 3253
  78 262.000 368.000  90  30  802 1682
  79 149.000 273.000  90  20  103  983
  80 446.000  86.000  90  10 2689 3569
  81  39.000 278.000  90  10 1241 2121
  82 139.000 262.000  90  30 1090 1970
  83 176.000 447.000  90  20  210 1090
  84  67.000 380.000  90  20 1919 2799
  85 294.000 455.000  90  30 2066 2946
  86 351.000  33.000  90  20  361 1241
  87 238.000  57.000  90  30  976 1856
  88 383.000  18.000  90  20 1283 2163
  89 260.000 104.000  90  20  146 1026
  90  32.000 247.000  90  20  442 1322
  91 394.000 205.000  90  10  150 1030
  92  95.000 294.000  90  10  410 1290
  93  64.000 473.000  90  10  924 1804
  94 275.000 431.000  90  10  882 1762
  95 261.000  84.000  90  10  374 1254
  96 176.000 296.000  90  20  870 1750
  97 361.000 349.000  90  10 2656 3536
  98 394.000  10.000  90  40  809 1689
  99 308.000  60.000  90  20  416 1296
 100  94.000 456.000  90  20 2686 3566
 101 119.000 232.000  90  10 1579 2459
 102 366.000 346.000  90  20  288 1168
 103 432.000  80.000  90  40  548 1428
 104  72.000 391.000  90  10 1052 1932
 105 204.000 371.000  90  30  389 1269
 106 255.000 371.000  90  40 1849 2729
 107 358.000 359.000  90  20 2279 3159
 108 305.000 212.000  90  20  796 1676
 109 151.000 462.000  90  10 1042 1922
 110  47.000 389.000  90  30  742 1622
 111 155.000 198.000  90  30  108  988
 112 152.000 457.000  90  10  857 1737
 113  81.000 373.000  90  10  230 1110
 114 163.000 453.000  90  10  333 1213
 115 184.000 340.000  90  10 2408 3288
 116 402.000 362.000  90  20 1001 1881
 117 379.000 208.000  90  10  475 1355
 118 236.000  95.000  90  30 1757 2637
 119 386.000 344.000  90  20  879 1759
 120 189.000 200.000  90  10 1629 2509
 121  73.000 303.000  90  10 2037 2917
 122 230.000  95.000  90  20 1539 2419
 123 290.000 417.000  90  10  171 1051
 124 272.000 243.000  90  30   23  903
 125  94.000 130.000  90  10  241 1121
 126  52.000 484.000  90  10 1321 2201
 127 228.000 186.000  90  20   67  947
 128 221.000 374.000  90  30  770 1650
 129 390.000   9.000  90  30  903 1783
 130 335.000  52.000  90  20 1401 2281
 131 189.000 368.000  90  20  132 1012
 132 397.000  40.000  90  40 2131 3011
 133 408.000 305.000  90  10  167 1047
 134 277.000 431.000  90  30  974 1854
 135  48.000 385.000  90  20  648 1528
 136 152.000 260.000  90  10   98  978
 137 255.000 120.000  90  10  130 1010
 138 188.000 330.000  90  30  153 1033
 139  74.000 360.000  90  40 2496 3376
 140 267.000 260.000  90  20  149 1029
 141 420.000 311.000  90  30  533 1413
 142 384.000 217.000  90  20 1449 2329
 143 418.000 300.000  90  10  251 1131
 144 323.000 258.000  90  10  968 1848
 145 293.000 454.000  90  20 2251 3131
 146 231.000  97.000  90  20 2527 3407
 147 316.000 234.000  90  10 2301 3181
 148 382.000  17.000  90  20 1374 2254
 149 198.000 284.000  90  10   62  942
 150 137.000 186.000   0  10 2552 3432
 151 268.000 235.000  90  10 1482 2362
 152  95.000 243.000  90  20  399 1279
 153 297.000 430.000  90  20  186 1066
 154 393.000 368.000  90  10  185 1065
 155 280.000 351.000  90  30  105  985
 156 241.000  77.000  90  30  865 1745
 157 420.000  95.000  90  30  230 1110
 158 111.000 279.000  90  30  141 1021
 159 384.000 235.000  90  20 2312 3192
 160 284.000 360.000  90  30  115  995
 161 279.000 369.000  90  10  142 1022
 162 340.000 449.000   0  10 2720 3600
 163 314.000 279.000  90  10   70  950
 164 434.000 377.000  90  10 1985 2865
 165  55.000 282.000  90  40  197 1077
 166 317.000 467.000  90  20  227 1107
 167 416.000  48.000  90  10 1520 2400
 168 370.000  55.000  90  10 2526 3406
 169 141.000 267.000  90  10 1275 2155
 170 258.000 350.000  90  20 1462 2342
 171 178.000 441.000  90  20  204 1084
 172 137.000 227.000  90  20  115  995
 173 161.000 203.000  90  20  100  980
 174 363.000 212.000  90  30 2825 3705
 175 384.000 346.000  90  20  971 1851
 176 166.000 434.000  90  40 2605 3485
 177 274.000 248.000  90  20   24  904
 178 346.000 211.000  90  10  103  983
 179  96.000 407.000  90  20  219 1099
 180 125.000 212.000  90  10  827 1707
 181 361.000 337.000  90  50  141 1021
 182 481.000 156.000  90  20 1240 2120
 183 188.000 293.000  90  30  477 1357
 184  76.000 408.000  90  30  660 1540
 185 130.000 304.000  90  10 2813 3693
 186 385.000 235.000  90  10 2221 3101
 187 261.000 350.000  90  10 1369 2249
 188 389.000  33.000  90  20 2623 3503
 189 151.000 214.000  90  10  151 1031
 190 265.000  94.000  90  10  156 1036
 191  65.000 164.000  90  20 2235 3115
 192 293.000  81.000  90  10  174 1054
 193 428.000 298.000  90  30 1294 2174
 194 404.000 378.000  90  10  497 1377
 195 362.000  17.000  90  10 1524 2404
 196 320.000 258.000  90  20  204 1084
 197  59.000 358.000  90  20 1998 2878
 198 225.000 192.000  90  20   63  943
 199 366.000 196.000  90  10  127 1007
 200 108.000 245.000  90  20 1370 2250
 201  57.000 379.000  90  20  547 1427
 202 329.000  56.000  90  20 1097 1977
 203 213.000 363.000  90  30  874 1754
 204 330.000 259.000  90  30  871 1751
 205 136.000 217.000  90  30  538 1418
 206 165.000 333.000  90  20 2021 2901
 207 338.000 489.000  90  30  948 1828
 208 335.000  64.000  90  10 1593 2473
 209 259.000  90.000  90  30  277 1157
 210 265.000  77.000  90  20  472 1352
 211 460.000 173.000  90  20 2527 3407
 212  83.000 301.000  90  20 1937 2817
 213 201.000 331.000  90  20  347 1227
 214 118.000 214.000  90  20  136 1016
 215 276.000 428.000  90  20  688 1568
 216  96.000 152.000  90  20  182 1062
 217 425.000  85.000  90  10  240 1120
 218 210.000  94.000  90  20  637 1517
 219 341.000  37.000  90  20  231 1111
 220 344.000 478.000  90  20 1936 2816
 221 406.000  37.000  90  40  264 1144
 222  80.000 376.000  90  40  211 1091
 223 209.000 201.000  90  30 2393 3273
 224  88.000 379.000  90  20  329 1209
 225 352.000 500.000  90  30 1145 2025
 226  65.000 357.000  90  10 2094 2974
 227 345.000  15.000  90  20 1122 2002
 228 125.000 245.000  90  20 2642 3522
 229 446.000 139.000  90  20  277 1157
 230 229.000 214.000  90  20   41  921
 231 197.000 301.000  90  10   73  953
 232 401.000 368.000  90  20  304 1184
 233 325.000 490.000  90  10  563 1443
 234  59.000 159.000  90  10  743 1623
 235  53.000 139.000  90  30  854 1734
 236 235.000  81.000  90  20 1090 1970
 237 347.000 479.000  90  10 2029 2909
 238 367.000  59.000  90  10 2721 3601
 239 441.000 287.000  90  40 2555 3435
 240 444.000 157.000  90  10  215 1095
 241 374.000  17.000  90  10 1565 2445
 242 446.000 297.000  90  10 1872 2752
 243 347.000  40.000  90  30  231 1111
 244 107.000 225.000  90  30  145 1025
 245 360.000 338.000  90  10  140 1020
 246 390.000  17.000  90  30 1093 1973
 247 207.000 337.000  90  20  445 1325
 248 409.000 361.000  90  30  697 1577
 249 206.000 377.000  90  20  199 1079
 250 426.000  80.000  90  20  362 1242
 251 420.000 308.000  90  30  349 1229
 252 254.000 357.000  90  20 1652 2532
 253 204.000 171.000  90  20  598 1478
 254 207.000 194.000  90  10 2113 2993
 255 425.000  87.000  90  20  239 1119
 256 312.000  64.000  90  20  222 1102
 257 278.000 230.000  90  10 1106 1986
 258 128.000 249.000  90  20  983 1863
 259 221.000 179.000  90  20   76  956
 260 194.000 296.000  90  20  290 1170
 261 413.000 350.000  90  10 1197 2077
 262 214.000 372.000  90  10  583 1463
 263 379.000 229.000  90  10  685 1565
 264  91.000 298.000  90  10 1653 2533
 265 238.000  84.000  90  10 1274 2154
 266 138.000 276.000  90  10 1555 2435
 267  95.000 160.000  90  10  179 1059
 268 103.000 266.000  90  30  702 1582
 269 147.000 199.000  90  30  114  994
 270 428.000 292.000  90  10 1491 2371
 271 121.000 236.000  90  10 1674 2554
 272 336.000 479.000  90  20 1838 2718
 273 203.000 369.000  90  10  481 1361
 274  87.000 369.000  90  10  201 1081
 275 247.000  88.000  90  30 1564 2444
 276 104.000 246.000  90  10  993 1873
 277 114.000 296.000  90  40  143 1023
 278 394.000 356.000  90  30  178 1058
 279 192.000 306.000  90  20 1163 2043
 280  16.000 285.000  90  30 2132 3012
 281 419.000 310.000  90  10  442 1322
 282 129.000 264.000  90  20 2401 3281
 283 151.000 436.000  90  10 2026 2906
 284 263.000  91.000  90  20  159 1039
 285 283.000 229.000  90  30 1011 1891
 286 366.000 341.000  90  20  193 1073
 287 392.000 213.000  90  20 1732 2612
 288 167.000 304.000  90  20   99  979
 289 477.000 154.000  90  10 1146 2026
 290 234.000 383.000  90  10 1739 2619
 291 199.000 327.000  90  10 2699 3579
 292 140.000 220.000  90  30  443 1323
 293 144.000 266.000  90  30  107  987
 294 432.000 105.000   0  10 2712 3592
 295 368.000 325.000  90  30  139 1019
 296 202.000 386.000  90  20  144 1024
 297 430.000  86.000  90  20 2406 3286
 298 200.000 195.000  90  20 1825 2705
 299  77.000 287.000  90  10 1545 2425
 300 281.000 279.000  90  20  354 1234
 301 326.000 241.000  90  20 1255 2135
 302 152.000 241.000  90  20  433 1313
 303  71.000 139.000  90  30  447 1327
 304  46.000 277.000  90  10  229 1109
 305  87.000 454.000  90  40  522 1402
 306 220.000 192.000  90  20   65  945
 307 131.000 267.000  90  10 2212 3092
 308 200.000 297.000  90  30  193 1073
 309 299.000 442.000  90  10 1544 2424
 310  67.000 160.000  90  10 2330 3210
 311  44.000 279.000  90  10  208 1088
 312 200.000 182.000  90  10  793 1673
 313 298.000 438.000  90  10  207 1087
 314  62.000 301.000   0  20 2750 3630
 315 112.000 251.000  90  10 1273 2153
 316 184.000 354.000  90  30 1616 2496
 317 269.000 428.000  90  20  785 1665
 318 272.000 233.000   0  10 1387 2267
 319 320.000 231.000  90  20 2024 2904
 320 316.000 254.000  90  20  390 1270
 321 169.000 443.000  90  30  209 1089
 322 212.000  96.000  90  10  544 1424
 323  90.000 391.000  90  10  213 1093
 324 405.000  47.000  90  10  255 1135
 325 278.000 329.000  90  10   83  963
 326 373.000 205.000  90  40  130 1010
 327 381.000  20.000  90  20 1468 2348
 328  90.000 277.000  90  30  302 1182
 329  46.000 341.000  90  10 2299 3179
 330  61.000 437.000  90  20  265 1145
 331  59.000 471.000  90  20 1124 2004
 332 174.000 304.000  90  20   93  973
 333 106.000 248.000  90  20 1086 1966
 334 206.000 313.000  90  20 1731 2611
 335 412.000 367.000  90  20  600 1480
 336 412.000 300.000  90  20  169 1049
 337 177.000 436.000  90  20  199 1079
 338 266.000 264.000  90  30  243 1123
 339  49.000 136.000  90  10 1345 2225
 340 428.000 384.000  90  10 2084 2964
 341 220.000 362.000  90  20  971 1851
 342 107.000 168.000  90  20 2155 3035
 343 220.000 177.000  90  20  101  981
 344 347.000  21.000  90  20 1026 1906
 345 267.000 436.000  90  30 2647 3527
 346 383.000 351.000  90  20  167 1047
 347 289.000 240.000  90  20  579 1459
 348 291.000 450.000  90  10 2345 3225
 349 116.000 255.000  90  20  879 1759
 350  50.000 368.000  90  30 1621 2501
 351 366.000  16.000  90  20 1618 2498
 352 348.000  16.000  90  30 1420 2300
 353  54.000 485.000  90  30 1413 2293
 354 319.000  77.000  90  30 2198 3078
 355  83.000 282.000  90  10 1172 2052
 356  52.000 469.000  90  20 1027 1907
 357  16.000 281.000  90  10 2316 3196
 358 151.000 442.000  90  20 2122 3002
 359 223.000 114.000  90  20  138 1018
 360 191.000 308.000  90  20   82  962
 361 448.000 297.000  90  10 2272 3152
 362 387.000 224.000  90  30 1157 2037
 363  96.000 377.000  90  10  199 1079
 364 211.000 107.000  90  10  171 1051
 365 369.000 351.000  90  20  478 1358
 366 388.000 228.000  90  10  875 1755
 367 325.000 228.000  90  20 1450 2330
 368 396.000   4.000  90  10  713 1593
 369 322.000 454.000  90  20  216 1096
 370 298.000 255.000  90  10   48  928
 371 345.000 496.000  90  20 1047 1927
 372  23.000 306.000  90  20 1822 2702
 373 319.000 257.000  90  20  296 1176
 374 129.000 255.000  90  10 2356 3236
 375  59.000 377.000   0  20 1728 2608
 376 317.000 251.000  90  30  580 1460
 377 371.000 207.000  90  10  128 1008
 378 263.000 372.000  90  10  526 1406
 379 334.000  47.000  90  20  219 1099
 380  54.000 372.000  90  20 1631 2511
 381  80.000 398.000  90  10  466 1346
 382  67.000 463.000  90  30  280 1160
 383 226.000  86.000  90  10 2235 3115
 384  40.000 378.000  90  20 1026 1906
 385 157.000 436.000  90  20 2413 3293
 386 463.000 161.000  90  30 2043 2923
 387 266.000 250.000  90  10   49  929
 388  51.000 162.000  90  20 1853 2733
 389 457.000 142.000  90  20  469 1349
 390 244.000 371.000  90  20 1950 2830
 391 174.000 444.000  90  10  208 1088
 392  94.000 247.000  90  30  493 1373
 393 320.000 225.000  90  20 1654 2534
 394 297.000 442.000  90  20 1452 2332
 395 200.000 342.000  90  10  637 1517
 396  44.000 325.000  90  20 2725 3605
 397  80.000 374.000  90  20  210 1090
 398 236.000  92.000  90  10 1850 2730
 399 475.000 156.000  90  40 1053 1933
 400 404.000 310.000  90  20  165 1045
 401 210.000 359.000  90  10 1208 2088
 402 188.000 356.000  90  20 1522 2402
 403 312.000 252.000  90  20  485 1365
 404 413.000 353.000  90  10 1290 2170
 405  54.000 446.000  90  20  277 1157
 406 196.000 302.000  90  20   74  954
 407 391.000 373.000  90  10 2700 3580
 408 101.000 295.000  90  30  598 1478
 409  77.000 397.000  90  10  559 1439
 410 105.000 317.000  90  10 2549 3429
 411 417.000  56.000  90  20 1422 2302
 412 123.000 242.000  90  20 2817 3697
 413 475.000 136.000  90  20  669 1549
 414 310.000 484.000  90  30  266 1146
 415 313.000 266.000  90  20   65  945
 416 475.000 145.000  90  30  768 1648
 417 290.000 416.000  90  30  170 1050
 418 277.000 369.000  90  30  122 1002
 419 194.000 301.000  90  30   75  955
 420  56.000 287.000  90  20  197 1077
 421 378.000 326.000  90  30  148 1028
 422 250.000  72.000  90  20  765 1645
 423 101.000 290.000  90  20  790 1670
 424 351.000 480.000  90  30 1350 2230
 425 311.000  47.000  90  10  710 1590
 426 292.000 456.000  90  20 2158 3038
 427 183.000 187.000  90  20 1408 2288
 428 103.000 251.000  90  10  898 1778
 429 298.000 430.000  90  30  186 1066
 430 148.000 270.000  90  10  103  983
 431  76.000 287.000  90  20 1454 2334
 432 308.000  55.000  90  30  511 1391
 433 393.000   2.000  90  30  619 1499
 434 132.000 272.000  90  30 1934 2814
 435 206.000 379.000  90  10  136 1016
 436  69.000 383.000  90  10 2110 2990
 437 328.000 498.000  90  20  753 1633
 438 108.000 222.000  90  10 1137 2017
 439 341.000  26.000  90  10  928 1808
 440  63.000 454.000  90  10  276 1156
 441 140.000 252.000  90  20  237 1117
 442 432.000  87.000  90  10 2498 3378
 443 184.000 178.000  90  10 1094 1974
 444 395.000 365.000  90  30  185 1065
 445 208.000 371.000  90  20  295 1175
 446 190.000 292.000  90  10  385 1265
 447 104.000 198.000  90  20 1943 2823
 448  47.000 388.000  90  20  833 1713
 449 315.000  57.000  90  20  811 1691
 450 323.000  60.000  90  10  910 1790
 451 216.000 374.000  90  30  675 1555
 452 118.000 223.000  90  10  134 1014
 453 149.000 444.000  90  20 2215 3095
 454 262.000 352.000  90  10 1276 2156
 455 468.000 135.000  90  10  572 1452
 456 361.000  15.000  90  20 1758 2638
 457 179.000 311.000  90  10   93  973
 458  77.000 133.000  90  10  349 1229
 459  66.000 397.000  90  10  765 1645
 460 176.000 358.000  90  10 1715 2595
 461 229.000  78.000  90  20 2136 3016
 462 272.000 246.000  90  10   22  902
 463 293.000  67.000   0  20  187 1067
 464 140.000 265.000  90  40 1183 2063
 465 238.000  83.000  90  20 1183 2063
 466 290.000 425.000  90  30  179 1059
 467 294.000  64.000  90  10  191 1071
 468 405.000  24.000  90  10  274 1154
 469 211.000  97.000  90  20  452 1332
 470  88.000 390.000  90  30  273 1153
 471  37.000 295.000  90  20 1531 2411
 472 186.000 372.000  90  20 1325 2205
 473 293.000 249.000  90  10   43  923
 474  83.000 228.000  90  20  289 1169
 475 179.000 284.000  90  30  671 1551
 476 368.000 219.000  90  20  580 1460
 477  66.000 359.000  90  20 2731 3611
 478 189.000 338.000  90  10 2594 3474
 479 152.000 478.000  90  20  655 1535
 480 429.000  80.000  90  20  455 1335
 481 425.000  99.000  90  20  231 1111
 482 264.000 365.000  90  10  895 1775
 483  78.000 141.000  90  30  203 1083
 484 196.000 348.000  90  10  734 1614
 485 216.000  92.000  90  20 2022 2902
 486 444.000 309.000  90  20 2065 2945
 487 313.000 263.000  90  20  106  986
 488 217.000 189.000  90  20  204 1084
 489 197.000 178.000  90  20  698 1578
 490  60.000 497.000  90  10 1517 2397
 491 206.000 312.000  90  40 1640 2520
 492  71.000 348.000  90  10 2695 3575
 493  11.000 269.000  90  10  750 1630
 494 386.000 213.000  90  20 1636 2516
 495 292.000 434.000  90  10  395 1275
 496 436.000 301.000  90  20 1013 1893
 497 489.000 150.000  90  50 1438 2318
 498 152.000 225.000  90  30  634 1514
 499 440.000  70.000  90  10 2011 2891
 500 320.000 476.000  90  30  236 1116
 501 405.000 311.000  90  30  166 1046
 502 175.000 282.000  90  10  766 1646
 503 208.000 101.000  90  10  267 1147
 504 342.000  52.000  90  10  218 1098
 505  35.000 308.000  90 -20 2712 3592
 506  19.000 297.000  90 -30 1922 2802
 507 318.000 493.000  90 -30  465 1345
 508  73.000 484.000  90 -30 2085 2965
 509 216.000 117.000  90 -20  137 1017
 510  95.000 279.000  90 -10  157 1037
 511 257.000 336.000  90 -10 2746 3626
 512 401.000 385.000  90 -10 2504 3384
 513 250.000 217.000  90 -20 2174 3054
 514 157.000 192.000  90 -20 2835 3715
 515  74.000 363.000  90 -20 2403 3283
 516  71.000 163.000  90 -20 2425 3305
 517 229.000 396.000  90 -10 2522 3402
 518 448.000  94.000  90 -20 2692 3572
 519 435.000  77.000  90 -10  642 1522
 520 199.000 200.000  90 -30 2585 3465
 521  96.000 269.000  90 -10  605 1485
 522 383.000  41.000  90 -20 2325 3205
 523 446.000 169.000  90 -10 2732 3612
 524 427.000  64.000  90 -30  932 1812
 525  91.000 303.000  90 -10 1839 2719
 526  69.000 346.000  90 -10 2602 3482
 527 316.000  80.000  90 -20 2292 3172
 528 414.000 384.000  90 -30 2302 3182
 529  90.000 298.000  90 -10 1744 2624
 530  35.000 358.000  90 -20 1137 2017
 531 245.000 109.000  90 -20 2729 3609
 532 268.000 351.000  90 -30 1090 1970
 533 265.000 218.000  90 -20 2069 2949
 534 500.000 162.000  90 -10 1728 2608
 535  52.000 369.000  90 -20 1713 2593
 536 272.000 365.000  90 -10  333 1213
 537 352.000  38.000  90 -30  266 1146
 538  70.000 482.000  90 -20 1991 2871
 539 308.000 235.000  90 -10 2775 3655
 540 418.000 385.000  90 -30 2397 3277
 541 347.000  23.000  90 -20  740 1620
 542 216.000  93.000  90 -20 2113 2993
 543 155.000 242.000  90 -40  526 1406
 544 154.000 458.000  90 -10  765 1645
 545 102.000 289.000  90 -30  882 1762
 546 389.000 198.000  90 -10  183 1063
 547 123.000 206.000  90 -20 1525 2405
 548 364.000 364.000  90 -10 1870 2750
 549 393.000  13.000  90 -30  998 1878
 550 117.000 204.000  90 -10 1338 2218
 551  17.000 283.000  90 -10 2224 3104
 552 428.000 312.000  90 -20  724 1604
 553 166.000 452.000  90 -20  239 1119
 554 249.000 251.000  90 -20 2676 3556
 555  98.000 286.000  90 -10  977 1857
 556 242.000 350.000  90 -10 2451 3331
 557 382.000 197.000  90 -20  280 1160
 558  57.000 132.000  90 -20  952 1832
 559 149.000 434.000  90 -10 1843 2723
 560  58.000 364.000  90 -20 1902 2782
 561 438.000  60.000  90 -20 1820 2700
 562 110.000 199.000  90 -20 1847 2727
 563 380.000 228.000  90 -10  777 1657
 564  36.000 284.000  90 -20 1338 2218
 565 216.000  96.000  90 -20 2206 3086
 566 191.000 352.000  90 -10  117  997
 567 344.000  46.000  90 -40 1300 2180
 568 260.000 330.000  90 -10 2843 3723
 569 441.000  63.000  90 -20 1914 2794
 570 365.000 360.000  90 -10 1680 2560
 571 253.000 244.000  90 -10 2382 3262
 572 425.000 118.000  90 -10  219 1099
 573  90.000 168.000  90 -30 2720 3600
 574 372.000 354.000  90 -20 1581 2461
 575 358.000 365.000  90 -30 1966 2846
 576 491.000 160.000  90 -30 1629 2509
 577 226.000 120.000  90 -20  132 1012
 578 332.000 486.000  90 -10 1552 2432
 579  73.000 395.000  90 -30  863 1743
 580  80.000 141.000  90 -10  201 1081
 581 341.000 367.000  90 -10 2170 3050
 582 263.000 351.000  90 -30 1185 2065
 583 107.000 311.000  90 -20 2453 3333
 584 447.000  88.000  90 -10 2603 3483
 585  67.000 302.000  90 -10 2133 3013
 586 131.000 253.000  90 -30 2449 3329
 587 146.000 461.000  90 -20 1137 2017
 588  75.000 379.000  90 -20 2207 3087
 589 275.000 448.000  90 -30 2542 3422
 590 351.000  31.000  90 -20  453 1333
 591 243.000  88.000  90 -30 1371 2251
 592 378.000  25.000  90 -20 2048 2928
 593 261.000  96.000  90 -20  154 1034
 594  13.000 266.000  90 -20  844 1724
 595 396.000 234.000  90 -10 2030 2910
 596 106.000 295.000  90 -10  693 1573
 597  77.000 483.000  90 -10 2179 3059
 598 290.000 440.000  90 -10 1261 2141
 599 259.000  76.000  90 -10  568 1448
 600 199.000 305.000  90 -20 1260 2140
 601 346.000 344.000  90 -10 2810 3690
 602 384.000  24.000  90 -40 2241 3121
 603 420.000  78.000  90 -20 1038 1918
 604 156.000 421.000  90 -20 2749 3629
 605 118.000 256.000  90 -10 2159 3039
 606 375.000 342.000  90 -20  579 1459
 607 447.000 102.000  90 -40 2698 3578
 608  74.000 374.000  90 -10 2302 3182
 609 222.000 356.000  90 -30 1248 2128
 610 216.000 307.000  90 -40 2156 3036
 611 359.000 371.000  90 -20 2062 2942
 612 254.000 238.000  90 -20 2286 3166
 613 152.000 460.000  90 -10  950 1830
 614  54.000 357.000  90 -30 1336 2216
 615  59.000 163.000  90 -30 1951 2831
 616 135.000 460.000  90 -10 1425 2305
 617  78.000 375.000  90 -10  212 1092
 618 142.000 457.000  90 -10 1233 2113
 619 204.000 291.000  90 -10 2543 3423
 620 377.000 356.000  90 -20 1486 2366
 621 388.000 220.000  90 -10 1063 1943
 622 204.000 189.000  90 -30 2018 2898
 623 399.000 352.000  90 -20  900 1780
 624 203.000 203.000  90 -10 2490 3370
 625 109.000 325.000  90 -10 2648 3528
 626 224.000  96.000  90 -20 1738 2618
 627 251.000 376.000  90 -10 2818 3698
 628 383.000 246.000  90 -30 2508 3388
 629  30.000 162.000  90 -10 1742 2622
 630  94.000 479.000  90 -10 2470 3350
 631 221.000  87.000  90 -20 1043 1923
 632 214.000 382.000  90 -30 2131 3011
 633 391.000  23.000  90 -30 2338 3218
 634 337.000  63.000  90 -20 1685 2565
 635 222.000 381.000  90 -20 2229 3109
 636 310.000  81.000  90 -40 2486 3366
 637 440.000 302.000  90 -10  919 1799
 638 279.000 436.000  90 -30 1159 2039
 639  57.000 367.000  90 -20 1809 2689
 640 143.000 257.000  90 -10  141 1021
 641 259.000  88.000  90 -10  185 1065
 642 216.000 380.000  90 -30 1940 2820
 643  86.000 359.000  90 -40 2748 3628
 644 370.000 353.000  90 -20  386 1266
 645 440.000 295.000  90 -30 1776 2656
 646 389.000 233.000  90 -20 2127 3007
 647 430.000 298.000  90 -10 1202 2082
 648 305.000 233.000  90 -10 2681 3561
 649 247.000 447.000  90 -20 2747 3627
 650 230.000 105.000  90 -20 2598 3478
 651 301.000 247.000  90 -10 2878 3758
 652 373.000  22.000  90 -20 1952 2832
 653  86.000 361.000  90 -10 2746 3626
 654 137.000 186.000  90 -10 2552 3432
 655 253.000 241.000  90 -10 2475 3355
 656 121.000 203.000  90 -20 1432 2312
 657 241.000 391.000  90 -20 2625 3505
 658 432.000 369.000  90 -10 1787 2667
 659 265.000 358.000  90 -30  992 1872
 660 232.000  87.000  90 -30 1144 2024
 661 408.000  20.000  90 -30  279 1159
 662 139.000 269.000  90 -30 1368 2248
 663 354.000 219.000  90 -20 2836 3716
 664 300.000 443.000  90 -30 1636 2516
 665 266.000 373.000  90 -10  433 1313
 666 340.000 449.000  90 -10 2720 3600
 667 429.000 294.000  90 -10 1583 2463
 668 353.000 346.000  90 -10 2754 3634
 669  29.000 302.000  90 -40 1725 2605
 670 337.000 453.000  90 -20 2625 3505
 671 390.000  42.000  90 -10 2228 3108
 672 366.000  57.000  90 -10 2716 3596
 673 129.000 267.000  90 -10 2120 3000
 674 222.000 317.000  90 -20 2055 2935
 675 150.000 435.000  90 -20 1935 2815
 676 125.000 181.000  90 -20 2358 3238
 677 146.000 245.000  90 -20  336 1216
 678 293.000 245.000  90 -30 2901 3781
 679 386.000 361.000  90 -20 1167 2047
 680 172.000 435.000  90 -40 2701 3581
 681 296.000 253.000  90 -20  474 1354
 682 384.000 206.000  90 -10  379 1259
 683  50.000 383.000  90 -20 1529 2409
 684 101.000 179.000  90 -10 2052 2932
 685 367.000 358.000  90 -50 1773 2653
 686 440.000 173.000  90 -20 2739 3619
 687 209.000 307.000  90 -30 1451 2331
 688  78.000 479.000  90 -30  729 1609
 689 153.000 295.000  90 -10 2838 3718
 690 379.000 245.000  90 -10 2413 3293
 691 216.000 316.000  90 -10 1959 2839
 692 378.000  46.000  90 -20 2704 3584
 693 107.000 221.000  90 -10  174 1054
 694 365.000  18.000  90 -10 1853 2733
 695 140.000 180.000  90 -20 2649 3529
 696 374.000  55.000  90 -10 2432 3312
 697 420.000 295.000  90 -30 1392 2272
 698 373.000 364.000  90 -10 2777 3657
 699 243.000 108.000  90 -10 2701 3581
 700 326.000 253.000  90 -20  679 1559
 701  67.000 357.000  90 -20 2684 3564
 702 212.000 168.000  90 -20  500 1380
 703 426.000  85.000  90 -10  267 1147
 704 115.000 269.000  90 -20 2596 3476
 705  78.000 361.000  90 -20 2740 3620
 706 415.000  73.000  90 -20 1135 2015
 707 220.000 359.000  90 -30 1064 1944
 708 325.000 246.000  90 -30 1160 2040
 709 121.000 249.000  90 -30 2061 2941
 710 173.000 328.000  90 -20 2121 3001
 711 329.000 459.000  90 -30 2525 3405
 712 414.000  66.000  90 -10 1232 2112
 713 253.000  81.000  90 -30  666 1546
 714 244.000  94.000  90 -20 1435 2315
 715 420.000 168.000  90 -20 2756 3636
 716  85.000 317.000  90 -20 2247 3127
 717 207.000 289.000  90 -20 2637 3517
 718 112.000 208.000  90 -20 1241 2121
 719 277.000 434.000  90 -20 1067 1947
 720  59.000 128.000  90 -20 1136 2016
 721 387.000  21.000  90 -10 1188 2068
 722 218.000  98.000  90 -20 1642 2522
 723 375.000  31.000  90 -20 1825 2705
 724 329.000 471.000  90 -20 2423 3303
 725 385.000  28.000  90 -40 1926 2806
 726  51.000 364.000  90 -40 1527 2407
 727 245.000 239.000  90 -30 2573 3453
 728  57.000 456.000  90 -20  282 1162
 729 346.000 487.000  90 -30 1448 2328
 730  89.000 358.000  90 -10 2751 3631
 731 325.000  75.000  90 -20 2010 2890
 732 116.000 259.000  90 -20 2253 3133
 733 450.000  72.000  90 -20 2201 3081
 734 173.000 208.000  90 -20 1521 2401
 735 183.000 340.000  90 -10 2317 3197
 736 434.000 382.000  90 -20 1890 2770
 737 355.000 480.000  90 -10 1256 2136
 738  44.000 153.000  90 -10 1635 2515
 739  43.000 125.000  90 -30 1243 2123
 740 212.000 101.000  90 -20 2302 3182
 741 348.000 466.000  90 -10 2223 3103
 742 308.000  82.000  90 -10 2579 3459
 743 429.000 282.000  90 -40 2658 3538
 744 440.000  81.000  90 -10 2305 3185
 745 366.000  34.000  90 -10 1726 2606
 746 458.000 303.000  90 -10 2171 3051
 747 356.000  28.000  90 -30  640 1520
 748 125.000 226.000  90 -30 1029 1909
 749 391.000 334.000  90 -10  687 1567
 750 395.000  30.000  90 -30 2436 3316
 751 205.000 343.000  90 -20  542 1422
 752 418.000 355.000  90 -30 1677 2557
 753 239.000 373.000  90 -20 1545 2425
 754 438.000  72.000  90 -20  738 1618
 755 410.000 287.000  90 -30 2780 3660
 756 234.000 350.000  90 -20 2257 3137
 757 167.000 169.000  90 -20 1294 2174
 758 207.000 196.000  90 -10 2205 3085
 759 386.000  28.000  90 -20 2147 3027
 760 317.000  62.000  90 -20  317 1197
 761 274.000 231.000  90 -10 1766 2646
 762 163.000 277.000  90 -20 2853 3733
 763 212.000  71.000  90 -20  844 1724
 764 185.000 293.000  90 -20  570 1450
 765 399.000 379.000  90 -10 2600 3480
 766 236.000 361.000  90 -10 1353 2233
 767 389.000 221.000  90 -10  972 1852
 768  99.000 307.000  90 -10 2354 3234
 769 247.000  82.000  90 -10 1468 2348
 770 134.000 265.000  90 -10 2306 3186
 771  83.000 151.000  90 -10  194 1074
 772 127.000 278.000  90 -30 1746 2626
 773 140.000 206.000  90 -30  118  998
 774 439.000 297.000  90 -10 1683 2563
 775 119.000 285.000  90 -10 2703 3583
 776 345.000 468.000  90 -20 2317 3197
 777 209.000 358.000  90 -10 1117 1997
 778  56.000 357.000  90 -10 1428 2308
 779 247.000  89.000  90 -30 1655 2535
 780 131.000 207.000  90 -10  639 1519
 781  81.000 283.000  90 -40 1264 2144
 782 400.000 376.000  90 -30  402 1282
 783 201.000 307.000  90 -20 1353 2233
 784  25.000 290.000  90 -30 2511 3391
 785 428.000 314.000  90 -10  632 1512
 786 129.000 244.000  90 -20 2548 3428
 787 155.000 447.000  90 -10 2312 3192
 788 356.000  77.000  90 -20 1889 2769
 789 266.000 231.000  90 -30 1576 2456
 790 404.000 346.000  90 -20  803 1683
 791 382.000 245.000  90 -20 2599 3479
 792  96.000 356.000  90 -20  186 1066
 793 465.000 176.000  90 -10 2239 3119
 794 229.000 364.000  90 -10 2152 3032
 795 200.000 327.000  90 -10 2790 3670
 796 145.000 221.000  90 -30  348 1228
 797 132.000 273.000  90 -30 1843 2723
 798 432.000 105.000  90 -10 2712 3592
 799 368.000 340.000  90 -30  148 1028
 800 125.000 444.000  90 -20 1637 2517
 801 448.000 103.000  90 -20 2698 3578
 802 202.000 198.000  90 -20 1918 2798
 803  34.000 279.000  90 -10 1146 2026
 804 307.000 227.000  90 -20 2493 3373
 805 323.000 229.000  90 -20 1358 2238
 806 111.000 244.000  90 -20 1869 2749
 807  63.000 166.000  90 -30 2142 3022
 808  22.000 283.000  90 -10  953 1833
 809  74.000 390.000  90 -40  437 1317
 810 211.000 180.000  90 -20  398 1278
 811 125.000 264.000  90 -10 2495 3375
 812 195.000 300.000  90 -30   98  978
 813 298.000 456.000  90 -10 1972 2852
 814  74.000 165.000  90 -10 2518 3398
 815  26.000 269.000  90 -10  645 1525
 816 173.000 169.000  90 -10 1198 2078
 817 316.000 453.000  90 -10  213 1093
 818  62.000 301.000  90 -20 2750 3630
 819 124.000 247.000  90 -10 2735 3615
 820 170.000 338.000  90 -30 1924 2804
 821 292.000 445.000  90 -20 1356 2236
 822 272.000 233.000  90 -10 1387 2267
 823 308.000 232.000  90 -20 2588 3468
 824 319.000 229.000  90 -20 1932 2812
 825 156.000 434.000  90 -30 2505 3385
 826 215.000 108.000  90 -10 2400 3280
 827  95.000 395.000  90 -10  212 1092
 828 405.000   5.000  90 -10  426 1306
 829 250.000 367.000  90 -10 1753 2633
 830 398.000 231.000  90 -40 1936 2816
 831 363.000  55.000  90 -20 2623 3503
 832 133.000 278.000  90 -30 1650 2530
 833  50.000 343.000  90 -10 2394 3274
 834  76.000 391.000  90 -20  958 1838
 835  85.000 486.000  90 -20 2278 3158
 836  67.000 485.000  90 -20 1806 2686
 837 110.000 241.000  90 -20 1776 2656
 838 218.000 298.000  90 -20 2346 3226
 839 412.000 361.000  90 -20 1388 2268
 840 431.000 301.000  90 -20 1108 1988
 841 141.000 454.000  90 -20 1326 2206
 842 328.000 216.000  90 -30 1552 2432
 843  50.000 138.000  90 -10 1529 2409
 844 363.000 351.000  90 -10 2563 3443
 845 222.000 357.000  90 -20 1157 2037
 846 196.000 219.000  90 -20 2694 3574
 847 211.000 198.000  90 -20 2300 3180
 848 241.000  98.000  90 -20 2627 3507
 849 253.000 382.000  90 -30 2730 3610
 850 395.000 378.000  90 -20 1276 2156
 851 296.000 232.000  90 -20  908 1788
 852 289.000 452.000  90 -10 2438 3318
 853 109.000 250.000  90 -20 1180 2060
 854  77.000 360.000  90 -30 2739 3619
 855 351.000  75.000  90 -20 1794 2674
 856 322.000  78.000  90 -30 2104 2984
 857  69.000 485.000  90 -30 1898 2778
 858 312.000  74.000  90 -30 2389 3269
 859 117.000 319.000  90 -10 2748 3628
 860  95.000 475.000  90 -20 2565 3445
 861  53.000 297.000  90 -10 2742 3622
 862 160.000 431.000  90 -20 2742 3622
 863 204.000  90.000  90 -20  734 1614
 864 190.000 332.000  90 -20  246 1126
 865 406.000 286.000  90 -10 2784 3664
 866 386.000 218.000  90 -30 1541 2421
 867  69.000 475.000  90 -10  829 1709
 868 213.000  76.000  90 -10  940 1820
 869 378.000 363.000  90 -20 1389 2269
 870 402.000 230.000  90 -10 1842 2722
 871 321.000 228.000  90 -20 1840 2720
 872 392.000  31.000  90 -10 2530 3410
 873 332.000 491.000  90 -20  851 1731
 874 275.000 236.000  90 -10 1203 2083
 875 349.000 476.000  90 -20 2123 3003
 876  16.000 280.000  90 -20 2407 3287
 877 315.000 232.000  90 -20 2393 3273
 878 131.000 241.000  90 -10 2825 3705
 879  59.000 377.000  90 -20 1728 2608
 880 325.000 251.000  90 -30 1065 1945
 881 382.000 213.000  90 -10 1355 2235
 882 261.000 370.000  90 -10  709 1589
 883 460.000 183.000  90 -20 2427 3307
 884  71.000 368.000  90 -20 2730 3610
 885  71.000 388.000  90 -10 1145 2025
 886  69.000 493.000  90 -30 1617 2497
 887 223.000  90.000  90 -10 2427 3307
 888  73.000 360.000  90 -20 2587 3467
 889 168.000 433.000  90 -20 2744 3624
 890 464.000 178.000  90 -30 2331 3211
 891 280.000 224.000  90 -10 1866 2746
 892  77.000 172.000  90 -20 2616 3496
 893 466.000 169.000  90 -20 2142 3022
 894 241.000 362.000  90 -20 2050 2930
 895 172.000 483.000  90 -10  544 1424
 896 120.000 210.000  90 -30  922 1802
 897 297.000 250.000  90 -20 2897 3777
 898 302.000 470.000  90 -20 1867 2747
 899 197.000 351.000  90 -10  917 1797
 900  72.000 341.000  90 -20 2506 3386
 901  50.000 347.000  90 -20 2202 3082
 902 231.000  81.000  90 -10 2043 2923
 903 490.000 159.000  90 -40 1537 2417
 904 442.000 287.000  90 -20 2464 3344
 905 239.000 369.000  90 -10 1451 2331
 906 198.000 334.000  90 -20 1843 2723
 907 321.000 224.000  90 -20 1746 2626
 908 416.000 364.000  90 -10 1578 2458
 909  59.000 480.000  90 -20 1223 2103
 910 180.000 335.000  90 -20 2221 3101
 911 366.000 352.000  90 -10 2470 3350
 912  40.000 288.000  90 -30 1433 2313
 913  67.000 377.000  90 -10 1826 2706
 914 136.000 296.000  90 -10 2822 3702
 915 363.000  62.000  90 -20 2725 3605
 916 128.000 240.000  90 -20 2822 3702
 917 484.000 161.000  90 -20 1336 2216
 918 357.000 445.000  90 -30 2722 3602
 919 317.000 235.000  90 -20 2210 3090
 920 471.000 154.000  90 -30  959 1839
 921 280.000 423.000  90 -30  591 1471
 922 261.000 371.000  90 -30  618 1498
 923 194.000 353.000  90 -30 1011 1891
 924  47.000 280.000  90 -20  205 1085
 925 426.000 279.000  90 -30 2752 3632
 926 245.000  96.000  90 -20 1343 2223
 927  89.000 284.000  90 -20 1076 1956
 928 327.000 483.000  90 -30 1738 2618
 929 343.000  27.000  90 -10  836 1716
 930 233.000 441.000  90 -20 2753 3633
 931 184.000 188.000  90 -20  900 1780
 932 112.000 243.000  90 -10 1961 2841
 933 314.000 436.000  90 -30 1741 2621
 934  90.000 270.000  90 -10  205 1085
 935  39.000 296.000  90 -20 1623 2503
 936 414.000  62.000  90 -30 1326 2206
 937 397.000  27.000  90 -30 2028 2908
 938 131.000 269.000  90 -30 2028 2908
 939 232.000 378.000  90 -10 1834 2714
 940 132.000 314.000  90 -10 2810 3690
 941 331.000 486.000  90 -20 1643 2523
 942 114.000 169.000  90 -10 2252 3132
 943 336.000   7.000  90 -10 1224 2104
 944  87.000 481.000  90 -10 2373 3253
 945 101.000 263.000  90 -20  796 1676
 946 453.000 164.000  90 -10 2724 3604
 947 212.000 215.000  90 -10 2800 3680
 948 400.000 364.000  90 -30  210 1090
 949 220.000 379.000  90 -20 2034 2914
 950 185.000 301.000  90 -10  970 1850
 951 129.000 185.000  90 -20 2454 3334
 952  46.000 383.000  90 -20  928 1808
 953 329.000  48.000  90 -20 1195 2075
 954 335.000  54.000  90 -10 1493 2373
 955 254.000 335.000  90 -30 2653 3533
 956 138.000 196.000  90 -10 1633 2513
 957 206.000 326.000  90 -20 2857 3737
 958 233.000 346.000  90 -10 2351 3231
 959 483.000 170.000  90 -10 1837 2717
 960 256.000 117.000  90 -20 2807 3687
 961  71.000 453.000  90 -10  325 1205
 962  67.000 153.000  90 -10  552 1432
 963  66.000 391.000  90 -10 1241 2121
 964 189.000 339.000  90 -10 2503 3383
 965 221.000 102.000  90 -20 2498 3378
 966 283.000 248.000  90 -10   33  913
 967 293.000  67.000  90 -20  187 1067
 968 138.000 272.000  90 -40 1461 2341
 969 232.000  85.000  90 -20 1949 2829
 970 314.000 449.000  90 -30  209 1089
 971 346.000  13.000  90 -10 1326 2206
 972 395.000   1.000  90 -10  527 1407
 973 224.000  93.000  90 -20 1831 2711
 974  88.000 394.000  90 -30  367 1247
 975   5.000 296.000  90 -20 2026 2906
 976 187.000 362.000  90 -20 1426 2306
 977 273.000 234.000  90 -10 1296 2176
 978 113.000 229.000  90 -20  763 1643
 979 191.000 309.000  90 -30 1070 1950
 980 367.000 239.000  90 -20 2796 3676
 981  95.000 356.000  90 -20 2757 3637
 982 206.000 295.000  90 -10 2449 3329
 983 116.000 446.000  90 -20 1538 2418
 984 437.000  61.000  90 -20 1728 2608
 985 401.000  15.000  90 -20  325 1205
 986 259.000 355.000  90 -10 1557 2437
 987  57.000 131.000  90 -30 1043 1923
 988 197.000 350.000  90 -10  826 1706
 989 215.000  91.000  90 -20 1930 2810
 990 448.000 295.000  90 -20 2364 3244
 991 331.000 252.000  90 -20  774 1654
 992 211.000 188.000  90 -20  300 1180
 993 186.000 177.000  90 -20 1001 1881
 994  95.000 466.000  90 -10 2664 3544
 995 216.000 300.000  90 -40 2253 3133
 996  79.000 346.000  90 -10 2748 3628
 997  29.000 282.000  90 -10 1050 1930
 998 377.000 246.000  90 -20 2694 3574
 999 283.000 425.000  90 -10  498 1378
1000 448.000 302.000  90 -20 1967 2847
1001 467.000 157.000  90 -50 1947 2827
1002 101.000 237.000  90 -30 1471 2351
1003 443.000  70.000  90 -10 2104 2984
1004 311.000 496.000  90 -30  368 1248
1005 430.000 310.000  90 -30  816 1696
1006 211.000 308.000  90 -10 1543 2423
1007 210.000  98.000  90 -10  361 1241
1008 449.000 140.000  90 -10  370 1250
1009 250.000 250.000   0   0    0 3914
