509 509 1000 700 1000
   0 250.000 250.000   0   0    0 3914
   1 430.000 298.000  90  10 1179 2104
   2 435.000  77.000  90  20  822 1343
   3  43.000 269.000  90  30  362 1173
   4 216.000 117.000  90  10  201  817
   5 225.000 125.000  90  20  127 1025
   6 448.000 103.000   0  30 3190 3578
   7 143.000 266.000  90  10  108  868
   8 252.000 347.000  90  10 2465 3517
   9  67.000 153.000  90  20  653 1330
  10 302.000 235.000  90  20  901 1345
  11 259.000 355.000  90  20 1811 2183
  12 209.000 358.000  90  30 1088 2025
  13 377.000 356.000  90  10 1319 2533
  14 113.000 229.000  90  30  802 1603
  15 205.000 343.000  90  20  572 1392
  16 456.000 154.000  90  10  227 1087
  17 216.000 307.000  90  20 2160 3032
  18 166.000 452.000  90  20  305 1054
  19  94.000 275.000  90  10  173  924
  20 292.000 445.000  90  10 1639 1954
  21 326.000  57.000  90  20 1061 1826
  22 429.000 282.000  90  20 2906 3290
  23 452.000 154.000  90  30  223 1033
  24 113.000 289.000  90  10  142  690
  25 410.000 364.000  90  30 1524 2319
  26  80.000 281.000  90  10 1355 2238
  27  73.000 395.000  90  20  917 1688
  28 121.000 203.000  90  10 1712 2031
  29  78.000 371.000  90  20  210 1033
  30 301.000  53.000  90  20  917 1181
  31 382.000 197.000  90  20  203 1238
  32 277.000 371.000  90  30  325 1025
  33 272.000 212.000  90  20 2198 2622
  34 386.000 218.000  90  20 1642 2320
  35 353.000  32.000  90  10  795 1175
  36  59.000 389.000  90  20 1232 2323
  37 414.000  62.000  90  10 1470 2061
  38 278.000 357.000  90  10  110  645
  39 101.000 179.000  90  20 2011 2974
  40 272.000 365.000  90  30  446 1099
  41 317.000 234.000  90  10 2150 2967
  42 439.000 297.000  90  30 1785 2462
  43 290.000  75.000  90  20  179  413
  44  29.000 282.000  90  10 1269 1712
  45 148.000 225.000  90  40  105 1306
  46 166.000 464.000  90  10  431 1317
  47 201.000 273.000  90  30   54  913
  48 255.000 245.000  90  10    7  787
  49 128.000 209.000  90  20  696 1650
  50 420.000  20.000  90  30  430  880
  51 132.000 218.000  90  10  122 1194
  52  32.000 256.000  90  10  635 1327
  53 406.000 339.000  90  20  179  796
  54 191.000 397.000  90  20  158  774
  55 222.000 381.000  90  20 2320 3019
  56  96.000 292.000  90  10  389 1496
  57 259.000 243.000  90  20   11  518
  58 349.000 476.000  90  10 2402 2724
  59  63.000 159.000  90  20 1051 1126
  60  67.000 485.000  90  40 1768 2725
  61  43.000 355.000  90  20 1454 1896
  62 400.000 364.000  90  30  574  725
  63 380.000 223.000  90  10 1265 2124
  64  54.000 287.000  90  20  199 1177
  65 189.000 327.000  90  10   98  958
  66 191.000 309.000  90  10 1265 1755
  67 301.000  67.000  90  40  189 1042
  68 428.000  64.000  90  20 1124 1438
  69  63.000 166.000   0  30 2349 2816
  70 441.000 157.000  90  10  212  850
  71  13.000 266.000  90  20  821 1747
  72 386.000 357.000  90  20 1118 1907
  73  90.000 298.000  90  10 1967 2401
  74  71.000 388.000  90  20 1200 1970
  75 352.000  38.000  90  10  563  848
  76 191.000 352.000  90  20  117  582
  77 228.000 124.000  90  20  127  883
  78 323.000 229.000  90  10 1544 2052
  79 331.000 486.000  90  10 1559 2607
  80 460.000 183.000  90  10 2720 3015
  81  95.000 279.000  90  20  182  727
  82  76.000 456.000  90  30  342 1379
  83 268.000 351.000  90  10  926 2133
  84 204.000  90.000  90  20  827 1521
  85 149.000 273.000  90  20  103  731
  86 483.000 170.000  90  30 1897 2656
  87  39.000 278.000  90  10 1474 1889
  88 201.000 307.000  90  10 1467 2119
  89 139.000 262.000  90  30 1145 1915
  90 176.000 447.000  90  20  210 1241
  91  67.000 380.000  90  20 2183 2534
  92 351.000  33.000  90  20  324 1277
  93 152.000 460.000  90  10  885 1894
  94 260.000 104.000  90  20  146 1220
  95  32.000 247.000  90  20  489 1274
  96 394.000 205.000  90  10  331  718
  97  64.000 473.000  90  10  840 1889
  98 275.000 431.000  90  10  849 1794
  99 261.000  84.000  90  10  503 1124
 100 176.000 296.000  90  20 1027 1592
 101 168.000 433.000  90  20 2923 3548
 102 394.000  10.000  90  40  792 1705
 103 308.000  60.000  90  20  363 1349
 104  78.000 375.000  90  10  273  516
 105 366.000 346.000  90  20  591  864
 106  69.000 493.000  90  20 1562 2552
 107 432.000  80.000  90  40  613 1363
 108 173.000 328.000  90  10 2218 2904
 109  47.000 389.000  90  30 1054 1310
 110 155.000 198.000  90  30  108  332
 111  88.000 394.000  90  10  723  891
 112  81.000 373.000  90  10  520  820
 113 231.000  81.000  90  30 2153 2812
 114 379.000 208.000  90  10  851  978
 115 189.000 200.000  90  10 1486 2653
 116  30.000 162.000  90  10 2001 2363
 117 107.000 221.000  90  40  145 1242
 118 154.000 458.000  90  20  903 1507
 119 290.000 417.000  90  10  171  725
 120 272.000 243.000  90  30   23  626
 121  94.000 130.000  90  10  651  712
 122 222.000 356.000  90  20 1494 1882
 123 155.000 242.000  90  10  891 1041
 124 221.000 102.000  90  20 2392 3484
 125 111.000 244.000  90  10 1955 2663
 126 132.000 273.000   0  10 2103 2464
 127 228.000 186.000  90  20   67  717
 128 390.000   9.000  90  30  770 1916
 129 189.000 368.000  90  20  132 1109
 130 408.000 305.000  90  10  167 1044
 131 180.000 335.000  90  20 2023 3299
 132 327.000 483.000   0  20 1855 2501
 133 277.000 431.000  90  30 1053 1774
 134  48.000 385.000  90  20  963 1214
 135 152.000 260.000  90  10   98  588
 136 255.000 120.000  90  10  130 1051
 137 214.000 382.000  90  30 2265 2878
 138 414.000 384.000  90  10 2497 2988
 139  80.000 141.000  90  30  356  792
 140 101.000 237.000  90  20 1739 2082
 141 267.000 260.000  90  20   37 1141
 142 420.000 311.000  90  30  769 1177
 143 418.000 300.000  90  10  590  792
 144 356.000  77.000  90  20 2312 2347
 145 323.000 258.000  90  10 1095 1721
 146 293.000 454.000  90  20 2653 2729
 147 382.000  17.000  90  20 1624 2004
 148 198.000 284.000  90  10   62  603
 149  95.000 243.000  90  20  698  980
 150 297.000 430.000  90  20  196  721
 151 393.000 368.000  90  10  185 1462
 152 280.000 351.000  90  30  105  952
 153 420.000  95.000  90  30  230 1162
 154 111.000 279.000  90  30  141  866
 155 367.000 358.000  90  30 1937 2489
 156 284.000 360.000   0  30  214  564
 157 279.000 369.000  90  10  229  935
 158 275.000 448.000  90  10 2743 3221
 159 314.000 279.000  90  10   70 1003
 160 370.000 353.000  90  10  717  934
 161  57.000 367.000   0  20 1890 2607
 162 332.000 486.000  90  20 1754 2231
 163 386.000 361.000  90  30 1139 2075
 164 416.000  48.000  90  10 1630 2290
 165 370.000  55.000  90  10 2370 3562
 166 466.000 169.000  90  30 2443 2720
 167 428.000 312.000  90  10  939 1388
 168 178.000 441.000  90  20  204  551
 169 232.000  85.000  90  10 2324 2453
 170 391.000  23.000  90  10 2325 3232
 171 137.000 227.000  90  20  115  291
 172 161.000 203.000  90  20  100  898
 173 274.000 248.000  90  20  274  507
 174 156.000 421.000   0  30 2797 3629
 175 346.000 211.000  90  10  103  834
 176 265.000 358.000  90  20 1156 1709
 177  96.000 407.000  90  20  313  715
 178 361.000 337.000  90  50  141 1011
 179 188.000 293.000  90  30  482 1353
 180  76.000 408.000  90  30  640 1561
 181 378.000 363.000  90  30 1621 2036
 182 185.000 301.000  90  20 1210 1611
 183 151.000 214.000  90  10  402  781
 184 265.000  94.000  90  10  192  485
 185 293.000  81.000  90  10  174  318
 186 465.000 176.000  90  20 2652 2705
 187  75.000 379.000  90  30 2217 3078
 188 404.000 378.000  90  10  718 1155
 189 259.000  88.000  90  20  162 1090
 190 320.000 258.000  90  20  509  780
 191 316.000 453.000  90  20  213 1055
 192 225.000 192.000  90  20   63  720
 193  83.000 151.000  90  10  194 1265
 194 366.000 196.000  90  10  127  906
 195 108.000 245.000  90  20 1459 2162
 196  57.000 379.000  90  20  560 1415
 197 329.000  56.000  90  20 1311 1763
 198 213.000 363.000  90  30  954 1674
 199 136.000 217.000  90  30  678 1278
 200 335.000  64.000  90  10 1740 2326
 201 412.000 361.000  90  10 1554 2103
 202 259.000  90.000  90  30  239 1195
 203 265.000  77.000  90  20  739 1085
 204  83.000 301.000  90  20 2148 2606
 205 118.000 214.000  90  20  136  566
 206 283.000 248.000  90  30   33  448
 207 391.000 334.000  90  20  885 1368
 208 276.000 428.000  90  20 1007 1248
 209  96.000 152.000  90  20  182  789
 210 425.000  85.000  90  10  353  880
 211 336.000   7.000  90  10 1509 1820
 212 341.000  37.000  90  20  231 1079
 213 406.000  37.000  90  40  264 1247
 214 314.000 449.000  90  30  209 1063
 215 352.000 500.000  90  30 1282 1889
 216  52.000 369.000  90  30 1482 2824
 217 430.000 310.000  90  30  666 1846
 218 446.000 139.000  90  20  292 1143
 219 229.000 214.000  90  20   41  767
 220 197.000 301.000  90  10  146  380
 221 146.000 245.000  90  20  464 1089
 222 401.000 368.000  90  20  316 1171
 223 325.000 490.000  90  10  771 1236
 224  59.000 159.000  90  10  789 1577
 225  26.000 269.000  90  30  828 1342
 226 471.000 154.000  90  20 1123 1675
 227 388.000 220.000  90  20 1161 1845
 228 347.000 479.000  90  10 2278 2661
 229 444.000 157.000  90  10  215 1022
 230 448.000 295.000  90  10 2533 3075
 231 318.000 493.000  90  10  643 1167
 232  51.000 364.000  90  10 1390 2545
 233 107.000 225.000  90  30  228  813
 234 204.000 189.000  90  10 2409 2507
 235 360.000 338.000  90  10  140  920
 236 207.000 337.000  90  20   97 1687
 237 409.000 361.000  90  30  661 1612
 238 375.000  31.000  90  20 2136 2395
 239 426.000  80.000  90  20  426 1178
 240  74.000 374.000  90  20 2716 2768
 241 408.000  20.000  90  30  495  612
 242 239.000 369.000  90  30 1521 2261
 243 434.000 382.000  90  30 1930 2730
 244 173.000 169.000  90  10 1276 2000
 245 190.000 332.000  90  20  314 1057
 246 274.000 231.000  90  30 1816 2596
 247 425.000  87.000  90  20  239 1115
 248 278.000 230.000   0  10 1456 1637
 249 351.000  75.000  90  10 1696 2772
 250 185.000 293.000  90  10  614 1406
 251 432.000 369.000  90  10 1880 2574
 252 128.000 249.000   0  20 1285 1561
 253 221.000 179.000  90  20  227  671
 254 413.000 350.000  90  10 1209 2066
 255 214.000 372.000  90  10  574 1472
 256 379.000 229.000  90  10 1030 1220
 257 226.000 120.000  90  30  132  838
 258 138.000 276.000  90  10 1485 2505
 259 346.000 487.000  90  10 1397 2379
 260  95.000 160.000  90  10  179  419
 261 103.000 266.000  90  30  968 1316
 262 147.000 199.000  90  30  228  548
 263 203.000 369.000  90  10  624 1218
 264 296.000 232.000  90  10 1030 1666
 265  87.000 369.000  90  10  201  785
 266 247.000  88.000  90  30 1662 2346
 267 104.000 246.000  90  10  973 1893
 268  67.000 302.000  90  30 2257 2889
 269 114.000 296.000  90  40  143 1067
 270 394.000 356.000  90  30  178  813
 271  16.000 285.000  90  30 2298 2845
 272 389.000 221.000  90  10 1045 1778
 273 172.000 483.000  90  30  627 1340
 274 151.000 436.000  90  10 1984 2948
 275 263.000  91.000  90  20  159  934
 276 283.000 229.000  90  30 1069 1833
 277 366.000 341.000  90  20  311  955
 278 392.000 213.000  90  20 2014 2331
 279 167.000 304.000  90  20   99 1020
 280 199.000 327.000  90  10 3096 3182
 281 140.000 220.000  90  30  633 1133
 282 144.000 266.000  90  30  119  664
 283 368.000 325.000  90  30  139  690
 284 202.000 386.000  90  20  144 1324
 285 325.000 246.000  90  10 1441 1760
 286 430.000  86.000  90  20 2452 3241
 287  77.000 287.000  90  10 1449 2521
 288 131.000 207.000  90  20  663 1495
 289 405.000   5.000  90  20  556 1175
 290 212.000 168.000  90  20  649 1231
 291 152.000 241.000  90  20  549 1197
 292  71.000 139.000  90  30  338 1437
 293 393.000  13.000  90  20 1103 1772
 294  87.000 454.000  90  40  565 1358
 295 220.000 192.000  90  20   65  780
 296 426.000 279.000  90  30 2777 3608
 297 200.000 297.000  90  30   68 1308
 298 398.000 231.000  90  20 1898 2854
 299  99.000 307.000  90  20 2656 2931
 300 390.000  42.000  90  20 2435 2901
 301  44.000 279.000  90  10  368  785
 302 200.000 182.000  90  10  837 1630
 303 298.000 438.000  90  10  453  841
 304  62.000 301.000   0  20 3016 3630
 305 112.000 251.000  90  10 1476 1950
 306 184.000 354.000  90  30 1833 2279
 307 140.000 180.000  90  20 2929 3249
 308  36.000 284.000  90  10 1606 1950
 309 272.000 233.000  90  10 1531 2123
 310 320.000 231.000  90  20 2332 2596
 311 211.000 180.000  90  20  662 1013
 312 316.000 254.000  90  20  385 1275
 313 169.000 443.000  90  30  293  867
 314 212.000  96.000  90  10  784 1184
 315  90.000 391.000  90  10  331  911
 316 209.000 307.000  90  10 1615 2167
 317 363.000 351.000  90  20 2555 3452
 318 405.000  47.000  90  10  255  847
 319 278.000 329.000  90  10   83  935
 320 261.000 371.000  90  20  679 1437
 321 373.000 205.000  90  40  211  616
 322 381.000  20.000  90  20 1655 2161
 323  46.000 341.000  90  10 2342 3136
 324  50.000 138.000  90  20 1596 2342
 325  61.000 437.000  90  20  265 1177
 326 331.000 252.000  90  10 1195 1233
 327 440.000  81.000  90  20 2397 3093
 328 384.000 206.000  90  20  375 1263
 329  59.000 471.000  90  20  946 2183
 330 174.000 304.000  90  20   93  597
 331 106.000 248.000  90  20 1073 1980
 332 412.000 367.000  90  20  765 1315
 333 412.000 300.000  90  20  174 1016
 334 177.000 436.000  90  20  199 1084
 335 266.000 264.000  90  30  332 1034
 336  49.000 136.000  90  10 1476 2094
 337 356.000  28.000  90  20  954 1207
 338 220.000 362.000  90  20 1025 1797
 339 365.000 360.000   0  20 1708 2533
 340 220.000 177.000  90  20   78 1366
 341 347.000  21.000  90  20  998 1935
 342 216.000  96.000  90  10 2368 2924
 343 383.000 351.000  90  20  167  809
 344 129.000 185.000   0  20 2837 2951
 345 116.000 255.000  90  20 1171 1468
 346 121.000 249.000  90  20 2466 2537
 347 404.000 346.000  90  10  950 1536
 348  54.000 485.000  90  30 1643 2063
 349  83.000 282.000  90  10 1095 2129
 350 384.000  24.000  90  10 1962 3400
 351 273.000 234.000  90  10 1600 1872
 352 223.000 114.000  90  20  231  593
 353 191.000 308.000  90  20   82  723
 354 386.000  28.000  90  20 1892 3282
 355  96.000 377.000  90  10  199  754
 356  43.000 125.000  90  30 1387 1979
 357 325.000 228.000  90  20 1337 2443
 358 420.000  78.000  90  20 1148 1808
 359 396.000   4.000  90  10  827 1478
 360 389.000 198.000  90  20  449  798
 361 322.000 454.000  90  20  216  698
 362 241.000 391.000  90  30 2878 3253
 363 298.000 255.000  90  10   48  847
 364 345.000 496.000  90  20  963 2012
 365 167.000 169.000  90  20 1388 2079
 366  23.000 306.000  90  20 1723 2801
 367 317.000  62.000  90  20  372 1142
 368 319.000 257.000  90  20   69 1469
 369 129.000 255.000  90  10 2402 3190
 370  59.000 377.000  90  20 1815 2520
 371 263.000 372.000  90  10  784 1149
 372 275.000 236.000  90  20 1514 1772
 373 334.000  47.000  90  20  219 1330
 374 170.000 338.000  90  20 2126 2603
 375  69.000 475.000  90  30 1121 1416
 376 380.000 228.000  90  30 1041 1393
 377 425.000 118.000  90  10  219  844
 378  80.000 398.000  90  10  406 1407
 379  67.000 463.000  90  30  496  832
 380 226.000  86.000  90  10 2297 3052
 381  59.000 480.000  90  10 1560 1766
 382  40.000 378.000  90  20 1019 1914
 383 250.000 367.000  90  20 1937 2449
 384 157.000 436.000  90  20 2677 3029
 385 463.000 161.000  90  30 2109 2857
 386 266.000 250.000  90  10  151  827
 387 383.000  41.000   0  20 2314 3216
 388 247.000  82.000   0  30 1630 2185
 389 244.000 371.000  90  20 1943 2837
 390 174.000 444.000  90  10  208  875
 391  94.000 247.000  90  30  719 1146
 392 316.000  80.000  90  30 2531 2932
 393 297.000 442.000   0  20 1473 2312
 394 200.000 342.000  90  10  579 1574
 395  80.000 374.000  90  20  210 1043
 396 236.000  92.000  90  10 1905 2676
 397 414.000  66.000  90  30 1327 2016
 398 404.000 310.000  90  20  165 1030
 399 133.000 278.000  90  10 1718 2463
 400 446.000 169.000   0  10 2680 3612
 401 312.000 252.000  90  20  668 1181
 402  69.000 485.000  90  10 2254 2422
 403  54.000 446.000  90  20  277 1173
 404  56.000 357.000  90  10 1705 2032
 405 196.000 302.000  90  20  242  466
 406 142.000 457.000  90  10 1293 2052
 407 283.000 425.000  90  20  408 1468
 408  77.000 397.000  90  10  440 1558
 409 213.000  76.000  90  20 1171 1589
 410 475.000 136.000  90  20  666 1551
 411 377.000 246.000  90  20 2846 3423
 412 310.000 484.000  90  30  327 1084
 413  47.000 280.000  90  10  205 1155
 414  57.000 456.000  90  20  282 1202
 415 290.000 416.000  90  30  170  712
 416 215.000  91.000  90  30 2112 2628
 417 500.000 162.000  90  20 1838 2499
 418  56.000 287.000  90  20  197  858
 419 289.000 452.000  90  20 2460 3295
 420 378.000 326.000  90  30  148  506
 421 250.000  72.000  90  20 1064 1346
 422 101.000 290.000   0  20  861 1599
 423 351.000 480.000  90  30 1423 2157
 424 307.000 227.000  90  30 2523 3343
 425 311.000  47.000  90  10  791 1510
 426 392.000  31.000  90  20 2930 3010
 427 103.000 251.000  90  10  905 1771
 428 300.000 443.000  90  10 1570 2581
 429 420.000 295.000   0  10 1530 2135
 430 427.000  64.000  90  30 1132 1612
 431 372.000 354.000  90  30 1543 2498
 432 101.000 263.000  90  20  851 1621
 433 141.000 454.000  90  20 1653 1879
 434 298.000 430.000  90  30  186 1329
 435 148.000 270.000  90  10  103  358
 436  76.000 287.000  90  20 1512 2276
 437 143.000 257.000  90  10  304  858
 438 204.000 291.000  90  20 2776 3190
 439 132.000 272.000  90  30 2026 2722
 440 206.000 379.000  90  10  234  860
 441 245.000  96.000  90  20 1560 2006
 442 431.000 301.000  90  10 1444 1653
 443 199.000 305.000  90  30 1403 1997
 444  95.000 356.000  90  10 3124 3637
 445 108.000 222.000  90  10 1347 1806
 446  63.000 454.000  90  10  276 1531
 447 222.000 357.000  90  30 1234 1959
 448 416.000 364.000  90  20 1867 2169
 449 432.000  87.000  90  10 2784 3092
 450 395.000 365.000  90  30  185  690
 451 208.000 371.000  90  20  360 1109
 452 190.000 292.000  90  10  362 1289
 453 104.000 198.000  90  20 2137 2630
 454 346.000  13.000  90  20 1291 2241
 455  47.000 388.000  90  20  788 1759
 456 323.000  60.000  90  10  955 1745
 457 308.000 232.000  90  30 2615 3440
 458 118.000 223.000  90  10  134  841
 459  95.000 395.000  90  30  212 1071
 460 468.000 135.000  90  10  996 1027
 461 351.000  31.000  90  20  859  927
 462 361.000  15.000  90  20 1975 2422
 463 195.000 300.000  90  10  385  691
 464 179.000 311.000  90  10  175  607
 465  77.000 133.000  90  10  388 1189
 466  66.000 397.000  90  10 1068 1342
 467 347.000  23.000  90  30  740 1620
 468 293.000  67.000  90  20  187 1446
 469 238.000  83.000  90  20 1381 1865
 470 136.000 296.000  90  30 2421 3702
 471 290.000 425.000  90  30  190  530
 472 294.000  64.000  90  10  423  503
 473  74.000 165.000  90  10 2683 3234
 474 211.000  97.000  90  20  668 1116
 475  88.000 390.000  90  30  358 1069
 476  37.000 295.000  90  20 1460 2482
 477 186.000 372.000  90  20 1444 2087
 478 116.000 446.000  90  20 1655 2302
 479 293.000 249.000  90  10   43  457
 480 179.000 284.000  90  30  643 1579
 481 368.000 219.000  90  20  588 1452
 482 152.000 478.000  90  20  991 1198
 483 429.000  80.000  90  20  523 1267
 484 138.000 196.000  90  30 1887 2259
 485  87.000 481.000  90  10 2466 3161
 486 264.000 365.000  90  10 1323 1348
 487 102.000 289.000  90  20  815 1829
 488  78.000 141.000  90  30  364  600
 489 196.000 348.000  90  10  680 1669
 490 216.000  92.000  90  20 2042 2881
 491 444.000 309.000  90  20 2302 2709
 492 313.000 263.000  90  20  388  703
 493 211.000 198.000  90  30 2319 3161
 494 217.000 189.000  90  20  357  930
 495 197.000 178.000  90  20  824 1453
 496 206.000 312.000  90  40 1726 2434
 497 386.000 213.000  90  20 1707 2445
 498 292.000 434.000  90  10  454 1217
 499 436.000 301.000  90  20  941 1965
 500 145.000 221.000  90  20  373 1202
 501 489.000 150.000  90  50 1476 2280
 502 426.000  85.000  90  10  314 1100
 503 440.000  70.000  90  10 2165 2738
 504 320.000 476.000  90  30  491  716
 505 405.000 311.000  90  30  169  344
 506  40.000 288.000  90  20 1548 2198
 507 175.000 282.000  90  10  602 1809
 508 298.000 456.000  90  30 2137 2687
 509 342.000  52.000  90  10  218  877
 510 440.000 295.000  90 -10 1890 2541
 511 417.000  56.000  90 -20 1485 2239
 512  19.000 297.000  90 -30 2188 2536
 513 208.000 101.000  90 -10  257 1157
 514 211.000 107.000  90 -20  167 1055
 515 448.000 103.000  90 -30 3190 3578
 516 106.000 295.000  90 -10  785 1481
 517 254.000 335.000  90 -10 2688 3498
 518  57.000 132.000  90 -20 1240 1543
 519 305.000 212.000  90 -20  938 1533
 520 254.000 357.000  90 -20 1545 2639
 521 197.000 351.000  90 -30 1086 1628
 522 341.000 367.000  90 -10 2083 3138
 523 129.000 267.000  90 -30 2342 2778
 524 201.000 331.000  90 -20  311 1263
 525 457.000 142.000  90 -10  750 1068
 526 218.000 298.000  90 -20 2498 3074
 527 152.000 457.000  90 -20  971 1623
 528  90.000 277.000  90 -10  471 1013
 529 247.000 447.000  90 -10 3081 3319
 530 335.000  54.000  90 -20 1621 2245
 531 406.000 286.000  90 -20 3157 3631
 532 491.000 160.000  90 -30 1808 2330
 533 101.000 295.000  90 -10  868 1208
 534 361.000 349.000  90 -30 2598 3594
 535  73.000 303.000  90 -10 2036 2919
 536  77.000 360.000  90 -20 2959 3619
 537 125.000 181.000  90 -10 2351 3245
 538  80.000 376.000  90 -20  211 1467
 539 238.000  57.000  90 -20 1104 1728
 540 477.000 154.000  90 -20 1545 1626
 541 262.000 352.000  90 -30 1085 2347
 542 265.000 218.000  90 -20 2428 2590
 543 383.000 246.000  90 -20 2377 3518
 544 335.000  52.000  90 -10 1435 2248
 545  67.000 377.000  90 -20 2008 2523
 546 443.000  70.000  90 -10 2469 2619
 547 234.000 350.000  90 -10 2554 2839
 548 114.000 169.000  90 -20 2279 3106
 549 266.000 373.000  90 -30  737 1008
 550 317.000 235.000  90 -10 2310 2989
 551 442.000 287.000  90 -30 2488 3321
 552 308.000  55.000  90 -20  689 1214
 553  39.000 296.000  90 -10 1600 2526
 554 139.000 269.000  90 -40 1442 2174
 555 151.000 442.000  90 -10 1971 3153
 556 216.000 380.000  90 -30 2345 2415
 557 332.000  55.000  90 -10  211  640
 558 107.000 168.000  90 -20 2159 3031
 559 378.000  46.000  90 -30 3101 3240
 560 125.000 226.000  90 -10 1157 1781
 561  11.000 269.000  90 -10  882 1498
 562 297.000 250.000  90 -20 3080 3746
 563 206.000 377.000  90 -20  134 1290
 564 229.000 396.000  90 -20 2681 3244
 565  98.000 286.000  90 -10 1183 1651
 566 371.000 207.000  90 -20  128  891
 567 329.000 459.000  90 -10 2744 3185
 568  67.000 160.000  90 -20 2640 2899
 569  70.000 482.000  90 -40 2298 2564
 570  79.000 346.000  90 -20 3062 3398
 571 418.000 385.000  90 -30 2687 2987
 572 388.000 228.000  90 -10  892 1738
 573  55.000 282.000  90 -20  289  480
 574 176.000 358.000  90 -10 1742 2569
 575 216.000 316.000  90 -10 2148 2649
 576 312.000  64.000  90 -40  246 1078
 577 415.000  73.000  90 -20 1315 1834
 578  63.000 166.000  90 -30 2349 2816
 579 450.000 153.000  90 -10  372  854
 580  34.000 279.000  90 -20 1415 1758
 581 360.000 356.000  90 -20 2642 2983
 582 109.000 325.000  90 -10 2987 3190
 583  56.000 388.000  90 -20 1435 2307
 584 344.000  46.000  90 -10 1458 2022
 585 260.000 330.000  90 -20 2971 3595
 586 210.000  98.000  90 -20  503 1099
 587 319.000 229.000  90 -10 2038 2707
 588 336.000 479.000  90 -10 2220 2337
 589 363.000 212.000  90 -10 2911 3705
 590  96.000 269.000  90 -20  786 1303
 591  73.000 360.000  90 -30 2711 3344
 592 255.000 371.000  90 -10 2076 2503
 593 229.000  78.000  90 -20 2340 2813
 594  90.000 270.000  90 -20  617  674
 595 467.000 157.000  90 -30 2134 2640
 596  25.000 290.000  90 -10 2406 3495
 597 249.000 251.000  90 -10 2717 3515
 598 131.000 269.000  90 -30 2231 2705
 599 163.000 453.000  90 -20  296 1249
 600  78.000 361.000  90 -20 3011 3620
 601 329.000  48.000  90 -20 1327 1943
 602 220.000 394.000  90 -10 2514 3211
 603 224.000  96.000  90 -20 1915 2441
 604  35.000 308.000  90 -20 2683 3602
 605 440.000 173.000  90 -10 2658 3619
 606  60.000 497.000  90 -10 1698 2216
 607 269.000 428.000  90 -10  561 1889
 608 244.000  94.000  90 -10 1554 2197
 609  59.000 358.000  90 -20 2381 2496
 610 172.000 435.000  90 -20 2648 3624
 611 383.000  18.000  90 -40 1151 2294
 612 256.000 117.000  90 -20 2929 3565
 613  88.000 379.000  90 -10  603  936
 614 386.000 344.000  90 -20 1210 1427
 615 160.000 431.000  90 -20 3006 3622
 616 436.000  54.000  90 -40 1867 2276
 617 206.000 326.000  90 -10 3271 3381
 618  71.000 348.000  90 -30 2976 3294
 619 152.000 196.000  90 -30  122  462
 620  67.000 357.000  90 -10 2727 3521
 621  35.000 358.000  90 -10 1097 2056
 622 215.000 108.000  90 -30 2597 3082
 623 301.000 247.000  90 -10 2797 3773
 624 200.000 195.000  90 -10 2136 2393
 625  61.000 170.000  90 -10 1990 2985
 626 196.000 219.000  90 -40 2864 3404
 627 125.000 444.000  90 -20 1667 2488
 628 294.000 455.000  90 -10 2402 2611
 629 272.000 246.000  90 -30   22  781
 630  59.000 128.000  90 -10 1390 1762
 631 234.000 383.000  90 -20 1946 2411
 632 117.000 319.000  90 -10 2641 3675
 633 230.000 105.000  90 -20 2708 3367
 634 124.000 247.000  90 -10 3086 3264
 635 132.000 273.000  90 -10 2103 2464
 636 221.000  87.000  90 -20 1215 1751
 637 397.000  27.000  90 -30 2224 2712
 638 221.000 374.000  90 -20  796 1625
 639 440.000 302.000  90 -10  693 2026
 640 189.000 339.000  90 -20 2423 3463
 641 327.000 483.000  90 -20 1855 2501
 642 267.000 436.000  90 -30 2924 3249
 643  46.000 383.000  90 -20 1043 1693
 644  85.000 317.000  90 -10 2133 3241
 645 261.000  96.000  90 -10  254  801
 646 241.000 362.000  90 -30 1921 3059
 647 391.000 373.000  90 -10 2680 3600
 648  48.000 137.000  90 -30 1429 2324
 649 121.000 236.000  90 -20 1829 2399
 650 281.000 279.000  90 -20  559 1030
 651 429.000 294.000  90 -30 1878 2167
 652 448.000 302.000  90 -10 2025 2789
 653 310.000  81.000  90 -20 2501 3352
 654 321.000 224.000  90 -10 1843 2529
 655 291.000 450.000  90 -20 2641 2929
 656 373.000  22.000  90 -20 2036 2748
 657 194.000 301.000  90 -10   75 1016
 658 110.000 199.000  90 -20 2007 2568
 659 294.000 437.000  90 -20  474 1008
 660 399.000 352.000  90 -10  897 1783
 661 279.000 436.000  90 -30 1543 1656
 662 401.000  15.000  90 -30  503 1027
 663 109.000 250.000  90 -30 1449 1791
 664 359.000 371.000  90 -30 2258 2746
 665 284.000 360.000  90 -30  214  564
 666 277.000 369.000  90 -10  437  543
 667 233.000 441.000  90 -10 2748 3633
 668 325.000 251.000  90 -10 1309 1702
 669 395.000 378.000  90 -10 1501 1931
 670  57.000 367.000  90 -20 1890 2607
 671 345.000 468.000  90 -20 2514 3000
 672 358.000 359.000  90 -30 2273 3165
 673 441.000  63.000  90 -10 2066 2643
 674 363.000  62.000  90 -10 2533 3605
 675 460.000 173.000  90 -30 2694 3241
 676 446.000 297.000  90 -10 1991 2633
 677 150.000 435.000  90 -20 2055 2695
 678 223.000  90.000  90 -10 2646 3087
 679 397.000  40.000  90 -10 2249 2893
 680 123.000 206.000  90 -20 1688 2242
 681 140.000 206.000  90 -20  409  566
 682 293.000 245.000  90 -20 3365 3654
 683 156.000 421.000  90 -30 2797 3629
 684 387.000 224.000  90 -10 1263 1931
 685 261.000 350.000  90 -20 1387 2231
 686  72.000 391.000  90 -20 1096 1888
 687 375.000 342.000  90 -50  715 1323
 688 194.000 296.000  90 -30  348 1111
 689  67.000 387.000  90 -30 2145 2767
 690 364.000 364.000  90 -30 2298 2321
 691 130.000 304.000  90 -20 3045 3465
 692 138.000 272.000  90 -10 1680 2121
 693 230.000  95.000  90 -10 1578 2380
 694 236.000  95.000  90 -10 1944 2451
 695 453.000 164.000  90 -20 2842 3490
 696  74.000 360.000  90 -30 2595 3278
 697 413.000 353.000  90 -10 1299 2161
 698 224.000  93.000  90 -20 2055 2486
 699 317.000 251.000  90 -20  618 1421
 700 338.000 489.000  90 -20 1168 1607
 701 173.000 208.000  90 -20 1942 1981
 702  44.000 153.000  90 -10 1746 2405
 703 449.000 140.000  90 -10  539 1082
 704 131.000 253.000  90 -20 2347 3430
 705  65.000 357.000  90 -20 2087 2981
 706 253.000 241.000  90 -20 2514 3316
 707 197.000 350.000  90 -30  874 1659
 708 119.000 232.000  90 -30 1536 2502
 709 325.000  75.000  90 -10 2162 2738
 710 366.000 352.000  90 -10 2229 3591
 711 216.000  93.000  90 -30 2082 3023
 712 259.000  76.000  90 -20  654 1362
 713 129.000 264.000  90 -20 2317 3366
 714 120.000 210.000  90 -20  975 1749
 715 475.000 145.000  90 -30  798 1618
 716 389.000 342.000  90 -20  718 1732
 717 277.000 434.000  90 -20 1043 1971
 718  71.000 163.000  90 -20 2781 2948
 719 345.000  15.000  90 -10 1178 1946
 720 366.000  16.000  90 -10 1655 2461
 721 312.000  74.000  90 -20 2800 2858
 722 395.000   1.000  90 -40  912 1021
 723 311.000 496.000  90 -30  432 1183
 724 337.000 453.000  90 -30 2947 3183
 725  66.000 359.000  90 -30 2910 3563
 726 428.000 292.000  90 -30 1892 1970
 727 425.000  99.000  90 -20  231 1005
 728 211.000 188.000  90 -20  301 1179
 729 210.000 359.000  90 -10 1112 2184
 730 127.000 278.000  90 -20 1723 2650
 731 403.000 361.000  90 -20 1190 1875
 732 340.000 449.000  90 -10 2418 3606
 733  59.000 163.000  90 -10 2014 2768
 734  22.000 283.000  90 -30 1197 1590
 735 475.000 156.000  90 -20 1260 1727
 736 382.000 213.000  90 -20 1391 2199
 737 329.000 471.000  90 -10 2700 3026
 738 438.000  72.000  90 -10 1121 1235
 739 441.000 287.000  90 -10 2850 3140
 740 332.000 491.000  90 -10 1014 1568
 741  89.000 358.000  90 -10 2905 3631
 742 125.000 212.000  90 -30 1162 1371
 743 207.000 196.000  90 -10 2521 2769
 744 353.000 346.000  90 -10 2990 3398
 745 192.000 306.000  90 -20 1546 1660
 746 401.000 385.000  90 -30 2674 3214
 747 395.000  30.000  90 -20 2459 3293
 748 341.000  26.000  90 -20 1249 1487
 749  71.000 368.000  90 -20 3239 3435
 750 390.000  17.000  90 -30 1086 1979
 751 220.000 384.000  90 -30 2502 3024
 752 373.000 364.000  90 -30 2717 3657
 753 207.000 194.000  90 -10 2068 3039
 754 204.000 371.000  90 -20  509 1148
 755 280.000 224.000  90 -30 1943 2669
 756 385.000  28.000  90 -20 1933 2799
 757 278.000 230.000  90 -10 1456 1637
 758 322.000  78.000  90 -10 2300 2788
 759  50.000 343.000  90 -10 2570 3097
 760 399.000 379.000  90 -10 2562 3518
 761 128.000 249.000  90 -20 1285 1561
 762 203.000 203.000  90 -20 2579 3281
 763 418.000 355.000  90 -10 1864 2371
 764 239.000 373.000  90 -10 1321 2650
 765 384.000 217.000  90 -10 1638 2140
 766 210.000  94.000  90 -30  676 1478
 767 105.000 317.000  90 -10 2647 3331
 768 357.000 445.000  90 -10 3082 3452
 769 126.000 188.000  90 -10 1672 2683
 770 110.000 241.000  90 -30 1967 2464
 771 152.000 225.000  90 -30  766 1382
 772 189.000 338.000  90 -10 2794 3274
 773 266.000 231.000  90 -10 1617 2416
 774  69.000 383.000  90 -10 2272 2828
 775 231.000  97.000  90 -30 2408 3527
 776 125.000 245.000  90 -10 2907 3258
 777 119.000 285.000  90 -30 2677 3609
 778 125.000 264.000  90 -40 2776 3095
 779 403.000 390.000  90 -30 2146 3133
 780  17.000 283.000  90 -30 2193 3134
 781 396.000 234.000  90 -10 1875 3065
 782 135.000 460.000  90 -30 1738 1992
 783 149.000 444.000  90 -10 2463 2846
 784 253.000  81.000  90 -20  853 1358
 785 253.000 244.000  90 -30 2698 2946
 786 384.000 346.000  90 -20  964 1858
 787 385.000 235.000  90 -20 2408 2914
 788  96.000 356.000  90 -20  186  579
 789 200.000 327.000  90 -10 2620 3733
 790 141.000 267.000  90 -30 1327 2103
 791  95.000 294.000  90 -30  705  996
 792 368.000 340.000  90 -30  296  785
 793 236.000 361.000  90 -20 1723 1863
 794 320.000 225.000  90 -10 1718 2471
 795 448.000  94.000  90 -20 2902 3566
 796  91.000 303.000  90 -10 1946 2612
 797 112.000 208.000  90 -20 1494 1868
 798 393.000   2.000  90 -20  527 1591
 799 186.000 177.000  90 -20 1264 1618
 800  72.000 341.000  90 -20 2693 3199
 801  57.000 131.000  90 -30 1165 1800
 802 387.000  21.000  90 -20 1230 2025
 803  74.000 363.000  90 -40 2798 2888
 804 209.000 201.000  90 -20 2292 3375
 805 410.000 287.000  90 -30 2773 3660
 806 187.000 362.000  90 -30 1662 2069
 807 379.000 245.000  90 -20 2734 2972
 808 115.000 269.000  90 -20 2988 3085
 809 374.000  55.000  90 -20 2785 2958
 810  46.000 277.000  90 -10  434  904
 811 196.000 192.000  90 -10 1894 2445
 812 299.000 442.000  90 -10 1647 2322
 813  62.000 301.000  90 -20 3016 3630
 814 118.000 256.000  90 -10 2154 3044
 815 169.000 360.000  90 -30 2056 2448
 816 199.000 200.000  90 -20 2584 3465
 817  29.000 302.000  90 -10 1949 2382
 818 254.000 238.000  90 -10 2565 2887
 819 316.000 234.000  90 -20 2309 3173
 820 184.000 188.000  90 -20 1001 1679
 821 315.000 232.000  90 -20 2421 3246
 822 149.000 434.000  90 -30 2041 2526
 823 212.000  71.000  90 -10 1044 1524
 824  66.000 391.000  90 -10 1344 2017
 825 211.000 308.000  90 -10 1741 2226
 826 346.000 344.000  90 -20 2917 3667
 827 405.000  24.000  90 -10  274  727
 828 262.000 368.000  90 -10 1184 1299
 829 258.000 350.000  90 -20 1688 2116
 830 384.000 235.000  90 -40 2669 2836
 831 367.000  59.000  90 -20 3045 3453
 832 153.000 295.000  90 -10 3398 3526
 833  65.000 164.000  90 -20 2276 3074
 834  52.000 484.000  90 -20 1284 2238
 835 326.000 253.000  90 -10  832 1406
 836 447.000 102.000  90 -20 2954 3578
 837 367.000 239.000  90 -20 2765 3707
 838  94.000 456.000  90 -20 2864 3544
 839 216.000 374.000  90 -20  826 1405
 840 116.000 259.000  90 -20 2493 2893
 841 402.000 362.000  90 -20 1005 1876
 842 419.000 310.000  90 -20  599 1165
 843 146.000 461.000  90 -20 1534 1620
 844 296.000 253.000  90 -30  662 1167
 845  51.000 162.000  90 -10 1915 2671
 846 368.000  17.000  90 -20 1814 2389
 847 241.000 375.000  90 -20 1808 2349
 848 365.000 360.000  90 -20 1708 2533
 849 202.000 198.000  90 -20 1736 2980
 850 365.000  18.000  90 -20 2036 2551
 851 212.000 101.000  90 -10 2507 2976
 852 400.000 376.000  90 -20  723  962
 853 129.000 185.000  90 -20 2837 2951
 854 131.000 241.000  90 -20 2739 3705
 855 123.000 242.000  90 -20 3163 3376
 856 434.000 377.000  90 -10 2132 2719
 857  94.000 479.000  90 -30 2430 3390
 858  81.000 283.000  90 -10 1373 2035
 859 366.000  57.000  90 -10 2883 3430
 860 272.000 228.000  90 -10 1832 2394
 861 235.000  81.000  90 -20 1081 1978
 862 165.000 333.000  90 -20 2339 2583
 863 389.000  33.000  90 -20 3038 3088
 864  71.000 453.000  90 -10  639  890
 865  77.000 172.000  90 -30 2730 3382
 866 321.000 228.000  90 -20 1917 2643
 867 450.000  72.000  90 -20 2562 2721
 868 366.000  34.000  90 -10 2042 2289
 869 470.000 152.000  90 -20 1088 1525
 870 328.000 498.000  90 -20  780 1607
 871 257.000 336.000  90 -30 2802 3570
 872 289.000 240.000  90 -10  751 1287
 873 355.000 480.000  90 -20 1545 1846
 874 183.000 187.000  90 -20 1639 2057
 875  16.000 281.000  90 -20 2406 3107
 876 247.000  89.000  90 -20 1985 2205
 877 326.000 241.000  90 -20 1357 2034
 878 128.000 240.000  90 -10 3064 3666
 879  54.000 372.000  90 -20 1486 2656
 880 261.000 370.000  90 -10 1019 1279
 881 268.000 235.000  90 -20 1558 2286
 882 319.000  77.000  90 -20 2215 3061
 883 184.000 340.000  90 -20 2500 3195
 884  52.000 469.000  90 -30 1167 1766
 885 389.000 233.000  90 -30 2142 2991
 886 432.000 105.000  90 -10 2534 3592
 887  86.000 359.000  90 -10 2759 3628
 888  78.000 479.000  90 -30  865 1473
 889 219.000  89.000  90 -10 2564 2981
 890  85.000 486.000  90 -10 2275 3161
 891  69.000 346.000  90 -20 2786 3297
 892 229.000 364.000  90 -20 2283 2901
 893 242.000 350.000  90 -20 2392 3389
 894 457.000 160.000  90 -30 2577 3564
 895 313.000 266.000  90 -10  339  566
 896 383.000  41.000  90 -20 2314 3216
 897 247.000  82.000  90 -30 1630 2185
 898 233.000 346.000  90 -20 2478 3103
 899 151.000 462.000  90 -10 1043 1921
 900 117.000 204.000  90 -30 1335 2221
 901 308.000  82.000  90 -30 2832 3205
 902 297.000 442.000  90 -20 1473 2312
 903 216.000 300.000  90 -10 2285 3102
 904  74.000 390.000  90 -20  424 1330
 905 241.000  98.000  90 -10 2998 3136
 906 437.000  61.000  90 -30 1713 2624
 907 420.000 308.000  90 -20  569 1009
 908  50.000 347.000  90 -10 2423 2861
 909 446.000 169.000  90 -10 2680 3612
 910 328.000 216.000  90 -20 1688 2296
 911  73.000 484.000  90 -10 2226 2825
 912  79.000 479.000  90 -20  707 1448
 913  50.000 383.000  90 -10 1702 2236
 914 188.000 330.000  90 -20  565  621
 915 156.000 434.000  90 -10 2845 3046
 916 314.000 436.000  90 -20 1723 2640
 917  76.000 391.000  90 -10 1076 1719
 918 232.000  87.000  90 -20 1362 1807
 919 464.000 178.000  90 -20 2404 3137
 920 354.000 219.000  90 -20 2736 3716
 921 344.000 478.000  90 -30 2002 2751
 922  16.000 280.000  90 -10 2515 3179
 923  77.000 483.000  90 -20 2577 2661
 924 292.000 456.000  90 -30 2529 2668
 925 250.000 217.000  90 -30 2237 2991
 926 484.000 161.000  90 -20 1350 2203
 927  25.000 293.000  90 -20 2667 3420
 928 253.000 382.000  90 -20 2611 3692
 929 369.000 351.000  90 -30  664 1172
 930 243.000  88.000  90 -20 1561 2060
 931 101.000 290.000  90 -20  861 1599
 932 348.000 466.000  90 -30 2360 2967
 933 308.000 235.000  90 -30 2999 3431
 934 245.000 109.000  90 -10 2861 3477
 935 363.000  55.000  90 -20 2681 3445
 936 112.000 243.000  90 -10 2215 2586
 937 302.000 470.000  90 -10 1971 2643
 938 420.000 295.000  90 -10 1530 2135
 939 438.000  60.000  90 -30 1967 2552
 940 358.000 365.000  90 -30 1946 2866
 941 129.000 244.000  90 -20 2767 3210
 942 155.000 447.000  90 -20 2585 2918
 943 317.000 467.000  90 -30  227 1237
 944   5.000 296.000  90 -10 2283 2650
 945 107.000 311.000  90 -20 2603 3183
 946 140.000 252.000  90 -10  653  700
 947 207.000 289.000  90 -20 2787 3367
 948 131.000 267.000  90 -30 2514 2791
 949 232.000 378.000  90 -10 1737 2811
 950 236.000  96.000  90 -20 1612 1756
 951 448.000 297.000  90 -10 2272 3153
 952 206.000 313.000  90 -30 1726 2616
 953 132.000 314.000  90 -10 2679 3690
 954 134.000 265.000  90 -10 2493 2998
 955  95.000 475.000  90 -10 2654 3355
 956 220.000 379.000  90 -30 2158 2790
 957 428.000 384.000  90 -20 2208 2841
 958 446.000  86.000  90 -10 2922 3350
 959 394.000 367.000  90 -30  303  617
 960 194.000 353.000  90 -20 1059 1842
 961 206.000 295.000  90 -10 2802 2975
 962 157.000 192.000  90 -20 2830 3715
 963 348.000  16.000  90 -20 1399 2320
 964  50.000 368.000  90 -20 1648 2474
 965 337.000  63.000  90 -10 1825 2426
 966 305.000 233.000  90 -30 3002 3240
 967  83.000 228.000  90 -10  175 1283
 968  66.000 491.000  90 -30 1642 2658
 969 490.000 159.000  90 -10 1954 2000
 970 315.000  57.000  90 -20 1014 1488
 971 378.000  25.000  90 -20 2086 2890
 972 198.000 334.000  90 -10 1971 2596
 973 220.000 359.000  90 -10 1331 1678
 974  53.000 139.000  90 -10 1093 1494
 975  86.000 361.000  90 -10 3024 3626
 976 362.000  17.000  90 -30 1535 2392
 977 241.000  77.000  90 -20  915 1696
 978 245.000 239.000  90 -20 2708 3319
 979 163.000 277.000  90 -30 2920 3733
 980 280.000 423.000  90 -30  741 1322
 981 243.000 108.000  90 -10 2869 3412
 982  90.000 168.000  90 -10 3003 3317
 983 238.000  84.000  90 -20 1406 2023
 984  54.000 357.000  90 -30 1428 2125
 985  44.000 325.000  90 -20 2974 3547
 986 183.000 340.000  90 -20 2469 3044
 987 166.000 434.000  90 -20 2956 3134
 988 481.000 156.000  90 -10 1244 2116
 989  58.000 364.000  90 -30 2026 2659
 990 402.000 230.000  90 -20 2148 2415
 991 147.000 435.000  90 -20 1855 2527
 992 343.000  27.000  90 -20 1183 1369
 993 137.000 186.000  90 -30 2840 3145
 994  95.000 466.000  90 -10 2567 3559
 995 263.000 351.000  90 -10 1571 1679
 996  89.000 284.000  90 -20 1109 1922
 997 149.000 183.000  90 -30 2911 3466
 998 188.000 356.000  90 -10 1942 1981
 999 218.000  98.000  90 -20 1668 2496
1000 458.000 303.000  90 -20 2315 2906
1001 330.000 259.000  90 -20  834 1788
1002 212.000 215.000  90 -30 3177 3303
1003 204.000 171.000  90 -20  799 1278
1004 184.000 178.000  90 -20 1171 1897
1005 222.000 317.000  90 -40 2381 2609
1006 382.000 245.000  90 -20 2436 3642
1007 290.000 440.000  90 -10 1362 2040
1008 428.000 298.000  90 -20 1356 2111
1009 140.000 265.000  90 -20 1176 2070
1010 420.000 168.000  90 -50 2900 3636
1011 374.000  17.000  90 -10 1406 2604
1012 447.000  88.000  90 -10 2453 3569
1013 326.000 498.000  90 -30  773 1429
1014 428.000 314.000  90 -30  880 1264
1015  53.000 297.000  90 -20 3289 3471
1016  91.000 298.000  90 -10 1598 2587
1017 251.000 376.000  90 -30 2901 3631
1018 347.000  40.000  90 -10  231 1089
1019 250.000 250.000   0   0    0 3914
