508 508 1000 700 1000
   0 250.000 250.000   0   0    0 3914
   1  89.000 284.000  90  20 1436 1596
   2 430.000 298.000  90  10    0 3638
   3 435.000  77.000  90  20    0 3571
   4  25.000 293.000  90  20 2964 3124
   5  43.000 269.000  90  30  687  847
   6 294.000 437.000  90  30  661  821
   7  79.000 479.000  90  30  998 1158
   8 225.000 125.000  90  20  127  287
   9 143.000 266.000  90  10  402  562
  10 252.000 347.000  90  10 2911 3071
  11  67.000 153.000  90  20    0 3617
  12  90.000 168.000  90  20 3080 3240
  13 209.000 358.000  90  30 1477 1637
  14  56.000 388.000  90  20    0 3586
  15  48.000 137.000  90  20    0 3593
  16 220.000 394.000  90  10 2783 2943
  17 436.000  54.000  90  20    0 3554
  18 166.000 452.000  90  20    0 3606
  19  17.000 283.000  90  20    0 3589
  20 196.000 192.000  90  30    0 3745
  21  94.000 275.000  90  10  469  629
  22 326.000  57.000  90  20 1364 1524
  23  95.000 466.000  90  10    0 3559
  24 457.000 160.000  90  10    0 3599
  25 452.000 154.000  90  30  332  492
  26  67.000 387.000  90  10 2376 2536
  27  80.000 281.000  90  10    0 3652
  28  73.000 395.000  90  20 1223 1383
  29 121.000 203.000  90  10    0 3687
  30  78.000 371.000  90  20  220  380
  31 301.000  53.000  90  20  969 1129
  32 491.000 160.000  90  20 1989 2149
  33 277.000 371.000  90  30  595  755
  34 353.000  32.000  90  10    0 3583
  35  59.000 389.000  90  20 1698 1858
  36 414.000  62.000  90  10    0 3575
  37 278.000 357.000  90  10  212  372
  38  74.000 390.000  90  20  797  957
  39 332.000  55.000  90  30  211  371
  40 272.000 365.000  90  30    0 3707
  41  89.000 358.000  90  20    0 3631
  42  66.000 491.000  90  20    0 3521
  43 394.000 367.000  90  30  380  540
  44  58.000 364.000  90  10    0 3601
  45 290.000  75.000  90  20  191  351
  46  29.000 282.000  90  10 1410 1570
  47 418.000 385.000  90  30    0 3609
  48 148.000 225.000  90  40  613  773
  49 266.000 373.000  90  10    0 3700
  50 201.000 273.000  90  30   54  214
  51 255.000 245.000  90  10    7  167
  52  85.000 317.000  90  30    0 3646
  53 128.000 209.000  90  20    0 3696
  54 373.000 364.000  90  20    0 3657
  55 389.000 342.000  90  10 1145 1305
  56 420.000  20.000  90  30  575  735
  57 132.000 218.000  90  10  136  296
  58 406.000 339.000  90  20  295  455
  59  72.000 341.000  90  10    0 3625
  60 169.000 360.000  90  20 2172 2332
  61 311.000 496.000  90  10    0 3571
  62 259.000 243.000  90  20   22  182
  63  63.000 159.000  90  20 1009 1169
  64 448.000 302.000  90  20 2327 2487
  65 343.000  27.000  90  20    0 3583
  66 220.000 359.000  90  30 1424 1584
  67  43.000 355.000  90  20    0 3592
  68 368.000 340.000  90  10  461  621
  69 450.000  72.000  90  10    0 3557
  70 400.000 364.000  90  30  570  730
  71 450.000 153.000  90  20  533  693
  72 380.000 223.000  90  10 1614 1774
  73  54.000 287.000  90  20  209  369
  74 189.000 327.000  90  10  420  580
  75 191.000 309.000  90  10 1430 1590
  76 301.000  67.000  90  40    0 3635
  77 241.000 375.000  90  10    0 3699
  78 428.000  64.000  90  20 1201 1361
  79 403.000 361.000  90  10 1452 1612
  80 131.000 241.000  90  10 3378 3538
  81  25.000 290.000  90  30    0 3596
  82 441.000 157.000  90  10    0 3612
  83 251.000 376.000   0  10 3186 3346
  84 383.000 246.000  90  20    0 3691
  85 352.000  38.000  90  10    0 3589
  86 395.000   1.000  90  30    0 3536
  87 120.000 210.000  90  20 1282 1442
  88 191.000 352.000  90  20    0 3707
  89 470.000 152.000  90  30    0 3584
  90 228.000 124.000  90  20  141  301
  91 331.000 486.000  90  10    0 3575
  92 172.000 435.000  90  30    0 3624
  93 326.000 498.000  90  10 1021 1181
  94 460.000 183.000  90  10    0 3604
  95  95.000 279.000  90  20    0 3667
  96  76.000 456.000  90  30  780  940
  97 152.000 196.000  90  10  212  372
  98 268.000 351.000  90  10    0 3722
  99 360.000 356.000  90  10 2733 2893
 100 262.000 368.000  90  30 1162 1322
 101 139.000 269.000  90  20 1728 1888
 102 483.000 170.000  90  30    0 3578
 103 395.000 378.000  90  10 1636 1796
 104 139.000 262.000  90  30 1450 1610
 105 176.000 447.000  90  20  311  471
 106 351.000  33.000  90  20    0 3585
 107 261.000  96.000  90  40    0 3670
 108 383.000  18.000  90  20 1643 1803
 109 152.000 460.000  90  10    0 3593
 110 337.000 453.000  90  30    0 3604
 111 260.000 104.000  90  20  157  317
 112 394.000 205.000  90  10    0 3674
 113  95.000 294.000  90  10    0 3663
 114 223.000  90.000  90  30 2787 2947
 115  64.000 473.000  90  10    0 3534
 116 261.000  84.000  90  10    0 3658
 117 394.000  10.000  90  40    0 3545
 118 308.000  60.000  90  20  776  936
 119  94.000 456.000  90  20    0 3566
 120  73.000 484.000  90  20    0 3531
 121  78.000 375.000  90  10    0 3612
 122 125.000 181.000  90  20    0 3682
 123 432.000  80.000  90  40  908 1068
 124  72.000 391.000  90  10    0 3597
 125 204.000 371.000  90  30    0 3695
 126  96.000 356.000  90  10  186  346
 127  81.000 283.000  90  10 1624 1784
 128 373.000  22.000  90  10    0 3565
 129 216.000  93.000  90  10    0 3664
 130 305.000 212.000   0  20    0 3758
 131 155.000 198.000  90  30  118  278
 132 152.000 457.000  90  10    0 3595
 133  81.000 373.000  90  10  590  750
 134 163.000 453.000  90  10    0 3604
 135 212.000  71.000  90  20    0 3642
 136 379.000 208.000  90  10  835  995
 137 236.000  95.000  90  30    0 3669
 138 386.000 344.000  90  20    0 3659
 139 296.000 253.000  90  10  834  994
 140  57.000 131.000  90  10    0 3598
 141  94.000 130.000  90  10    0 3628
 142 222.000 356.000  90  20 1608 1768
 143  52.000 484.000  90  10    0 3518
 144 132.000 273.000  90  10 2203 2363
 145 228.000 186.000  90  20  269  429
 146 390.000   9.000  90  30 1263 1423
 147 189.000 368.000  90  20  144  304
 148 397.000  40.000  90  40 2491 2651
 149 408.000 305.000  90  10    0 3657
 150 156.000 434.000  90  10    0 3618
 151 327.000 483.000  90  20 2098 2258
 152 363.000  62.000  90  20    0 3605
 153 375.000 342.000  90  10  939 1099
 154 277.000 431.000  90  30    0 3641
 155  48.000 385.000  90  20 1008 1168
 156 152.000 260.000   0  10    0 3726
 157 255.000 120.000  90  10  130  290
 158 214.000 382.000  90  30    0 3688
 159 414.000 384.000  90  10    0 3613
 160 232.000 378.000  90  20 2194 2354
 161  74.000 360.000  90  40 2856 3016
 162 267.000 260.000  90  20    0 3805
 163 323.000 258.000  90  10    0 3751
 164 231.000  97.000  90  20    0 3670
 165 316.000 234.000  90  10 2661 2821
 166 207.000 196.000  90  20 2565 2725
 167 321.000 228.000  90  30    0 3750
 168  95.000 243.000  90  20    0 3669
 169 297.000 430.000  90  20  378  538
 170 280.000 351.000  90  30  116  276
 171 241.000  77.000  90  30 1225 1385
 172 420.000  95.000  90  30  345  505
 173 111.000 279.000  90  30  141  301
 174 279.000 369.000  90  10    0 3702
 175 275.000 448.000  90  10    0 3625
 176 370.000 353.000  90  10  746  906
 177 332.000 486.000  90  20 1912 2072
 178  55.000 282.000  90  40  305  465
 179 317.000 467.000  90  20    0 3597
 180 335.000  54.000  90  30 1853 2013
 181 132.000 314.000  90  30    0 3690
 182 328.000 216.000  90  10    0 3739
 183 370.000  55.000   0  10 2886 3046
 184 258.000 350.000  90  20 1822 1982
 185 211.000 188.000   0  10    0 3751
 186 178.000 441.000  90  20    0 3620
 187 232.000  85.000  90  10 2309 2469
 188 137.000 227.000  90  20    0 3709
 189 161.000 203.000  90  20  100  260
 190 274.000 248.000  90  20    0 3800
 191 156.000 421.000  90  30    0 3629
 192 346.000 211.000  90  10    0 3721
 193 265.000 358.000  90  20 1352 1512
 194  96.000 407.000  90  20    0 3605
 195 361.000 337.000  90  50  363  523
 196 481.000 156.000  90  20 1600 1760
 197 188.000 293.000  90  30    0 3749
 198  76.000 408.000  90  30    0 3589
 199 185.000 301.000  90  20 1330 1490
 200 265.000  94.000  90  10  258  418
 201 293.000  81.000  90  10  174  334
 202 259.000  88.000  90  20    0 3662
 203 362.000  17.000  90  10    0 3566
 204 320.000 258.000  90  20  564  724
 205  59.000 358.000  90  20 2358 2518
 206 316.000 453.000  90  20  224  384
 207 225.000 192.000  90  20   74  234
 208 140.000 206.000  90  30    0 3706
 209  83.000 151.000  90  10    0 3630
 210 108.000 245.000  90  20    0 3682
 211 129.000 267.000  90  10 2480 2640
 212  57.000 379.000  90  20  907 1067
 213  76.000 391.000  90  30    0 3601
 214 330.000 259.000  90  30 1231 1391
 215 136.000 217.000  90  30    0 3706
 216 165.000 333.000  90  20    0 3706
 217 412.000 361.000  90  10 1748 1908
 218 259.000  90.000  90  30    0 3664
 219 265.000  77.000   0  20    0 3651
 220 460.000 173.000  90  20 2887 3047
 221  96.000 152.000  90  20    0 3642
 222 425.000  85.000  90  10    0 3584
 223 336.000   7.000  90  10    0 3567
 224 341.000  37.000  90  20  434  594
 225 406.000  37.000  90  40  275  435
 226  80.000 376.000  90  40  407  567
 227 209.000 201.000  90  30 2753 2913
 228  88.000 379.000  90  20  689  849
 229 352.000 500.000  90  30 1505 1665
 230 345.000  15.000  90  20    0 3571
 231  52.000 369.000  90  30 2073 2233
 232 430.000 310.000   0  30    0 3635
 233 229.000 214.000  90  20   41  201
 234 197.000 301.000  90  10    0 3751
 235 401.000 368.000  90  20  664  824
 236 374.000  55.000  90  30 2792 2952
 237 325.000 490.000  90  10    0 3573
 238  59.000 159.000  90  10    0 3613
 239 186.000 177.000  90  20 1361 1521
 240  26.000 269.000  90  30    0 3600
 241 301.000 247.000  90  10    0 3773
 242 235.000  81.000  90  20    0 3655
 243 261.000 370.000  90  30 1069 1229
 244  44.000 153.000  90  30    0 3597
 245 263.000 351.000  90  10 1545 1705
 246 444.000 157.000  90  10  215  375
 247 446.000 297.000  90  10 2232 2392
 248 318.000 493.000  90  10  825  985
 249 399.000 352.000  90  10 1260 1420
 250 107.000 225.000  90  30  440  600
 251 399.000 379.000  90  20 2960 3120
 252  79.000 346.000  90  10    0 3628
 253 360.000 338.000  90  10  272  432
 254 207.000 337.000  90  20    0 3727
 255 409.000 361.000  90  30    0 3631
 256 206.000 377.000  90  20  559  719
 257  74.000 374.000  90  20    0 3609
 258 408.000  20.000  90  30    0 3545
 259 420.000 308.000  90  30  709  869
 260 204.000 171.000  90  20    0 3733
 261 190.000 332.000  90  20    0 3723
 262 274.000 231.000  90  30    0 3794
 263 207.000 194.000  90  10    0 3754
 264 315.000 232.000  90  10    0 3757
 265 425.000  87.000  90  20  444  604
 266 312.000  64.000  90  20  582  742
 267 129.000 244.000  90  30 2908 3068
 268 351.000  75.000  90  10    0 3622
 269 185.000 293.000  90  10    0 3747
 270 364.000 364.000  90  20    0 3663
 271 432.000 369.000  90  10    0 3607
 272 128.000 249.000  90  20    0 3702
 273 194.000 296.000  90  20    0 3752
 274 413.000 350.000  90  10    0 3633
 275 379.000 229.000  90  10 1045 1205
 276 226.000 120.000  90  30    0 3692
 277 238.000  84.000  90  10 1634 1794
 278  95.000 160.000  90  10    0 3645
 279 103.000 266.000  90  30 1062 1222
 280 147.000 199.000  90  30  308  468
 281 210.000  98.000  90  10    0 3667
 282 296.000 232.000  90  10 1268 1428
 283  87.000 369.000  90  10  201  361
 284 247.000  88.000  90  30 1924 2084
 285 394.000 356.000  90  30    0 3646
 286 192.000 306.000  90  20 1523 1683
 287  16.000 285.000  90  30 2492 2652
 288 389.000 221.000   0  10    0 3683
 289 129.000 264.000  90  20    0 3703
 290 263.000  91.000  90  20    0 3665
 291 401.000  15.000  90  20  685  845
 292 247.000  89.000  90  20 2015 2175
 293 366.000 341.000  90  20  553  713
 294 392.000 213.000  90  20 2092 2252
 295 167.000 304.000  90  20  207  367
 296 477.000 154.000  90  10 1506 1666
 297 140.000 220.000  90  30    0 3710
 298 144.000 266.000  90  30  311  471
 299 368.000 325.000  90  30  139  299
 300 202.000 386.000  90  20    0 3680
 301 325.000 246.000  90  10 1520 1680
 302 440.000 295.000  90  30 2136 2296
 303  77.000 287.000  90  10 1905 2065
 304 187.000 362.000  90  20    0 3696
 305 405.000   5.000  90  20  786  946
 306 212.000 168.000  90  20  860 1020
 307  71.000 139.000  90  30  807  967
 308  46.000 277.000  90  10  589  749
 309 393.000  13.000  90  20 1358 1518
 310 426.000 279.000  90  30 3112 3272
 311 200.000 297.000  90  30  553  713
 312 265.000 218.000   0  20 2429 2589
 313 398.000 231.000  90  20 2296 2456
 314  99.000 307.000  90  20    0 3663
 315  44.000 279.000  90  10    0 3616
 316 200.000 182.000  90  10    0 3740
 317  62.000 301.000  90  20    0 3630
 318 112.000 251.000  90  10    0 3686
 319 184.000 354.000  90  30    0 3701
 320 211.000 180.000  90  20  758  918
 321 114.000 169.000  90  20 2612 2772
 322 117.000 204.000  90  30    0 3684
 323 169.000 443.000  90  30  500  660
 324 212.000  96.000  90  10    0 3666
 325 119.000 285.000  90  40    0 3689
 326  71.000 163.000  90  20    0 3625
 327  90.000 391.000  90  10  541  701
 328 363.000 351.000  90  20 2923 3083
 329 405.000  47.000  90  10  255  415
 330 261.000 371.000  90  20    0 3703
 331 302.000 470.000  90  20 2227 2387
 332 373.000 205.000  90  40    0 3694
 333 381.000  20.000  90  20 1828 1988
 334  46.000 341.000  90  10    0 3601
 335  61.000 437.000  90  20  265  425
 336 384.000 206.000  90  20  739  899
 337 232.000  87.000  90  30    0 3661
 338  59.000 471.000  90  20    0 3532
 339 174.000 304.000  90  20  110  270
 340 106.000 248.000  90  20    0 3680
 341 206.000 313.000  90  20 2091 2251
 342 412.000 367.000  90  20  960 1120
 343 329.000 459.000  90  10    0 3601
 344 177.000 436.000  90  20  199  359
 345 266.000 264.000   0  30    0 3803
 346  49.000 136.000  90  10 1705 1865
 347 428.000 384.000  90  10    0 3602
 348 220.000 362.000  90  20 1331 1491
 349 365.000 360.000  90  20    0 3665
 350 107.000 168.000  90  20    0 3660
 351 220.000 177.000  90  20    0 3746
 352 383.000 351.000  90  20  167  327
 353 289.000 240.000   0  20    0 3784
 354 387.000  21.000  90  10 1548 1708
 355  50.000 368.000   0  30    0 3592
 356 121.000 249.000  90  20    0 3695
 357  77.000 360.000  90  10    0 3619
 358 447.000 102.000  90  10    0 3578
 359 319.000  77.000  90  30    0 3638
 360 448.000 297.000  90  10    0 3621
 361 386.000  28.000  90  20 2507 2667
 362 387.000 224.000  90  30 1517 1677
 363  96.000 377.000  90  10    0 3625
 364 211.000 107.000  90  10  531  691
 365 369.000 351.000  90  20    0 3668
 366 388.000 228.000  90  10 1235 1395
 367 325.000 228.000  90  20 1810 1970
 368 420.000  78.000  90  20    0 3583
 369 396.000   4.000  90  10    0 3538
 370 389.000 198.000  90  20  543  703
 371 322.000 454.000  90  20    0 3608
 372 256.000 117.000  90  20    0 3691
 373 298.000 255.000  90  10    0 3776
 374 345.000 496.000  90  20    0 3561
 375 319.000 257.000  90  20    0 3755
 376 317.000 251.000  90  30  940 1100
 377 279.000 436.000  90  20    0 3636
 378 263.000 372.000  90  10  886 1046
 379  50.000 347.000  90  10    0 3602
 380 275.000 236.000  90  20    0 3796
 381  69.000 475.000  90  30 1189 1349
 382  54.000 372.000  90  20 1991 2151
 383 380.000 228.000  90  30    0 3693
 384 425.000 118.000  90  10  219  379
 385  67.000 463.000  90  30  584  744
 386  40.000 378.000  90  20    0 3579
 387 266.000 250.000  90  10  409  569
 388 457.000 142.000  90  20  829  989
 389 174.000 444.000  90  10    0 3616
 390  94.000 247.000  90  30  853 1013
 391 320.000 225.000  90  20    0 3750
 392 155.000 447.000  90  20 2672 2832
 393 297.000 442.000  90  20 1812 1972
 394 438.000  60.000  90  30    0 3557
 395  80.000 374.000  90  20    0 3614
 396 414.000  66.000  90  30 1592 1752
 397 133.000 278.000  90  10    0 3704
 398 446.000 169.000  90  10    0 3612
 399 188.000 356.000  90  20    0 3702
 400  69.000 485.000  90  10    0 3528
 401  54.000 446.000  90  20    0 3547
 402 196.000 302.000  90  20    0 3750
 403 101.000 295.000  90  30    0 3669
 404 215.000 108.000  90  20 2760 2920
 405 283.000 425.000  90  20    0 3646
 406 105.000 317.000  90  10    0 3665
 407 417.000  56.000  90  20    0 3569
 408 310.000 484.000  90  30  626  786
 409  47.000 280.000  90  10  403  563
 410  57.000 456.000  90  20  388  548
 411 313.000 266.000  90  20  373  533
 412 475.000 145.000  90  30    0 3576
 413 500.000 162.000  90  20 2088 2248
 414  56.000 287.000  90  20    0 3627
 415 378.000 326.000  90  30  160  320
 416 197.000 350.000  90  30 1186 1346
 417 101.000 290.000  90  20 1150 1310
 418 351.000 480.000  90  30    0 3573
 419 292.000 456.000  90  20    0 3614
 420 103.000 251.000  90  10    0 3677
 421 101.000 263.000  90  20    0 3675
 422 141.000 454.000  90  20 1686 1846
 423 146.000 461.000  90  20 1497 1657
 424 298.000 430.000  90  30  469  629
 425 148.000 270.000  90  10  119  279
 426  76.000 287.000  90  20 1814 1974
 427 308.000  55.000  90  30  871 1031
 428 204.000 291.000  90  20    0 3763
 429  69.000 383.000  90  10    0 3600
 430 431.000 301.000  90  10    0 3636
 431 448.000  94.000  90  20    0 3572
 432 108.000 222.000  90  10    0 3680
 433 341.000  26.000  90  10    0 3583
 434  63.000 454.000  90  10    0 3548
 435 222.000 357.000  90  30    0 3714
 436 127.000 278.000  90  10 2106 2266
 437 140.000 252.000  90  20    0 3714
 438 216.000 300.000   0  30    0 3764
 439 184.000 178.000  90  10 1454 1614
 440 150.000 435.000  90  20    0 3614
 441 395.000 365.000  90  30    0 3639
 442 208.000 371.000  90  20  655  815
 443 190.000 292.000  90  10  745  905
 444  78.000 479.000  90  30 1089 1249
 445 104.000 198.000  90  20    0 3670
 446 346.000  13.000  90  20 1686 1846
 447  47.000 388.000  90  20 1193 1353
 448 315.000  57.000  90  20    0 3621
 449 216.000 374.000  90  30 1035 1195
 450 326.000 253.000  90  10 1039 1199
 451 118.000 223.000  90  10  339  499
 452  95.000 395.000  90  30    0 3612
 453 468.000 135.000  90  10  932 1092
 454 351.000  31.000  90  20  813  973
 455 195.000 300.000  90  10    0 3750
 456 397.000  27.000  90  20    0 3557
 457 179.000 311.000  90  10    0 3731
 458 221.000  87.000  90  20 1403 1563
 459 176.000 358.000  90  10 2075 2235
 460 272.000 246.000  90  10  218  378
 461 293.000  67.000  90  20    0 3637
 462 140.000 265.000  90  40 1543 1703
 463 238.000  83.000  90  20    0 3657
 464 290.000 440.000  90  40 1621 1781
 465 290.000 425.000  90  30  280  440
 466 124.000 247.000  90  20    0 3698
 467 442.000 287.000  90  30    0 3629
 468 405.000  24.000  90  10  378  538
 469 211.000  97.000  90  20  812  972
 470  37.000 295.000  90  20    0 3607
 471 186.000 372.000  90  20    0 3687
 472 293.000 249.000  90  10    0 3781
 473  96.000 269.000  90  10    0 3669
 474 189.000 338.000  90  10 2954 3114
 475 163.000 277.000  90  10    0 3733
 476   5.000 296.000   0  10    0 3575
 477 152.000 478.000  90  20    0 3576
 478 366.000  34.000  90  10 2086 2246
 479 241.000 362.000   0  10 2410 2570
 480 264.000 365.000  90  10    0 3709
 481  78.000 141.000  90  30    0 3621
 482 196.000 348.000  90  10    0 3713
 483 444.000 309.000  90  20 2425 2585
 484 313.000 263.000  90  20    0 3760
 485 211.000 198.000  90  30 2660 2820
 486 314.000 436.000  90  10 2101 2261
 487 197.000 178.000  90  20    0 3735
 488  60.000 497.000  90  10    0 3513
 489 197.000 351.000  90  20 1277 1437
 490 297.000 250.000  90  30    0 3777
 491  11.000 269.000  90  10 1110 1270
 492 386.000 213.000  90  20 1996 2156
 493 292.000 434.000  90  10  755  915
 494 436.000 301.000  90  20    0 3632
 495 145.000 221.000  90  20    0 3716
 496  59.000 128.000  90  20 1496 1656
 497 489.000 150.000   0  50    0 3565
 498 152.000 225.000  90  30  994 1154
 499 426.000  85.000  90  10    0 3583
 500 415.000  73.000  90  20 1495 1655
 501 320.000 476.000  90  30    0 3588
 502  57.000 132.000  90  10 1312 1472
 503 405.000 311.000  90  30    0 3658
 504 109.000 250.000  90  10 1540 1700
 505 428.000 314.000  90  20    0 3635
 506  40.000 288.000  90  20 1793 1953
 507 298.000 456.000  90  30    0 3613
 508 208.000 101.000  90  10    0 3670
 509  91.000 303.000  90 -20    0 3657
 510 440.000 302.000  90 -10    0 3628
 511 283.000 229.000  90 -20    0 3785
 512  53.000 297.000  90 -20    0 3622
 513  32.000 256.000  90 -30  901 1061
 514 277.000 434.000  90 -30 1427 1587
 515  52.000 469.000  90 -30 1387 1547
 516 223.000 114.000  90 -20  332  492
 517 143.000 257.000  90 -10  501  661
 518 260.000 330.000  90 -10 3203 3363
 519  43.000 125.000  90 -20 1603 1763
 520 173.000 208.000  90 -20    0 3737
 521 254.000 357.000  90 -30    0 3717
 522  50.000 383.000  90 -20 1889 2049
 523 126.000 188.000  90 -20    0 3686
 524 253.000 382.000  90 -10 3090 3250
 525 437.000  61.000  90 -20    0 3559
 526 166.000 464.000  90 -20    0 3595
 527  16.000 280.000  90 -20    0 3589
 528 202.000 198.000  90 -30    0 3754
 529  90.000 277.000  90 -10  662  822
 530 335.000  52.000  90 -20    0 3609
 531 142.000 457.000  90 -10    0 3591
 532 456.000 154.000  90 -10    0 3597
 533 465.000 176.000  90 -30    0 3597
 534 109.000 325.000  90 -10    0 3665
 535 179.000 284.000  90 -10    0 3746
 536  66.000 391.000  90 -20    0 3593
 537 110.000 199.000  90 -10    0 3675
 538  78.000 361.000  90 -20    0 3620
 539 311.000  47.000  90 -20    0 3613
 540 475.000 156.000  90 -20    0 3581
 541 261.000 350.000  90 -30    0 3724
 542 365.000  18.000  90 -10    0 3566
 543  54.000 357.000  90 -20    0 3601
 544 432.000  87.000  90 -10 2858 3018
 545 170.000 338.000  90 -10 2284 2444
 546  46.000 383.000  90 -20    0 3581
 547 347.000  21.000  90 -30 1386 1546
 548 278.000 329.000  90 -30    0 3741
 549  86.000 359.000  90 -20    0 3628
 550  70.000 482.000  90 -20 2351 2511
 551 358.000 365.000  90 -30 2326 2486
 552  56.000 357.000  90 -10    0 3603
 553 430.000  86.000  90 -20    0 3581
 554  39.000 278.000  90 -10 1601 1761
 555 341.000 367.000  90 -30    0 3676
 556 140.000 180.000  90 -40    0 3694
 557 188.000 330.000  90 -10    0 3723
 558 222.000 381.000  90 -30    0 3691
 559 314.000 279.000  90 -10  270  430
 560  83.000 282.000  90 -30 1532 1692
 561 200.000 195.000  90 -20    0 3750
 562 358.000 359.000  90 -20    0 3671
 563 372.000 354.000  90 -10    0 3664
 564 440.000  70.000  90 -30 2371 2531
 565 110.000 241.000  90 -10    0 3684
 566 419.000 310.000  90 -20    0 3645
 567  98.000 286.000  90 -10    0 3668
 568 200.000 327.000  90 -20 3150 3310
 569 348.000 466.000  90 -10    0 3587
 570 317.000 234.000  90 -20 2479 2639
 571  59.000 163.000  90 -20 2311 2471
 572 441.000 287.000  90 -20    0 3630
 573 347.000  23.000  90 -20    0 3578
 574 239.000 369.000  90 -30 1811 1971
 575  67.000 377.000  90 -20    0 3602
 576 404.000 310.000  90 -10    0 3659
 577 432.000 105.000  90 -10    0 3592
 578 404.000 346.000  90 -30    0 3643
 579 449.000 140.000  90 -20  730  890
 580 385.000 235.000  90 -10 2581 2741
 581  32.000 247.000  90 -20  802  962
 582 194.000 353.000  90 -10    0 3707
 583 209.000 307.000  90 -10 1811 1971
 584 344.000  46.000  90 -40 1660 1820
 585 250.000 367.000  90 -10 2113 2273
 586 443.000  70.000  90 -20 2464 2624
 587 367.000 358.000  90 -10 2133 2293
 588 155.000 242.000  90 -10    0 3729
 589  44.000 325.000  90 -30 3181 3341
 590 471.000 154.000  90 -10    0 3584
 591 251.000 376.000  90 -10 3186 3346
 592 323.000 229.000  90 -20    0 3749
 593 342.000  52.000  90 -10    0 3606
 594 378.000  25.000  90 -30 2408 2568
 595 131.000 207.000  90 -20    0 3698
 596 205.000 343.000  90 -20  902 1062
 597 466.000 169.000  90 -30 2502 2662
 598 236.000  96.000  90 -20 1604 1764
 599 345.000 468.000  90 -10 2677 2837
 600 168.000 433.000  90 -30 3156 3316
 601 355.000 480.000  90 -10    0 3572
 602 367.000 239.000  90 -10    0 3707
 603  96.000 292.000  90 -20  862 1022
 604  87.000 481.000  90 -30 2733 2893
 605 149.000 183.000  90 -10 3108 3268
 606 275.000 431.000  90 -10    0 3642
 607 366.000 352.000  90 -10 2830 2990
 608 236.000 361.000  90 -30    0 3713
 609 138.000 276.000  90 -20 1915 2075
 610 396.000 234.000  90 -30    0 3678
 611 400.000 376.000  90 -10    0 3629
 612 138.000 272.000  90 -30 1821 1981
 613 160.000 431.000  90 -20    0 3622
 614 378.000  46.000  90 -20    0 3584
 615 243.000  88.000  90 -40 1731 1891
 616 382.000  17.000  90 -20 1734 1894
 617 151.000 462.000  90 -10 1402 1562
 618 290.000 417.000  90 -30    0 3653
 619 250.000  72.000  90 -20 1125 1285
 620 382.000 213.000  90 -10 1715 1875
 621 106.000 295.000  90 -10    0 3674
 622 221.000 102.000  90 -30 2858 3018
 623  54.000 485.000  90 -10 1773 1933
 624 325.000  75.000  90 -10 2370 2530
 625 384.000  24.000  90 -40 2601 2761
 626 323.000  60.000  90 -20    0 3621
 627 234.000 383.000  90 -20    0 3691
 628 233.000 441.000  90 -20    0 3633
 629  90.000 298.000  90 -10 2104 2264
 630 204.000 189.000  90 -20    0 3748
 631 427.000  64.000  90 -40 1292 1452
 632  86.000 361.000  90 -10 3347 3507
 633 239.000 373.000  90 -30 1905 2065
 634  71.000 388.000  90 -10    0 3598
 635 107.000 311.000  90 -10 2813 2973
 636 395.000  30.000  90 -10 2796 2956
 637 216.000  96.000  90 -10    0 3667
 638 305.000 212.000  90 -20    0 3758
 639 151.000 214.000  90 -30  511  671
 640 149.000 434.000  90 -10    0 3615
 641 102.000 289.000  90 -10 1242 1402
 642 125.000 444.000  90 -10 1997 2157
 643 213.000  76.000  90 -20    0 3647
 644 363.000 212.000  90 -10 3274 3434
 645 230.000 105.000  90 -30    0 3678
 646 384.000 346.000  90 -20 1331 1491
 647 272.000 212.000  90 -10 2330 2490
 648 138.000 196.000  90 -10    0 3700
 649  77.000 172.000  90 -10 2976 3136
 650 255.000 371.000  90 -20 2209 2369
 651  77.000 483.000  90 -10    0 3534
 652 132.000 272.000  90 -10    0 3704
 653 224.000  93.000  90 -20 2191 2351
 654 391.000  23.000  90 -30    0 3557
 655 214.000 372.000  90 -20    0 3697
 656 390.000  42.000  90 -40 2588 2748
 657 412.000 300.000  90 -10  515  675
 658 166.000 434.000  90 -10 2965 3125
 659 314.000 449.000  90 -20    0 3615
 660 266.000 231.000  90 -20    0 3800
 661 401.000 385.000  90 -10    0 3622
 662 280.000 423.000  90 -30    0 3649
 663  71.000 368.000  90 -20    0 3610
 664 152.000 260.000  90 -10    0 3726
 665 317.000  62.000  90 -10    0 3625
 666 241.000 391.000  90 -30 2985 3145
 667 391.000 373.000  90 -10    0 3637
 668 216.000 380.000  90 -20 2300 2460
 669  73.000 360.000  90 -40    0 3616
 670 386.000 361.000  90 -20 1527 1687
 671 325.000 251.000  90 -10 1425 1585
 672 245.000 109.000  90 -20    0 3683
 673 308.000 235.000  90 -10 3135 3295
 674 199.000 200.000  90 -20 2945 3105
 675 308.000 232.000  90 -30 2948 3108
 676 101.000 237.000  90 -20 1831 1991
 677 300.000 443.000  90 -20 1996 2156
 678 189.000 339.000  90 -30 2863 3023
 679 310.000  81.000  90 -30    0 3645
 680 253.000 244.000  90 -30    0 3818
 681 141.000 267.000  90 -30    0 3714
 682 277.000 369.000  90 -10    0 3702
 683 247.000 447.000  90 -10    0 3627
 684 434.000 377.000  90 -10    0 3601
 685 336.000 479.000  90 -20    0 3580
 686  36.000 284.000  90 -40    0 3608
 687 329.000 471.000  90 -20 2783 2943
 688 447.000  88.000  90 -30 2963 3123
 689 198.000 284.000  90 -30    0 3762
 690 371.000 207.000  90 -10  241  401
 691 370.000  55.000  90 -10 2886 3046
 692 259.000 355.000  90 -20 1917 2077
 693 211.000 188.000  90 -10    0 3751
 694 172.000 483.000  90 -20  904 1064
 695 226.000  86.000  90 -10 2595 2755
 696 101.000 179.000  90 -20 2412 2572
 697 157.000 192.000  90 -20 3210 3370
 698 268.000 235.000  90 -20 1842 2002
 699 222.000 317.000  90 -30    0 3752
 700 377.000 246.000  90 -10 3054 3214
 701 173.000 328.000  90 -20 2481 2641
 702  67.000 357.000  90 -20 3044 3204
 703 391.000 334.000  90 -50 1047 1207
 704 453.000 164.000  90 -20    0 3604
 705 211.000 308.000  90 -30    0 3755
 706  88.000 394.000  90 -30    0 3608
 707 206.000 295.000  90 -20 2809 2969
 708 241.000  98.000  90 -10    0 3672
 709 334.000  47.000  90 -10  331  491
 710 253.000  81.000  90 -20    0 3655
 711 389.000  33.000  90 -10    0 3567
 712 321.000 224.000  90 -20 2106 2266
 713  66.000 359.000  90 -20 3157 3317
 714 340.000 449.000  90 -20    0 3606
 715 221.000 179.000  90 -20  369  529
 716 189.000 200.000  90 -30 1989 2149
 717  80.000 141.000  90 -10  494  654
 718 119.000 232.000  90 -20 1939 2099
 719 131.000 253.000  90 -10    0 3705
 720  75.000 379.000  90 -20    0 3607
 721  66.000 397.000  90 -30    0 3589
 722 326.000 241.000  90 -30 1615 1775
 723 107.000 221.000  90 -30    0 3679
 724 194.000 301.000  90 -20    0 3749
 725 361.000 349.000  90 -10 3016 3176
 726 238.000  57.000  90 -30    0 3631
 727 265.000  77.000  90 -20    0 3651
 728 440.000 173.000  90 -20 3282 3442
 729  53.000 139.000  90 -20    0 3598
 730 420.000 168.000  90 -10 3393 3553
 731 361.000  15.000  90 -10 2118 2278
 732 356.000  28.000  90 -20 1000 1160
 733 429.000  80.000  90 -40    0 3578
 734 153.000 295.000  90 -40 3382 3542
 735 203.000 203.000  90 -30    0 3758
 736  67.000 380.000  90 -20    0 3600
 737 290.000 416.000  90 -30    0 3654
 738 363.000  55.000  90 -20 2983 3143
 739  50.000 343.000  90 -30    0 3604
 740 430.000 310.000  90 -30    0 3635
 741 245.000 239.000  90 -20 2933 3093
 742 199.000 305.000  90 -10    0 3749
 743 418.000 355.000  90 -20 2037 2197
 744 366.000  57.000  90 -30 3076 3236
 745 328.000 498.000  90 -10    0 3565
 746  65.000 164.000  90 -10 2595 2755
 747 167.000 169.000  90 -20 1654 1814
 748  29.000 302.000  90 -30 2085 2245
 749 280.000 224.000  90 -10 2226 2386
 750 244.000  94.000  90 -20 1795 1955
 751 183.000 340.000  90 -30    0 3712
 752  61.000 170.000  90 -30    0 3619
 753 184.000 340.000  90 -10 2768 2928
 754 467.000 157.000  90 -10    0 3588
 755 429.000 282.000  90 -10 3018 3178
 756 346.000 487.000  90 -10 1808 1968
 757 413.000 353.000  90 -10 1650 1810
 758 104.000 246.000  90 -30 1353 1513
 759 378.000 363.000  90 -20    0 3654
 760 117.000 319.000  90 -10    0 3675
 761 366.000 346.000  90 -10    0 3674
 762 221.000 374.000  90 -20    0 3697
 763 410.000 364.000  90 -30 1842 2002
 764 234.000 350.000  90 -20 2617 2777
 765  74.000 363.000  90 -20    0 3615
 766 426.000  80.000  90 -30    0 3580
 767 448.000 295.000  90 -30    0 3621
 768 224.000  96.000  90 -20    0 3668
 769 206.000 326.000  90 -20    0 3737
 770 272.000 233.000  90 -30    0 3797
 771 196.000 219.000  90 -10 3054 3214
 772 272.000 243.000  90 -10    0 3801
 773 393.000   2.000  90 -20  979 1139
 774 329.000  48.000  90 -20 1555 1715
 775 128.000 240.000  90 -30 3285 3445
 776 356.000  77.000  90 -10 2249 2409
 777 198.000 334.000  90 -10 2203 2363
 778 353.000 346.000  90 -20    0 3684
 779 434.000 382.000  90 -10    0 3598
 780 118.000 214.000  90 -20    0 3688
 781 206.000 312.000  90 -20 2000 2160
 782 346.000 344.000  90 -10 3212 3372
 783 379.000 245.000  90 -10 2773 2933
 784 236.000  92.000  90 -30 2210 2370
 785 316.000  80.000  90 -10    0 3642
 786  77.000 133.000  90 -10  709  869
 787 152.000 241.000  90 -30    0 3726
 788 125.000 226.000  90 -30 1389 1549
 789 229.000  78.000  90 -10 2496 2656
 790 272.000 228.000  90 -10 2033 2193
 791  73.000 303.000  90 -10    0 3640
 792 312.000  74.000  90 -30    0 3638
 793 393.000 368.000  90 -30    0 3639
 794 201.000 307.000  90 -20    0 3749
 795  35.000 308.000  90 -30 3072 3232
 796 389.000 221.000  90 -10    0 3683
 797 129.000 255.000  90 -20    0 3703
 798 245.000  96.000  90 -20    0 3670
 799 374.000  17.000  90 -20    0 3561
 800 308.000  82.000  90 -20    0 3647
 801 404.000 378.000  90 -20    0 3624
 802 382.000 245.000  90 -20 2959 3119
 803 257.000 336.000  90 -20    0 3738
 804 490.000 159.000  90 -10 1897 2057
 805 112.000 208.000  90 -30 1601 1761
 806 125.000 212.000  90 -30    0 3694
 807 420.000 311.000  90 -30  893 1053
 808 244.000 371.000  90 -20 2310 2470
 809 319.000 229.000  90 -10    0 3752
 810 410.000 287.000  90 -30    0 3660
 811  91.000 298.000  90 -10 2013 2173
 812 203.000 369.000  90 -20  841 1001
 813 385.000  28.000  90 -20    0 3565
 814 218.000  98.000  90 -20 2002 2162
 815  30.000 162.000  90 -30    0 3588
 816  13.000 266.000  90 -10    0 3587
 817 366.000  16.000  90 -20    0 3563
 818 428.000 292.000  90 -30    0 3642
 819 176.000 296.000  90 -30 1230 1390
 820 265.000 218.000  90 -20 2429 2589
 821 368.000 219.000  90 -20    0 3702
 822 175.000 282.000  90 -20    0 3743
 823  23.000 306.000  90 -10 2182 2342
 824 173.000 169.000  90 -10 1558 1718
 825 114.000 296.000  90 -20    0 3681
 826 116.000 255.000  90 -10    0 3690
 827 200.000 342.000  90 -30  997 1157
 828 184.000 188.000  90 -20 1260 1420
 829 217.000 189.000  90 -20    0 3755
 830 220.000 192.000  90 -30    0 3759
 831 116.000 446.000  90 -30 1898 2058
 832 219.000  89.000  90 -10 2692 2852
 833 131.000 269.000  90 -40    0 3704
 834  63.000 166.000  90 -20    0 3619
 835  88.000 390.000  90 -10    0 3610
 836 281.000 279.000  90 -20    0 3782
 837 438.000  72.000  90 -10 1098 1258
 838 218.000 298.000  90 -20    0 3767
 839 284.000 360.000  90 -20    0 3709
 840 382.000 197.000  90 -40    0 3682
 841 347.000  40.000  90 -20    0 3593
 842  65.000 357.000  90 -10    0 3611
 843  80.000 398.000  90 -20    0 3599
 844 293.000 245.000  90 -20    0 3781
 845 231.000  81.000  90 -30 2403 2563
 846  69.000 493.000  90 -20 1977 2137
 847  35.000 358.000  90 -20    0 3584
 848 118.000 256.000  90 -20    0 3692
 849 201.000 331.000  90 -20    0 3730
 850 377.000 356.000  90 -20    0 3659
 851 349.000 476.000  90 -10    0 3578
 852 191.000 397.000  90 -20    0 3666
 853 266.000 264.000  90 -30    0 3803
 854  50.000 138.000  90 -10    0 3595
 855 403.000 390.000  90 -10 2560 2720
 856 233.000 346.000  90 -20 2711 2871
 857 359.000 371.000  90 -20    0 3662
 858 137.000 186.000  90 -20 2912 3072
 859 212.000 101.000  90 -20    0 3671
 860 402.000 362.000  90 -20    0 3636
 861 289.000 240.000  90 -20    0 3784
 862 335.000  64.000  90 -10    0 3620
 863  50.000 368.000  90 -30    0 3592
 864 125.000 245.000  90 -20 3002 3162
 865  69.000 346.000  90 -10    0 3620
 866 448.000 103.000  90 -10    0 3578
 867 259.000  76.000  90 -30    0 3650
 868 406.000 286.000  90 -10 3314 3474
 869 392.000  31.000  90 -20 2890 3050
 870 384.000 217.000  90 -30 1809 1969
 871  47.000 389.000  90 -10 1102 1262
 872 204.000  90.000  90 -10 1094 1254
 873 386.000 357.000  90 -20 1433 1593
 874 386.000 218.000  90 -10 1901 2061
 875 302.000 235.000  90 -20    0 3770
 876 446.000  86.000  90 -20 3056 3216
 877 390.000  17.000  90 -10    0 3553
 878 388.000 220.000  90 -20    0 3683
 879 338.000 489.000  90 -20 1308 1468
 880 322.000  78.000  90 -20 2464 2624
 881 253.000 241.000  90 -10 2835 2995
 882 347.000 479.000  90 -20 2389 2549
 883 316.000 254.000  90 -20    0 3758
 884 305.000 233.000  90 -30 3041 3201
 885 291.000 450.000  90 -20 2705 2865
 886 180.000 335.000  90 -10    0 3714
 887  95.000 356.000  90 -10 3447 3607
 888 389.000 233.000  90 -20    0 3684
 889  67.000 485.000  90 -30 2166 2326
 890  57.000 367.000  90 -20 2169 2329
 891 354.000 219.000  90 -30 3375 3535
 892 254.000 238.000  90 -10    0 3812
 893  85.000 486.000  90 -30    0 3537
 894  51.000 364.000  90 -20 1887 2047
 895 283.000 248.000  90 -10    0 3791
 896 475.000 136.000  90 -20 1029 1189
 897 149.000 444.000  90 -10    0 3606
 898 116.000 259.000  90 -30 2613 2773
 899 317.000 235.000  90 -20 2570 2730
 900 157.000 436.000  90 -20    0 3617
 901 299.000 442.000  90 -20 1904 2064
 902 441.000  63.000  90 -30    0 3557
 903  83.000 301.000  90 -20    0 3650
 904 278.000 230.000  90 -30    0 3790
 905 134.000 265.000  90 -10 2666 2826
 906 402.000 230.000  90 -10    0 3671
 907 210.000 359.000  90 -20 1568 1728
 908  95.000 475.000  90 -10    0 3551
 909  59.000 480.000  90 -20 1583 1743
 910 249.000 251.000  90 -20 3036 3196
 911 113.000 289.000  90 -30    0 3682
 912 216.000 117.000  90 -20    0 3687
 913 276.000 428.000  90 -20 1048 1208
 914 130.000 304.000  90 -10 3175 3335
 915 425.000  99.000  90 -20    0 3593
 916 332.000 491.000  90 -30 1211 1371
 917  34.000 279.000  90 -10    0 3607
 918  71.000 453.000  90 -20  685  845
 919 307.000 227.000  90 -20 2853 3013
 920 484.000 161.000  90 -30 1696 1856
 921 464.000 178.000  90 -20 2691 2851
 922  22.000 283.000  90 -20    0 3594
 923 418.000 300.000  90 -30  611  771
 924 220.000 384.000  90 -30 2683 2843
 925  67.000 302.000  90 -20 2493 2653
 926 357.000 445.000  90 -30    0 3602
 927 293.000 454.000  90 -20    0 3616
 928 112.000 243.000  90 -10    0 3686
 929 121.000 236.000  90 -20 2034 2194
 930 147.000 435.000  90 -20 2111 2271
 931 151.000 442.000  90 -20    0 3608
 932 267.000 436.000  90 -30 3007 3167
 933 125.000 264.000  90 -10 2855 3015
 934 136.000 296.000  90 -20    0 3702
 935 329.000  56.000  90 -30 1457 1617
 936 191.000 308.000  90 -20    0 3742
 937  71.000 348.000  90 -10 3055 3215
 938 428.000 298.000  90 -10 1654 1814
 939 366.000 196.000  90 -20    0 3697
 940 111.000 244.000  90 -10 2229 2389
 941 375.000  31.000  90 -10 2185 2345
 942  87.000 454.000  90 -10  882 1042
 943 254.000 335.000  90 -30 3013 3173
 944 115.000 269.000  90 -10 2956 3116
 945 113.000 229.000  90 -20 1123 1283
 946 216.000 300.000  90 -30    0 3764
 947 215.000  91.000  90 -10    0 3662
 948 151.000 436.000  90 -20 2386 2546
 949 416.000 364.000  90 -30    0 3623
 950 229.000 364.000  90 -20    0 3709
 951 207.000 289.000  90 -10 2997 3157
 952 135.000 460.000  90 -30    0 3585
 953 129.000 185.000  90 -20 2814 2974
 954 348.000  16.000  90 -20 1780 1940
 955  59.000 377.000  90 -20 2088 2248
 956 337.000  63.000  90 -20    0 3618
 957 242.000 350.000  90 -30    0 3724
 958 320.000 231.000  90 -10 2384 2544
 959  83.000 228.000  90 -10    0 3656
 960  77.000 397.000  90 -30  919 1079
 961 463.000 161.000  90 -10 2403 2563
 962 383.000  41.000  90 -20 2685 2845
 963 216.000 316.000  90 -10 2319 2479
 964 368.000  17.000  90 -20 2021 2181
 965 220.000 379.000  90 -10    0 3692
 966 230.000  95.000  90 -20 1899 2059
 967 216.000 307.000  90 -10    0 3758
 968 331.000 252.000  90 -10    0 3743
 969 294.000  64.000  90 -20    0 3633
 970 131.000 267.000  90 -40    0 3704
 971 247.000  82.000  90 -20    0 3656
 972 292.000 445.000  90 -40    0 3625
 973 298.000 438.000  90 -30  567  727
 974 123.000 242.000  90 -20 3190 3350
 975 429.000 294.000  90 -30    0 3640
 976 440.000  81.000  90 -10    0 3570
 977 243.000 108.000  90 -20 3061 3221
 978  16.000 281.000  90 -20    0 3588
 979 206.000 379.000  90 -20    0 3688
 980 273.000 234.000  90 -10    0 3796
 981  90.000 270.000  90 -10  565  725
 982 199.000 327.000  90 -10    0 3732
 983 149.000 273.000  90 -10  212  372
 984   5.000 296.000  90 -10    0 3575
 985 154.000 458.000  90 -20    0 3595
 986 367.000  59.000  90 -10    0 3601
 987 241.000 362.000  90 -10 2410 2570
 988 262.000 352.000  90 -10    0 3722
 989  51.000 162.000  90 -30 2213 2373
 990 229.000 396.000  90 -10 2882 3042
 991 458.000 303.000  90 -20    0 3610
 992 312.000 252.000  90 -20  845 1005
 993 212.000 215.000  90 -30 3160 3320
 994 289.000 452.000  90 -10    0 3619
 995 216.000  92.000  90 -20 2382 2542
 996  94.000 479.000  90 -10    0 3547
 997 213.000 363.000  90 -20    0 3706
 998 250.000 217.000  90 -30 2534 2694
 999  19.000 297.000  90 -10 2282 2442
1000 384.000 235.000  90 -20    0 3690
1001 269.000 428.000  90 -10 1145 1305
1002 439.000 297.000  90 -20 2043 2203
1003 123.000 206.000  90 -20 1885 2045
1004  74.000 165.000  90 -20    0 3629
1005 489.000 150.000  90 -50    0 3565
1006 183.000 187.000  90 -30    0 3733
1007 446.000 139.000  90 -10    0 3599
1008 416.000  48.000  90 -20 1880 2040
1009 344.000 478.000  90 -30 2296 2456
1010  67.000 160.000  90 -10 2690 2850
1011 428.000 312.000  90 -30    0 3636
1012 146.000 245.000  90 -10    0 3720
1013 420.000 295.000  90 -20    0 3649
1014  39.000 296.000  90 -20 1983 2143
1015 294.000 455.000  90 -30 2426 2586
1016 210.000  94.000  90 -10  997 1157
1017 250.000 250.000   0   0    0 3914
