524 524 1000 200 1000
   0 250.000 250.000   0   0    0 1925
   1 171.000  34.000  10  21 1143 1173
   2  67.000 190.000   0  25 1173 1203
   3 377.000 385.000  10   6  866  896
   4 466.000 149.000  10  16 1186 1216
   5  83.000 290.000  10  14  608  638
   6 328.000 491.000  10  21  678  708
   7 266.000 221.000  10   9   33   63
   8  52.000 412.000   0  22 1406 1436
   9 144.000 331.000  10  13  931  961
  10 343.000 276.000  10  15   96  126
  11  28.000 467.000  10  34 1343 1373
  12 429.000 476.000  10  23  573  603
  13 210.000 276.000  10   5   47   77
  14  58.000  39.000  10  12 1163 1193
  15 273.000 300.000  10  30   55   85
  16  41.000 232.000  10  16  209  239
  17  52.000  18.000  10  28  857  887
  18 250.000 328.000  10  24  249  279
  19 233.000  87.000  10  18  253  283
  20 245.000  42.000   0  24  547  577
  21  32.000 319.000  10  21  401  431
  22 480.000 136.000  10  22  256  286
  23 371.000 163.000   0  21  828  858
  24   0.000 188.000  10  26  932  962
  25 132.000 477.000  10  25  327  357
  26 203.000 211.000  10  20 1306 1336
  27   2.000 264.000  10  40  655  685
  28 231.000 167.000  10  15   85  115
  29 423.000 221.000  10   9  258  288
  30 130.000 494.000  10   6  759  789
  31  31.000 175.000  10  24  247  277
  32  69.000 423.000  10  32  802  832
  33  59.000 276.000  10  11  892  922
  34 146.000 188.000   0   6 1235 1265
  35 451.000  62.000  10   5  282  312
  36 142.000 372.000  10  18  162  192
  37 219.000 210.000  10  14   50   80
  38 390.000 249.000  10  21  582  612
  39   9.000 101.000  10  16  666  696
  40 424.000 288.000  10  13 1057 1087
  41  77.000 372.000  10  19  211  241
  42 298.000 264.000  10  36   50   80
  43 225.000 369.000  10  38  121  151
  44 347.000 459.000  10  25  479  509
  45 117.000 178.000  10  28 1117 1147
  46 470.000 138.000  10  16 1389 1419
  47 348.000 476.000  10  19 1197 1227
  48 327.000 139.000  10  13 1257 1287
  49 356.000 256.000  10  19  106  136
  50 335.000  99.000  10  25 1218 1248
  51 363.000  34.000  10  19  272  302
  52 366.000 288.000  10  29  684  714
  53 452.000 172.000  10   9  608  638
  54  86.000 189.000  10  21  227  257
  55 262.000 369.000  10  15  129  159
  56 228.000 399.000  10  14  586  616
  57 492.000 188.000  10  33  715  745
  58 210.000 113.000  10  28  690  720
  59 370.000 262.000   0  15 1099 1129
  60 241.000 180.000   0  13 1695 1725
  61 500.000 228.000  10   8  782  812
  62 251.000 238.000  10  27   12   42
  63 114.000 102.000   0  21  507  537
  64 330.000 147.000  10  28  848  878
  65 476.000  61.000  10  36  449  479
  66 386.000 245.000  10  16  479  509
  67 201.000 278.000  10  13   56   86
  68 426.000 231.000  10  24 1028 1058
  69 181.000 260.000  10  23   69   99
  70 370.000 493.000  10  22  571  601
  71 232.000 101.000  10  24  346  376
  72 371.000 332.000  10  14  530  560
  73 447.000 383.000  10  17  237  267
  74 374.000 346.000  10  27  421  451
  75  93.000 413.000  10  17  226  256
  76 136.000 265.000  10  12  114  144
  77 409.000 155.000  10  19  185  215
  78 111.000 178.000  10  18  156  186
  79 291.000 251.000  10  20   41   71
  80  57.000 183.000  10  15 1100 1130
  81 174.000  41.000  10  15 1303 1333
  82 161.000 276.000  10   8  133  163
  83 210.000 379.000  10  12  709  739
  84  60.000 231.000   0  32 1026 1056
  85 453.000 360.000  10  13  230  260
  86 488.000   3.000  10   3  401  431
  87  44.000 115.000  10  24  246  276
  88  48.000 293.000  10  22  276  306
  89  68.000 303.000  10  22  221  251
  90 263.000 418.000  10  25  278  308
  91 340.000 416.000  10  36  321  351
  92 271.000 128.000  10  12  346  376
  93 439.000 156.000  10   2  526  556
  94 389.000 156.000  10  27  716  746
  95 352.000 481.000  10  15 1285 1315
  96  29.000 462.000   0  17 1310 1340
  97 148.000 462.000  10  10  727  757
  98 211.000 411.000  10  15 1147 1177
  99 317.000  45.000  10   8  658  688
 100 178.000 150.000  10  33  632  662
 101 450.000  45.000  10  24  504  534
 102 453.000 318.000  10  30  374  404
 103 186.000 135.000  10  24  718  748
 104  11.000 403.000  10  18  343  373
 105 433.000 447.000   0  20  794  824
 106 429.000  59.000  10   9  459  489
 107 200.000  27.000  10  22  525  555
 108 490.000 276.000  10  33  241  271
 109 126.000 391.000  10  19  273  303
 110  92.000  18.000  10   8 1124 1154
 111 293.000 228.000  10  19   48   78
 112 182.000 480.000  10  31  365  395
 113 457.000 492.000  10   7  508  538
 114 124.000 448.000  10   6  369  399
 115 398.000 210.000  10  31  153  183
 116 134.000 211.000  10  35  122  152
 117 211.000 248.000  10  26   39   69
 118 497.000 483.000  10  12  353  383
 119 311.000 203.000  10  15  723  753
 120 383.000  17.000  10  15  940  970
 121   7.000  82.000  10  25  412  442
 122 342.000 319.000  10  36  115  145
 123  78.000 406.000  10  15  960  990
 124 351.000  60.000  10  15  215  245
 125 498.000 456.000  10  27 1406 1436
 126 215.000 293.000  10  13   55   85
 127 354.000 416.000  10  10  679  709
 128 208.000 445.000  10  22 1332 1362
 129  61.000 170.000  10  20 1006 1036
 130  79.000 467.000  10  22  351  381
 131 282.000   1.000  10  18 1042 1072
 132 124.000 111.000  10  15  789  819
 133 247.000 219.000  10  17   31   61
 134 442.000 289.000  10  25  195  225
 135 136.000 430.000  10  14  710  740
 136 176.000 200.000  10  17  568  598
 137  39.000 162.000   0  18  565  595
 138 236.000 126.000  10  23  124  154
 139 180.000 162.000  10   9  173  203
 140  53.000 466.000  10   9  335  365
 141 167.000 291.000  10  27 1634 1664
 142 481.000  84.000  10  17  506  536
 143 292.000  32.000  10  14  229  259
 144  68.000  53.000  10  16  739  769
 145 371.000 423.000  10  10  211  241
 146 120.000  37.000  10  28  775  805
 147 371.000 488.000  10  10  583  613
 148 206.000 174.000  10  14  800  830
 149 330.000 281.000  10  14 1330 1360
 150  67.000 451.000  10   5 1216 1246
 151 153.000 244.000  10   5  108  138
 152 352.000  63.000  10   6 1178 1208
 153 371.000  71.000  10  21  287  317
 154  66.000 163.000  10   6  395  425
 155 221.000 291.000  10   9   50   80
 156 374.000 116.000  10   9  587  617
 157 418.000 269.000   0   3 1205 1235
 158 178.000 302.000  10  19  887  917
 159 250.000  57.000  10  26  748  778
 160   1.000 252.000  10   5  275  305
 161  65.000  82.000  10  13  740  770
 162 154.000 392.000  10   9  171  201
 163 366.000 390.000   0  23 1318 1348
 164 436.000  25.000  10  19 1282 1312
 165  67.000 352.000  10  20  373  403
 166  57.000  43.000  10  15 1023 1053
 167 389.000 255.000  10  15  785  815
 168  93.000 490.000  10   2  379  409
 169  64.000 294.000  10  12 1101 1131
 170 235.000 316.000  10   2  656  686
 171 239.000  15.000  10   2  604  634
 172 193.000 138.000  10  30  661  691
 173  55.000 318.000  10  13  312  342
 174  91.000  27.000   0  14 1182 1212
 175 177.000 404.000  10  17 1262 1292
 176 493.000 493.000  10  20  856  886
 177 440.000 292.000  10  24  940  970
 178  47.000 208.000  10  30  226  256
 179 283.000 454.000  10  14 1265 1295
 180 392.000  87.000  10  23 1183 1213
 181 222.000 499.000  10   7  845  875
 182 461.000 186.000  10  16 1512 1542
 183 313.000 391.000  10   5  154  184
 184 130.000 186.000  10  16  136  166
 185 257.000  57.000  10  18 1226 1256
 186   6.000  53.000  10   8  587  617
 187 146.000 376.000  10   8  234  264
 188 306.000  42.000  10  11  477  507
 189 179.000 318.000  10   2 1121 1151
 190 149.000 341.000  10   6  404  434
 191 307.000 412.000  10   8  404  434
 192  68.000 450.000  10  18  633  663
 193 144.000 220.000  10  35  110  140
 194  80.000 458.000  10  30  371  401
 195  84.000 377.000  10  10  926  956
 196 224.000 320.000  10  36 1284 1314
 197 149.000 214.000  10   7  482  512
 198 287.000 397.000  10  12  564  594
 199 107.000 374.000  10   8  914  944
 200 159.000 226.000  10  16   94  124
 201 475.000 198.000  10  20  835  865
 202 174.000 122.000  10  14  593  623
 203  35.000 263.000  10  27  270  300
 204  24.000  71.000  10  11  346  376
 205 173.000  65.000  10  12  448  478
 206 470.000 417.000  10  11  737  767
 207  38.000 190.000  10  23  285  315
 208  16.000  68.000  10  11  296  326
 209 244.000 422.000  10  14  538  568
 210 497.000  18.000  10  10 1130 1160
 211 442.000   5.000  10  16  320  350
 212  44.000 496.000  10  32  402  432
 213 448.000 404.000  10  15  599  629
 214 460.000 424.000   0  11 1455 1485
 215 245.000 461.000  10   8  649  679
 216  69.000 266.000  10  12  758  788
 217 191.000  84.000  10  13  867  897
 218 412.000 478.000  10   7  960  990
 219 105.000 140.000  10  27  182  212
 220 389.000  43.000  10  21  396  426
 221 377.000 432.000  10  20  831  861
 222  44.000 311.000  10  27  407  437
 223 165.000  59.000  10  27  943  973
 224 268.000 351.000   0   7 1675 1705
 225  48.000 150.000  10  15  655  685
 226 215.000  79.000  10   5  224  254
 227 109.000  56.000  10  27  239  269
 228 171.000 188.000  10  30  621  651
 229 423.000 170.000  10  27  513  543
 230 213.000 283.000   0  14 1471 1501
 231 283.000 438.000  10   3  231  261
 232 324.000  99.000  10  10  338  368
 233 259.000 301.000  10  25   99  129
 234 189.000 402.000  10  10  536  566
 235 215.000 282.000   0  21 1440 1470
 236 166.000 440.000  10  12  207  237
 237 374.000 232.000  10  33  125  155
 238  76.000 462.000  10  18  956  986
 239 397.000 477.000   0  13 1216 1246
 240 196.000 489.000  10  23 1030 1060
 241 354.000 156.000  10  20  832  862
 242 421.000 387.000  10  15  801  831
 243 141.000 426.000  10  23  531  561
 244 415.000 118.000  10  19  217  247
 245 413.000 493.000  10  26 1218 1248
 246 142.000  14.000   0  18  835  865
 247 185.000 434.000  10   9  574  604
 248 265.000 240.000  10   9   18   48
 249 280.000 245.000  10  21   30   60
 250  87.000  51.000  10  35  514  544
 251 195.000 273.000  10  22   59   89
 252  83.000 300.000  10  26  500  530
 253  72.000 477.000   0  46  288  318
 254 238.000 123.000  10  24  781  811
 255 150.000  68.000  10  23  423  453
 256 454.000 201.000   0  16 1305 1335
 257 158.000  24.000  10  18  611  641
 258 404.000 439.000  10   3  243  273
 259 235.000 108.000  10  12 1080 1110
 260 132.000 151.000  10  22  154  184
 261 162.000 306.000  10  22  119  149
 262  94.000 497.000  10  31  782  812
 263 274.000 403.000  10  17  887  917
 264 399.000 175.000  10  13  747  777
 265 322.000 406.000  10  17  829  859
 266 105.000 181.000   0  19 1531 1561
 267 498.000 457.000   0  15  913  943
 268 482.000 104.000  10  19  807  837
 269 460.000 328.000  10  13  224  254
 270 494.000 165.000  10  19  604  634
 271 340.000 291.000  10  22  470  500
 272 325.000  56.000  10  13  796  826
 273  87.000 311.000  10   7  174  204
 274 268.000 458.000  10  24  523  553
 275 398.000 476.000  10  25  418  448
 276  21.000  70.000  10  15  771  801
 277 423.000 315.000  10  12  184  214
 278  66.000  88.000  10   2  830  860
 279 479.000 387.000  10  13  397  427
 280 436.000 123.000  10  40  225  255
 281 100.000 266.000  10   5  470  500
 282  13.000 465.000  10  31  774  804
 283 297.000 131.000  10  25 1165 1195
 284  71.000  12.000  10   2  297  327
 285 447.000 184.000  10  27  424  454
 286 132.000  32.000  10  18  784  814
 287 411.000 396.000  10  23  920  950
 288  34.000 169.000  10  11  484  514
 289  71.000 282.000  10  29  642  672
 290  39.000 153.000  10  26  798  828
 291 415.000 253.000  10  21  367  397
 292 437.000  98.000  10  16 1114 1144
 293  12.000 367.000  10  27  326  356
 294 128.000 113.000  10  22  363  393
 295 102.000 422.000  10  23  226  256
 296 210.000  81.000  10   2  399  429
 297 432.000   2.000  10  20  467  497
 298  56.000  75.000  10  24 1438 1468
 299  66.000  31.000  10  25 1048 1078
 300 460.000 117.000  10  14  520  550
 301 175.000 239.000  10  23   75  105
 302  62.000 375.000  10  16  349  379
 303 385.000 239.000  10  21  786  816
 304 153.000 235.000   0  10   98  128
 305 168.000 109.000  10  10  204  234
 306 284.000 319.000  10  17  817  847
 307 195.000 464.000   0  20 1541 1571
 308 382.000   9.000  10  30  274  304
 309 325.000 210.000  10  15  933  963
 310 366.000 334.000  10   5  410  440
 311 200.000  78.000  10  31  993 1023
 312 125.000  65.000  10  17  788  818
 313 120.000  17.000  10  30  279  309
 314  84.000 255.000  10  13  282  312
 315 222.000 331.000  10  10  540  570
 316 223.000 178.000  10  20 1136 1166
 317 330.000 308.000   0  24 1170 1200
 318  34.000 239.000  10  16  219  249
 319  13.000 314.000  10  14  245  275
 320 339.000  41.000  10   6  456  486
 321 224.000  56.000  10  13 1186 1216
 322 345.000 431.000  10  12  345  375
 323 292.000 104.000  10  26  304  334
 324 318.000  99.000  10  35 1213 1243
 325  46.000 248.000   0   9  814  844
 326 482.000 184.000  10  14 1107 1137
 327 293.000 174.000  10  31   87  117
 328 169.000 305.000  10  21  162  192
 329 394.000  47.000  10   5  313  343
 330 323.000  29.000  10   7 1137 1167
 331  65.000 343.000  10  38  207  237
 332 158.000 179.000  10  37  116  146
 333 299.000 353.000  10  34  114  144
 334   9.000 233.000  10  31  306  336
 335 330.000 138.000   0  18 1110 1140
 336 385.000  17.000  10  40  809  839
 337 181.000 441.000  10  25  542  572
 338   1.000 101.000  10   8 1257 1287
 339 210.000 219.000  10   7   50   80
 340 404.000  59.000  10  13  913  943
 341 288.000 439.000  10  16  273  303
 342 191.000 215.000  10  17   68   98
 343 231.000  29.000  10  14 1226 1256
 344   5.000 445.000  10  30  313  343
 345 435.000 180.000  10  37  225  255
 346 198.000  85.000  10  28  263  293
 347 441.000   7.000  10  20  392  422
 348 355.000 174.000  10  33  715  745
 349 228.000 260.000   0  12 1606 1636
 350 337.000  41.000  10   8 1002 1032
 351 235.000  13.000  10  27  359  389
 352 303.000  78.000  10  12  179  209
 353 306.000 235.000  10  25   57   87
 354 382.000 360.000  10  26  178  208
 355 235.000 288.000  10  18   40   70
 356 226.000 423.000  10  15  197  227
 357  15.000  11.000  10  15  952  982
 358 144.000  35.000  10  26  239  269
 359 176.000 199.000  10  28   89  119
 360 247.000 306.000  10  33   56   86
 361 289.000 220.000  10  19   49   79
 362  23.000 235.000  10  43 1023 1053
 363 137.000 377.000  10  23  169  199
 364 261.000 359.000  10  10  109  139
 365 438.000 127.000  10   2  941  971
 366 318.000 280.000  10  21   74  104
 367 333.000 293.000  10  27  617  647
 368 436.000 295.000  10  11  528  558
 369  13.000 394.000  10  15  373  403
 370 172.000 292.000  10  17   92  122
 371 437.000  90.000  10  12  585  615
 372 420.000 383.000   0  27  982 1012
 373 179.000  75.000  10  13  740  770
 374 484.000 224.000  10   7  300  330
 375 214.000 245.000  10   8   36   66
 376 368.000 311.000  10  14  926  956
 377  86.000 199.000   0  23  278  308
 378 447.000 272.000  10  12  384  414
 379  40.000 304.000  10  16 1145 1175
 380 475.000 267.000  10   7  780  810
 381 489.000 274.000  10  31  534  564
 382  26.000 342.000  10  12  321  351
 383 139.000 438.000  10  24  218  248
 384 360.000 284.000  10  19  667  697
 385  29.000 358.000  10  23  611  641
 386 248.000 386.000  10  22  378  408
 387 130.000 247.000  10  17  120  150
 388  92.000 259.000  10   4  399  429
 389 268.000 288.000   0  26 1267 1297
 390 349.000  43.000  10  26  229  259
 391 225.000 269.000   0  30 1271 1301
 392 255.000 487.000  10  19  398  428
 393  34.000 329.000  10   2 1043 1073
 394 329.000 456.000  10  19  249  279
 395 490.000 286.000  10  29  522  552
 396  61.000 214.000  10   4  342  372
 397 394.000 322.000  10  12 1025 1055
 398 309.000 161.000  10  23  583  613
 399 385.000  58.000  10  24  405  435
 400 228.000 287.000  10  21   43   73
 401 312.000 453.000  10   6  550  580
 402  35.000 344.000  10  21  863  893
 403 140.000 137.000  10  32  570  600
 404 405.000 187.000  10  34 1251 1281
 405 330.000 371.000  10   1  559  589
 406 265.000   0.000   0  10  896  926
 407 295.000  89.000  10  23  742  772
 408   3.000  23.000  10  11  391  421
 409 466.000 362.000  10  15 1152 1182
 410 267.000 290.000  10  15   43   73
 411 131.000 246.000  10  17  832  862
 412 418.000  75.000  10  11  448  478
 413 138.000  28.000  10  23 1097 1127
 414 279.000 355.000  10   9  166  196
 415 206.000 172.000  10  29  788  818
 416  32.000  94.000  10  14  930  960
 417 301.000 239.000  10  31   52   82
 418 471.000 368.000  10  19  428  458
 419 470.000 405.000  10  17  926  956
 420  77.000 172.000  10  23  786  816
 421 267.000 374.000  10  23  601  631
 422 450.000 194.000  10  27  625  655
 423 429.000 389.000  10  18  424  454
 424  46.000 389.000  10  22  257  287
 425 452.000 110.000  10  14  340  370
 426 213.000 185.000  10  21   74  104
 427 134.000 276.000  10  15  133  163
 428 469.000 489.000  10   4  555  585
 429  68.000 240.000  10  11  794  824
 430 494.000 468.000  10  31  352  382
 431 439.000 222.000  10  22  980 1010
 432 103.000 177.000  10  28  626  656
 433 373.000 421.000  10  21  237  267
 434   5.000 281.000  10  16 1372 1402
 435 173.000 474.000  10  14 1285 1315
 436  36.000 301.000  10  21  219  249
 437 429.000 169.000  10   8  903  933
 438 195.000 450.000   0  16 1486 1516
 439  95.000 382.000  10  19  231  261
 440 225.000 121.000  10  18  733  763
 441 281.000  96.000  10   1 1126 1156
 442 387.000 349.000  10   9  169  199
 443 398.000 329.000  10  17  167  197
 444 346.000 354.000  10   8  817  847
 445 233.000 230.000  10  20   26   56
 446 243.000 402.000  10  13  405  435
 447  66.000 314.000  10  26  194  224
 448 142.000 360.000   0  20 1532 1562
 449 492.000 326.000  10  19 1204 1234
 450 344.000  70.000  10  24 1146 1176
 451 391.000 112.000  10  24 1000 1030
 452 451.000 305.000  10  13  208  238
 453 214.000 311.000  10  14   70  100
 454 164.000 473.000  10  26  296  326
 455 351.000 481.000  10  10  322  352
 456 115.000 395.000  10  11  815  845
 457 297.000 304.000  10   4   71  101
 458  87.000 213.000  10  18  626  656
 459  60.000 246.000  10  25  190  220
 460   3.000 471.000  10  13  711  741
 461 143.000 158.000  10  12  141  171
 462 351.000 148.000   0  30  461  491
 463 226.000 316.000  10  21   70  100
 464 347.000 192.000  10  18 1488 1518
 465 376.000 385.000  10  12  184  214
 466 213.000 399.000  10  18  234  264
 467  32.000 191.000  10   5  586  616
 468 441.000 374.000  10  10  227  257
 469 215.000 434.000  10   9  193  223
 470 318.000 497.000  10  21  854  884
 471 256.000 441.000  10  34  191  221
 472 174.000 397.000   0  32 1245 1275
 473 468.000 360.000  10  16  274  304
 474 287.000 256.000  10  18   37   67
 475 448.000 397.000  10  33  866  896
 476 497.000 266.000  10  25  748  778
 477 138.000 406.000   0   8 1216 1246
 478 420.000 224.000   0  10  429  459
 479 231.000 410.000  10  14 1236 1266
 480 219.000 215.000  10  32   46   76
 481 365.000 274.000   0  14  117  147
 482 481.000 454.000  10  14  320  350
 483 187.000  61.000  10  19  545  575
 484 372.000  97.000  10  13  214  244
 485 187.000 263.000  10  35   64   94
 486 371.000 427.000  10  23  958  988
 487  74.000 215.000  10  10  229  259
 488 478.000 300.000  10  12  890  920
 489  33.000 152.000   0  17 1320 1350
 490 347.000 184.000  10  15 1079 1109
 491 290.000 328.000  10   7  144  174
 492  96.000 346.000  10  26  185  215
 493 176.000 470.000  10  14  547  577
 494 210.000 133.000  10  15  689  719
 495 418.000 399.000  10  20  438  468
 496 495.000  83.000  10  32  441  471
 497 468.000 352.000  10   9  768  798
 498 390.000 120.000  10  24 1004 1034
 499  80.000 357.000  10   1  530  560
 500  61.000 441.000  10  27  544  574
 501 391.000 202.000   0  14  148  178
 502 130.000 140.000  10  17  194  224
 503  16.000 287.000  10  12  271  301
 504 292.000 136.000  10  28  781  811
 505 359.000 287.000   0  24  115  145
 506 309.000  29.000   0  11 1294 1324
 507 473.000 491.000  10  23  413  443
 508 273.000 255.000   0  18 1492 1522
 509 263.000 153.000  10  12  412  442
 510 401.000 164.000  10  13  621  651
 511 480.000 119.000  10   7  628  658
 512 488.000  96.000  10  22 1066 1096
 513 149.000  98.000  10   4 1165 1195
 514  43.000 135.000  10  31  236  266
 515 334.000 403.000  10  26  174  204
 516 372.000 115.000  10  13  364  394
 517 495.000 199.000  10  25  337  367
 518 452.000 206.000  10  31  492  522
 519 195.000 386.000  10  13  146  176
 520 410.000 399.000  10  25  234  264
 521 215.000 129.000  10  17 1119 1149
 522 380.000 350.000  10  15  866  896
 523  19.000  38.000  10  15  847  877
 524 166.000 247.000  10   1   84  114
 525 209.000  68.000  10 -21 1568 1598
 526  67.000 190.000  10 -25 1173 1203
 527 259.000 498.000  10  -6 1075 1105
 528 489.000 159.000  10 -16 1428 1458
 529  71.000 304.000  10 -14  689  719
 530 284.000 457.000  10 -21 1499 1529
 531 157.000  38.000  10  -9 1048 1078
 532  52.000 412.000  10 -22 1406 1436
 533 174.000 347.000  10 -13 1015 1045
 534 357.000 290.000  10 -15  114  144
 535  88.000 484.000  10 -34 1491 1521
 536 436.000 467.000  10 -23  736  766
 537  20.000 480.000  10  -5  570  600
 538  30.000 155.000  10 -12 1280 1310
 539 286.000 356.000  10 -30  111  141
 540   6.000 196.000  10 -16 1203 1233
 541  67.000  24.000  10 -28 1018 1048
 542 331.000 356.000  10 -24  712  742
 543 262.000  92.000  10 -18  630  660
 544 245.000  42.000  10 -24  547  577
 545 166.000 345.000  10 -21 1130 1160
 546 466.000  96.000  10 -22 1383 1413
 547 371.000 163.000  10 -21  828  858
 548   7.000 194.000  10 -26  951  981
 549 150.000 484.000  10 -25  625  655
 550 199.000 203.000  10 -20 1457 1487
 551  19.000 273.000  10 -40 1017 1047
 552 276.000  84.000  10 -15  681  711
 553 432.000 199.000  10  -9  639  669
 554 177.000 486.000  10  -6 1597 1627
 555  64.000 198.000  10 -24 1088 1118
 556  69.000 414.000  10 -32 1263 1293
 557 115.000 296.000  10 -11 1529 1559
 558 146.000 188.000  10  -6 1235 1265
 559 398.000  49.000  10  -5  792  822
 560 135.000 400.000  10 -18  299  329
 561 248.000 214.000  10 -14 1479 1509
 562 375.000 145.000  10 -21  929  959
 563 102.000   6.000  10 -16 1458 1488
 564 299.000 285.000  10 -13 1254 1284
 565  91.000 427.000  10 -19  883  913
 566 257.000 391.000  10 -36 1633 1663
 567 246.000 407.000  10 -38  312  342
 568 368.000 452.000  10 -25  670  700
 569 181.000 185.000  10 -28 1614 1644
 570 456.000 157.000  10 -16 1455 1485
 571 355.000 485.000  10 -19 1479 1509
 572 308.000 199.000  10 -13 1508 1538
 573 397.000 153.000  10 -19  882  912
 574 321.000 149.000  10 -25 1425 1455
 575 372.000  39.000  10 -19  724  754
 576 385.000 285.000  10 -29  868  898
 577 306.000 229.000  10  -9 1320 1350
 578  75.000 118.000  10 -21  409  439
 579 250.000 441.000  10 -15  756  786
 580 154.000 374.000  10 -14  937  967
 581 498.000 171.000  10 -33 1256 1286
 582 261.000 201.000  10 -28 1514 1544
 583 370.000 262.000  10 -15 1099 1129
 584 241.000 180.000  10 -13 1695 1725
 585 472.000 248.000  10  -8  834  864
 586 267.000 162.000  10 -27 1449 1479
 587 114.000 102.000  10 -21  507  537
 588 331.000 134.000  10 -28 1124 1154
 589 392.000  95.000  10 -36  766  796
 590 380.000 194.000  10 -16  714  744
 591  48.000 366.000  10 -13  743  773
 592 418.000 251.000  10 -24 1197 1227
 593  80.000 251.000  10 -23  304  334
 594 336.000 493.000  10 -22 1493 1523
 595 273.000  70.000  10 -24  619  649
 596 408.000 318.000  10 -14  643  673
 597 434.000 359.000  10 -17 1392 1422
 598 398.000 341.000  10 -27  939  969
 599  77.000 465.000  10 -17  275  305
 600 164.000 332.000  10 -12 1280 1310
 601 393.000  98.000  10 -19  753  783
 602  21.000 146.000  10 -18  487  517
 603 497.000  54.000  10 -20  978 1008
 604 111.000 192.000  10 -15 1199 1229
 605 172.000  24.000  10 -15 1452 1482
 606 118.000 314.000  10  -8  338  368
 607 174.000 376.000  10 -12 1419 1449
 608  60.000 231.000  10 -32 1026 1056
 609 381.000 328.000  10 -13  717  747
 610 367.000  97.000  10  -3  988 1018
 611  38.000  15.000  10 -24 1091 1121
 612 172.000 314.000  10 -22  545  575
 613 221.000 269.000  10 -22 1265 1295
 614 274.000 442.000  10 -25 1066 1096
 615 381.000 457.000  10 -36  471  501
 616 268.000 113.000  10 -12  680  710
 617 482.000 141.000  10  -2 1011 1041
 618 333.000 163.000  10 -27 1240 1270
 619 342.000 481.000  10 -15 1440 1470
 620  29.000 462.000  10 -17 1310 1340
 621 171.000 303.000  10 -10 1589 1619
 622 237.000 420.000  10 -15 1334 1364
 623 343.000  34.000  10  -8  725  755
 624 188.000 119.000  10 -33  975 1005
 625 365.000  74.000  10 -24  848  878
 626 489.000 338.000  10 -30 1397 1427
 627 147.000  30.000  10 -24 1109 1139
 628  10.000 407.000  10 -18  434  464
 629 433.000 447.000  10 -20  794  824
 630 429.000  67.000  10  -9  732  762
 631 244.000  13.000  10 -22 1013 1043
 632 365.000 190.000  10 -33 1477 1507
 633 111.000 392.000  10 -19 1169 1199
 634 104.000  28.000  10  -8 1473 1503
 635 344.000 203.000  10 -19  167  197
 636 167.000 445.000  10 -31 1412 1442
 637 413.000 345.000  10  -7 1218 1248
 638  27.000 444.000  10  -6 1080 1110
 639 488.000 173.000  10 -31 1210 1240
 640 125.000  61.000  10 -35  612  642
 641  48.000 162.000  10 -26  220  250
 642 422.000 498.000  10 -12  692  722
 643 343.000 205.000  10 -15  767  797
 644 388.000  44.000  10 -15 1131 1161
 645  30.000   7.000  10 -25 1189 1219
 646 413.000 391.000  10 -36  217  247
 647  80.000 400.000  10 -15 1446 1476
 648 364.000  71.000  10 -15 1348 1378
 649 485.000 428.000  10 -27 1490 1520
 650 133.000 455.000  10 -13  808  838
 651 396.000 417.000  10 -10  810  840
 652 199.000 438.000  10 -22 1360 1390
 653  94.000 192.000  10 -20 1080 1110
 654  44.000 440.000  10 -22  789  819
 655 282.000  10.000  10 -18 1262 1292
 656 140.000 108.000  10 -15 1071 1101
 657 253.000 118.000  10 -17  547  577
 658 447.000 267.000  10 -25  980 1010
 659 178.000 420.000  10 -14 1071 1101
 660  64.000 135.000  10 -17  868  898
 661  39.000 162.000  10 -18  565  595
 662 253.000  50.000  10 -23  226  256
 663 177.000 156.000  10  -9  167  197
 664 114.000 460.000  10  -9 1086 1116
 665 190.000 267.000  10 -27 1754 1784
 666 480.000 131.000  10 -17  688  718
 667 341.000  59.000  10 -14  790  820
 668  95.000  64.000  10 -16  766  796
 669 285.000 247.000  10 -10 1275 1305
 670 151.000  81.000  10 -28 1558 1588
 671 352.000 487.000  10 -10  902  932
 672 248.000 176.000  10 -14 1401 1431
 673 351.000 233.000  10 -14 1423 1453
 674 122.000 422.000  10  -5 1457 1487
 675  24.000 259.000  10  -5  370  400
 676 264.000 180.000  10  -6 1681 1711
 677 441.000 100.000  10 -21  873  903
 678  49.000 118.000  10  -6 1071 1101
 679 180.000 283.000  10  -9  744  774
 680 339.000 113.000  10  -9  761  791
 681 418.000 269.000  10  -3 1205 1235
 682 162.000 301.000  10 -19 1613 1643
 683 251.000  63.000  10 -26  987 1017
 684  18.000 225.000  10  -5  691  721
 685  80.000 117.000  10 -13  824  854
 686  90.000 477.000  10  -9  277  307
 687 366.000 390.000  10 -23 1318 1348
 688 441.000  60.000  10 -19 1459 1489
 689  58.000 391.000  10 -20  882  912
 690  60.000   5.000  10 -15 1044 1074
 691 417.000 212.000  10 -15  910  940
 692 105.000 474.000  10  -2  471  501
 693  97.000 288.000  10 -12 1284 1314
 694 240.000 255.000  10  -2 1611 1641
 695 235.000  33.000  10  -2 1337 1367
 696 195.000 111.000  10 -30  998 1028
 697 146.000 313.000  10 -13 1195 1225
 698  91.000  27.000  10 -14 1182 1212
 699 175.000 352.000  10 -17 1665 1695
 700 411.000 379.000  10 -20 1193 1223
 701 433.000 319.000  10 -24 1376 1406
 702  56.000 268.000  10 -30 1064 1094
 703 270.000 337.000  10 -14 1783 1813
 704 351.000 128.000  10 -23 1253 1283
 705 211.000 446.000  10  -7 1123 1153
 706 374.000 260.000  10 -16 1761 1791
 707 379.000 486.000  10  -5  672  702
 708  45.000 166.000  10 -16 1013 1043
 709 273.000 149.000  10 -18 1503 1533
 710  92.000  76.000  10  -8 1139 1169
 711 175.000 422.000  10  -8 1446 1476
 712 332.000   5.000  10 -11 1033 1063
 713 244.000 277.000  10  -2 1301 1331
 714 162.000 388.000  10  -6 1126 1156
 715 311.000 422.000  10  -8  988 1018
 716  64.000 437.000  10 -18  918  948
 717  89.000 185.000  10 -35  600  630
 718  26.000 442.000  10 -30 1344 1374
 719  89.000 322.000  10 -10 1021 1051
 720 246.000 314.000  10 -36 1445 1475
 721 209.000 212.000  10  -7 1528 1558
 722 239.000 486.000  10 -12 1482 1512
 723  80.000 337.000  10  -8 1119 1149
 724 133.000 202.000  10 -16  461  491
 725 455.000 168.000  10 -20  867  897
 726 174.000  67.000  10 -14 1260 1290
 727  10.000 237.000  10 -27  616  646
 728 100.000  66.000  10 -11 1400 1430
 729 178.000  72.000  10 -12  757  787
 730 471.000 427.000  10 -11  816  846
 731  28.000 180.000  10 -23  386  416
 732  79.000  80.000  10 -11 1382 1412
 733 240.000 362.000  10 -14 1414 1444
 734 472.000  57.000  10 -10 1295 1325
 735 407.000  35.000  10 -16 1288 1318
 736 103.000 464.000  10 -32 1273 1303
 737 421.000 386.000  10 -15  824  854
 738 460.000 424.000  10 -11 1455 1485
 739 272.000 420.000  10  -8 1386 1416
 740  51.000 286.000  10 -12 1459 1489
 741 172.000  66.000  10 -13 1303 1333
 742 413.000 476.000  10  -7 1179 1209
 743 117.000 110.000  10 -27  979 1009
 744 459.000  53.000  10 -21 1122 1152
 745 405.000 454.000  10 -20 1303 1333
 746  52.000 303.000  10 -27  441  471
 747 188.000 151.000  10 -27 1297 1327
 748 268.000 351.000  10  -7 1675 1705
 749  30.000  97.000  10 -15 1210 1240
 750 224.000   3.000  10  -5  690  720
 751  98.000   2.000  10 -27  592  622
 752 153.000 192.000  10 -30  866  896
 753 413.000 127.000  10 -27  831  861
 754 213.000 283.000  10 -14 1471 1501
 755 277.000 428.000  10  -3  490  520
 756 341.000  72.000  10 -10  805  835
 757 244.000 368.000  10 -25  414  444
 758 202.000 391.000  10 -10  624  654
 759 215.000 282.000  10 -21 1440 1470
 760 152.000 476.000  10 -12  523  553
 761 481.000 207.000  10 -33  856  886
 762  90.000 496.000  10 -18 1395 1425
 763 397.000 477.000  10 -13 1216 1246
 764 229.000 322.000  10 -23 1660 1690
 765 415.000  95.000  10 -20 1177 1207
 766 387.000 394.000  10 -15 1098 1128
 767 243.000 408.000  10 -23 1434 1464
 768 426.000  38.000  10 -19  609  639
 769 452.000 484.000  10 -26 1278 1308
 770 142.000  14.000  10 -18  835  865
 771 225.000 488.000  10  -9  636  666
 772 376.000  92.000  10  -9  991 1021
 773 364.000 173.000  10 -21  180  210
 774  68.000 160.000  10 -35 1136 1166
 775  63.000 420.000  10 -22  520  550
 776  80.000 279.000  10 -26 1158 1188
 777  72.000 477.000  10 -46  288  318
 778 264.000 135.000  10 -24  879  909
 779 210.000  29.000  10 -23 1051 1081
 780 454.000 201.000  10 -16 1305 1335
 781 253.000  74.000  10 -18 1350 1380
 782 425.000 448.000  10  -3  794  824
 783 242.000 106.000  10 -12 1268 1298
 784 100.000  85.000  10 -22  351  381
 785  43.000 360.000  10 -22  835  865
 786  84.000 453.000  10 -31 1223 1253
 787 241.000 402.000  10 -17 1025 1055
 788 442.000 153.000  10 -13 1189 1219
 789 332.000 382.000  10 -17 1010 1040
 790 105.000 181.000  10 -19 1531 1561
 791 498.000 457.000  10 -15  913  943
 792 471.000  94.000  10 -19  999 1029
 793 497.000 296.000  10 -13  613  643
 794 461.000 195.000  10 -19 1395 1425
 795 272.000 234.000  10 -22 1590 1620
 796 307.000  52.000  10 -13  920  950
 797 214.000 274.000  10  -7 1369 1399
 798 278.000 450.000  10 -24 1375 1405
 799 370.000 382.000  10 -25  884  914
 800  87.000   3.000  10 -15 1433 1463
 801 499.000 316.000  10 -12  622  652
 802  62.000  94.000  10  -2  951  981
 803 491.000 369.000  10 -13  730  760
 804 404.000 207.000  10 -40  911  941
 805 153.000 362.000  10  -5 1161 1191
 806  48.000 412.000  10 -31 1032 1062
 807 291.000 213.000  10 -25 1258 1288
 808  89.000  65.000  10  -2  720  750
 809 361.000 178.000  10 -27  972 1002
 810  98.000  29.000  10 -18 1047 1077
 811 373.000 418.000  10 -23 1259 1289
 812 134.000 194.000  10 -11 1652 1682
 813 161.000 275.000  10 -29 1347 1377
 814  46.000 163.000  10 -26  926  956
 815 384.000 149.000  10 -21 1197 1227
 816 345.000 146.000  10 -16 1439 1469
 817   0.000 356.000  10 -27 1086 1116
 818 196.000  56.000  10 -22  609  639
 819 112.000 433.000  10 -23  235  265
 820 218.000  12.000  10  -2  544  574
 821 438.000   5.000  10 -20  549  579
 822 110.000 122.000  10 -24 1509 1539
 823  94.000  40.000  10 -25 1068 1098
 824 386.000 225.000  10 -14  919  949
 825 148.000 208.000  10 -23  526  556
 826  89.000 358.000  10 -16 1247 1277
 827 415.000 207.000  10 -21  900  930
 828 153.000 235.000  10 -10   98  128
 829 168.000  59.000  10 -10  366  396
 830 297.000 283.000  10 -17 1349 1379
 831 195.000 464.000  10 -20 1541 1571
 832 485.000 104.000  10 -30  794  824
 833 320.000 211.000  10 -15  993 1023
 834 401.000 314.000  10  -5  976 1006
 835 212.000 186.000  10 -31 1722 1752
 836  65.000  62.000  10 -17  976 1006
 837 135.000  30.000  10 -30  474  504
 838 110.000 251.000  10 -13  498  528
 839 230.000 320.000  10 -10 1192 1222
 840 245.000 176.000  10 -20 1235 1265
 841 330.000 308.000  10 -24 1170 1200
 842  82.000 183.000  10 -16 1102 1132
 843  40.000 278.000  10 -14 1104 1134
 844 351.000   5.000  10  -6  496  526
 845 323.000  77.000  10 -13 1405 1435
 846 392.000 491.000  10 -12 1133 1163
 847 349.000  76.000  10 -26 1031 1061
 848 267.000 174.000  10 -35 1618 1648
 849  46.000 248.000  10  -9  814  844
 850 337.000 232.000  10 -14 1571 1601
 851 365.000  28.000  10 -31  268  298
 852 170.000 347.000  10 -21  436  466
 853 412.000 100.000  10  -5  513  543
 854 323.000  34.000  10  -7 1315 1345
 855  29.000 336.000  10 -38  332  362
 856 103.000 123.000  10 -37  490  520
 857 334.000 481.000  10 -34  330  360
 858  14.000 232.000  10 -31  305  335
 859 330.000 138.000  10 -18 1110 1140
 860 390.000  34.000  10 -40 1060 1090
 861 207.000 487.000  10 -25  689  719
 862  26.000  67.000  10  -8 1317 1347
 863 105.000 137.000  10  -7  452  482
 864 396.000  83.000  10 -13 1586 1616
 865 395.000 474.000  10 -16  387  417
 866  43.000 210.000  10 -17  210  240
 867 240.000  34.000  10 -14 1560 1590
 868  49.000 437.000  10 -30  427  457
 869 461.000 182.000  10 -37  629  659
 870 206.000  97.000  10 -28  448  478
 871 392.000   1.000  10 -20  605  635
 872 343.000 166.000  10 -33  876  906
 873 228.000 260.000  10 -12 1606 1636
 874 335.000  46.000  10  -8 1342 1372
 875 241.000  38.000  10 -27  532  562
 876 288.000  70.000  10 -12  183  213
 877 376.000 113.000  10 -25  514  544
 878 414.000 378.000  10 -26  495  525
 879 159.000 299.000  10 -18 1016 1046
 880 274.000 261.000  10 -15 1707 1737
 881  60.000  29.000  10 -15 1363 1393
 882 202.000  28.000  10 -26  934  964
 883  83.000 169.000  10 -28  777  807
 884 217.000 333.000  10 -33  411  441
 885 420.000  80.000  10 -19 1097 1127
 886   5.000 224.000  10 -43 1055 1085
 887 161.000 416.000  10 -23 1011 1041
 888 274.000 441.000  10 -10  695  725
 889 480.000 152.000  10  -2 1022 1052
 890 352.000 241.000  10 -21  792  822
 891 439.000 237.000  10 -27  939  969
 892 402.000 277.000  10 -11 1438 1468
 893   0.000 422.000  10 -15  821  851
 894  50.000 383.000  10 -17  260  290
 895 432.000  66.000  10 -12 1071 1101
 896 420.000 383.000  10 -27  982 1012
 897 156.000  65.000  10 -13 1037 1067
 898 495.000 227.000  10  -7  344  374
 899 197.000 202.000  10  -8 1204 1234
 900 325.000 311.000  10 -14 1322 1352
 901  86.000 199.000  10 -23  278  308
 902 440.000 294.000  10 -12  960  990
 903 157.000 269.000  10 -16 1576 1606
 904 440.000 284.000  10  -7  852  882
 905 449.000 190.000  10 -31 1140 1170
 906  94.000 344.000  10 -12  682  712
 907  27.000 464.000  10 -24 1291 1321
 908 363.000 225.000  10 -19  856  886
 909  12.000 358.000  10 -23 1224 1254
 910 217.000 357.000  10 -22 1420 1450
 911  33.000 286.000  10 -17 1546 1576
 912 120.000 261.000  10  -4  793  823
 913 268.000 288.000  10 -26 1267 1297
 914 437.000  19.000  10 -26 1014 1044
 915 225.000 269.000  10 -30 1271 1301
 916 260.000 472.000  10 -19 1036 1066
 917  44.000 344.000  10  -2 1079 1109
 918 332.000 459.000  10 -19  369  399
 919 486.000 324.000  10 -29  770  800
 920  72.000 227.000  10  -4  564  594
 921 394.000 310.000  10 -12 1099 1129
 922 441.000 177.000  10 -23 1001 1031
 923 397.000  57.000  10 -24 1476 1506
 924 179.000 286.000  10 -21  341  371
 925 328.000 458.000  10  -6  768  798
 926  51.000 360.000  10 -21 1145 1175
 927 178.000 135.000  10 -32 1514 1544
 928 366.000 260.000  10 -34 1520 1550
 929 313.000 493.000  10  -1 1193 1223
 930 265.000   0.000  10 -10  896  926
 931 262.000  97.000  10 -23  947  977
 932  18.000  24.000  10 -11  628  658
 933 448.000 414.000  10 -15 1223 1253
 934 286.000 244.000  10 -15 1284 1314
 935 218.000 271.000  10 -17 1574 1604
 936 440.000  77.000  10 -11  913  943
 937 142.000  30.000  10 -23 1246 1276
 938 247.000 443.000  10  -9  330  360
 939 240.000 240.000  10 -29 1700 1730
 940  51.000  89.000  10 -14 1208 1238
 941 325.000 147.000  10 -31 1187 1217
 942 492.000 335.000  10 -19  828  858
 943 449.000 428.000  10 -17 1247 1277
 944  63.000 155.000  10 -23  965  995
 945 359.000 246.000  10 -23 1423 1453
 946 440.000 201.000  10 -27  893  923
 947 322.000 290.000  10 -18 1479 1509
 948   7.000 382.000  10 -22  770  800
 949 307.000 249.000  10 -14 1377 1407
 950 201.000  66.000  10 -21 1167 1197
 951 164.000 320.000  10 -15 1095 1125
 952 406.000 460.000  10  -4  719  749
 953  13.000 214.000  10 -11 1354 1384
 954 440.000 436.000  10 -31  892  922
 955 409.000 255.000  10 -22 1522 1552
 956  25.000  53.000  10 -28 1020 1050
 957 405.000 349.000  10 -21  522  552
 958  33.000 278.000  10 -16 1487 1517
 959 179.000 497.000  10 -14 1411 1441
 960  37.000 281.000  10 -21  493  523
 961 456.000 113.000  10  -8 1227 1257
 962 195.000 450.000  10 -16 1486 1516
 963  67.000 378.000  10 -19  470  500
 964 257.000 133.000  10 -18  862  892
 965 269.000 112.000  10  -1 1263 1293
 966 450.000 416.000  10  -9  577  607
 967 487.000 320.000  10 -17  858  888
 968 348.000 348.000  10  -8  935  965
 969 173.000 182.000  10 -20  102  132
 970 295.000 283.000  10 -13  893  923
 971  59.000 388.000  10 -26  663  693
 972 142.000 360.000  10 -20 1532 1562
 973 495.000 355.000  10 -19 1243 1273
 974 290.000 145.000  10 -24 1282 1312
 975 382.000 110.000  10 -24 1112 1142
 976 457.000 280.000  10 -13 1000 1030
 977 208.000 488.000  10 -14  478  508
 978 149.000 458.000  10 -26 1164 1194
 979 360.000 488.000  10 -10  316  346
 980  91.000 326.000  10 -11  963  993
 981 448.000 495.000  10  -4  384  414
 982  79.000 257.000  10 -18  953  983
 983  62.000 236.000  10 -25  558  588
 984  36.000 451.000  10 -13  889  919
 985 108.000  37.000  10 -12  549  579
 986 351.000 148.000  10 -30  461  491
 987 132.000 479.000  10 -21  257  287
 988 314.000 205.000  10 -18 1527 1557
 989 438.000 488.000  10 -12  327  357
 990 185.000 431.000  10 -18  387  417
 991  53.000 204.000  10  -5 1055 1085
 992 489.000 457.000  10 -10  316  346
 993 216.000 341.000  10  -9  654  684
 994 294.000 421.000  10 -21 1575 1605
 995 230.000 487.000  10 -34 1130 1160
 996 174.000 397.000  10 -32 1245 1275
 997 475.000 352.000  10 -16  310  340
 998 458.000 213.000  10 -18 1128 1158
 999 465.000 367.000  10 -33 1027 1057
1000 463.000 253.000  10 -25 1047 1077
1001 138.000 406.000  10  -8 1216 1246
1002 420.000 224.000  10 -10  429  459
1003 218.000 403.000  10 -14 1319 1349
1004 187.000  73.000  10 -32  292  322
1005 365.000 274.000  10 -14  117  147
1006 463.000 406.000  10 -14  857  887
1007 212.000  47.000  10 -19  801  831
1008 400.000  71.000  10 -13 1372 1402
1009 133.000 273.000  10 -35  119  149
1010 421.000 499.000  10 -23 1345 1375
1011  41.000 120.000  10 -10  696  726
1012 428.000 302.000  10 -12 1016 1046
1013  33.000 152.000  10 -17 1320 1350
1014 350.000 199.000  10 -15 1201 1231
1015 406.000 408.000  10  -7 1456 1486
1016  49.000 353.000  10 -26 1446 1476
1017 163.000 472.000  10 -14  653  683
1018 171.000  24.000  10 -15 1383 1413
1019 374.000 306.000  10 -20  994 1024
1020 493.000 111.000  10 -32  541  571
1021 487.000 446.000  10  -9 1340 1370
1022 303.000 186.000  10 -24 1354 1384
1023 104.000 349.000  10  -1 1009 1039
1024  48.000 437.000  10 -27  804  834
1025 391.000 202.000  10 -14  148  178
1026 142.000  80.000  10 -17  492  522
1027  33.000 268.000  10 -12  696  726
1028 339.000 144.000  10 -28 1099 1129
1029 359.000 287.000  10 -24  115  145
1030 309.000  29.000  10 -11 1294 1324
1031 489.000 437.000  10 -23  707  737
1032 273.000 255.000  10 -18 1492 1522
1033 261.000 138.000  10 -12  618  648
1034 386.000 154.000  10 -13 1101 1131
1035 492.000  34.000  10  -7  811  841
1036 404.000 140.000  10 -22 1259 1289
1037 217.000 207.000  10  -4 1382 1412
1038  44.000 140.000  10 -31  868  898
1039 295.000 247.000  10 -26 1303 1333
1040 365.000 119.000  10 -13  382  412
1041 443.000 167.000  10 -25  543  573
1042 428.000 202.000  10 -31  904  934
1043 167.000 488.000  10 -13  252  282
1044 360.000 294.000  10 -25 1418 1448
1045 226.000 175.000  10 -17 1694 1724
1046 371.000 315.000  10 -15 1166 1196
1047  64.000   5.000  10 -15 1129 1159
1048  26.000 221.000  10  -1  996 1026
1049 250.000 250.000   0   0    0 1925
