523 523 1000 200 1000
   0 250.000 250.000   0   0    0 1925
   1  80.000 400.000  10  10    0 1689
   2 439.000 237.000  10  11  939  969
   3 377.000 385.000  10   6    0 1730
   4 449.000 428.000  10  25 1247 1277
   5 342.000 481.000  10  18    0 1667
   6 466.000 149.000   0  16 1186 1216
   7 260.000 472.000  10  33    0 1693
   8 290.000 145.000   0   5    0 1803
   9 164.000 320.000  10  12    0 1805
  10  52.000 412.000   0  22    0 1660
  11 485.000 104.000  10  21  794  824
  12 387.000 394.000  10   8    0 1717
  13 104.000 349.000  10  20    0 1739
  14 429.000 476.000  10  23    0 1627
  15 273.000 300.000  10  30    0 1860
  16  25.000  53.000  10  23    0 1616
  17  27.000 444.000   0  22    0 1620
  18 250.000 328.000  10  24    0 1837
  19 492.000  34.000  10   5    0 1591
  20 412.000 100.000  10   1    0 1695
  21 233.000  87.000  10  18    0 1752
  22  60.000   5.000  10  18 1044 1074
  23 406.000 408.000  10  15    0 1693
  24 245.000  42.000  10  24    0 1707
  25 166.000 345.000  10  14    0 1789
  26   0.000 188.000  10  26    0 1658
  27 438.000   5.000   0  18    0 1607
  28 132.000 477.000  10  25  327  357
  29 203.000 211.000  10  20    0 1854
  30 423.000 221.000  10   9    0 1740
  31 386.000 154.000  10  31    0 1749
  32 130.000 494.000  10   6    0 1644
  33  31.000 175.000   0  24    0 1684
  34  69.000 423.000   0  32    0 1665
  35 352.000 241.000  10   5  792  822
  36  59.000 276.000  10  11  892  922
  37 440.000 201.000   0  29  893  923
  38 219.000 210.000  10  14   50   80
  39  64.000 198.000  10  10    0 1722
  40 390.000 249.000  10  21  582  612
  41 424.000 288.000  10  13    0 1737
  42 298.000 264.000  10  36   50   80
  43 405.000 454.000  10  11    0 1659
  44 407.000  35.000  10  11    0 1649
  45 245.000 176.000  10  20    0 1841
  46 348.000 476.000  10  19    0 1669
  47  49.000 353.000  10  15    0 1690
  48 335.000  99.000  10  25    0 1742
  49 363.000  34.000  10  19  272  302
  50  33.000 278.000  10  18    0 1697
  51 452.000 172.000  10   9    0 1699
  52 262.000 369.000  10  15    0 1796
  53 218.000 403.000  10  15    0 1759
  54 218.000  12.000  10   3    0 1675
  55 228.000 399.000   0  14    0 1765
  56 274.000 441.000  10  12    0 1723
  57 210.000 113.000  10  28    0 1773
  58 100.000  85.000  10  14    0 1693
  59 350.000 199.000  10  21    0 1803
  60 476.000  61.000  10  36    0 1621
  61 421.000 499.000  10  23    0 1613
  62 105.000 137.000  10  32    0 1732
  63 370.000 493.000   0  22    0 1644
  64 232.000 101.000  10  24    0 1765
  65 371.000 332.000  10  14  530  560
  66 325.000 147.000  10  14    0 1788
  67 489.000 437.000  10  29  707  737
  68 374.000 346.000  10  27    0 1759
  69  93.000 413.000  10  17  226  256
  70 136.000 265.000  10  12    0 1801
  71 111.000 178.000  10  18    0 1759
  72 291.000 251.000  10  20   41   71
  73 322.000 290.000  10  23    0 1833
  74 181.000 185.000  10  19    0 1821
  75 425.000 448.000  10   9    0 1651
  76 161.000 276.000  10   8  133  163
  77 398.000  49.000  10  21    0 1666
  78  44.000 115.000  10  24  246  276
  79  64.000 135.000   0  11    0 1697
  80  65.000  62.000  10  15    0 1652
  81  68.000 303.000  10  22    0 1726
  82 263.000 418.000  10  25  278  308
  83 340.000 416.000  10  36    0 1727
  84 271.000 128.000  10  12    0 1792
  85 488.000 173.000  10  25    0 1665
  86 389.000 156.000   0  27  716  746
  87  29.000 462.000  10  17 1310 1340
  88 148.000 462.000  10  10  727  757
  89 392.000  95.000  10  16    0 1705
  90 317.000  45.000  10   8    0 1700
  91 428.000 302.000   0  27 1016 1046
  92 453.000 318.000  10  30    0 1701
  93 186.000 135.000  10  24    0 1784
  94  11.000 403.000  10  18  343  373
  95 433.000 447.000  10  20  794  824
  96 200.000  27.000  10  22    0 1687
  97  45.000 166.000  10  22 1013 1043
  98 490.000 276.000  10  33    0 1674
  99 385.000 285.000  10  13    0 1776
 100 398.000 210.000  10  31    0 1762
 101 105.000 474.000  10  27    0 1649
 102 134.000 211.000  10  35  122  152
 103 211.000 248.000  10  26   39   69
 104 212.000 186.000  10  11    0 1841
 105 492.000 335.000  10  10    0 1659
 106 311.000 203.000  10  15    0 1838
 107 383.000  17.000  10  15    0 1647
 108   7.000  82.000  10  25  412  442
 109 342.000 319.000  10  36    0 1800
 110 436.000 467.000  10  12    0 1630
 111 438.000 488.000  10  18    0 1612
 112 351.000  60.000  10  15    0 1700
 113 498.000 456.000  10  27    0 1593
 114 215.000 293.000  10  13    0 1860
 115 230.000 320.000  10   8 1192 1222
 116 157.000  38.000  10   3    0 1684
 117 441.000 100.000  10  31    0 1673
 118 124.000 111.000  10  15    0 1728
 119  28.000 180.000  10  34    0 1683
 120 167.000 488.000  10  17  252  282
 121 442.000 289.000  10  25    0 1720
 122 136.000 430.000  10  14    0 1702
 123  38.000  15.000  10   3    0 1599
 124 257.000 133.000  10  19    0 1798
 125 295.000 247.000  10  12 1303 1333
 126 167.000 291.000  10  27    0 1823
 127  89.000 185.000  10  16  600  630
 128 397.000  57.000  10  17    0 1673
 129 372.000  39.000   0  10    0 1672
 130 278.000 450.000  10  29    0 1714
 131 292.000  32.000  10  14  229  259
 132 371.000 423.000  10  10    0 1704
 133 297.000 283.000  10  28    0 1858
 134 120.000  37.000  10  28    0 1666
 135 206.000 174.000   0  14    0 1828
 136 174.000 347.000  10   3    0 1792
 137  27.000 464.000  10  21    0 1606
 138 361.000 178.000  10   5    0 1783
 139 463.000 406.000  10  23  857  887
 140 153.000 244.000  10   5    0 1818
 141 153.000 192.000  10  13    0 1802
 142 352.000  63.000  10   6    0 1702
 143 371.000  71.000  10  21    0 1699
 144 448.000 495.000  10  40    0 1600
 145 282.000  10.000  10  30    0 1673
 146 374.000 116.000  10   9  587  617
 147 178.000 302.000  10  19    0 1827
 148 250.000  57.000  10  26    0 1722
 149   1.000 252.000  10   5    0 1666
 150 286.000 356.000  10  30    0 1804
 151  65.000  82.000  10  13    0 1666
 152 154.000 392.000  10   9    0 1744
 153 390.000  34.000  10   7 1060 1090
 154  18.000 225.000  10   8    0 1682
 155  57.000  43.000  10  15    0 1632
 156 269.000 112.000  10  19 1263 1293
 157 374.000 260.000  10  27    0 1791
 158 178.000 420.000  10  18 1071 1101
 159 389.000 255.000   0  15    0 1776
 160 134.000 194.000   0  19 1652 1682
 161  93.000 490.000  10   2    0 1629
 162 493.000 111.000   0  26    0 1636
 163 239.000  15.000  10   2    0 1680
 164 193.000 138.000  10  30    0 1790
 165 307.000  52.000  10  23    0 1709
 166 161.000 416.000  10  25    0 1727
 167 381.000 457.000  10  28    0 1671
 168  55.000 318.000  10  13  312  342
 169 177.000 404.000  10  17    0 1745
 170  47.000 208.000  10  30    0 1708
 171 283.000 454.000  10  14    0 1709
 172  37.000 281.000  10  17    0 1700
 173 413.000 127.000  10  28    0 1711
 174 398.000 341.000  10  33    0 1742
 175 313.000 391.000  10   5    0 1761
 176 471.000  94.000  10  30    0 1645
 177 341.000  72.000  10   9    0 1716
 178 130.000 186.000  10  16  136  166
 179  94.000 344.000  10  26    0 1733
 180 146.000 376.000  10   8  234  264
 181 244.000  13.000  10  24    0 1678
 182 306.000  42.000  10  11    0 1700
 183 177.000 486.000  10  20    0 1668
 184 489.000 338.000  10  17 1397 1427
 185 344.000 203.000  10  14    0 1810
 186 420.000  80.000  10  24    0 1675
 187 144.000 220.000  10  35    0 1805
 188 332.000 382.000  10   2 1010 1040
 189   6.000 196.000  10  20    0 1666
 190 104.000  28.000  10   8    0 1650
 191  87.000   3.000  10  13    0 1620
 192 149.000 214.000  10   7    0 1808
 193 107.000 374.000   0   8  914  944
 194  51.000 286.000  10  14 1459 1489
 195  49.000 118.000  10   3    0 1675
 196 159.000 226.000  10  16   94  124
 197 262.000  92.000  10  25    0 1757
 198 142.000  30.000  10  32    0 1670
 199 481.000 207.000  10  34    0 1681
 200  24.000  71.000  10  11  346  376
 201  91.000 326.000  10   4    0 1739
 202 470.000 417.000  10  11    0 1639
 203  38.000 190.000  10  23    0 1695
 204  16.000  68.000  10  11    0 1619
 205  26.000 221.000  10  28  996 1026
 206 460.000 424.000  10  11 1455 1485
 207 461.000 195.000  10  26    0 1697
 208  19.000 273.000   0  25    0 1683
 209 245.000 461.000  10   8  649  679
 210  69.000 266.000  10  12    0 1734
 211  68.000 160.000  10  21    0 1712
 212  80.000 337.000  10  28    0 1725
 213 497.000 296.000  10  14    0 1664
 214 277.000 428.000  10   7  490  520
 215  64.000   5.000   0  14    0 1608
 216  44.000 311.000  10  27    0 1701
 217 165.000  59.000  10  27    0 1706
 218 261.000 138.000   0   1    0 1803
 219 268.000 351.000  10   7    0 1813
 220  48.000 150.000  10  15    0 1690
 221 109.000  56.000  10  27    0 1676
 222 171.000 188.000  10  30  621  651
 223 112.000 433.000  10  29    0 1686
 224 213.000 283.000   0  14    0 1866
 225 240.000  34.000  10  28    0 1699
 226 283.000 438.000  10   3  231  261
 227 259.000 301.000   0  25    0 1864
 228 189.000 402.000  10  10    0 1752
 229 215.000 282.000  10  21    0 1868
 230 166.000 440.000  10  12    0 1708
 231 374.000 232.000  10  33  125  155
 232 339.000 113.000  10  14    0 1752
 233 335.000  46.000  10  18    0 1694
 234 196.000 489.000  10  23    0 1670
 235 171.000  24.000  10  11 1383 1413
 236 187.000  73.000  10  18  292  322
 237 421.000 387.000  10  15    0 1696
 238 141.000 426.000  10  23  531  561
 239 415.000 118.000  10  19    0 1704
 240 413.000 493.000  10  26    0 1623
 241 360.000 294.000  10   9    0 1797
 242 265.000 240.000  10   9   18   48
 243 280.000 245.000  10  21   30   60
 244  87.000  51.000  10  35    0 1658
 245 195.000 273.000  10  22   59   89
 246  95.000  64.000  10   4    0 1673
 247  63.000 155.000  10   7    0 1706
 248 376.000  92.000  10  10    0 1713
 249  72.000 477.000  10  46  288  318
 250  72.000 227.000  10  25    0 1736
 251 238.000 123.000  10  24    0 1788
 252 188.000 119.000  10  44    0 1771
 253 229.000 322.000  10  11    0 1840
 254 150.000  68.000  10  23    0 1708
 255  67.000  24.000  10  10    0 1625
 256  63.000 420.000  10  19    0 1663
 257 454.000 201.000  10  16    0 1706
 258 365.000 119.000  10  30  382  412
 259 417.000 212.000  10  12  910  940
 260 472.000 248.000  10  11    0 1693
 261 235.000 108.000  10  12    0 1773
 262 174.000  67.000  10  15    0 1717
 263 132.000 151.000  10  22    0 1761
 264 217.000 207.000   0  26    0 1861
 265 162.000 306.000  10  22    0 1811
 266  48.000 366.000  10  29    0 1683
 267  94.000 497.000  10  31    0 1623
 268 110.000 122.000  10  14    0 1726
 269 274.000 403.000  10  17    0 1761
 270  30.000  97.000  10  23    0 1648
 271 190.000 267.000  10  36    0 1853
 272 334.000 481.000  10  32    0 1670
 273 482.000 104.000  10  19    0 1641
 274 494.000 165.000  10  19    0 1657
 275 167.000 445.000  10   7    0 1704
 276 340.000 291.000   0  22  470  500
 277 272.000 234.000  10  26    0 1888
 278 325.000  56.000  10  13    0 1708
 279  87.000 311.000  10   7    0 1741
 280 207.000 487.000  10   4    0 1675
 281 332.000   5.000  10  14 1033 1063
 282 161.000 275.000  10  21    0 1823
 283 268.000 458.000  10  24    0 1707
 284 175.000 352.000  10  12    0 1789
 285 398.000 476.000  10  25    0 1645
 286  21.000  70.000  10  15  771  801
 287 436.000 123.000  10  40    0 1690
 288 286.000 244.000  10  31    0 1879
 289 449.000 190.000  10   2 1140 1170
 290 456.000 113.000  10  17 1227 1257
 291 480.000 152.000  10  26    0 1665
 292 100.000 266.000  10   5    0 1765
 293 343.000  34.000  10   7    0 1680
 294 374.000 306.000  10   4  994 1024
 295  13.000 465.000  10  31  774  804
 296 240.000 362.000  10  23    0 1803
 297 297.000 131.000  10  25    0 1788
 298  44.000 440.000  10  24    0 1635
 299 341.000  59.000   0  27  790  820
 300 132.000  32.000  10  18  784  814
 301 244.000 368.000  10  25  414  444
 302  90.000 477.000  10  18    0 1638
 303 351.000 128.000  10  15    0 1757
 304 157.000 269.000  10  31    0 1821
 305 392.000   1.000  10  11  605  635
 306  39.000 153.000  10  26    0 1683
 307 306.000 229.000  10  10    0 1856
 308 415.000 253.000  10  21  367  397
 309 128.000 113.000  10  22  363  393
 310 102.000 422.000  10  23  226  256
 311 480.000 131.000   0   5    0 1657
 312 460.000 117.000  10  14  520  550
 313 175.000 239.000  10  23   75  105
 314  62.000 375.000  10  16    0 1690
 315  82.000 183.000  10  17    0 1735
 316 371.000 315.000  10  18    0 1778
 317 333.000 163.000   0  32    0 1795
 318 311.000 422.000  10  29    0 1733
 319 153.000 235.000  10  10    0 1817
 320 168.000 109.000  10  10    0 1752
 321 284.000 319.000  10  17    0 1839
 322 325.000 210.000  10  15    0 1830
 323 366.000 334.000  10   5  410  440
 324 270.000 337.000  10  20    0 1826
 325 125.000  65.000   0  17  788  818
 326 226.000 175.000  10  23    0 1837
 327 223.000 178.000  10  20 1136 1166
 328 330.000 308.000  10  24 1170 1200
 329  34.000 239.000  10  16    0 1699
 330 202.000 391.000  10  30    0 1767
 331 345.000 431.000   0  12  345  375
 332 411.000 379.000  10  25    0 1709
 333 293.000 174.000  10  31   87  117
 334 169.000 305.000  10  21  162  192
 335  65.000 343.000  10  38    0 1708
 336 158.000 179.000  10  37    0 1799
 337 299.000 353.000   0  34    0 1801
 338   9.000 233.000  10  31    0 1674
 339 330.000 138.000  10  18    0 1778
 340 336.000 493.000   0  20    0 1658
 341 181.000 441.000  10  25    0 1712
 342  80.000 117.000   0  24    0 1700
 343 210.000 219.000  10   7    0 1865
 344 288.000 439.000   0  16    0 1723
 345 405.000 349.000  10  15  522  552
 346 191.000 215.000  10  17   68   98
 347 231.000  29.000  10  14 1226 1256
 348 463.000 253.000  10  23    0 1702
 349 435.000 180.000  10  37    0 1718
 350 441.000   7.000  10  20    0 1606
 351 355.000 174.000  10  33    0 1786
 352 235.000  13.000  10  27    0 1678
 353 303.000  78.000  10  12  179  209
 354 103.000 464.000  10  22    0 1656
 355 325.000 311.000  10  22    0 1819
 356 306.000 235.000  10  25    0 1858
 357 382.000 360.000  10  26  178  208
 358   0.000 356.000  10  13    0 1644
 359 178.000 135.000  10  21    0 1780
 360 226.000 423.000  10  15  197  227
 361  15.000  11.000  10  15    0 1580
 362 176.000 199.000  10  28    0 1826
 363 247.000 306.000  10  33    0 1859
 364 396.000 417.000  10  13    0 1694
 365 289.000 220.000  10  19    0 1866
 366  23.000 235.000  10  43    0 1688
 367 137.000 377.000  10  23  169  199
 368 400.000  71.000  10  17    0 1682
 369 261.000 359.000  10  10    0 1806
 370 438.000 127.000  10   2    0 1691
 371 318.000 280.000  10  21    0 1841
 372  62.000  94.000  10  16    0 1671
 373 495.000 355.000  10   3 1243 1273
 374  13.000 394.000  10  15    0 1638
 375  14.000 232.000  10  18    0 1679
 376 214.000 274.000  10  24    0 1872
 377 179.000  75.000  10  13    0 1727
 378 484.000 224.000  10   7    0 1680
 379 214.000 245.000   0   8    0 1879
 380 368.000 311.000   0  14    0 1783
 381 447.000 272.000  10  12    0 1717
 382 489.000 274.000  10  31  534  564
 383  26.000 342.000  10  12    0 1673
 384 139.000 438.000  10  24    0 1697
 385  12.000 358.000  10   7 1224 1254
 386 285.000 247.000  10  13    0 1880
 387 172.000  66.000  10  18 1303 1333
 388  92.000 259.000   0   4  399  429
 389 379.000 486.000  10  22    0 1647
 390 268.000 288.000  10  26    0 1873
 391  50.000 383.000  10  20  260  290
 392 110.000 251.000  10  23  498  528
 393 461.000 182.000  10  13    0 1694
 394 255.000 487.000  10  19    0 1678
 395  34.000 329.000  10   2 1043 1073
 396 242.000 106.000  10  28    0 1771
 397 171.000 303.000  10  18    0 1820
 398 329.000 456.000  10  19    0 1695
 399 321.000 149.000  10  18    0 1792
 400  84.000 453.000  10  19    0 1653
 401 394.000 322.000  10  12 1025 1055
 402 348.000 348.000  10  23    0 1777
 403 309.000 161.000  10  23    0 1809
 404 385.000  58.000  10  24    0 1681
 405 228.000 287.000  10  21   43   73
 406 312.000 453.000  10   6  550  580
 407 208.000 488.000  10  22    0 1674
 408 235.000  33.000  10  30    0 1698
 409 140.000 137.000  10  32    0 1758
 410 330.000 371.000  10   1    0 1770
 411 265.000   0.000   0  10    0 1665
 412 295.000  89.000  10  23    0 1748
 413   3.000  23.000  10  11    0 1580
 414 267.000 290.000  10  15    0 1872
 415 131.000 246.000  10  17  832  862
 416 366.000 260.000  10  23    0 1799
 417 138.000  28.000  10  23 1097 1127
 418  32.000  94.000  10  14  930  960
 419 301.000 239.000  10  31   52   82
 420 253.000  74.000  10  20    0 1739
 421  77.000 465.000  10  11    0 1640
 422 267.000 374.000  10  23  601  631
 423 450.000 194.000  10  27  625  655
 424 429.000 389.000  10  18  424  454
 425 202.000  28.000  10  22    0 1688
 426  46.000 389.000  10  22    0 1669
 427 246.000 407.000  10  12    0 1758
 428 134.000 276.000  10  15    0 1797
 429 262.000  97.000  10  17  947  977
 430 364.000  71.000  10   5    0 1703
 431 494.000 468.000  10  31    0 1588
 432 439.000 222.000  10  22    0 1724
 433 386.000 225.000  10  13    0 1777
 434 103.000 177.000  10  28    0 1751
 435 373.000 421.000  10  21    0 1705
 436   5.000 281.000  10  16    0 1669
 437 173.000 474.000   0  14    0 1679
 438  36.000 301.000  10  21    0 1696
 439 264.000 180.000  10  33    0 1844
 440 281.000  96.000  10   1    0 1758
 441 387.000 349.000  10   9    0 1746
 442 398.000 329.000  10  17    0 1748
 443 346.000 354.000  10   8    0 1774
 444  79.000  80.000  10  19    0 1674
 445 117.000 110.000  10  13    0 1722
 446  58.000 391.000  10  16    0 1677
 447 142.000 360.000  10  20    0 1761
 448  62.000 236.000  10  29    0 1727
 449 344.000  70.000  10  24    0 1712
 450 240.000 240.000  10  35    0 1901
 451  46.000 163.000  10   8    0 1694
 452 455.000 168.000  10  21  867  897
 453 428.000 202.000  10  24  904  934
 454 432.000 199.000  10   7    0 1726
 455 391.000 112.000  10  24 1000 1030
 456 451.000 305.000   0  13    0 1707
 457 214.000 311.000  10  14   70  100
 458 465.000 367.000  10  14    0 1671
 459 364.000 173.000  10  30    0 1778
 460 133.000 455.000  10  25    0 1679
 461 351.000 481.000  10  10  322  352
 462 297.000 304.000  10   4    0 1844
 463  60.000 246.000  10  25    0 1725
 464   3.000 471.000  10  13    0 1584
 465 153.000 362.000  10   7    0 1767
 466 351.000 148.000  10  30  461  491
 467 226.000 316.000  10  21   70  100
 468  41.000 120.000  10  22    0 1669
 469 247.000 443.000  10  17  330  360
 470 218.000 271.000   0  16    0 1877
 471 376.000 385.000  10  12  184  214
 472 241.000 402.000  10  11    0 1763
 473 213.000 399.000  10  18    0 1762
 474  32.000 191.000  10   5  586  616
 475 215.000 434.000  10   9    0 1728
 476 468.000 360.000  10  16    0 1671
 477 287.000 256.000  10  18    0 1878
 478 253.000 118.000  10  19    0 1783
 479 159.000 299.000  10  12    0 1812
 480 351.000 233.000  10  21    0 1813
 481 164.000 332.000  10  19    0 1797
 482  88.000 484.000  10   5    0 1631
 483 360.000 488.000  10  19    0 1653
 484 343.000 166.000  10  28    0 1790
 485 497.000 266.000   0  25  748  778
 486 138.000 406.000  10   8 1216 1246
 487 365.000 274.000  10  14  117  147
 488 481.000 454.000  10  14    0 1607
 489 372.000  97.000  10  13    0 1720
 490 187.000 263.000  10  35   64   94
 491 371.000 427.000  10  23    0 1701
 492  74.000 215.000  10  10  229  259
 493 365.000  28.000  10   9  268  298
 494 118.000 314.000   0  26    0 1769
 495  33.000 152.000   0  17    0 1677
 496  94.000  40.000  10  24 1068 1098
 497 290.000 328.000  10   7  144  174
 498  96.000 346.000  10  26    0 1734
 499  97.000 288.000  10  22    0 1758
 500 176.000 470.000  10  14  547  577
 501 489.000 457.000  10  13    0 1599
 502 392.000 491.000  10  10    0 1636
 503 495.000  83.000  10  32    0 1619
 504  36.000 451.000  10  15    0 1622
 505 276.000  84.000   0  20    0 1747
 506  53.000 204.000  10   8    0 1713
 507 359.000 287.000  10  24    0 1800
 508 309.000  29.000  10  11 1294 1324
 509 473.000 491.000  10  23    0 1587
 510 273.000 255.000  10  18    0 1892
 511 263.000 153.000  10  12    0 1818
 512 488.000  96.000  10  22    0 1632
 513  43.000 135.000  10  31    0 1679
 514 188.000 151.000  10   7    0 1799
 515 175.000 422.000  10  24    0 1728
 516 372.000 115.000  10  13    0 1734
 517 357.000 290.000  10  24    0 1801
 518 331.000 134.000  10  11    0 1774
 519 495.000 199.000  10  25    0 1665
 520 441.000  60.000  10  21 1459 1489
 521 172.000  24.000  10  17 1452 1482
 522 408.000 318.000  10  15    0 1743
 523 410.000 399.000  10  25  234  264
 524  95.000 382.000  10 -10    0 1712
 525 359.000 246.000  10 -11    0 1806
 526 434.000 359.000  10  -6    0 1702
 527 413.000 345.000  10 -25    0 1727
 528 328.000 491.000  10 -18    0 1662
 529 466.000 149.000  10 -16 1186 1216
 530 313.000 493.000  10 -33    0 1664
 531 290.000 145.000  10  -5    0 1803
 532 172.000 314.000  10 -12    0 1815
 533  52.000 412.000  10 -22    0 1660
 534 482.000 141.000  10 -21 1011 1041
 535 441.000 374.000  10  -8    0 1688
 536  71.000 304.000  10 -20    0 1729
 537 487.000 320.000  10 -23  858  888
 538 244.000 277.000  10 -30    0 1888
 539  52.000  18.000  10 -23    0 1610
 540  27.000 444.000  10 -22    0 1620
 541 224.000 320.000  10 -24 1284 1314
 542 488.000   3.000  10  -5    0 1572
 543 432.000  66.000  10  -1    0 1657
 544 200.000  78.000  10 -18    0 1736
 545  30.000   7.000  10 -18 1189 1219
 546 380.000 350.000  10 -15    0 1751
 547 241.000  38.000  10 -24    0 1703
 548 170.000 347.000  10 -14    0 1790
 549   7.000 194.000  10 -26    0 1666
 550 438.000   5.000  10 -18    0 1607
 551 124.000 448.000  10 -25    0 1681
 552 199.000 203.000  10 -20    0 1846
 553 452.000 206.000  10  -9  492  522
 554 339.000 144.000  10 -31 1099 1129
 555  68.000 450.000  10  -6    0 1645
 556  31.000 175.000  10 -24    0 1684
 557  69.000 423.000  10 -32    0 1665
 558 497.000  18.000  10  -5    0 1577
 559  56.000 268.000  10 -11 1064 1094
 560 440.000 201.000  10 -29  893  923
 561 174.000 122.000  10 -14    0 1767
 562  34.000 169.000  10 -10  484  514
 563 363.000 225.000  10 -21    0 1800
 564 386.000 245.000  10 -13    0 1779
 565 314.000 205.000  10 -36    0 1837
 566 413.000 476.000  10 -11    0 1637
 567 389.000  43.000  10 -11    0 1666
 568 241.000 180.000  10 -20 1695 1725
 569 352.000 481.000  10 -19    0 1663
 570  51.000 360.000  10 -15    0 1688
 571 392.000  87.000  10 -25    0 1699
 572 399.000 175.000  10 -19  747  777
 573  33.000 286.000  10 -18    0 1696
 574 397.000 153.000  10  -9    0 1739
 575 237.000 420.000  10 -15    0 1745
 576 231.000 410.000  10 -15    0 1754
 577 212.000  47.000  10  -3  801  831
 578 228.000 399.000  10 -14    0 1765
 579 307.000 412.000  10 -12    0 1744
 580 210.000 133.000  10 -28    0 1792
 581 100.000  66.000  10 -14    0 1678
 582 267.000 162.000  10 -21    0 1826
 583 497.000  54.000  10 -36  978 1008
 584 422.000 498.000  10 -23  692  722
 585  83.000 169.000  10 -32    0 1730
 586 370.000 493.000  10 -22    0 1644
 587 198.000  85.000  10 -24  263  293
 588 343.000 276.000  10 -14    0 1819
 589 330.000 147.000  10 -14  848  878
 590 485.000 428.000  10 -29 1490 1520
 591 299.000 285.000  10 -27 1254 1284
 592  78.000 406.000  10 -17  960  990
 593 133.000 273.000  10 -12    0 1796
 594 181.000 260.000  10 -18    0 1846
 595 354.000 156.000  10 -20    0 1775
 596 366.000 288.000  10 -23    0 1793
 597 206.000 172.000  10 -19  788  818
 598 440.000 436.000  10  -9    0 1650
 599  32.000 319.000  10  -8    0 1687
 600 429.000  59.000  10 -21    0 1654
 601  51.000  89.000  10 -24 1208 1238
 602  64.000 135.000  10 -11    0 1697
 603  68.000  53.000  10 -15  739  769
 604  29.000 336.000  10 -22    0 1678
 605 250.000 441.000  10 -25    0 1724
 606 371.000 488.000  10 -36    0 1649
 607 323.000  77.000  10 -12    0 1728
 608 498.000 171.000  10 -25    0 1655
 609 389.000 156.000  10 -27  716  746
 610 179.000 318.000  10 -17    0 1817
 611 195.000 450.000  10 -10    0 1708
 612 437.000  98.000  10 -16    0 1675
 613 264.000 135.000  10  -8    0 1800
 614 428.000 302.000  10 -27 1016 1046
 615 436.000 295.000  10 -30    0 1724
 616 177.000 156.000  10 -24    0 1796
 617  26.000 442.000  10 -18    0 1620
 618 448.000 397.000  10 -20    0 1669
 619 151.000  81.000  10 -22    0 1720
 620  48.000 162.000  10 -22    0 1695
 621 418.000 269.000  10 -33    0 1746
 622 418.000 251.000  10 -13    0 1747
 623 475.000 198.000  10 -31    0 1685
 624  80.000 458.000  10 -27  371  401
 625 197.000 202.000  10 -35 1204 1234
 626  13.000 314.000  10 -26    0 1670
 627  71.000  12.000  10 -11    0 1618
 628 499.000 316.000  10 -10    0 1658
 629 375.000 145.000  10 -15  929  959
 630 351.000   5.000  10 -15  496  526
 631   1.000 101.000  10 -25 1257 1287
 632 381.000 328.000  10 -36    0 1763
 633 491.000 369.000  10 -12    0 1647
 634 492.000 326.000  10 -18    0 1662
 635 394.000  47.000  10 -15    0 1667
 636 420.000 383.000  10 -27    0 1700
 637  80.000 279.000  10 -13    0 1743
 638 222.000 331.000  10  -8    0 1830
 639 171.000  34.000  10  -3    0 1686
 640 466.000  96.000  10 -31 1383 1413
 641 114.000 102.000  10 -15    0 1715
 642  39.000 162.000  10 -34  565  595
 643 152.000 476.000  10 -17    0 1669
 644 440.000 292.000  10 -25  940  970
 645 208.000 445.000  10 -14    0 1716
 646  19.000  38.000  10  -3    0 1602
 647 251.000  63.000  10 -19  987 1017
 648 251.000 238.000  10 -12    0 1903
 649 180.000 283.000  10 -27    0 1838
 650 102.000   6.000  10 -16    0 1630
 651 404.000  59.000  10 -17    0 1670
 652 372.000  39.000  10 -10    0 1672
 653 368.000 452.000  10 -29    0 1682
 654 191.000  84.000  10 -14  867  897
 655 413.000 391.000  10 -10    0 1700
 656 266.000 221.000  10 -28    0 1882
 657 135.000  30.000  10 -28    0 1667
 658 206.000 174.000  10 -14    0 1828
 659 243.000 408.000  10  -3    0 1757
 660  28.000 467.000  10 -21 1343 1373
 661 273.000 149.000  10  -5    0 1812
 662 470.000 405.000  10 -23    0 1646
 663  48.000 293.000  10  -5    0 1709
 664 146.000 188.000  10 -13 1235 1265
 665 451.000  62.000  10  -6    0 1640
 666 393.000  98.000  10 -21    0 1707
 667 404.000 439.000  10 -40    0 1672
 668 224.000   3.000  10 -30  690  720
 669 418.000  75.000  10  -9    0 1673
 670 149.000 341.000  10 -19  404  434
 671 253.000  50.000  10 -26    0 1715
 672  16.000 287.000  10  -5    0 1679
 673 330.000 281.000  10 -30 1330 1360
 674  61.000 170.000  10 -13    0 1710
 675 164.000 473.000  10  -9    0 1676
 676 472.000  57.000  10  -7    0 1621
 677   2.000 264.000  10  -8    0 1667
 678  98.000   2.000  10 -15    0 1625
 679 268.000 113.000  10 -19    0 1777
 680 385.000 239.000  10 -27  786  816
 681 217.000 357.000  10 -18 1420 1450
 682 389.000 255.000  10 -15    0 1776
 683 134.000 194.000  10 -19 1652 1682
 684  64.000 437.000  10  -2    0 1652
 685 493.000 111.000  10 -26    0 1636
 686 225.000 121.000  10  -2    0 1784
 687 178.000 150.000  10 -30    0 1792
 688 339.000  41.000  10 -23  456  486
 689 132.000 479.000  10 -25  257  287
 690 355.000 485.000  10 -28    0 1658
 691  66.000 314.000  10 -13    0 1721
 692 174.000 376.000  10 -17    0 1768
 693  35.000 263.000  10 -30    0 1700
 694 334.000 403.000  10 -14    0 1741
 695  52.000 303.000  10 -17    0 1711
 696 365.000 190.000  10 -28 1477 1507
 697 421.000 386.000  10 -33  824  854
 698 493.000 493.000  10  -5  856  886
 699 452.000 110.000  10 -30    0 1670
 700 388.000  44.000  10  -9    0 1668
 701 103.000 123.000  10 -16    0 1721
 702  83.000 290.000  10 -26    0 1744
 703 135.000 400.000  10  -8    0 1726
 704 196.000  56.000  10 -24    0 1714
 705 349.000  76.000  10 -11 1031 1061
 706 179.000 497.000  10 -20    0 1658
 707 468.000 352.000  10 -17    0 1675
 708 347.000 192.000  10 -14    0 1802
 709 437.000  90.000  10 -24    0 1669
 710 176.000 200.000  10 -35  568  598
 711 295.000 283.000  10  -2    0 1860
 712   5.000 224.000  10 -20    0 1669
 713 142.000  80.000  10  -8    0 1714
 714 120.000  17.000  10 -13    0 1649
 715  44.000 140.000  10  -7    0 1682
 716 107.000 374.000  10  -8  914  944
 717  71.000 282.000  10 -14    0 1734
 718  67.000 190.000  10  -3    0 1723
 719 148.000 208.000  10 -16    0 1805
 720 257.000  57.000  10 -25    0 1722
 721 142.000  14.000  10 -32    0 1656
 722 482.000 184.000  10 -34    0 1674
 723   9.000 101.000  10 -11  666  696
 724  80.000 251.000  10  -4    0 1745
 725 471.000 427.000  10 -11    0 1632
 726 111.000 192.000  10 -23    0 1765
 727  66.000  88.000  10 -11    0 1670
 728  10.000 237.000  10 -28    0 1675
 729 448.000 414.000  10 -11    0 1658
 730 495.000 227.000  10 -26    0 1669
 731  19.000 273.000  10 -25    0 1683
 732 272.000 420.000  10  -8 1386 1416
 733  79.000 257.000  10 -12    0 1744
 734  87.000 213.000  10 -21    0 1748
 735  64.000 294.000  10 -28    0 1724
 736 307.000 249.000  10 -14 1377 1407
 737 239.000 486.000  10  -7    0 1679
 738  64.000   5.000  10 -14    0 1608
 739  35.000 344.000  10 -27  863  893
 740 187.000  61.000  10 -27    0 1716
 741 261.000 138.000  10  -1    0 1803
 742 256.000 441.000  10  -7    0 1724
 743  30.000 155.000  10 -15    0 1676
 744  92.000  18.000  10 -27    0 1635
 745 219.000 215.000  10 -30    0 1869
 746  69.000 414.000  10 -29 1263 1293
 747 213.000 283.000  10 -14    0 1866
 748 215.000 129.000  10 -28    0 1790
 749 328.000 458.000  10  -3  768  798
 750 259.000 301.000  10 -25    0 1864
 751 114.000 460.000  10 -10    0 1665
 752 221.000 291.000  10 -21    0 1865
 753 211.000 446.000  10 -12    0 1716
 754 404.000 207.000  10 -33    0 1756
 755 367.000  97.000  10 -14    0 1723
 756 349.000  43.000  10 -18    0 1686
 757 230.000 487.000  10 -23    0 1678
 758 210.000  81.000  10 -11    0 1742
 759 178.000  72.000  10 -18    0 1723
 760 366.000 390.000  10 -15    0 1734
 761 149.000 458.000  10 -23    0 1684
 762 456.000 157.000  10 -19    0 1689
 763 397.000 477.000  10 -26    0 1645
 764 440.000 284.000  10  -9  852  882
 765 291.000 213.000  10  -9 1258 1288
 766 248.000 214.000  10 -21    0 1879
 767 149.000  98.000  10 -35    0 1733
 768 179.000 286.000  10 -22    0 1836
 769  92.000  76.000  10  -4    0 1680
 770  94.000 192.000  10  -7    0 1749
 771 396.000  83.000  10 -10    0 1694
 772  20.000 480.000  10 -46    0 1590
 773  40.000 278.000  10 -25    0 1704
 774 236.000 126.000  10 -24    0 1791
 775 195.000 111.000  10 -44  998 1028
 776 235.000 288.000  10 -11    0 1875
 777 140.000 108.000  10 -23    0 1736
 778  89.000  65.000  10 -10    0 1670
 779  59.000 388.000  10 -19  663  693
 780 500.000 228.000  10 -16    0 1665
 781 401.000 164.000  10 -30    0 1742
 782 458.000 213.000  10 -12 1128 1158
 783 478.000 300.000  10 -11    0 1682
 784 273.000  70.000  10 -12  619  649
 785 156.000  65.000  10 -15 1037 1067
 786 105.000 140.000  10 -22    0 1733
 787 217.000 207.000  10 -26    0 1861
 788 172.000 292.000  10 -22    0 1827
 789 144.000 331.000  10 -29    0 1782
 790  90.000 496.000  10 -31    0 1622
 791  75.000 118.000  10 -14  409  439
 792 199.000 438.000  10 -17    0 1721
 793  66.000  31.000  10 -23    0 1629
 794 201.000 278.000  10 -36    0 1859
 795 318.000 497.000  10 -32    0 1659
 796 480.000 119.000  10 -19    0 1651
 797 489.000 159.000  10 -19    0 1660
 798 182.000 480.000  10  -7    0 1676
 799 340.000 291.000  10 -22  470  500
 800 261.000 201.000  10 -26 1514 1544
 801 337.000  41.000  10 -13    0 1689
 802  84.000 255.000  10  -7    0 1749
 803 225.000 488.000  10  -4    0 1676
 804 323.000  34.000  10 -14    0 1687
 805 162.000 301.000  10 -21 1613 1643
 806 294.000 421.000  10 -24 1575 1605
 807 210.000 379.000  10 -12    0 1780
 808 395.000 474.000  10 -25    0 1649
 809  60.000  29.000  10 -15 1363 1393
 810 480.000 136.000  10 -40    0 1659
 811 293.000 228.000  10 -31    0 1867
 812 470.000 138.000  10  -2    0 1669
 813 432.000   2.000  10 -17    0 1608
 814 439.000 156.000  10 -26    0 1704
 815  80.000 357.000  10  -5    0 1715
 816 385.000  17.000  10  -7    0 1646
 817 466.000 362.000  10  -4    0 1672
 818  67.000 451.000  10 -31    0 1644
 819 216.000 341.000  10 -23    0 1818
 820 450.000  45.000  10 -25    0 1629
 821  49.000 437.000  10 -24    0 1641
 822 341.000  59.000  10 -27  790  820
 823 158.000  24.000  10 -18    0 1671
 824 235.000 316.000  10 -25  656  686
 825   0.000 422.000  10 -18  821  851
 826 390.000 120.000  10 -15    0 1724
 827  83.000 300.000  10 -31  500  530
 828 436.000  25.000  10 -11 1282 1312
 829  58.000  39.000  10 -26    0 1630
 830 343.000 205.000  10 -10    0 1812
 831 490.000 286.000  10 -21    0 1673
 832 125.000  61.000  10 -22    0 1689
 833  61.000 441.000  10 -23  544  574
 834 480.000 131.000  10  -5    0 1657
 835 442.000 153.000  10 -14    0 1700
 836  66.000 163.000  10 -23    0 1712
 837  77.000 372.000  10 -16    0 1704
 838  86.000 199.000  10 -17    0 1744
 839 401.000 314.000  10 -18  976 1006
 840 333.000 163.000  10 -32    0 1795
 841 284.000 457.000  10 -29    0 1706
 842  60.000 231.000  10 -10    0 1725
 843 147.000  30.000  10 -10    0 1673
 844 217.000 333.000  10 -17    0 1826
 845 347.000 184.000  10 -15 1079 1109
 846 423.000 315.000  10  -5    0 1731
 847 279.000 355.000  10 -20    0 1807
 848 125.000  65.000  10 -17  788  818
 849 213.000 185.000  10 -23    0 1841
 850 130.000 140.000  10 -20    0 1753
 851 333.000 293.000  10 -24    0 1822
 852  33.000 268.000  10 -16  696  726
 853 211.000 411.000  10 -30    0 1750
 854 345.000 431.000  10 -12  345  375
 855 414.000 378.000  10 -25  495  525
 856 365.000  74.000  10 -31    0 1705
 857 174.000 397.000  10 -21 1245 1275
 858  67.000 352.000  10 -38    0 1706
 859 143.000 158.000  10 -37    0 1774
 860 299.000 353.000  10 -34    0 1801
 861 166.000 247.000  10 -31    0 1831
 862 327.000 139.000  10 -18    0 1780
 863 336.000 493.000  10 -20    0 1658
 864 115.000 395.000  10 -25  815  845
 865  80.000 117.000  10 -24    0 1700
 866 173.000 182.000  10  -7    0 1813
 867 288.000 439.000  10 -16    0 1723
 868 433.000 319.000  10 -15    0 1720
 869  86.000 189.000  10 -17    0 1741
 870 215.000  79.000  10 -14    0 1741
 871 457.000 280.000  10 -23    0 1706
 872 423.000 170.000  10 -37    0 1725
 873 437.000  19.000  10 -20    0 1618
 874 371.000 163.000  10 -33  828  858
 875 201.000  66.000  10 -27    0 1725
 876 382.000   9.000  10 -12    0 1641
 877 122.000 422.000  10 -22    0 1701
 878 274.000 261.000  10 -22 1707 1737
 879 320.000 211.000  10 -25  993 1023
 880 412.000 478.000  10 -26    0 1636
 881  29.000 358.000  10 -13    0 1670
 882 133.000 202.000  10 -21    0 1789
 883 195.000 464.000  10 -15    0 1695
 884   6.000  53.000  10 -15    0 1602
 885 209.000 212.000  10 -28    0 1860
 886 240.000 255.000  10 -33    0 1904
 887 411.000 396.000  10 -13    0 1698
 888 233.000 230.000  10 -19    0 1889
 889  46.000 248.000  10 -43    0 1711
 890  79.000 467.000  10 -23  351  381
 891 429.000 169.000  10 -17    0 1719
 892 287.000 397.000  10 -10  564  594
 893 380.000 194.000  10  -2    0 1774
 894 303.000 186.000  10 -21 1354 1384
 895  57.000 183.000  10 -16    0 1711
 896 475.000 352.000  10  -3    0 1668
 897  10.000 407.000  10 -15  434  464
 898  41.000 232.000  10 -18    0 1706
 899 228.000 260.000  10 -24    0 1891
 900 173.000  65.000  10 -13  448  478
 901 356.000 256.000  10  -7    0 1809
 902 214.000 245.000  10  -8    0 1879
 903 368.000 311.000  10 -14    0 1783
 904 447.000 267.000  10 -12  980 1010
 905 475.000 267.000  10 -31    0 1690
 906  91.000 427.000  10 -12  883  913
 907 257.000 391.000  10 -24 1633 1663
 908  43.000 360.000  10  -7    0 1681
 909 247.000 219.000  10 -13    0 1884
 910 206.000  97.000  10 -18    0 1756
 911  92.000 259.000  10  -4  399  429
 912 469.000 489.000  10 -22    0 1591
 913 225.000 269.000  10 -26    0 1884
 914 111.000 392.000  10 -20    0 1717
 915 120.000 261.000  10 -23    0 1785
 916 391.000 202.000  10 -13    0 1767
 917 322.000 406.000  10 -19    0 1744
 918  44.000 344.000  10  -2    0 1689
 919 209.000  68.000  10 -28    0 1729
 920 142.000 372.000  10 -18    0 1753
 921 332.000 459.000  10 -19  369  399
 922 409.000 155.000  10 -18    0 1730
 923  84.000 377.000  10 -19    0 1706
 924 486.000 324.000  10 -12    0 1668
 925 448.000 404.000  10 -23    0 1665
 926 404.000 140.000  10 -23 1259 1289
 927 443.000 167.000  10 -24  543  573
 928 195.000 386.000  10 -21  146  176
 929 347.000 459.000  10  -6    0 1685
 930 222.000 499.000  10 -22    0 1665
 931 224.000  56.000  10 -30    0 1720
 932 117.000 178.000  10 -32    0 1764
 933 479.000 387.000  10  -1    0 1649
 934 265.000   0.000  10 -10    0 1665
 935 324.000  99.000  10 -23    0 1747
 936  18.000  24.000  10 -11    0 1592
 937 246.000 314.000  10 -15 1445 1475
 938 130.000 247.000  10 -17    0 1795
 939 370.000 262.000  10 -23    0 1795
 940 168.000  59.000  10 -23    0 1708
 941  56.000  75.000  10 -14    0 1654
 942 337.000 232.000  10 -31    0 1827
 943 318.000  99.000  10 -20 1213 1243
 944  53.000 466.000  10 -11    0 1623
 945 185.000 431.000  10 -23    0 1723
 946 447.000 184.000  10 -27    0 1708
 947 370.000 382.000  10 -18  884  914
 948 180.000 162.000  10 -22    0 1803
 949   5.000 445.000  10 -22    0 1602
 950 244.000 422.000  10 -12    0 1743
 951 115.000 296.000  10 -15    0 1773
 952 210.000  29.000  10 -17    0 1691
 953 382.000 110.000  10  -5    0 1723
 954 487.000 446.000  10 -31    0 1608
 955 426.000 231.000  10 -22 1028 1058
 956 461.000 186.000  10 -13    0 1695
 957 105.000 181.000  10 -28    0 1755
 958 418.000 399.000  10 -21    0 1691
 959  24.000 259.000  10 -16    0 1689
 960 173.000 474.000  10 -14    0 1679
 961  12.000 367.000  10 -21    0 1650
 962 248.000 176.000  10 -33    0 1841
 963 292.000 136.000  10  -1    0 1794
 964 440.000 294.000  10  -9    0 1720
 965 394.000 310.000  10 -17    0 1759
 966 331.000 356.000  10  -8    0 1782
 967  98.000  29.000  10 -19    0 1647
 968 108.000  37.000  10 -13    0 1660
 969  89.000 358.000  10 -16    0 1722
 970 154.000 374.000  10 -20    0 1759
 971  68.000 240.000  10 -29  794  824
 972 426.000  38.000  10 -24    0 1640
 973 221.000 269.000  10 -35    0 1881
 974  77.000 172.000  10  -8    0 1726
 975 441.000 177.000  10 -21 1001 1031
 976 405.000 187.000  10 -24 1251 1281
 977 420.000 224.000  10  -7    0 1744
 978 376.000 113.000  10 -24    0 1729
 979 451.000 305.000  10 -13    0 1707
 980  76.000 462.000  10 -14  956  986
 981 453.000 360.000  10 -14    0 1685
 982 384.000 149.000  10 -30    0 1748
 983  67.000 378.000  10 -25    0 1692
 984 352.000 487.000  10 -10    0 1657
 985 447.000 383.000  10  -4    0 1678
 986  40.000 304.000  10 -25 1145 1175
 987  48.000 412.000  10 -13 1032 1062
 988 126.000 391.000  10  -7    0 1728
 989 440.000  77.000  10 -30    0 1659
 990 150.000 484.000  10 -21    0 1661
 991  26.000  67.000  10 -22    0 1626
 992 274.000 442.000  10 -17    0 1722
 993 218.000 271.000  10 -16    0 1877
 994 450.000 416.000  10 -12    0 1656
 995 243.000 402.000  10 -11    0 1763
 996 248.000 386.000  10 -18    0 1779
 997  13.000 214.000  10  -5 1354 1384
 998 185.000 434.000  10  -9    0 1720
 999 471.000 368.000  10 -16    0 1665
1000 308.000 199.000  10 -18    0 1838
1001 231.000 167.000  10 -19    0 1830
1002   7.000 382.000  10 -12    0 1639
1003 415.000 207.000  10 -21    0 1745
1004 162.000 388.000  10 -19 1126 1156
1005  44.000 496.000  10  -5    0 1595
1006 354.000 416.000  10 -19    0 1720
1007 267.000 174.000  10 -28 1618 1648
1008 497.000 266.000  10 -25  748  778
1009 163.000 472.000  10  -8    0 1677
1010 360.000 284.000  10 -14    0 1800
1011 497.000 483.000  10 -14  353  383
1012 415.000  95.000  10 -13    0 1689
1013 210.000 276.000  10 -35    0 1868
1014 377.000 432.000  10 -23  831  861
1015  61.000 214.000  10 -10    0 1723
1016 323.000  29.000  10  -9 1137 1167
1017 118.000 314.000  10 -26    0 1769
1018  33.000 152.000  10 -17    0 1677
1019  91.000  27.000  10 -24 1182 1212
1020 406.000 460.000  10  -7    0 1654
1021  89.000 322.000  10 -26    0 1739
1022 146.000 313.000  10 -22    0 1794
1023 259.000 498.000  10 -14 1075 1105
1024 498.000 457.000  10 -13    0 1592
1025 457.000 492.000  10 -10    0 1597
1026 442.000   5.000  10 -32    0 1604
1027  48.000 437.000  10 -15  804  834
1028 276.000  84.000  10 -20    0 1747
1029  43.000 210.000  10  -8  210  240
1030 409.000 255.000  10 -24    0 1756
1031 282.000   1.000  10 -11    0 1664
1032 452.000 484.000  10 -23    0 1606
1033 345.000 146.000  10 -18    0 1775
1034 288.000  70.000  10 -12    0 1732
1035 481.000  84.000  10 -22    0 1631
1036  21.000 146.000  10 -31  487  517
1037 144.000  35.000  10  -7    0 1676
1038 225.000 369.000  10 -24    0 1794
1039 429.000  67.000  10 -13  732  762
1040 402.000 277.000  10 -24    0 1761
1041 292.000 104.000  10 -11    0 1764
1042 492.000 188.000  10 -25    0 1666
1043 459.000  53.000  10 -21    0 1628
1044 174.000  41.000  10 -17    0 1693
1045 460.000 328.000  10 -15    0 1691
1046 373.000 418.000  10 -25 1259 1289
1047 250.000 250.000   0   0    0 1925
