520 520 1000 200 1000
   0 250.000 250.000   0   0    0 1925
   1 439.000 237.000  10  11  949  959
   2 449.000 428.000  10  25 1257 1267
   3 342.000 481.000  10  18 1450 1460
   4  83.000 290.000  10  14    0 1744
   5 251.000  63.000  10  14  997 1007
   6 328.000 491.000  10  21    0 1662
   7 266.000 221.000  10   9   33   43
   8 472.000  57.000  10  17 1305 1315
   9 343.000 276.000  10  15   96  106
  10  28.000 467.000  10  34 1353 1363
  11 210.000 276.000  10   5   47   57
  12 273.000 300.000  10  30   55   65
  13  41.000 232.000  10  16  215  225
  14  27.000 444.000  10  22 1090 1100
  15 250.000 328.000  10  24  259  269
  16 492.000  34.000  10   5  821  831
  17 412.000 100.000  10   1  523  533
  18 233.000  87.000  10  18  263  273
  19 245.000  42.000  10  24  557  567
  20   0.000 188.000  10  26  942  952
  21 438.000   5.000  10  18  559  569
  22 132.000 477.000  10  25  337  347
  23 231.000 167.000  10  15    0 1830
  24 423.000 221.000  10   9  268  278
  25 386.000 154.000  10  31 1111 1121
  26  31.000 175.000  10  24    0 1684
  27  69.000 423.000  10  32  812  822
  28  59.000 276.000  10  11  902  912
  29 451.000  62.000  10   5  292  302
  30 142.000 372.000  10  18  162  172
  31 440.000 201.000  10  29  903  913
  32 219.000 210.000  10  14   50   60
  33  77.000 372.000  10  19  211  221
  34 298.000 264.000  10  36   50   60
  35 225.000 369.000  10  38  121  131
  36 132.000 479.000  10  11  257  267
  37 201.000  66.000  10  14 1177 1187
  38  43.000 210.000  10  20  210  220
  39 356.000 256.000  10  19  106  116
  40 363.000  34.000  10  19  282  292
  41  33.000 278.000  10  18 1497 1507
  42 366.000 288.000  10  29  694  704
  43  86.000 189.000  10  21  237  247
  44 262.000 369.000  10  15    0 1796
  45 218.000  12.000  10   3  554  564
  46 267.000 174.000  10  34 1628 1638
  47 274.000 441.000  10  12  705  715
  48 210.000 113.000  10  28  700  710
  49 303.000 186.000   0  10 1364 1374
  50 100.000  85.000  10  14  361  371
  51 500.000 228.000  10   8    0 1665
  52 251.000 238.000  10  27   12   22
  53 345.000 146.000  10  27    0 1775
  54  21.000 146.000  10  21  497  507
  55 330.000 147.000  10  28  858  868
  56 476.000  61.000  10  36  459  469
  57 386.000 245.000  10  16  489  499
  58 201.000 278.000  10  13   56   66
  59 105.000 137.000  10  32  462  472
  60  64.000 437.000  10  11  928  938
  61 181.000 260.000  10  23    0 1846
  62 370.000 493.000  10  22  581  591
  63 232.000 101.000  10  24  356  366
  64 371.000 332.000  10  14  540  550
  65 374.000 346.000  10  27    0 1759
  66 108.000  37.000  10  23  559  569
  67  93.000 413.000  10  17  226  236
  68 136.000 265.000  10  12  114  124
  69 409.000 155.000  10  19    0 1730
  70 111.000 178.000  10  18  156  166
  71 291.000 251.000  10  20   41   51
  72   7.000 382.000  10  27  780  790
  73 425.000 448.000  10   9  804  814
  74 161.000 276.000  10   8  143  153
  75 210.000 379.000  10  12  719  729
  76 453.000 360.000  10  13  230  240
  77 488.000   3.000  10   3  411  421
  78  44.000 115.000  10  24  246  256
  79  48.000 293.000  10  22  286  296
  80  65.000  62.000  10  15    0 1652
  81 263.000 418.000  10  25  288  298
  82 147.000  30.000   0  26 1119 1129
  83 384.000 149.000   0  18 1207 1217
  84 340.000 416.000  10  36  331  341
  85 271.000 128.000  10  12  356  366
  86  20.000 480.000   0  25    0 1590
  87 389.000 156.000   0  27  726  736
  88 111.000 392.000  10  18    0 1717
  89 352.000 481.000  10  15 1295 1305
  90 264.000 135.000  10   1  889  899
  91 148.000 462.000  10  10  737  747
  92  44.000 140.000  10  11  878  888
  93 414.000 378.000  10  23  505  515
  94 392.000  95.000  10  16  776  786
  95 216.000 341.000  10  19  664  674
  96 317.000  45.000   0   8    0 1700
  97 450.000  45.000  10  24  514  524
  98 186.000 135.000   0  24    0 1784
  99 490.000 276.000  10  33  248  258
 100 126.000 391.000   0  19  283  293
 101  92.000  18.000  10   8 1134 1144
 102 293.000 228.000  10  19   48   58
 103 343.000 205.000  10  26  777  787
 104 385.000 285.000  10  13  878  888
 105 124.000 448.000  10   6  379  389
 106 398.000 210.000  10  31  153  163
 107  75.000 118.000  10  21  419  429
 108 134.000 211.000  10  35  130  140
 109 211.000 248.000  10  26   39   49
 110 311.000 203.000  10  15  733  743
 111  67.000 378.000  10  26  480  490
 112   7.000  82.000  10  25  422  432
 113 342.000 319.000  10  36  115  125
 114  78.000 406.000  10  15  970  980
 115 103.000 123.000  10   8  500  510
 116 438.000 488.000  10  18  337  347
 117 351.000  60.000  10  15    0 1700
 118 498.000 456.000  10  27 1416 1426
 119 135.000 400.000  10  20    0 1726
 120 215.000 293.000   0  13   55   65
 121 208.000 445.000   0  22 1342 1352
 122 157.000  38.000  10   3 1058 1068
 123 441.000 100.000  10  31    0 1673
 124  61.000 170.000  10  20 1016 1026
 125  79.000 467.000  10  22  361  371
 126 282.000   1.000  10  18    0 1664
 127 124.000 111.000   0  15    0 1728
 128 167.000 488.000  10  17  260  270
 129 442.000 289.000  10  25  201  211
 130  38.000  15.000  10   3    0 1599
 131 176.000 200.000  10  17  578  588
 132 295.000 247.000   0  12 1313 1323
 133 259.000 498.000  10  33 1085 1095
 134 180.000 162.000  10   9    0 1803
 135  53.000 466.000  10   9  345  355
 136 487.000 446.000  10   9 1350 1360
 137 481.000  84.000  10  17  516  526
 138 495.000 227.000  10  20    0 1669
 139 397.000  57.000  10  17 1486 1496
 140 292.000  32.000  10  14  239  249
 141 371.000 423.000  10  10  211  221
 142 361.000 178.000  10   5    0 1783
 143 463.000 406.000  10  23  867  877
 144 153.000 244.000  10   5  118  128
 145 352.000  63.000  10   6 1188 1198
 146 371.000  71.000  10  21  297  307
 147 448.000 495.000  10  40  394  404
 148  66.000 163.000  10   6  405  415
 149 221.000 291.000  10   9   56   66
 150 374.000 116.000  10   9  597  607
 151 418.000 269.000  10   3    0 1746
 152 250.000  57.000  10  26  758  768
 153 475.000 352.000  10  33    0 1668
 154 154.000 392.000  10   9  171  181
 155 196.000  56.000  10  15    0 1714
 156  67.000 352.000  10  20  383  393
 157 173.000 182.000  10  25  102  112
 158 390.000  34.000  10   7 1070 1080
 159 269.000 112.000   0  19 1273 1283
 160 291.000 213.000  10  23 1268 1278
 161 389.000 255.000  10  15  795  805
 162  93.000 490.000  10   2  389  399
 163  64.000 294.000  10  12 1111 1121
 164 493.000 111.000  10  26  551  561
 165 150.000 484.000  10  16  635  645
 166 239.000  15.000  10   2    0 1680
 167 193.000 138.000  10  30  671  681
 168  40.000 278.000  10  10 1114 1124
 169 161.000 416.000  10  25    0 1727
 170 381.000 457.000  10  28  481  491
 171  55.000 318.000  10  13  322  332
 172  80.000 279.000  10  19    0 1743
 173  48.000 162.000  10  15  227  237
 174 177.000 404.000  10  17 1272 1282
 175  10.000 237.000  10  19  626  636
 176 493.000 493.000  10  20  866  876
 177  47.000 208.000  10  30  236  246
 178 486.000 324.000  10  15    0 1668
 179 413.000 127.000  10  28  841  851
 180 130.000 186.000  10  16  141  151
 181   6.000  53.000  10   8    0 1602
 182 146.000 376.000  10   8  244  254
 183 177.000 486.000  10  20    0 1668
 184 344.000 203.000  10  14  177  187
 185 149.000 341.000  10   6  414  424
 186 144.000 220.000  10  35  110  120
 187  80.000 458.000  10  30  381  391
 188  84.000 377.000  10  10    0 1706
 189 332.000 382.000  10   2 1020 1030
 190  87.000   3.000   0  13    0 1620
 191  98.000  29.000  10  14    0 1647
 192 135.000  30.000  10  12  484  494
 193 107.000 374.000  10   8  924  934
 194 159.000 226.000  10  16   94  104
 195 185.000 431.000  10  15  397  407
 196 262.000  92.000  10  25  640  650
 197  35.000 263.000  10  27  280  290
 198  24.000  71.000  10  11  356  366
 199 173.000  65.000   0  12  458  468
 200 295.000 283.000  10  26    0 1860
 201  38.000 190.000  10  23  295  305
 202  16.000  68.000  10  11    0 1619
 203 244.000 422.000  10  14  548  558
 204  26.000 221.000  10  28 1006 1016
 205 442.000   5.000  10  16  330  340
 206  44.000 496.000  10  32  412  422
 207 448.000 404.000  10  15    0 1665
 208 471.000 427.000  10   8  826  836
 209 146.000 313.000  10  22    0 1794
 210 412.000 478.000  10   7    0 1636
 211 225.000 488.000  10  28  646  656
 212 105.000 140.000  10  27    0 1733
 213 389.000  43.000  10  21    0 1666
 214 177.000 156.000  10  25  177  187
 215 377.000 432.000  10  20  841  851
 216 497.000 296.000  10  14  623  633
 217 152.000 476.000  10  45  533  543
 218  64.000   5.000  10  14 1139 1149
 219 109.000  56.000  10  27  239  249
 220 283.000 438.000  10   3  241  251
 221 259.000 301.000  10  25  109  119
 222 215.000 282.000  10  21 1450 1460
 223 166.000 440.000  10  12  207  217
 224 374.000 232.000  10  33  125  135
 225 335.000  46.000  10  18    0 1694
 226  76.000 462.000  10  18  966  976
 227 397.000 477.000  10  13    0 1645
 228 196.000 489.000  10  23 1040 1050
 229 354.000 156.000  10  20  842  852
 230 421.000 387.000   0  15  811  821
 231 162.000 388.000  10  11 1136 1146
 232  69.000 414.000  10   6 1273 1283
 233 273.000  70.000  10  36  629  639
 234 142.000  14.000   0  18  845  855
 235 185.000 434.000  10   9    0 1720
 236 360.000 294.000  10   9    0 1797
 237 265.000 240.000  10   9   18   28
 238 280.000 245.000  10  21   30   40
 239  87.000  51.000  10  35  524  534
 240 195.000 273.000  10  22   59   69
 241 422.000 498.000  10   5  702  712
 242  24.000 259.000   0  19    0 1689
 243 376.000  92.000   0  10    0 1713
 244  72.000 477.000  10  46  288  298
 245  72.000 227.000  10  25  574  584
 246 188.000 119.000  10  44  985  995
 247  67.000  24.000  10  10    0 1625
 248 339.000 144.000  10  13 1109 1119
 249 454.000 201.000  10  16    0 1706
 250 158.000  24.000  10  18  621  631
 251 440.000 284.000  10  25  862  872
 252 404.000 439.000  10   3  249  259
 253 235.000 108.000  10  12    0 1773
 254 174.000  67.000  10  15    0 1717
 255 132.000 151.000  10  22  154  164
 256 162.000 306.000  10  22  129  139
 257 110.000 122.000  10  14 1519 1529
 258 399.000 175.000  10  13  757  767
 259 244.000 277.000   0  18 1311 1321
 260  30.000  97.000  10  23 1220 1230
 261 498.000 457.000  10  15    0 1592
 262 190.000 267.000  10  36    0 1853
 263 482.000 104.000  10  19  817  827
 264 460.000 328.000   0  13  229  239
 265 320.000 211.000   0  16 1003 1013
 266 494.000 165.000  10  19    0 1657
 267 340.000 291.000  10  22  480  490
 268 325.000  56.000  10  13  806  816
 269  71.000 304.000  10  19  699  709
 270  87.000 311.000  10   7    0 1741
 271 268.000 458.000  10  24  533  543
 272 398.000 476.000  10  25    0 1645
 273  51.000 360.000  10  13 1155 1165
 274  21.000  70.000  10  15  781  791
 275  80.000 251.000  10  14  314  324
 276 457.000 280.000  10  17 1010 1020
 277  66.000  88.000  10   2  840  850
 278 479.000 387.000  10  13  407  417
 279 449.000 190.000  10   2 1150 1160
 280 456.000 113.000  10  17 1237 1247
 281 100.000 266.000  10   5  480  490
 282 343.000  34.000  10   7  735  745
 283  13.000 465.000  10  31  784  794
 284 433.000 319.000  10  11    0 1720
 285   0.000 422.000  10   8  831  841
 286  44.000 440.000   0  24    0 1635
 287 447.000 184.000   0  27  434  444
 288 341.000  59.000   0  27  800  810
 289 132.000  32.000  10  18  794  804
 290  90.000 477.000  10  18  277  287
 291 351.000 128.000  10  15 1263 1273
 292 392.000   1.000  10  11  615  625
 293  39.000 153.000  10  26  808  818
 294 415.000 253.000  10  21  377  387
 295  12.000 367.000  10  27  336  346
 296 102.000 422.000  10  23  236  246
 297 480.000 131.000  10   5  698  708
 298 432.000   2.000  10  20    0 1608
 299 489.000 159.000  10  29    0 1660
 300  66.000  31.000  10  25    0 1629
 301 175.000 239.000  10  23   75   85
 302 217.000 333.000  10  26  421  431
 303 385.000 239.000  10  21  796  806
 304 311.000 422.000  10  29    0 1733
 305 153.000 235.000  10  10   98  108
 306 168.000 109.000  10  10  214  224
 307 284.000 319.000  10  17    0 1839
 308 382.000   9.000  10  30  282  292
 309 366.000 334.000  10   5  420  430
 310 200.000  78.000  10  31 1003 1013
 311 351.000   5.000  10  12  506  516
 312 197.000 202.000  10  29 1214 1224
 313 270.000 337.000  10  20    0 1826
 314 125.000  65.000  10  17  798  808
 315 120.000  17.000  10  30  289  299
 316  84.000 255.000  10  13  292  302
 317 222.000 331.000  10  10  550  560
 318 332.000 459.000  10  35  379  389
 319 330.000 308.000   0  24 1180 1190
 320  34.000 239.000  10  16    0 1699
 321  13.000 314.000  10  14  254  264
 322 202.000 391.000  10  30    0 1767
 323 224.000  56.000  10  13 1196 1206
 324 292.000 104.000  10  26  314  324
 325 411.000 379.000  10  25    0 1709
 326 293.000 174.000  10  31   87   97
 327 169.000 305.000  10  21  172  182
 328 394.000  47.000  10   5  323  333
 329  65.000 343.000  10  38  217  227
 330 158.000 179.000   0  37    0 1799
 331   9.000 233.000   0  31  316  326
 332 385.000  17.000  10  40  819  829
 333 336.000 493.000  10  20    0 1658
 334 181.000 441.000  10  25  552  562
 335 210.000 219.000  10   7   50   60
 336 288.000 439.000  10  16    0 1723
 337 191.000 215.000  10  17   68   78
 338 441.000 177.000  10  23 1011 1021
 339 463.000 253.000  10  23 1057 1067
 340 435.000 180.000  10  37  235  245
 341 198.000  85.000  10  28  273  283
 342 441.000   7.000  10  20  402  412
 343  33.000 268.000  10  18  706  716
 344 355.000 174.000  10  33    0 1786
 345 114.000 460.000  10  14    0 1665
 346 154.000 374.000  10  36    0 1759
 347 303.000  78.000  10  12  179  189
 348 103.000 464.000  10  22 1283 1293
 349 325.000 311.000  10  22 1332 1342
 350 306.000 235.000  10  25   57   67
 351 382.000 360.000  10  26  188  198
 352 235.000 288.000  10  18   40   50
 353 178.000 135.000  10  21    0 1780
 354 226.000 423.000  10  15  207  217
 355 144.000  35.000  10  26  239  249
 356 176.000 199.000  10  28   89   99
 357 247.000 306.000  10  33   56   66
 358 396.000 417.000  10  13    0 1694
 359 289.000 220.000  10  19   49   59
 360 137.000 377.000  10  23  169  179
 361 400.000  71.000  10  17 1382 1392
 362 261.000 359.000  10  10  109  119
 363  62.000  94.000  10  16    0 1671
 364  13.000 394.000  10  15  383  393
 365 172.000 292.000  10  17    0 1827
 366 214.000 274.000   0  24    0 1872
 367 179.000  75.000  10  13  750  760
 368 214.000 245.000  10   8   36   46
 369 395.000 474.000  10  26  397  407
 370 368.000 311.000  10  14  936  946
 371 199.000 203.000  10  20 1467 1477
 372 447.000 272.000  10  12  394  404
 373  40.000 304.000  10  16 1155 1165
 374 475.000 267.000  10   7  790  800
 375  26.000 342.000  10  12  331  341
 376 139.000 438.000  10  24    0 1697
 377  12.000 358.000  10   7 1234 1244
 378 125.000  61.000  10  26  622  632
 379  29.000 358.000  10  23  621  631
 380 248.000 386.000  10  22  388  398
 381 415.000 207.000  10  18  910  920
 382 130.000 247.000   0  17  120  130
 383  92.000 259.000  10   4  409  419
 384 379.000 486.000  10  22  682  692
 385 452.000 484.000  10  26    0 1606
 386 349.000  43.000  10  26  229  239
 387  50.000 383.000  10  20  270  280
 388 461.000 182.000  10  13  639  649
 389 255.000 487.000  10  19  408  418
 390 368.000 452.000  10  16  680  690
 391 242.000 106.000  10  28 1278 1288
 392 171.000 303.000  10  18    0 1820
 393 329.000 456.000  10  19    0 1695
 394 490.000 286.000  10  29    0 1673
 395 321.000 149.000  10  18    0 1792
 396 394.000 322.000  10  12 1035 1045
 397 309.000 161.000  10  23  593  603
 398 228.000 287.000  10  21   43   53
 399 312.000 453.000  10   6  560  570
 400  35.000 344.000  10  21  873  883
 401 140.000 137.000  10  32  580  590
 402 265.000   0.000  10  10    0 1665
 403   3.000  23.000  10  11    0 1580
 404 148.000 208.000  10  22    0 1805
 405  98.000   2.000  10  14  602  612
 406 279.000 355.000  10   9  176  186
 407 206.000 172.000  10  29  798  808
 408 301.000 239.000  10  31   52   62
 409 133.000 273.000  10  20  119  129
 410 253.000  74.000  10  20    0 1739
 411  77.000 172.000  10  23  796  806
 412  77.000 465.000  10  11  275  285
 413 466.000  96.000  10  22 1393 1403
 414 402.000 277.000   0   5 1448 1458
 415 267.000 374.000  10  23  611  621
 416 450.000 194.000  10  27  635  645
 417  89.000  65.000  10  16  730  740
 418 429.000 389.000  10  18  434  444
 419 202.000  28.000  10  22    0 1688
 420 246.000 407.000  10  12  322  332
 421 452.000 110.000  10  14    0 1670
 422 213.000 185.000  10  21   74   84
 423 262.000  97.000  10  17  957  967
 424 469.000 489.000  10   4  565  575
 425  68.000 240.000  10  11  804  814
 426 439.000 222.000   0  22  990 1000
 427 103.000 177.000  10  28  636  646
 428  30.000 155.000  10   9 1290 1300
 429 217.000 357.000  10  23 1430 1440
 430 373.000 421.000  10  21  247  257
 431   5.000 281.000  10  16 1382 1392
 432  36.000 301.000  10  21  219  229
 433 168.000  59.000  10   6  376  386
 434 398.000 329.000  10  17  167  177
 435 237.000 420.000   0  15 1344 1354
 436 346.000 354.000   0   8    0 1774
 437 172.000 314.000  10   9  555  565
 438 233.000 230.000  10  20   26   36
 439  79.000  80.000   0  19 1392 1402
 440 243.000 402.000  10  13  415  425
 441 117.000 110.000  10  13    0 1722
 442  66.000 314.000  10  26  194  204
 443  58.000 391.000  10  16  892  902
 444 492.000 326.000  10  19 1214 1224
 445  46.000 163.000  10   8  936  946
 446 455.000 168.000  10  21  877  887
 447 428.000 202.000  10  24  914  924
 448 391.000 112.000  10  24 1010 1020
 449 451.000 305.000  10  13  208  218
 450 214.000 311.000  10  14   70   80
 451 465.000 367.000  10  14    0 1671
 452 364.000 173.000  10  30  190  200
 453 297.000 304.000  10   4   71   81
 454   7.000 194.000  10  29    0 1666
 455  60.000 246.000  10  25    0 1725
 456   3.000 471.000   0  13    0 1584
 457 418.000 251.000  10  21 1207 1217
 458 323.000  77.000  10  36    0 1728
 459 143.000 158.000  10  12  148  158
 460 426.000  38.000  10  23  619  629
 461 226.000 316.000  10  21   70   80
 462  41.000 120.000  10  22  706  716
 463 376.000 385.000  10  12  184  194
 464 213.000 399.000  10  18  244  254
 465  32.000 191.000  10   5  596  606
 466 441.000 374.000  10  10  233  243
 467 376.000 113.000  10   8    0 1729
 468 468.000 360.000  10  16  284  294
 469 287.000 256.000  10  18   37   47
 470 448.000 397.000  10  33  876  886
 471 159.000 299.000  10  12 1026 1036
 472 268.000 113.000  10  21    0 1777
 473 164.000 332.000   0  19 1290 1300
 474  88.000 484.000  10   5    0 1631
 475 497.000 266.000  10  25  758  768
 476 420.000 224.000  10  10  439  449
 477 231.000 410.000  10  14    0 1754
 478 199.000 438.000  10   3    0 1721
 479 365.000 274.000  10  14  117  127
 480 372.000  97.000  10  13  224  234
 481 187.000 263.000  10  35   64   74
 482 371.000 427.000  10  23    0 1701
 483 375.000 145.000  10  12  939  949
 484 365.000  28.000  10   9  278  288
 485 478.000 300.000  10  12    0 1682
 486  94.000  40.000   0  24 1078 1088
 487 290.000 328.000  10   7  154  164
 488  96.000 346.000  10  26    0 1734
 489 176.000 470.000  10  14  557  567
 490 489.000 457.000  10  13    0 1599
 491 418.000 399.000  10  20  448  458
 492 392.000 491.000  10  10    0 1636
 493  52.000 303.000  10  25  451  461
 494 391.000 202.000   0  14    0 1767
 495 130.000 140.000  10  17  204  214
 496 292.000 136.000  10  28  791  801
 497  53.000 204.000  10   8 1065 1075
 498 359.000 287.000  10  24    0 1800
 499 473.000 491.000  10  23    0 1587
 500 263.000 153.000  10  12    0 1818
 501 328.000 458.000  10  17  778  788
 502 401.000 164.000  10  13    0 1742
 503 480.000 119.000  10   7  638  648
 504 488.000  96.000   0  22 1076 1086
 505 149.000  98.000  10   4 1175 1185
 506  49.000 437.000  10   7  437  447
 507 440.000  77.000  10  14    0 1659
 508  43.000 135.000  10  31  236  246
 509  48.000 437.000  10   4  814  824
 510 334.000 403.000  10  26  174  184
 511 372.000 115.000  10  13  374  384
 512 357.000 290.000  10  24  114  124
 513 441.000  60.000  10  21 1469 1479
 514  51.000  89.000  10  19 1218 1228
 515 452.000 206.000  10  31  502  512
 516 195.000 386.000  10  13  146  156
 517 408.000 318.000  10  15    0 1743
 518 380.000 350.000  10  15  876  886
 519  19.000  38.000  10  15  857  867
 520 166.000 247.000  10   1   84   94
 521 447.000 267.000  10 -11  990 1000
 522 460.000 424.000  10 -25 1465 1475
 523 360.000 488.000  10 -18    0 1653
 524 157.000 269.000  10 -14 1586 1596
 525 235.000  33.000  10 -14 1347 1357
 526 313.000 493.000  10 -21 1203 1213
 527 404.000  59.000  10  -9  923  933
 528 415.000 118.000  10 -17    0 1704
 529 337.000 232.000  10 -15 1581 1591
 530  36.000 451.000  10 -34    0 1622
 531  11.000 403.000  10  -5  353  363
 532 410.000 399.000  10 -30  244  254
 533  14.000 232.000  10 -16    0 1679
 534  29.000 462.000  10 -22 1320 1330
 535 307.000 412.000  10 -24  414  424
 536 497.000  18.000  10  -5 1140 1150
 537 497.000  54.000  10  -1  988  998
 538 174.000 122.000  10 -18  603  613
 539 261.000 138.000  10 -24    0 1803
 540  13.000 214.000  10 -26 1364 1374
 541 383.000  17.000  10 -18  950  960
 542 141.000 426.000  10 -25  541  551
 543 226.000 175.000  10 -15 1704 1714
 544 495.000 199.000  10  -9  347  357
 545 365.000 190.000  10 -31 1487 1497
 546  39.000 162.000  10 -24  575  585
 547  91.000 427.000  10 -32  893  903
 548  56.000 268.000  10 -11 1074 1084
 549 404.000 140.000  10  -5 1269 1279
 550 170.000 347.000  10 -18    0 1790
 551 359.000 246.000  10 -29    0 1806
 552 195.000 111.000  10 -14 1008 1018
 553  46.000 389.000  10 -19    0 1669
 554 333.000 293.000  10 -36  627  637
 555 244.000 368.000  10 -38  424  434
 556 112.000 433.000  10 -11    0 1686
 557 247.000 219.000  10 -14    0 1884
 558  28.000 180.000  10 -20  396  406
 559 409.000 255.000  10 -19    0 1756
 560 418.000  75.000  10 -19  458  468
 561  33.000 286.000  10 -18 1556 1566
 562 273.000 255.000  10 -29 1502 1512
 563 105.000 181.000  10 -21 1541 1551
 564 331.000 356.000  10 -15  722  732
 565 257.000  57.000  10  -3 1236 1246
 566 264.000 180.000  10 -34 1691 1701
 567 278.000 450.000  10 -12 1385 1395
 568 206.000  97.000  10 -28    0 1756
 569 303.000 186.000  10 -10 1364 1374
 570 172.000  24.000  10 -14 1462 1472
 571 482.000 184.000  10  -8    0 1674
 572 236.000 126.000  10 -27    0 1791
 573 331.000 134.000  10 -27 1134 1144
 574 102.000   6.000  10 -21 1468 1478
 575 327.000 139.000  10 -28 1267 1277
 576 436.000 123.000  10 -36    0 1690
 577 390.000 249.000  10 -16  592  602
 578  59.000 388.000  10 -13  673  683
 579  80.000 117.000  10 -32  834  844
 580 167.000 445.000  10 -11    0 1704
 581 164.000 320.000  10 -23 1105 1115
 582 421.000 499.000  10 -22 1355 1365
 583 206.000 174.000  10 -24  810  820
 584 352.000 241.000  10 -14  802  812
 585 401.000 314.000  10 -27  986  996
 586 165.000  59.000  10 -23  953  963
 587   5.000 445.000  10 -17  321  331
 588  44.000 344.000  10 -12 1089 1099
 589 471.000  94.000  10 -19 1009 1019
 590  15.000  11.000  10 -18  962  972
 591 480.000 136.000  10 -20    0 1659
 592  48.000 412.000  10 -27 1042 1052
 593 413.000 476.000  10  -9 1189 1199
 594 110.000 251.000  10  -8  508  518
 595 174.000 376.000  10 -12    0 1768
 596 450.000 416.000  10 -13  587  597
 597 437.000  19.000  10  -3 1024 1034
 598 100.000  66.000  10 -24    0 1678
 599  51.000 286.000  10 -22 1469 1479
 600  32.000  94.000  10 -15  940  950
 601 277.000 428.000  10 -25  500  510
 602 147.000  30.000  10 -26 1119 1129
 603 384.000 149.000  10 -18 1207 1217
 604 366.000 390.000  10 -36    0 1734
 605 253.000 118.000  10 -12  557  567
 606  20.000 480.000  10 -25    0 1590
 607 389.000 156.000  10 -27  726  736
 608 138.000 406.000  10 -18 1226 1236
 609 355.000 485.000  10 -15 1489 1499
 610 245.000 176.000  10  -1    0 1841
 611 243.000 408.000  10 -10 1444 1454
 612  94.000 192.000  10 -11 1090 1100
 613 468.000 352.000  10 -23  778  788
 614 367.000  97.000  10 -16  998 1008
 615 230.000 320.000  10 -19 1202 1212
 616 317.000  45.000  10  -8    0 1700
 617 436.000  25.000  10 -24 1292 1302
 618 186.000 135.000  10 -24    0 1784
 619 489.000 274.000  10 -33  544  554
 620 126.000 391.000  10 -19  283  293
 621 209.000  68.000  10  -8 1578 1588
 622 325.000 147.000  10 -19 1197 1207
 623 371.000 163.000  10 -26  838  848
 624 366.000 260.000  10 -13 1530 1540
 625 115.000 395.000  10  -6  825  835
 626 404.000 207.000  10 -31    0 1756
 627 146.000 188.000  10 -21 1245 1255
 628  69.000 266.000  10 -35  768  778
 629 161.000 275.000  10 -26    0 1823
 630 333.000 163.000  10 -15    0 1795
 631 104.000 349.000  10 -26 1019 1029
 632  49.000 118.000  10 -25 1081 1091
 633 405.000 349.000  10 -36  532  542
 634 213.000 283.000  10 -15    0 1866
 635  92.000  76.000  10  -8 1149 1159
 636 420.000 383.000  10 -18  992 1002
 637 452.000 172.000  10 -15  618  628
 638 470.000 405.000  10 -27    0 1646
 639 153.000 362.000  10 -20    0 1767
 640 215.000 293.000  10 -13   55   65
 641 208.000 445.000  10 -22 1342 1352
 642 171.000  34.000  10  -3 1153 1163
 643 485.000 104.000  10 -31  804  814
 644  82.000 183.000  10 -20 1112 1122
 645  68.000 450.000  10 -22  643  653
 646 224.000   3.000  10 -18  700  710
 647 124.000 111.000  10 -15    0 1728
 648 164.000 473.000  10 -17  306  316
 649 498.000 171.000  10 -25 1266 1276
 650  60.000  29.000  10  -3 1373 1383
 651 153.000 192.000  10 -17  876  886
 652 295.000 247.000  10 -12 1313 1323
 653 260.000 472.000  10 -33    0 1693
 654 150.000  68.000  10  -9    0 1708
 655  26.000 442.000  10  -9 1354 1364
 656 485.000 428.000  10  -9 1500 1510
 657 495.000  83.000  10 -17    0 1619
 658 488.000 173.000  10 -20 1220 1230
 659 306.000  42.000  10 -17    0 1700
 660 282.000  10.000  10 -14    0 1673
 661 413.000 391.000  10 -10    0 1700
 662 390.000 120.000  10  -5 1014 1024
 663 387.000 394.000  10 -23 1108 1118
 664  34.000 169.000  10  -5  494  504
 665 335.000  99.000  10  -6 1228 1238
 666 429.000  67.000  10 -21  742  752
 667 457.000 492.000  10 -40    0 1597
 668  89.000 185.000  10  -6  610  620
 669 212.000  47.000  10  -9  811  821
 670 344.000  70.000  10  -9 1156 1166
 671 370.000 262.000  10  -3 1109 1119
 672 241.000  38.000  10 -26    0 1703
 673 436.000 295.000  10 -33  538  548
 674 239.000 486.000  10  -9 1492 1502
 675 210.000  29.000  10 -15    0 1691
 676  80.000 337.000  10 -20    0 1725
 677 238.000 123.000  10 -25  791  801
 678 385.000  58.000  10  -7    0 1681
 679 269.000 112.000  10 -19 1273 1283
 680 272.000 234.000  10 -23 1600 1610
 681 386.000 225.000  10 -15  929  939
 682 133.000 455.000  10  -2  818  828
 683  97.000 288.000  10 -12 1294 1304
 684 380.000 194.000  10 -26    0 1774
 685 178.000 420.000  10 -16 1081 1091
 686 244.000  13.000  10  -2 1023 1033
 687 225.000 121.000  10 -30    0 1784
 688 115.000 296.000  10 -10 1539 1549
 689 175.000 422.000  10 -25 1456 1466
 690 370.000 382.000  10 -28  894  904
 691  89.000 358.000  10 -13 1257 1267
 692 228.000 260.000  10 -19 1616 1626
 693   9.000 101.000  10 -15  676  686
 694 229.000 322.000  10 -17    0 1840
 695  23.000 235.000  10 -19 1033 1043
 696 381.000 328.000  10 -20    0 1763
 697  18.000 225.000  10 -30  701  711
 698 489.000 338.000  10 -15 1407 1417
 699 432.000  66.000  10 -28 1081 1091
 700 203.000 211.000  10 -16 1316 1326
 701  60.000   5.000  10  -8 1054 1064
 702 166.000 345.000  10  -8 1140 1150
 703 182.000 480.000  10 -20    0 1676
 704 437.000  98.000  10 -14 1124 1134
 705 174.000 347.000  10  -6 1025 1035
 706  57.000 183.000  10 -35    0 1711
 707 173.000 474.000  10 -30 1295 1305
 708  10.000 407.000  10 -10  444  454
 709 268.000 288.000  10  -2 1277 1287
 710  87.000   3.000  10 -13    0 1620
 711 210.000  81.000  10 -14    0 1742
 712 138.000  28.000  10 -12 1107 1117
 713 142.000 360.000  10  -8 1542 1552
 714  87.000 213.000  10 -16  636  646
 715 230.000 487.000  10 -15 1140 1150
 716 240.000  34.000  10 -25 1570 1580
 717   2.000 264.000  10 -27    0 1667
 718  18.000  24.000  10 -11  638  648
 719 173.000  65.000  10 -12  458  468
 720 297.000 283.000  10 -26    0 1858
 721   5.000 224.000  10 -23    0 1669
 722  91.000  27.000  10 -11 1192 1202
 723 257.000 391.000  10 -14 1643 1653
 724  64.000 198.000  10 -28 1098 1108
 725 407.000  35.000  10 -16    0 1649
 726 175.000 352.000  10 -32    0 1789
 727 411.000 396.000  10 -15  930  940
 728 373.000 418.000  10  -8 1269 1279
 729 118.000 314.000  10 -22  348  358
 730 354.000 416.000  10  -7    0 1720
 731 241.000 402.000  10 -28    0 1763
 732  64.000 135.000  10 -27    0 1697
 733 388.000  44.000  10 -21 1141 1151
 734 174.000  41.000  10 -25    0 1693
 735 348.000 476.000  10 -20 1207 1217
 736 487.000 320.000  10 -14  868  878
 737 130.000 494.000  10 -45  769  779
 738 104.000  28.000  10 -14 1483 1493
 739  71.000  12.000  10 -27  303  313
 740 284.000 457.000  10  -3    0 1706
 741 322.000 406.000  10 -25  839  849
 742 240.000 255.000  10 -21 1621 1631
 743 189.000 402.000  10 -12    0 1752
 744 472.000 248.000  10 -33    0 1693
 745 297.000 131.000  10 -18 1175 1185
 746 218.000 403.000  10 -18    0 1759
 747 406.000 460.000  10 -13  729  739
 748 179.000 497.000  10 -23 1421 1431
 749 325.000 210.000  10 -20  943  953
 750 421.000 387.000  10 -15  811  821
 751 174.000 397.000  10 -11 1255 1265
 752  95.000 382.000  10  -6    0 1712
 753 295.000  89.000  10 -36  752  762
 754 142.000  14.000  10 -18  845  855
 755 207.000 487.000  10  -9  699  709
 756 286.000 244.000  10  -9 1294 1304
 757 438.000 127.000  10  -9  951  961
 758 349.000  76.000  10 -21 1041 1051
 759  65.000  82.000  10 -35  750  760
 760  71.000 282.000  10 -22    0 1734
 761 433.000 447.000  10  -5  804  814
 762  24.000 259.000  10 -19    0 1689
 763 376.000  92.000  10 -10    0 1713
 764  63.000 420.000  10 -46    0 1663
 765 221.000 269.000  10 -25 1275 1285
 766 223.000 178.000  10 -44 1146 1156
 767  68.000  53.000  10 -10  749  759
 768 330.000 138.000  10 -13    0 1778
 769 481.000 207.000  10 -16  866  876
 770 172.000  66.000  10 -18 1313 1323
 771 440.000 292.000  10 -25  950  960
 772 440.000 436.000  10  -3  902  912
 773 212.000 186.000  10 -12 1732 1742
 774 191.000  84.000  10 -15  877  887
 775  26.000  67.000  10 -22 1327 1337
 776 120.000 261.000  10 -22  803  813
 777 181.000 185.000  10 -14 1624 1634
 778 415.000  95.000  10 -13 1187 1197
 779 244.000 277.000  10 -18 1311 1321
 780   1.000 101.000  10 -23 1267 1277
 781 447.000 383.000  10 -15    0 1678
 782 179.000 286.000  10 -36  351  361
 783 456.000 157.000  10 -19 1465 1475
 784 460.000 328.000  10 -13  229  239
 785 320.000 211.000  10 -16 1003 1013
 786 482.000 141.000  10 -19 1021 1031
 787 363.000 225.000  10 -22  866  876
 788 323.000  34.000  10 -13    0 1687
 789  89.000 322.000  10 -19 1031 1041
 790  80.000 357.000  10  -7  540  550
 791 267.000 290.000  10 -24    0 1872
 792 405.000 454.000  10 -25    0 1659
 793  94.000 344.000  10 -13    0 1733
 794  30.000   7.000  10 -15 1199 1209
 795  67.000 190.000  10 -14 1183 1193
 796 461.000 195.000  10 -17 1405 1415
 797  83.000 169.000  10  -2    0 1730
 798 322.000 290.000  10 -13    0 1833
 799 420.000  80.000  10  -2    0 1675
 800 470.000 138.000  10 -17 1399 1409
 801 179.000 318.000  10  -5 1131 1141
 802 365.000  74.000  10  -7  858  868
 803 122.000 422.000  10 -31 1467 1477
 804 423.000 315.000  10 -11    0 1731
 805  27.000 464.000  10  -8 1301 1311
 806  44.000 440.000  10 -24    0 1635
 807 447.000 184.000  10 -27  434  444
 808 341.000  59.000  10 -27  800  810
 809 156.000  65.000  10 -18 1047 1057
 810 105.000 474.000  10 -18  481  491
 811 308.000 199.000  10 -15 1518 1528
 812 281.000  96.000  10 -11    0 1758
 813   6.000 196.000  10 -26 1213 1223
 814 347.000 184.000  10 -21 1089 1099
 815  34.000 329.000  10 -27 1053 1063
 816 149.000 458.000  10 -23    0 1684
 817 466.000 149.000  10  -5 1196 1206
 818 398.000  49.000  10 -20  802  812
 819 480.000 152.000  10 -29    0 1665
 820  58.000  39.000  10 -25    0 1630
 821 117.000 178.000  10 -23 1127 1137
 822 224.000 320.000  10 -26 1294 1304
 823 432.000 199.000  10 -21    0 1726
 824 268.000 351.000  10 -29    0 1813
 825   1.000 252.000  10 -10    0 1666
 826 215.000 129.000  10 -10 1129 1139
 827 334.000 481.000  10 -17  340  350
 828 323.000  29.000  10 -30 1147 1157
 829 394.000 310.000  10  -5    0 1759
 830 215.000  79.000  10 -31    0 1741
 831 307.000  52.000  10 -12  930  940
 832 209.000 212.000  10 -29    0 1860
 833 287.000 397.000  10 -20  574  584
 834 140.000 108.000  10 -17 1081 1091
 835 120.000  37.000  10 -30    0 1666
 836  86.000 199.000  10 -13    0 1744
 837 235.000 316.000  10 -10  666  676
 838 371.000 488.000  10 -35    0 1649
 839 330.000 308.000  10 -24 1180 1190
 840  46.000 248.000  10 -16  824  834
 841  91.000 326.000  10 -14    0 1739
 842 256.000 441.000  10 -30    0 1724
 843 231.000  29.000  10 -13 1236 1246
 844 324.000  99.000  10 -26  348  358
 845 330.000 281.000  10 -25 1340 1350
 846 460.000 117.000  10 -31  530  540
 847 246.000 314.000  10 -21 1455 1465
 848 429.000 169.000  10  -5  913  923
 849  62.000 375.000  10 -38  359  369
 850 158.000 179.000  10 -37    0 1799
 851   9.000 233.000  10 -31  316  326
 852 309.000  29.000  10 -40 1304 1314
 853 318.000 497.000  10 -20    0 1659
 854 222.000 499.000  10 -25  855  865
 855 128.000 113.000  10  -7  373  383
 856 294.000 421.000  10 -16 1585 1595
 857 171.000  24.000  10 -17 1393 1403
 858 314.000 205.000  10 -23 1537 1547
 859 458.000 213.000  10 -23 1138 1148
 860 443.000 167.000  10 -37  553  563
 861 187.000  73.000  10 -28  302  312
 862 332.000   5.000  10 -20 1043 1053
 863  19.000 273.000  10 -18 1027 1037
 864 306.000 229.000  10 -33 1330 1340
 865 195.000 464.000  10 -14    0 1695
 866 144.000 331.000  10 -36  941  951
 867 337.000  41.000  10 -12 1012 1022
 868  90.000 496.000  10 -22 1405 1415
 869 274.000 261.000  10 -22 1717 1727
 870 423.000 170.000  10 -25  523  533
 871 434.000 359.000  10 -26 1402 1412
 872 208.000 488.000  10 -18  488  498
 873 178.000 150.000  10 -21  642  652
 874 247.000 443.000  10 -15  340  350
 875 188.000 151.000  10 -26 1307 1317
 876 171.000 188.000  10 -28  631  641
 877 286.000 356.000  10 -33    0 1804
 878 406.000 408.000  10 -13 1466 1476
 879 459.000  53.000  10 -19    0 1628
 880  61.000 441.000  10 -23  554  564
 881 276.000  84.000  10 -17    0 1747
 882 283.000 454.000  10 -10    0 1709
 883  33.000 152.000  10 -16 1330 1340
 884  80.000 400.000  10 -15 1456 1466
 885  83.000 300.000  10 -17  510  520
 886 214.000 274.000  10 -24    0 1872
 887 178.000  72.000  10 -13  767  777
 888  48.000 150.000  10  -8    0 1690
 889 429.000 476.000  10 -26    0 1627
 890 374.000 306.000  10 -14 1004 1014
 891 240.000 240.000  10 -20 1710 1720
 892 475.000 198.000  10 -12    0 1685
 893  44.000 311.000  10 -16    0 1701
 894 424.000 288.000  10  -7 1067 1077
 895  29.000 336.000  10 -12  342  352
 896 136.000 430.000  10 -24  720  730
 897  49.000 353.000  10  -7 1456 1466
 898 142.000  80.000  10 -26    0 1714
 899  43.000 360.000  10 -23    0 1681
 900 240.000 362.000  10 -22    0 1803
 901 351.000 233.000  10 -18 1433 1443
 902 130.000 247.000  10 -17  120  130
 903 131.000 246.000  10  -4  842  852
 904 413.000 493.000  10 -22 1228 1238
 905 387.000 349.000  10 -26    0 1746
 906 267.000 162.000  10 -26 1459 1469
 907  48.000 366.000  10 -20  753  763
 908 426.000 231.000  10 -13 1038 1048
 909 195.000 450.000  10 -19    0 1708
 910 371.000 315.000  10 -16 1176 1186
 911 241.000 180.000  10 -28 1705 1715
 912 180.000 283.000  10 -18  754  764
 913 272.000 420.000  10 -19 1396 1406
 914 499.000 316.000  10 -29    0 1658
 915 339.000 113.000  10 -18  771  781
 916 318.000 280.000  10 -12    0 1841
 917 318.000  99.000  10 -23 1223 1233
 918 348.000 348.000  10 -21  945  955
 919 313.000 391.000  10  -6    0 1761
 920   0.000 356.000  10 -21    0 1644
 921 257.000 133.000  10 -32  872  882
 922 235.000  13.000  10 -10  369  379
 923  52.000  18.000  10 -11  867  877
 924 133.000 202.000  10 -22  471  481
 925  57.000  43.000  10 -14    0 1632
 926 347.000 459.000  10  -9  489  499
 927 248.000 214.000  10 -29 1489 1499
 928 392.000  87.000  10 -31    0 1699
 929 134.000 276.000  10 -20  143  153
 930 253.000  50.000  10 -20  236  246
 931 134.000 194.000  10 -23 1662 1672
 932  94.000 497.000  10 -11  792  802
 933 396.000  83.000  10 -22 1596 1606
 934 402.000 277.000  10  -5 1448 1458
 935 299.000 353.000  10 -23    0 1801
 936 417.000 212.000  10 -27  920  930
 937  95.000  64.000  10 -16  776  786
 938 421.000 386.000  10 -18  834  844
 939 261.000 201.000  10 -22 1524 1534
 940 250.000 441.000  10 -12  766  776
 941 364.000  71.000  10 -14 1358 1368
 942 200.000  27.000  10 -21  535  545
 943 248.000 176.000  10 -17 1411 1421
 944 436.000 467.000  10  -4  746  756
 945  79.000 257.000  10 -11  963  973
 946 439.000 222.000  10 -22  990 1000
 947 217.000 207.000  10 -28 1392 1402
 948  63.000 155.000  10  -9    0 1706
 949 218.000 271.000  10 -23 1584 1594
 950 428.000 302.000  10 -21 1026 1036
 951  16.000 287.000  10 -16    0 1679
 952  32.000 319.000  10 -21  411  421
 953 187.000  61.000  10  -6  555  565
 954 489.000 437.000  10 -17  717  727
 955 237.000 420.000  10 -15 1344 1354
 956 346.000 354.000  10  -8    0 1774
 957 178.000 302.000  10  -9  897  907
 958 219.000 215.000  10 -20    0 1869
 959  79.000  80.000  10 -19 1392 1402
 960 274.000 403.000  10 -13  897  907
 961 142.000  30.000  10 -13 1256 1266
 962  37.000 281.000  10 -26  503  513
 963  52.000 412.000  10 -16    0 1660
 964 495.000 355.000  10 -19 1253 1263
 965  45.000 166.000  10  -8 1023 1033
 966 350.000 199.000  10 -21 1211 1221
 967 442.000 153.000  10 -24 1199 1209
 968 382.000 110.000  10 -24 1122 1132
 969 491.000 369.000  10 -13    0 1647
 970 285.000 247.000  10 -14    0 1880
 971 471.000 368.000  10 -14    0 1665
 972 343.000 166.000  10 -30  886  896
 973 299.000 285.000  10  -4 1264 1274
 974  61.000 214.000  10 -29    0 1723
 975  62.000 236.000  10 -25  568  578
 976   3.000 471.000  10 -13    0 1584
 977 307.000 249.000  10 -21 1387 1397
 978 341.000  72.000  10 -36  815  825
 979 210.000 133.000  10 -12  699  709
 980 372.000  39.000  10 -23  734  744
 981 274.000 442.000  10 -21    0 1722
 982 111.000 192.000  10 -22 1209 1219
 983 497.000 483.000  10 -12  363  373
 984 245.000 461.000  10 -18  659  669
 985  60.000 231.000  10  -5 1036 1046
 986 470.000 417.000  10 -10  747  757
 987 393.000  98.000  10  -8  763  773
 988 453.000 318.000  10 -16  384  394
 989 351.000 148.000  10 -18  471  481
 990 448.000 414.000  10 -33 1233 1243
 991 167.000 291.000  10 -12 1644 1654
 992 273.000 149.000  10 -21 1513 1523
 993 164.000 332.000  10 -19 1290 1300
 994 215.000 434.000  10  -5    0 1728
 995 440.000 294.000  10 -25  970  980
 996 461.000 186.000  10 -10    0 1695
 997 163.000 472.000  10 -14  663  673
 998 211.000 411.000  10  -3    0 1750
 999 484.000 224.000  10 -14  310  320
1000 437.000  90.000  10 -13  595  605
1001 225.000 269.000  10 -35    0 1884
1002 377.000 385.000  10 -23  876  886
1003 405.000 187.000  10 -12 1261 1271
1004 339.000  41.000  10  -9  466  476
1005 492.000 335.000  10 -12    0 1659
1006  94.000  40.000  10 -24 1078 1088
1007 351.000 481.000  10  -7  332  342
1008 162.000 301.000  10 -26 1623 1633
1009 211.000 446.000  10 -14 1133 1143
1010 494.000 468.000  10 -13  362  372
1011 413.000 345.000  10 -20 1228 1238
1012 330.000 371.000  10 -10    0 1770
1013  68.000 303.000  10 -25    0 1726
1014 391.000 202.000  10 -14    0 1767
1015 114.000 102.000  10 -17  517  527
1016 290.000 145.000  10 -28 1292 1302
1017 149.000 214.000  10  -8    0 1808
1018 360.000 284.000  10 -24    0 1800
1019 481.000 454.000  10 -23    0 1607
1020 288.000  70.000  10 -12  189  199
1021 352.000 487.000  10 -17  912  922
1022 397.000 153.000  10 -13  892  902
1023 439.000 156.000  10  -7    0 1704
1024 488.000  96.000  10 -22 1076 1086
1025 151.000  81.000  10  -4 1568 1578
1026  84.000 453.000  10  -7    0 1653
1027 347.000 192.000  10 -14 1498 1508
1028  68.000 160.000  10 -31    0 1712
1029  67.000 451.000  10  -4 1226 1236
1030 345.000 431.000  10 -26  355  365
1031 365.000 119.000  10 -13  392  402
1032 466.000 362.000  10 -24    0 1672
1033 429.000  59.000  10 -21    0 1654
1034  56.000  75.000  10 -19    0 1654
1035 492.000 188.000  10 -31  725  735
1036 228.000 399.000  10 -13    0 1765
1037 374.000 260.000  10 -15 1781 1791
1038 398.000 341.000  10 -15  949  959
1039  25.000  53.000  10 -15 1030 1040
1040  74.000 215.000  10  -1  239  249
1041 250.000 250.000   0   0    0 1925
