527 527 1000 200 1000
   0 250.000 250.000   0   0    0 1925
   1  80.000 400.000  10  10 1456 1466
   2 377.000 385.000  10   6  876  886
   3 466.000 149.000   0  16 1196 1206
   4 251.000  63.000  10  14  997 1007
   5 260.000 472.000  10  33 1046 1056
   6 290.000 145.000  10   5 1292 1302
   7 266.000 221.000  10   9   33   43
   8 472.000  57.000  10  17 1305 1315
   9 343.000 276.000  10  15   96  106
  10 104.000 349.000  10  20 1019 1029
  11 429.000 476.000  10  23  583  593
  12 210.000 276.000  10   5   47   57
  13  58.000  39.000  10  12 1173 1183
  14 273.000 300.000  10  30   55   65
  15  41.000 232.000  10  16  215  225
  16 250.000 328.000   0  24  259  269
  17 492.000  34.000  10   5  821  831
  18 412.000 100.000  10   1  523  533
  19 233.000  87.000  10  18  263  273
  20 245.000  42.000  10  24  557  567
  21  32.000 319.000  10  21  411  421
  22 480.000 136.000  10  22  256  266
  23 371.000 163.000   0  21  838  848
  24   0.000 188.000  10  26  942  952
  25 438.000   5.000  10  18  559  569
  26 132.000 477.000  10  25  337  347
  27 231.000 167.000  10  15   85   95
  28 423.000 221.000   0   9  268  278
  29  69.000 423.000  10  32  812  822
  30 352.000 241.000  10   5  802  812
  31 146.000 188.000   0   6 1245 1255
  32 451.000  62.000  10   5  292  302
  33 142.000 372.000  10  18  162  172
  34 440.000 201.000  10  29  903  913
  35 219.000 210.000  10  14   50   60
  36 390.000 249.000   0  21  592  602
  37   9.000 101.000  10  16  676  686
  38  77.000 372.000  10  19  211  221
  39 298.000 264.000  10  36   50   60
  40 225.000 369.000  10  38  121  131
  41 132.000 479.000  10  11  257  267
  42  43.000 210.000  10  20  210  220
  43 356.000 256.000  10  19  106  116
  44 363.000  34.000  10  19  282  292
  45  86.000 189.000  10  21  237  247
  46 218.000  12.000  10   3  554  564
  47 228.000 399.000  10  14  596  606
  48 492.000 188.000  10  33  725  735
  49 274.000 441.000  10  12  705  715
  50 210.000 113.000  10  28  700  710
  51 241.000 180.000   0  13 1705 1715
  52 251.000 238.000   0  27   12   22
  53 114.000 102.000  10  21  517  527
  54 476.000  61.000  10  36  459  469
  55 386.000 245.000  10  16  489  499
  56 201.000 278.000  10  13   56   66
  57 426.000 231.000   0  24 1038 1048
  58 105.000 137.000  10  32  462  472
  59  64.000 437.000  10  11  928  938
  60 181.000 260.000  10  23   69   79
  61 413.000 391.000  10   8  227  237
  62 447.000 267.000  10  19  990 1000
  63 447.000 383.000  10  17  237  247
  64 489.000 437.000  10  29  717  727
  65 331.000 356.000  10  13  722  732
  66 374.000 346.000  10  27  431  441
  67   5.000 224.000  10  19 1065 1075
  68  93.000 413.000  10  17  226  236
  69 210.000  29.000  10  13 1061 1071
  70 136.000 265.000  10  12  114  124
  71 409.000 155.000  10  19  185  195
  72 111.000 178.000  10  18  156  166
  73 291.000 251.000  10  20   41   51
  74 425.000 448.000  10   9  804  814
  75 161.000 276.000  10   8  143  153
  76 398.000  49.000   0  21  802  812
  77 453.000 360.000  10  13  230  240
  78 367.000  97.000  10  17  998 1008
  79 488.000   3.000  10   3  411  421
  80  44.000 115.000  10  24  246  256
  81  64.000 135.000  10  11  878  888
  82  68.000 303.000  10  22  231  241
  83 263.000 418.000  10  25  288  298
  84 384.000 149.000   0  18 1207 1217
  85 340.000 416.000  10  36  331  341
  86 488.000 173.000   0  25 1220 1230
  87 439.000 156.000  10   2  536  546
  88 111.000 392.000  10  18 1179 1189
  89 352.000 481.000  10  15 1295 1305
  90 264.000 135.000  10   1  889  899
  91 148.000 462.000  10  10  737  747
  92 414.000 378.000  10  23  505  515
  93 392.000  95.000  10  16  776  786
  94 216.000 341.000  10  19  664  674
  95 178.000 150.000  10  33  642  652
  96 428.000 302.000  10  27 1026 1036
  97 453.000 318.000  10  30  384  394
  98  11.000 403.000  10  18  353  363
  99 272.000 420.000  10   7 1396 1406
 100 429.000  59.000  10   9  469  479
 101 498.000 171.000  10  12 1266 1276
 102 490.000 276.000  10  33  248  258
 103 126.000 391.000  10  19  283  293
 104  92.000  18.000   0   8 1134 1144
 105 293.000 228.000  10  19   48   58
 106 170.000 347.000  10  15  446  456
 107 457.000 492.000  10   7  518  528
 108 124.000 448.000  10   6  379  389
 109 398.000 210.000  10  31  153  163
 110 105.000 474.000   0  27  481  491
 111 134.000 211.000  10  35  130  140
 112 211.000 248.000   0  26   39   49
 113 492.000 335.000  10  10  838  848
 114 497.000 483.000  10  12  363  373
 115 440.000 436.000  10  18  902  912
 116 311.000 203.000  10  15  733  743
 117 491.000 369.000  10  28  740  750
 118  67.000 378.000  10  26  480  490
 119   7.000  82.000  10  25  422  432
 120 342.000 319.000  10  36  115  125
 121 438.000 488.000  10  18  337  347
 122 351.000  60.000  10  15  220  230
 123 429.000  67.000  10  16  742  752
 124 498.000 456.000  10  27 1416 1426
 125 215.000 293.000  10  13   55   65
 126 354.000 416.000  10  10  689  699
 127 208.000 445.000  10  22 1342 1352
 128 157.000  38.000  10   3 1058 1068
 129 441.000 100.000  10  31  883  893
 130  79.000 467.000  10  22  361  371
 131 124.000 111.000  10  15  799  809
 132 247.000 219.000  10  17   31   41
 133  28.000 180.000  10  34  396  406
 134 167.000 488.000  10  17  260  270
 135 442.000 289.000  10  25  201  211
 136  38.000  15.000  10   3 1101 1111
 137 176.000 200.000  10  17  578  588
 138  39.000 162.000  10  18  575  585
 139  79.000 257.000  10  26  963  973
 140 236.000 126.000  10  23  124  134
 141  53.000 466.000  10   9  345  355
 142 167.000 291.000   0  27 1644 1654
 143 481.000  84.000  10  17  516  526
 144 397.000  57.000   0  17 1486 1496
 145 278.000 450.000  10  29 1385 1395
 146 292.000  32.000   0  14  239  249
 147  90.000 496.000  10  13 1405 1415
 148  68.000  53.000  10  16  749  759
 149 371.000 423.000   0  10  211  221
 150 273.000 149.000   0  14 1513 1523
 151 371.000 488.000  10  10  593  603
 152 206.000 174.000  10  14  810  820
 153 174.000 347.000  10   3 1025 1035
 154  67.000 451.000  10   5 1226 1236
 155 153.000 244.000   0   5  118  128
 156 352.000  63.000  10   6 1188 1198
 157 163.000 472.000   0   9  663  673
 158 448.000 495.000   0  40  394  404
 159 221.000 291.000  10   9   56   66
 160 374.000 116.000  10   9  597  607
 161 418.000 269.000  10   3 1215 1225
 162   1.000 252.000  10   5  285  295
 163 286.000 356.000  10  30  111  121
 164  65.000  82.000  10  13  750  760
 165 154.000 392.000  10   9  171  181
 166 173.000 182.000  10  25  102  112
 167  57.000  43.000  10  15 1033 1043
 168 388.000  44.000  10  22 1141 1151
 169 291.000 213.000   0  23 1268 1278
 170 389.000 255.000  10  15  795  805
 171  64.000 294.000  10  12 1111 1121
 172 493.000 111.000  10  26  551  561
 173 150.000 484.000  10  16  635  645
 174 239.000  15.000  10   2  614  624
 175 307.000  52.000  10  23  930  940
 176 381.000 457.000  10  28  481  491
 177  55.000 318.000  10  13  322  332
 178  48.000 162.000  10  15  227  237
 179  91.000  27.000  10  14 1192 1202
 180  10.000 237.000  10  19  626  636
 181  47.000 208.000   0  30  236  246
 182 283.000 454.000  10  14 1275 1285
 183 486.000 324.000  10  15  780  790
 184 392.000  87.000   0  23 1193 1203
 185 122.000 422.000   0   3 1467 1477
 186  37.000 281.000  10  17  503  513
 187 413.000 127.000  10  28  841  851
 188 222.000 499.000  10   7  855  865
 189  26.000  67.000  10  15 1327 1337
 190 130.000 186.000  10  16  141  151
 191  94.000 344.000   0  26  692  702
 192   6.000  53.000  10   8  597  607
 193  29.000 336.000  10  22  342  352
 194 306.000  42.000  10  11  487  497
 195 489.000 338.000   0  17 1407 1417
 196 179.000 318.000  10   2 1131 1141
 197 344.000 203.000  10  14  177  187
 198  68.000 450.000  10  18  643  653
 199 420.000  80.000  10  24 1107 1117
 200 144.000 220.000  10  35  110  120
 201  80.000 458.000  10  30  381  391
 202  84.000 377.000  10  10  936  946
 203  87.000   3.000   0  13 1443 1453
 204 149.000 214.000  10   7  492  502
 205 287.000 397.000  10  12  574  584
 206 159.000 226.000  10  16   94  104
 207 185.000 431.000  10  15  397  407
 208 262.000  92.000  10  25  640  650
 209 481.000 207.000  10  34  866  876
 210  35.000 263.000   0  27  280  290
 211 173.000  65.000  10  12  458  468
 212 470.000 417.000  10  11  747  757
 213 295.000 283.000  10  26  903  913
 214  38.000 190.000  10  23  295  305
 215  16.000  68.000  10  11  296  306
 216 179.000 286.000  10   8  351  361
 217 497.000  18.000   0  10 1140 1150
 218 245.000 461.000  10   8  659  669
 219 212.000  47.000  10  20  811  821
 220 225.000 488.000  10  28  646  656
 221 105.000 140.000  10  27  182  192
 222 177.000 156.000  10  25  177  187
 223 497.000 296.000  10  14  623  633
 224 152.000 476.000  10  45  533  543
 225 277.000 428.000  10   7  500  510
 226  64.000   5.000  10  14 1139 1149
 227 268.000 351.000   0   7 1685 1695
 228  48.000 150.000  10  15  665  675
 229 215.000  79.000  10   5  234  244
 230 109.000  56.000  10  27  239  249
 231 112.000 433.000  10  29  245  255
 232 283.000 438.000  10   3  241  251
 233 324.000  99.000  10  10  348  358
 234 259.000 301.000  10  25  109  119
 235 166.000 440.000  10  12  207  217
 236 374.000 232.000  10  33  125  135
 237 335.000  46.000  10  18 1352 1362
 238 432.000  66.000  10  30 1081 1091
 239  76.000 462.000  10  18  966  976
 240 397.000 477.000  10  13 1226 1236
 241 354.000 156.000  10  20  842  852
 242 171.000  24.000  10  11 1393 1403
 243 187.000  73.000  10  18  302  312
 244 415.000 118.000  10  19  227  237
 245 273.000  70.000  10  36  629  639
 246 142.000  14.000  10  18  845  855
 247 265.000 240.000  10   9   18   28
 248 280.000 245.000  10  21   30   40
 249  87.000  51.000  10  35  524  534
 250 195.000 273.000  10  22   59   69
 251  95.000  64.000  10   4  776  786
 252  63.000 155.000  10   7  975  985
 253  24.000 259.000  10  19  380  390
 254 376.000  92.000  10  10 1001 1011
 255  72.000 477.000  10  46  288  298
 256 380.000 194.000  10   3  724  734
 257 188.000 119.000  10  44  985  995
 258 229.000 322.000   0  11 1670 1680
 259 454.000 201.000  10  16 1315 1325
 260 158.000  24.000  10  18  621  631
 261 365.000 119.000  10  30  392  402
 262 440.000 284.000  10  25  862  872
 263 417.000 212.000  10  12  920  930
 264 404.000 439.000  10   3  249  259
 265 132.000 151.000  10  22  154  164
 266 162.000 306.000  10  22  129  139
 267  48.000 366.000   0  29  753  763
 268  94.000 497.000  10  31  792  802
 269 399.000 175.000  10  13  757  767
 270 244.000 277.000   0  18 1311 1321
 271  30.000  97.000  10  23 1220 1230
 272 498.000 457.000  10  15  923  933
 273 482.000 104.000  10  19  817  827
 274 460.000 328.000  10  13  229  239
 275 320.000 211.000  10  16 1003 1013
 276 340.000 291.000  10  22  480  490
 277  87.000 311.000  10   7  174  184
 278 207.000 487.000  10   4  699  709
 279 332.000   5.000  10  14 1043 1053
 280 161.000 275.000  10  21 1357 1367
 281 268.000 458.000  10  24  533  543
 282 398.000 476.000  10  25  428  438
 283  66.000  88.000  10   2  840  850
 284 479.000 387.000  10  13  407  417
 285 436.000 123.000  10  40  225  235
 286 480.000 152.000  10  26 1032 1042
 287 343.000  34.000  10   7  735  745
 288  13.000 465.000  10  31  784  794
 289 433.000 319.000   0  11 1386 1396
 290  71.000  12.000  10   2  303  313
 291 447.000 184.000  10  27  434  444
 292 450.000 416.000  10  25  587  597
 293  90.000 477.000  10  18  277  287
 294  34.000 169.000   0  11  494  504
 295 351.000 128.000  10  15 1263 1273
 296  71.000 282.000  10  29  652  662
 297 392.000   1.000  10  11  615  625
 298  39.000 153.000  10  26  808  818
 299 415.000 253.000  10  21  377  387
 300 448.000 414.000  10  23 1233 1243
 301  43.000 360.000  10   2  845  855
 302 102.000 422.000  10  23  236  246
 303 210.000  81.000  10   2  409  419
 304 432.000   2.000  10  20  477  487
 305 489.000 159.000  10  29 1438 1448
 306 460.000 117.000  10  14  530  540
 307 175.000 239.000  10  23   75   85
 308  62.000 375.000  10  16  359  369
 309 385.000 239.000  10  21  796  806
 310 333.000 163.000  10  32 1250 1260
 311 153.000 235.000  10  10   98  108
 312 382.000   9.000  10  30  282  292
 313 366.000 334.000  10   5  420  430
 314 200.000  78.000  10  31 1003 1013
 315 125.000  65.000  10  17  798  808
 316 120.000  17.000  10  30  289  299
 317  84.000 255.000  10  13  292  302
 318 222.000 331.000   0  10  550  560
 319 332.000 459.000   0  35  379  389
 320 223.000 178.000  10  20 1146 1156
 321 330.000 308.000  10  24 1180 1190
 322 140.000 108.000  10  29 1081 1091
 323  34.000 239.000  10  16  229  239
 324  94.000 192.000  10   1 1090 1100
 325  13.000 314.000  10  14  254  264
 326 202.000 391.000  10  30  634  644
 327 345.000 431.000  10  12  355  365
 328 292.000 104.000  10  26  314  324
 329  46.000 248.000  10   9  824  834
 330 293.000 174.000  10  31   87   97
 331 169.000 305.000  10  21  172  182
 332 394.000  47.000  10   5  323  333
 333 323.000  29.000   0   7 1147 1157
 334 158.000 179.000  10  37  116  126
 335 299.000 353.000  10  34  114  124
 336 330.000 138.000   0  18 1120 1130
 337 181.000 441.000  10  25  552  562
 338 210.000 219.000  10   7   50   60
 339 288.000 439.000  10  16  283  293
 340 149.000 458.000  10  13 1174 1184
 341 191.000 215.000  10  17   68   78
 342 253.000  50.000  10  27  236  246
 343   5.000 445.000  10  30  321  331
 344 435.000 180.000  10  37  235  245
 345 198.000  85.000  10  28  273  283
 346  59.000 388.000  10  20  673  683
 347 142.000  80.000  10  12  502  512
 348 441.000   7.000  10  20  402  412
 349 355.000 174.000  10  33  725  735
 350 337.000  41.000  10   8 1012 1022
 351 154.000 374.000  10  36  947  957
 352 235.000  13.000  10  27  369  379
 353 303.000  78.000  10  12  179  189
 354 306.000 235.000  10  25   57   67
 355 382.000 360.000  10  26  188  198
 356 235.000 288.000  10  18   40   50
 357   0.000 356.000  10  13 1096 1106
 358 226.000 423.000  10  15  207  217
 359 144.000  35.000  10  26  239  249
 360 176.000 199.000  10  28   89   99
 361 247.000 306.000  10  33   56   66
 362 396.000 417.000  10  13  820  830
 363 289.000 220.000  10  19   49   59
 364  23.000 235.000   0  43 1033 1043
 365 137.000 377.000  10  23  169  179
 366 400.000  71.000   0  17 1382 1392
 367 261.000 359.000  10  10  109  119
 368 318.000 280.000  10  21   74   84
 369 172.000 292.000  10  17  102  112
 370  14.000 232.000  10  18  315  325
 371 437.000  90.000   0  12  595  605
 372 120.000 261.000  10   5  803  813
 373 179.000  75.000  10  13  750  760
 374 484.000 224.000  10   7  310  320
 375 214.000 245.000   0   8   36   46
 376 395.000 474.000  10  26  397  407
 377 368.000 311.000  10  14  936  946
 378 199.000 203.000  10  20 1467 1477
 379  86.000 199.000  10  23  288  298
 380 447.000 272.000  10  12  394  404
 381  40.000 304.000  10  16 1155 1165
 382 489.000 274.000  10  31  544  554
 383  26.000 342.000  10  12  331  341
 384 139.000 438.000  10  24  224  234
 385 125.000  61.000  10  26  622  632
 386 360.000 284.000  10  19  677  687
 387  29.000 358.000  10  23  621  631
 388 248.000 386.000  10  22  388  398
 389 130.000 247.000  10  17  120  130
 390  92.000 259.000  10   4  409  419
 391 452.000 484.000   0  26 1288 1298
 392 349.000  43.000  10  26  229  239
 393  50.000 383.000  10  20  270  280
 394 110.000 251.000  10  23  508  518
 395 329.000 456.000  10  19  259  269
 396  61.000 214.000  10   4  352  362
 397  26.000 442.000  10  23 1354 1364
 398 394.000 322.000  10  12 1035 1045
 399 348.000 348.000  10  23  945  955
 400 385.000  58.000  10  24  415  425
 401 228.000 287.000  10  21   43   53
 402  35.000 344.000  10  21  873  883
 403 235.000  33.000  10  30 1347 1357
 404 140.000 137.000  10  32  580  590
 405 295.000  89.000  10  23  752  762
 406   3.000  23.000  10  11  401  411
 407 148.000 208.000  10  22  536  546
 408 267.000 290.000  10  15   43   53
 409  98.000   2.000  10  14  602  612
 410 138.000  28.000  10  23 1107 1117
 411 443.000 167.000  10  17  553  563
 412 156.000  65.000  10  22 1047 1057
 413 279.000 355.000  10   9  176  186
 414 301.000 239.000  10  31   52   62
 415 471.000 368.000  10  19  438  448
 416 133.000 273.000  10  20  119  129
 417 253.000  74.000   0  20 1360 1370
 418 470.000 405.000   0  17  936  946
 419  77.000 172.000  10  23  796  806
 420  77.000 465.000  10  11  275  285
 421 267.000 374.000  10  23  611  621
 422 450.000 194.000  10  27  635  645
 423  89.000  65.000  10  16  730  740
 424 202.000  28.000   0  22  944  954
 425  46.000 389.000  10  22  267  277
 426 246.000 407.000  10  12  322  332
 427 213.000 185.000  10  21   74   84
 428 134.000 276.000  10  15  143  153
 429 469.000 489.000  10   4  565  575
 430  68.000 240.000  10  11  804  814
 431 494.000 468.000  10  31  362  372
 432 386.000 225.000  10  13  929  939
 433  89.000 322.000  10  21 1031 1041
 434 373.000 421.000  10  21  247  257
 435   5.000 281.000  10  16 1382 1392
 436  36.000 301.000  10  21  219  229
 437 429.000 169.000  10   8  913  923
 438 225.000 121.000  10  18  743  753
 439  10.000 407.000  10  36  444  454
 440 168.000  59.000  10   6  376  386
 441 387.000 349.000  10   9  169  179
 442 398.000 329.000  10  17  167  177
 443 233.000 230.000  10  20   26   36
 444  79.000  80.000  10  19 1392 1402
 445 243.000 402.000  10  13  415  425
 446  66.000 314.000  10  26  194  204
 447 381.000 328.000  10  12  727  737
 448  62.000 236.000  10  29  568  578
 449 344.000  70.000  10  24 1156 1166
 450 455.000 168.000  10  21  877  887
 451 451.000 305.000  10  13  208  218
 452 214.000 311.000  10  14   70   80
 453 164.000 473.000  10  26  306  316
 454 133.000 455.000  10  25  818  828
 455 351.000 481.000  10  10  332  342
 456 297.000 304.000  10   4   71   81
 457   7.000 194.000   0  29  961  971
 458  60.000 246.000  10  25  190  200
 459   3.000 471.000  10  13  721  731
 460 153.000 362.000   0   7 1171 1181
 461 143.000 158.000  10  12  148  158
 462 351.000 148.000  10  30  471  481
 463 426.000  38.000  10  23  619  629
 464 226.000 316.000  10  21   70   80
 465  41.000 120.000  10  22  706  716
 466 247.000 443.000  10  17  340  350
 467 218.000 271.000  10  16 1584 1594
 468 376.000 385.000  10  12  184  194
 469 241.000 402.000  10  11 1035 1045
 470 213.000 399.000  10  18  244  254
 471 441.000 374.000  10  10  233  243
 472 215.000 434.000  10   9  203  213
 473 499.000 316.000  10  18  632  642
 474 318.000 497.000  10  21  864  874
 475 256.000 441.000  10  34  191  201
 476 468.000 360.000  10  16  284  294
 477 287.000 256.000  10  18   37   47
 478 448.000 397.000  10  33  876  886
 479 253.000 118.000  10  19  557  567
 480 159.000 299.000  10  12 1026 1036
 481 360.000 488.000  10  19  326  336
 482 420.000 224.000  10  10  439  449
 483 199.000 438.000  10   3 1370 1380
 484 219.000 215.000  10  32   46   56
 485 365.000 274.000  10  14  117  127
 486 481.000 454.000  10  14  330  340
 487 187.000  61.000  10  19  555  565
 488 372.000  97.000  10  13  224  234
 489 187.000 263.000  10  35   64   74
 490 371.000 427.000  10  23  968  978
 491 375.000 145.000  10  12  939  949
 492 365.000  28.000  10   9  278  288
 493  60.000  29.000  10  32 1373 1383
 494 478.000 300.000  10  12  900  910
 495  33.000 152.000  10  17 1330 1340
 496  94.000  40.000  10  24 1078 1088
 497 290.000 328.000  10   7  154  164
 498  96.000 346.000  10  26  195  205
 499 206.000  97.000  10  33  458  468
 500 210.000 133.000  10  15  699  709
 501 418.000 399.000  10  20  448  458
 502 392.000 491.000  10  10 1143 1153
 503 495.000  83.000  10  32  451  461
 504 468.000 352.000  10   9  778  788
 505  61.000 441.000  10  27  554  564
 506 391.000 202.000  10  14  148  158
 507  16.000 287.000  10  12  281  291
 508 292.000 136.000  10  28  791  801
 509  53.000 204.000  10   8 1065 1075
 510 359.000 287.000  10  24  115  125
 511 273.000 255.000   0  18 1502 1512
 512 263.000 153.000  10  12  422  432
 513 401.000 164.000  10  13  631  641
 514  49.000 437.000  10   7  437  447
 515  43.000 135.000  10  31  236  246
 516  48.000 437.000  10   4  814  824
 517 334.000 403.000  10  26  174  184
 518 372.000 115.000  10  13  374  384
 519 357.000 290.000  10  24  114  124
 520 331.000 134.000  10  11 1134 1144
 521 495.000 199.000  10  25  347  357
 522  51.000  89.000  10  19 1218 1228
 523 195.000 386.000  10  13  146  156
 524 408.000 318.000   0  15  653  663
 525 410.000 399.000  10  25  244  254
 526  19.000  38.000  10  15  857  867
 527 166.000 247.000  10   1   84   94
 528 142.000 360.000  10 -10 1542 1552
 529 413.000 345.000  10  -6 1228 1238
 530 466.000 149.000  10 -16 1196 1206
 531 257.000  57.000  10 -14 1236 1246
 532 336.000 493.000  10 -33 1503 1513
 533 264.000 180.000  10  -5 1691 1701
 534 389.000  43.000  10  -9  406  416
 535 466.000  96.000  10 -17 1393 1403
 536 436.000 295.000  10 -15  538  548
 537 146.000 313.000  10 -20 1205 1215
 538 436.000 467.000  10 -23  746  756
 539 214.000 274.000  10  -5 1379 1389
 540 181.000 185.000  10 -12 1624 1634
 541 421.000 386.000  10 -30  834  844
 542   9.000 233.000  10 -16  316  326
 543 250.000 328.000  10 -24  259  269
 544 441.000  60.000  10  -5 1469 1479
 545 471.000  94.000  10  -1 1009 1019
 546 232.000 101.000  10 -18  356  366
 547 224.000  56.000  10 -24 1196 1206
 548 164.000 320.000  10 -21 1105 1115
 549 480.000 119.000  10 -22  638  648
 550 371.000 163.000  10 -21  838  848
 551   6.000 196.000  10 -26 1213 1223
 552 383.000  17.000  10 -18  950  960
 553 177.000 486.000  10 -25 1607 1617
 554 186.000 135.000  10 -15  728  738
 555 423.000 221.000  10  -9  268  278
 556 162.000 388.000  10 -32 1136 1146
 557 363.000 225.000  10  -5  866  876
 558 146.000 188.000  10  -6 1245 1255
 559 456.000 157.000  10  -5 1465 1475
 560 136.000 430.000  10 -18  720  730
 561 418.000 251.000  10 -29 1207 1217
 562 271.000 128.000  10 -14  356  366
 563 390.000 249.000  10 -21  592  602
 564  32.000  94.000  10 -16  940  950
 565  13.000 394.000  10 -19  383  393
 566 274.000 261.000  10 -36 1717 1727
 567 210.000 379.000  10 -38  719  729
 568 130.000 494.000  10 -11  769  779
 569  80.000 279.000  10 -20 1168 1178
 570 351.000 233.000  10 -19 1433 1443
 571 341.000  59.000  10 -19  800  810
 572  83.000 169.000  10 -21  787  797
 573 224.000   3.000  10  -3  700  710
 574 231.000 410.000  10 -14 1246 1256
 575 500.000 228.000  10 -33  792  802
 576 250.000 441.000  10 -12  766  776
 577 226.000 175.000  10 -28 1704 1714
 578 241.000 180.000  10 -13 1705 1715
 579 251.000 238.000  10 -27   12   22
 580 165.000  59.000  10 -21  953  963
 581 456.000 113.000  10 -36 1237 1247
 582 347.000 184.000  10 -16 1089 1099
 583  91.000 326.000  10 -13  973  983
 584 426.000 231.000  10 -24 1038 1048
 585  49.000 118.000  10 -32 1081 1091
 586  78.000 406.000  10 -11  970  980
 587 180.000 283.000  10 -23  754  764
 588 411.000 396.000  10  -8  930  940
 589 492.000 326.000  10 -19 1214 1224
 590 489.000 457.000  10 -17  326  336
 591 387.000 394.000  10 -29 1108 1118
 592 322.000 290.000  10 -13 1489 1499
 593 366.000 260.000  10 -27 1530 1540
 594  13.000 214.000  10 -19 1364 1374
 595  36.000 451.000  10 -17  899  909
 596 201.000  66.000  10 -13 1177 1187
 597  87.000 213.000  10 -12  636  646
 598 452.000 110.000  10 -19  350  360
 599  31.000 175.000  10 -18  257  267
 600 371.000  71.000  10 -20  297  307
 601 420.000 383.000  10  -9  992 1002
 602 225.000 269.000  10  -8 1281 1291
 603 398.000  49.000  10 -21  802  812
 604 472.000 248.000  10 -13  844  854
 605 335.000  99.000  10 -17 1228 1238
 606 390.000  34.000  10  -3 1070 1080
 607  18.000  24.000  10 -24  638  648
 608 203.000 211.000  10 -11 1316 1326
 609  48.000 293.000  10 -22  286  296
 610 274.000 403.000  10 -25  897  907
 611 384.000 149.000  10 -18 1207 1217
 612 307.000 412.000  10 -36  414  424
 613 488.000 173.000  10 -25 1220 1230
 614 439.000 237.000  10  -2  949  959
 615 218.000 403.000  10 -18 1329 1339
 616 355.000 485.000  10 -15 1489 1499
 617 262.000  97.000  10  -1  957  967
 618 178.000 420.000  10 -10 1081 1091
 619 286.000 244.000  10 -23 1294 1304
 620 391.000 112.000  10 -16 1010 1020
 621 230.000 320.000  10 -19 1202 1212
 622 245.000 176.000  10 -33 1245 1255
 623 402.000 277.000  10 -27 1448 1458
 624 463.000 253.000  10 -30 1057 1067
 625  63.000 420.000  10 -18  530  540
 626 270.000 337.000  10  -7 1793 1803
 627 459.000  53.000  10  -9 1132 1142
 628 470.000 138.000  10 -12 1399 1409
 629 495.000 227.000  10 -33  354  364
 630 149.000 341.000  10 -19  414  424
 631  92.000  18.000  10  -8 1134 1144
 632 461.000 182.000  10 -19  639  649
 633 172.000 314.000  10 -15  555  565
 634 366.000 390.000  10  -7 1328 1338
 635 115.000 395.000  10  -6  825  835
 636 423.000 170.000  10 -31  523  533
 637 105.000 474.000  10 -27  481  491
 638  89.000 185.000  10 -35  610  620
 639 211.000 248.000  10 -26   39   49
 640 440.000 294.000  10 -10  970  980
 641 473.000 491.000  10 -12  423  433
 642 434.000 359.000  10 -18 1402 1412
 643 343.000 205.000  10 -15  777  787
 644 449.000 428.000  10 -28 1257 1267
 645 107.000 374.000  10 -26  924  934
 646  21.000  70.000  10 -25  781  791
 647 371.000 332.000  10 -36  540  550
 648 377.000 432.000  10 -18  841  851
 649 339.000  41.000  10 -15  466  476
 650 437.000  19.000  10 -16 1024 1034
 651 485.000 428.000  10 -27 1500 1510
 652  67.000 352.000  10 -13  383  393
 653 360.000 294.000  10 -10 1428 1438
 654 195.000 464.000  10 -22 1551 1561
 655 171.000  34.000  10  -3 1153 1163
 656 438.000 127.000  10 -31  951  961
 657  52.000 412.000  10 -22 1416 1426
 658 149.000  98.000  10 -15 1175 1185
 659 288.000  70.000  10 -17  189  199
 660  67.000 190.000  10 -34 1183 1193
 661 208.000 488.000  10 -17  488  498
 662 442.000 153.000  10 -25 1199 1209
 663  30.000   7.000  10  -3 1199 1209
 664 153.000 192.000  10 -17  876  886
 665  57.000 183.000  10 -18 1110 1120
 666  56.000 268.000  10 -26 1074 1084
 667 250.000  57.000  10 -23  758  768
 668  44.000 496.000  10  -9  412  422
 669 167.000 291.000  10 -27 1644 1654
 670 485.000 104.000  10 -17  804  814
 671 397.000  57.000  10 -17 1486 1496
 672 294.000 421.000  10 -29 1585 1595
 673 292.000  32.000  10 -14  239  249
 674  88.000 484.000  10 -13 1501 1511
 675  52.000  18.000  10 -16  867  877
 676 371.000 423.000  10 -10  211  221
 677 273.000 149.000  10 -14 1513 1523
 678 379.000 486.000  10 -10  682  692
 679 248.000 176.000  10 -14 1411 1421
 680 215.000 282.000  10  -3 1450 1460
 681  29.000 462.000  10  -5 1320 1330
 682 153.000 244.000  10  -5  118  128
 683 364.000  71.000  10  -6 1358 1368
 684 163.000 472.000  10  -9  663  673
 685 448.000 495.000  10 -40  394  404
 686 224.000 320.000  10  -9 1294 1304
 687 382.000 110.000  10  -9 1122 1132
 688 359.000 246.000  10  -3 1433 1443
 689  40.000 278.000  10  -5 1114 1124
 690 274.000 442.000  10 -30 1076 1086
 691 105.000 181.000  10 -13 1541 1551
 692 174.000 376.000  10  -9 1429 1439
 693 117.000 110.000  10 -25  989  999
 694 102.000   6.000  10 -15 1468 1478
 695 407.000  35.000  10 -22 1298 1308
 696 291.000 213.000  10 -23 1268 1278
 697 285.000 247.000  10 -15 1285 1295
 698 157.000 269.000  10 -12 1586 1596
 699 397.000 153.000  10 -26  892  902
 700 173.000 474.000  10 -16 1295 1305
 701 282.000  10.000  10  -2 1272 1282
 702 318.000  99.000  10 -23 1223 1233
 703 406.000 460.000  10 -28  729  739
 704  52.000 303.000  10 -13  451  461
 705  60.000 231.000  10 -15 1036 1046
 706 174.000  41.000  10 -14 1313 1323
 707  18.000 225.000  10 -19  701  711
 708  47.000 208.000  10 -30  236  246
 709 284.000 457.000  10 -14 1509 1519
 710 487.000 320.000  10 -15  868  878
 711 392.000  87.000  10 -23 1193 1203
 712 122.000 422.000  10  -3 1467 1477
 713  33.000 268.000  10 -17  706  716
 714 386.000 154.000  10 -28 1111 1121
 715 230.000 487.000  10  -7 1140 1150
 716  56.000  75.000  10 -15 1448 1458
 717  75.000 118.000  10 -16  419  429
 718  94.000 344.000  10 -26  692  702
 719  25.000  53.000  10  -8 1030 1040
 720  44.000 344.000  10 -22 1089 1099
 721 317.000  45.000  10 -11  668  678
 722 489.000 338.000  10 -17 1407 1417
 723 213.000 283.000  10  -2 1481 1491
 724 374.000 260.000  10 -14 1781 1791
 725  27.000 464.000  10 -18 1301 1311
 726 404.000 140.000  10 -24 1269 1279
 727  66.000 163.000  10 -35  405  415
 728 171.000 303.000  10 -30 1599 1609
 729  80.000 337.000  10 -10 1129 1139
 730  87.000   3.000  10 -13 1443 1453
 731 171.000 188.000  10  -7  631  641
 732 322.000 406.000  10 -12  839  849
 733 103.000 177.000  10 -16  636  646
 734 167.000 445.000  10 -15 1422 1432
 735 268.000 113.000  10 -25  690  700
 736 461.000 195.000  10 -34 1405 1415
 737  35.000 263.000  10 -27  280  290
 738 200.000  27.000  10 -12  535  545
 739 330.000 281.000  10 -11 1340 1350
 740 297.000 283.000  10 -26 1359 1369
 741  32.000 191.000  10 -23  596  606
 742  24.000  71.000  10 -11  356  366
 743 221.000 269.000  10  -8 1275 1285
 744 497.000  18.000  10 -10 1140 1150
 745 259.000 498.000  10  -8 1085 1095
 746 231.000  29.000  10 -20 1236 1246
 747 239.000 486.000  10 -28 1492 1502
 748 103.000 123.000  10 -27  500  510
 749 206.000 172.000  10 -25  798  808
 750 475.000 267.000  10 -14  790  800
 751 114.000 460.000  10 -45 1096 1106
 752 328.000 491.000  10  -7  688  698
 753 142.000  30.000  10 -14 1256 1266
 754 268.000 351.000  10  -7 1685 1695
 755  45.000 166.000  10 -15 1023 1033
 756 241.000  38.000  10  -5  542  552
 757 120.000  37.000  10 -27  785  795
 758 141.000 426.000  10 -29  541  551
 759 328.000 458.000  10  -3  778  788
 760 281.000  96.000  10 -10 1136 1146
 761 268.000 288.000  10 -25 1277 1287
 762 182.000 480.000  10 -12  375  385
 763 404.000 207.000  10 -33  921  931
 764 323.000  77.000  10 -18 1415 1425
 765 415.000  95.000  10 -30 1187 1197
 766  84.000 453.000  10 -18 1233 1243
 767 406.000 408.000  10 -13 1466 1476
 768 325.000 147.000  10 -20 1197 1207
 769 172.000  24.000  10 -11 1462 1472
 770 242.000 106.000  10 -18 1278 1288
 771 418.000  75.000  10 -19  458  468
 772 276.000  84.000  10 -36  691  701
 773 174.000  67.000  10 -18 1270 1280
 774 442.000   5.000  10  -9  330  340
 775 325.000 210.000  10 -21  943  953
 776 212.000 186.000  10 -35 1732 1742
 777 146.000 376.000  10 -22  244  254
 778  60.000   5.000  10  -4 1054 1064
 779  61.000 170.000  10  -7 1016 1026
 780   2.000 264.000  10 -19  665  675
 781 349.000  76.000  10 -10 1041 1051
 782  91.000 427.000  10 -46  893  903
 783 458.000 213.000  10  -3 1138 1148
 784 188.000 151.000  10 -44 1307 1317
 785 229.000 322.000  10 -11 1670 1680
 786 337.000 232.000  10 -16 1581 1591
 787 244.000  13.000  10 -18 1023 1033
 788 330.000 147.000  10 -30  858  868
 789 495.000 355.000  10 -25 1253 1263
 790 350.000 199.000  10 -12 1211 1221
 791 368.000 452.000  10  -3  680  690
 792 100.000  85.000  10 -22  361  371
 793 178.000 302.000  10 -22  897  907
 794  48.000 366.000  10 -29  753  763
 795 103.000 464.000  10 -31 1283 1293
 796 439.000 222.000  10 -13  990 1000
 797 244.000 277.000  10 -18 1311 1321
 798   1.000 101.000  10 -23 1267 1277
 799 460.000 424.000  10 -15 1465 1475
 800 437.000  98.000  10 -19 1124 1134
 801 457.000 280.000  10 -13 1010 1020
 802 272.000 234.000  10 -16 1600 1610
 803 333.000 293.000  10 -22  627  637
 804  44.000 311.000  10  -7  417  427
 805 196.000 489.000  10  -4 1040 1050
 806 309.000  29.000  10 -14 1304 1314
 807 190.000 267.000  10 -21 1764 1774
 808 246.000 314.000  10 -24 1455 1465
 809 421.000 499.000  10 -25 1355 1365
 810  62.000  94.000  10  -2  961  971
 811 347.000 192.000  10 -13 1498 1508
 812 404.000  59.000  10 -40  923  933
 813 482.000 184.000  10 -26 1117 1127
 814 365.000  74.000  10  -7  858  868
 815   0.000 422.000  10 -31  831  841
 816 433.000 319.000  10 -11 1386 1396
 817 108.000  37.000  10  -2  559  569
 818 361.000 178.000  10 -27  982  992
 819 448.000 404.000  10 -25  609  619
 820  93.000 490.000  10 -18  389  399
 821  34.000 169.000  10 -11  494  504
 822 345.000 146.000  10 -15 1449 1459
 823 144.000 331.000  10 -29  941  951
 824 372.000  39.000  10 -11  734  744
 825  68.000 160.000  10 -26 1146 1156
 826 307.000 249.000  10 -21 1387 1397
 827 487.000 446.000  10 -23 1350 1360
 828 162.000 301.000  10  -2 1623 1633
 829  44.000 440.000  10 -23  799  809
 830 195.000 111.000  10  -2 1008 1018
 831 385.000  17.000  10 -20  819  829
 832 461.000 186.000  10 -29 1522 1532
 833 482.000 141.000  10 -14 1021 1031
 834 193.000 138.000  10 -23  671  681
 835  80.000 357.000  10 -16  540  550
 836 415.000 207.000  10 -21  910  920
 837 314.000 205.000  10 -32 1537 1547
 838  26.000 221.000  10 -10 1006 1016
 839 323.000  34.000  10 -30 1325 1335
 840 405.000 349.000  10  -5  532  542
 841 235.000 108.000  10 -31 1090 1100
 842  92.000  76.000  10 -17 1149 1159
 843 209.000  68.000  10 -30 1578 1588
 844  80.000 251.000  10 -13  314  324
 845 222.000 331.000  10 -10  550  560
 846 332.000 459.000  10 -35  379  389
 847 248.000 214.000  10 -20 1489 1499
 848 325.000 311.000  10 -24 1332 1342
 849 240.000 240.000  10 -29 1710 1720
 850  19.000 273.000  10 -16 1027 1037
 851 217.000 207.000  10  -1 1392 1402
 852   7.000 382.000  10 -14  780  790
 853 217.000 357.000  10 -30 1430 1440
 854 346.000 354.000  10 -12  827  837
 855 261.000 201.000  10 -26 1524 1534
 856 111.000 192.000  10  -9 1209 1219
 857 351.000   5.000  10 -31  506  516
 858 118.000 314.000  10 -21  348  358
 859 341.000  72.000  10  -5  815  825
 860 323.000  29.000  10  -7 1147 1157
 861 128.000 113.000  10 -37  373  383
 862 313.000 391.000  10 -34  160  170
 863 330.000 138.000  10 -18 1120 1130
 864 195.000 450.000  10 -25 1496 1506
 865 168.000 109.000  10  -7  214  224
 866 312.000 453.000  10 -16  560  570
 867 179.000 497.000  10 -13 1421 1431
 868 180.000 162.000  10 -17  183  193
 869 282.000   1.000  10 -27 1052 1062
 870  20.000 480.000  10 -30  580  590
 871 389.000 156.000  10 -37  726  736
 872 150.000  68.000  10 -28  433  443
 873 115.000 296.000  10 -20 1539 1549
 874 132.000  32.000  10 -12  794  804
 875 450.000  45.000  10 -20  514  524
 876 339.000 144.000  10 -33 1109 1119
 877 321.000 149.000  10  -8 1435 1445
 878 166.000 345.000  10 -36 1140 1150
 879 265.000   0.000  10 -27  906  916
 880 325.000  56.000  10 -12  806  816
 881 364.000 173.000  10 -25  190  200
 882 429.000 389.000  10 -26  434  444
 883 235.000 316.000  10 -18  666  676
 884  49.000 353.000  10 -13 1456 1466
 885 342.000 481.000  10 -15 1450 1460
 886 135.000  30.000  10 -26  484  494
 887  80.000 117.000  10 -28  834  844
 888 244.000 368.000  10 -33  424  434
 889 370.000 382.000  10 -13  894  904
 890 309.000 161.000  10 -19  593  603
 891  23.000 235.000  10 -43 1033 1043
 892 177.000 404.000  10 -23 1272 1282
 893 400.000  71.000  10 -17 1382 1392
 894 262.000 369.000  10 -10  139  149
 895 385.000 285.000  10 -21  878  888
 896 135.000 400.000  10 -17  309  319
 897  59.000 276.000  10 -18  902  912
 898 437.000  90.000  10 -12  595  605
 899 131.000 246.000  10  -5  842  852
 900 191.000  84.000  10 -13  877  887
 901 452.000 172.000  10  -7  618  628
 902 214.000 245.000  10  -8   36   46
 903 433.000 447.000  10 -26  804  814
 904 374.000 306.000  10 -14 1004 1014
 905 209.000 212.000  10 -20 1538 1548
 906  21.000 146.000  10 -23  497  507
 907 365.000 190.000  10 -12 1487 1497
 908  51.000 286.000  10 -16 1469 1479
 909 475.000 198.000  10 -31  845  855
 910  51.000 360.000  10 -12 1155 1165
 911 161.000 416.000  10 -24 1021 1031
 912 172.000  66.000  10 -26 1313 1323
 913 366.000 288.000  10 -19  694  704
 914  12.000 358.000  10 -23 1234 1244
 915 237.000 420.000  10 -22 1344 1354
 916  74.000 215.000  10 -17  239  249
 917 100.000 266.000  10  -4  480  490
 918 452.000 484.000  10 -26 1288 1298
 919 396.000  83.000  10 -26 1596 1606
 920  58.000 391.000  10 -20  892  902
 921  72.000 227.000  10 -23  574  584
 922 334.000 481.000  10 -19  340  350
 923  46.000 163.000  10  -4  936  946
 924 175.000 352.000  10 -23 1675 1685
 925 394.000 310.000  10 -12 1109 1119
 926 332.000 382.000  10 -23 1020 1030
 927 393.000  98.000  10 -24  763  773
 928 217.000 333.000  10 -21  421  431
 929  34.000 329.000  10 -21 1053 1063
 930 240.000  34.000  10 -30 1570 1580
 931 178.000 135.000  10 -32 1524 1534
 932 269.000 112.000  10 -23 1273 1283
 933  66.000  31.000  10 -11 1058 1068
 934 197.000 202.000  10 -22 1214 1224
 935 347.000 459.000  10 -15  489  499
 936  98.000  29.000  10 -14 1057 1067
 937 147.000  30.000  10 -23 1119 1129
 938 409.000 255.000  10 -17 1532 1542
 939 100.000  66.000  10 -22 1410 1420
 940 311.000 422.000  10  -9  998 1008
 941 440.000  77.000  10 -31  923  933
 942 497.000 266.000  10 -19  758  768
 943  71.000 304.000  10 -20  699  709
 944 253.000  74.000  10 -20 1360 1370
 945 470.000 405.000  10 -17  936  946
 946 117.000 178.000  10 -23 1127 1137
 947  28.000 467.000  10 -11 1353 1363
 948 284.000 319.000  10 -23  827  837
 949 405.000 187.000  10 -27 1261 1271
 950  67.000  24.000  10 -16 1028 1038
 951 202.000  28.000  10 -22  944  954
 952  69.000 414.000  10 -22 1273 1283
 953 313.000 493.000  10 -12 1203 1213
 954 196.000  56.000  10 -21  619  629
 955  83.000 300.000  10 -15  510  520
 956 493.000 493.000  10  -4  866  876
 957  64.000 198.000  10 -11 1098 1108
 958 380.000 350.000  10 -31  876  886
 959 370.000 262.000  10 -13 1109 1119
 960  97.000 288.000  10 -21 1294 1304
 961 412.000 478.000  10 -21  970  980
 962  33.000 278.000  10 -16 1497 1507
 963  12.000 367.000  10 -21  336  346
 964 441.000 177.000  10  -8 1011 1021
 965 238.000 123.000  10 -18  791  801
 966  48.000 412.000  10 -36 1042 1052
 967 215.000 129.000  10  -6 1129 1139
 968 299.000 285.000  10  -9 1264 1274
 969 371.000 315.000  10 -17 1176 1186
 970 267.000 162.000  10 -20 1459 1469
 971 110.000 122.000  10 -19 1519 1529
 972 243.000 408.000  10 -13 1444 1454
 973  89.000 358.000  10 -26 1257 1267
 974 401.000 314.000  10 -12  986  996
 975  69.000 266.000  10 -29  768  778
 976 327.000 139.000  10 -24 1267 1277
 977 488.000  96.000  10 -21 1076 1086
 978 475.000 352.000  10 -13  320  330
 979 244.000 422.000  10 -14  548  558
 980 176.000 470.000  10 -26  557  567
 981 174.000 397.000  10 -25 1255 1265
 982 370.000 493.000  10 -10  581  591
 983 466.000 362.000  10  -4 1162 1172
 984   7.000 194.000  10 -29  961  971
 985  33.000 286.000  10 -25 1556 1566
 986  27.000 444.000  10 -13 1090 1100
 987 153.000 362.000  10  -7 1171 1181
 988 130.000 140.000  10 -12  204  214
 989 343.000 166.000  10 -30  886  896
 990 436.000  25.000  10 -23 1292 1302
 991 257.000 391.000  10 -21 1643 1653
 992  44.000 140.000  10 -22  878  888
 993 255.000 487.000  10 -17  408  418
 994 240.000 255.000  10 -16 1621 1631
 995 411.000 379.000  10 -12 1203 1213
 996 211.000 411.000  10 -11 1157 1167
 997 189.000 402.000  10 -18  546  556
 998 398.000 341.000  10 -10  949  959
 999 185.000 434.000  10  -9  584  594
1000 440.000 292.000  10 -18  950  960
1001 348.000 476.000  10 -21 1207 1217
1002 352.000 487.000  10 -34  912  922
1003 490.000 286.000  10 -16  532  542
1004 428.000 202.000  10 -18  914  924
1005 413.000 476.000  10 -33 1189 1199
1006 339.000 113.000  10 -19  771  781
1007 228.000 260.000  10 -12 1616 1626
1008 422.000 498.000  10 -19  702  712
1009 452.000 206.000  10 -10  502  512
1010 175.000 422.000  10  -3 1456 1466
1011 297.000 131.000  10 -32 1175 1185
1012 432.000 199.000  10 -14  649  659
1013 421.000 387.000  10 -14  811  821
1014 178.000  72.000  10 -19  767  777
1015 376.000 113.000  10 -13  524  534
1016  65.000 343.000  10 -35  217  227
1017 373.000 418.000  10 -23 1269 1279
1018 390.000 120.000  10 -12 1014 1024
1019 497.000  54.000  10  -9  988  998
1020 151.000  81.000  10 -32 1568 1578
1021 424.000 288.000  10 -12 1067 1077
1022 134.000 194.000  10 -17 1662 1672
1023 104.000  28.000  10 -24 1483 1493
1024 405.000 454.000  10  -7 1313 1323
1025  95.000 382.000  10 -26  241  251
1026 174.000 122.000  10 -33  603  613
1027 257.000 133.000  10 -15  872  882
1028 471.000 427.000  10 -20  826  836
1029 413.000 493.000  10 -10 1228 1238
1030 480.000 131.000  10 -32  698  708
1031 465.000 367.000  10  -9 1037 1047
1032 164.000 332.000  10 -27 1290 1300
1033 494.000 165.000  10 -14  614  624
1034  83.000 290.000  10 -12  618  628
1035 267.000 174.000  10 -28 1628 1638
1036  82.000 183.000  10  -8 1112 1122
1037 295.000 247.000  10 -24 1313 1323
1038 273.000 255.000  10 -18 1502 1512
1039 261.000 138.000  10 -12  628  638
1040 306.000 229.000  10 -13 1330 1340
1041 138.000 406.000  10  -7 1226 1236
1042  65.000  62.000  10 -31  986  996
1043 240.000 362.000  10  -4 1424 1434
1044 330.000 371.000  10 -26  569  579
1045 308.000 199.000  10 -13 1518 1528
1046 423.000 315.000  10 -24  190  200
1047 303.000 186.000  10 -11 1364 1374
1048 449.000 190.000  10 -25 1150 1160
1049  30.000 155.000  10 -19 1290 1300
1050 211.000 446.000  10 -13 1133 1143
1051 408.000 318.000  10 -15  653  663
1052 463.000 406.000  10 -25  867  877
1053  15.000  11.000  10 -15  962  972
1054 133.000 202.000  10  -1  471  481
1055 250.000 250.000   0   0    0 1925
