523 523 1000 200 1000
   0 250.000 250.000   0   0    0 1925
   1 377.000 385.000  10   6  838  924
   2 449.000 428.000  10  25 1246 1277
   3 342.000 481.000  10  18 1421 1489
   4 328.000 491.000   0  21  673  714
   5 290.000 145.000  10   5 1273 1321
   6 266.000 221.000  10   9   33  107
   7 164.000 320.000  10  12 1084 1136
   8 343.000 276.000  10  15   96  172
   9 104.000 349.000  10  20  988 1061
  10  28.000 467.000  10  34 1316 1399
  11 429.000 476.000  10  23  559  618
  12 210.000 276.000  10   5   47  126
  13 273.000 300.000  10  30   55  110
  14  41.000 232.000  10  16  209  282
  15  25.000  53.000  10  23  996 1074
  16  52.000  18.000  10  28  859  885
  17  27.000 444.000  10  22 1058 1132
  18 250.000 328.000  10  24  232  296
  19 412.000 100.000  10   1  510  546
  20 233.000  87.000  10  18  261  275
  21 166.000 345.000  10  14 1120 1169
  22 440.000 294.000  10  16  945 1006
  23 480.000 136.000   0  22  256  358
  24 371.000 163.000   0  21  822  863
  25 231.000 167.000  10  15   85  162
  26 423.000 221.000  10   9  239  308
  27 386.000 154.000  10  31 1078 1153
  28 130.000 494.000  10   6  730  817
  29  31.000 175.000  10  24  238  286
  30 352.000 241.000  10   5  790  824
  31 146.000 188.000   0   6 1225 1274
  32 451.000  62.000  10   5  275  323
  33 142.000 372.000  10  18  162  245
  34 440.000 201.000  10  29  890  926
  35 219.000 210.000  10  14   50  144
  36 390.000 249.000  10  21  572  621
  37   9.000 101.000  10  16  642  721
  38  77.000 372.000  10  19  211  270
  39 225.000 369.000  10  38  121  217
  40 117.000 178.000  10  28 1096 1168
  41 132.000 479.000  10  11  257  302
  42 201.000  66.000  10  14 1167 1197
  43 356.000 256.000  10  19  106  183
  44 363.000  34.000  10  19  266  309
  45 452.000 172.000  10   9  594  653
  46  86.000 189.000  10  21  209  275
  47 262.000 369.000  10  15  120  168
  48 218.000  12.000  10   3  514  604
  49 274.000 441.000  10  12  682  738
  50 303.000 186.000   0  10 1333 1406
  51 241.000 180.000  10  13 1688 1731
  52 100.000  85.000  10  14  338  394
  53 350.000 199.000  10  21 1203 1230
  54 251.000 238.000  10  27   12   72
  55 114.000 102.000  10  21  499  546
  56  21.000 146.000  10  21  478  526
  57 476.000  61.000  10  36  433  495
  58 386.000 245.000  10  16  487  501
  59 201.000 278.000  10  13   56  137
  60 105.000 137.000  10  32  434  500
  61  64.000 437.000   0  11  914  953
  62 413.000 391.000  10   8  215  280
  63 370.000 493.000  10  22  563  610
  64 447.000 267.000   0  19  961 1029
  65 232.000 101.000  10  24  333  389
  66 447.000 383.000  10  17  237  319
  67 489.000 437.000  10  29  690  753
  68 331.000 356.000  10  13  696  757
  69 108.000  37.000  10  23  521  608
  70 136.000 265.000  10  12  114  177
  71 291.000 251.000  10  20   41  138
  72  57.000 183.000  10  15 1088 1143
  73 161.000 276.000  10   8  123  173
  74 398.000  49.000   0  21  778  835
  75  60.000 231.000  10  32 1001 1080
  76 453.000 360.000  10  13  230  327
  77 488.000   3.000  10   3  385  447
  78  44.000 115.000  10  24  246  338
  79  64.000 135.000  10  11  850  917
  80  65.000  62.000  10  15  961 1021
  81  68.000 303.000  10  22  200  272
  82 263.000 418.000  10  25  261  326
  83 271.000 128.000  10  12  331  391
  84 439.000 156.000  10   2  512  570
  85 389.000 156.000  10  27  700  762
  86  29.000 462.000  10  17 1293 1357
  87 148.000 462.000  10  10  718  766
  88 216.000 341.000  10  19  639  699
  89 317.000  45.000  10   8  624  722
  90 178.000 150.000  10  33  621  673
  91 450.000  45.000  10  24  503  535
  92 453.000 318.000  10  30  347  431
  93 186.000 135.000  10  24  709  756
  94  11.000 403.000  10  18  334  382
  95 433.000 447.000  10  20  785  834
  96 200.000  27.000   0  22  477  602
  97 498.000 171.000  10  12 1265 1278
  98 487.000 320.000  10  21  854  892
  99  45.000 166.000  10  22  999 1057
 100 490.000 276.000  10  33  241  269
 101 293.000 228.000  10  19   48   85
 102 182.000 480.000  10  31  328  431
 103 385.000 285.000  10  13  863  903
 104  44.000 344.000  10  12 1073 1116
 105 170.000 347.000  10  15  414  487
 106 457.000 492.000  10   7  512  535
 107 124.000 448.000  10   6  377  391
 108 398.000 210.000  10  31  153  204
 109  75.000 118.000  10  21  399  449
 110 211.000 248.000  10  26   39  108
 111 440.000 436.000  10  18  876  937
 112 311.000 203.000  10  15  691  785
 113 342.000 319.000  10  36  115  198
 114 103.000 123.000  10   8  453  556
 115 241.000  38.000  10  16  518  576
 116 438.000 488.000  10  18  326  358
 117 351.000  60.000  10  15  215  275
 118 429.000  67.000  10  16  712  782
 119 135.000 400.000  10  20  257  371
 120 215.000 293.000  10  13   55  114
 121 354.000 416.000  10  10  655  733
 122 208.000 445.000  10  22 1290 1404
 123 441.000 100.000  10  31  861  915
 124  79.000 467.000  10  22  351  382
 125 124.000 111.000  10  15  775  834
 126 247.000 219.000   0  17   31   65
 127  28.000 180.000  10  34  360  441
 128 167.000 488.000  10  17  252  306
 129 442.000 289.000  10  25  195  280
 130  38.000  15.000  10   3 1076 1136
 131 246.000 314.000  10  36 1441 1480
 132 176.000 200.000  10  17  544  621
 133 337.000 232.000   0   2 1549 1622
 134 257.000 133.000  10  19  847  908
 135 295.000 247.000  10  12 1293 1343
 136  39.000 162.000   0  18  544  616
 137  53.000 466.000  10   9  322  379
 138  89.000 185.000  10  16  582  648
 139 481.000  84.000  10  17  492  549
 140 495.000 227.000  10  20  321  397
 141 372.000  39.000  10  10  709  768
 142 278.000 450.000  10  29 1358 1421
 143 292.000  32.000  10  14  230  259
 144  68.000  53.000  10  16  750  757
 145 371.000 423.000  10  10  211  265
 146 371.000 488.000  10  10  570  625
 147 330.000 281.000  10  14 1315 1375
 148 463.000 406.000  10  23  839  905
 149 153.000 244.000   0   5  103  143
 150 153.000 192.000  10  13  860  902
 151 352.000  63.000  10   6 1174 1212
 152 371.000  71.000  10  21  287  317
 153 163.000 472.000  10   9  649  688
 154 221.000 291.000   0   9   50  111
 155 374.000 116.000  10   9  563  642
 156   1.000 252.000  10   5  250  331
 157 286.000 356.000  10  30  111  148
 158  65.000  82.000  10  13  742  768
 159 154.000 392.000  10   9  171  230
 160 196.000  56.000  10  15  581  668
 161 436.000  25.000  10  19 1257 1338
 162  67.000 352.000  10  20  373  403
 163 173.000 182.000  10  25  102  206
 164  18.000 225.000  10   8  683  730
 165  93.000 490.000  10   2  360  429
 166 239.000  15.000  10   2  587  650
 167 193.000 138.000  10  30  640  712
 168 381.000 457.000  10  28  445  526
 169  55.000 318.000  10  13  283  370
 170  48.000 162.000   0  15  220  300
 171 288.000  70.000  10  24  183  254
 172 349.000  76.000  10  15 1018 1073
 173  47.000 208.000  10  30  220  263
 174 486.000 324.000  10  15  748  821
 175 413.000 127.000  10  28  824  867
 176 222.000 499.000  10   7  838  882
 177 211.000 446.000   0  15 1114 1162
 178 313.000 391.000  10   5  154  212
 179 341.000  72.000  10   9  815  825
 180 130.000 186.000  10  16  136  199
 181 257.000  57.000  10  18 1222 1259
 182   6.000  53.000   0   8  566  638
 183 146.000 376.000  10   8  220  279
 184 244.000  13.000  10  24  991 1066
 185  29.000 336.000  10  22  305  389
 186 306.000  42.000  10  11  487  497
 187 344.000 203.000  10  14  156  208
 188 149.000 341.000  10   6  377  461
 189 307.000 412.000  10   8  406  432
 190  68.000 450.000  10  18  620  676
 191 144.000 220.000  10  35  110  158
 192 497.000  54.000  10  14  962 1025
 193  80.000 458.000   0  30  349  422
 194  84.000 377.000  10  10  911  972
 195  87.000   3.000  10  13 1424 1473
 196 149.000 214.000  10   7  452  542
 197  98.000  29.000  10  14 1021 1102
 198 135.000  30.000  10  12  469  510
 199 107.000 374.000  10   8  896  962
 200 262.000  92.000  10  25  624  666
 201 475.000 198.000  10  20  813  887
 202 481.000 207.000  10  34  843  899
 203 174.000 122.000  10  14  578  639
 204  35.000 263.000  10  27  245  326
 205  24.000  71.000  10  11  341  381
 206  91.000 326.000  10   4  942 1014
 207 470.000 417.000  10  11  725  778
 208 397.000 153.000  10  29  879  916
 209 295.000 283.000  10  26  893  924
 210  16.000  68.000  10  11  296  380
 211 179.000 286.000  10   8  330  382
 212 244.000 422.000  10  14  534  571
 213 250.000 441.000  10   5  741  801
 214 195.000 111.000   0  15  982 1045
 215  26.000 221.000  10  28  980 1042
 216 442.000   5.000  10  16  311  364
 217  44.000 496.000  10  32  376  458
 218 146.000 313.000  10  22 1164 1256
 219 245.000 461.000  10   8  614  714
 220  69.000 266.000  10  12  742  805
 221 212.000  47.000  10  20  781  851
 222 412.000 478.000  10   7  943 1006
 223 225.000 488.000  10  28  638  664
 224 105.000 140.000  10  27  182  225
 225 177.000 156.000  10  25  140  225
 226 377.000 432.000  10  20  815  877
 227 497.000 296.000  10  14  593  662
 228 152.000 476.000  10  45  513  563
 229 277.000 428.000  10   7  473  537
 230  44.000 311.000  10  27  404  440
 231 261.000 138.000  10   1  599  667
 232  48.000 150.000  10  15  631  710
 233 215.000  79.000  10   5  218  259
 234 109.000  56.000  10  27  239  286
 235 112.000 433.000  10  29  229  285
 236 423.000 170.000  10  27  490  566
 237 213.000 283.000  10  14 1477 1495
 238 240.000  34.000   0  28 1554 1595
 239 324.000  99.000  10  10  318  388
 240 189.000 402.000  10  10  508  595
 241 215.000 282.000   0  21 1417 1494
 242 166.000 440.000  10  12  207  267
 243 374.000 232.000  10  33  125  167
 244 313.000 493.000  10  20 1190 1227
 245  76.000 462.000  10  18  930 1011
 246 196.000 489.000  10  23 1037 1053
 247 171.000  24.000  10  11 1384 1412
 248 187.000  73.000  10  18  268  346
 249 421.000 387.000  10  15  806  827
 250 141.000 426.000  10  23  529  563
 251 415.000 118.000  10  19  211  271
 252  69.000 414.000   0   6 1242 1314
 253 142.000  14.000  10  18  827  873
 254 265.000 240.000  10   9   18   59
 255 280.000 245.000  10  21   30   69
 256 195.000 273.000  10  22   59  105
 257  95.000  64.000  10   4  761  800
 258  24.000 259.000  10  19  356  415
 259  83.000 300.000  10  26  487  542
 260 380.000 194.000  10   3  692  765
 261 238.000 123.000  10  24  779  813
 262 150.000  68.000  10  23  402  474
 263  67.000  24.000  10  10  999 1067
 264  63.000 420.000  10  19  501  569
 265 339.000 144.000  10  13 1079 1148
 266 158.000  24.000  10  18  593  660
 267 365.000 119.000  10  30  376  417
 268 417.000 212.000  10  12  908  943
 269 404.000 439.000  10   3  247  261
 270 472.000 248.000  10  11  818  881
 271 132.000 151.000  10  22  154  182
 272 162.000 306.000  10  22  104  165
 273 274.000 403.000  10  17  885  919
 274  56.000 268.000   0  28 1058 1100
 275 244.000 277.000   0  18 1291 1341
 276 105.000 181.000  10  19 1527 1565
 277 498.000 457.000  10  15  891  965
 278 334.000 481.000  10  32  311  379
 279 482.000 104.000  10  19  790  854
 280 494.000 165.000  10  19  587  651
 281 340.000 291.000  10  22  475  496
 282 272.000 234.000   0  26 1570 1640
 283  71.000 304.000  10  19  680  729
 284  87.000 311.000  10   7  174  209
 285 207.000 487.000  10   4  655  753
 286 332.000   5.000  10  14 1021 1075
 287 175.000 352.000   0  12 1643 1717
 288 398.000 476.000  10  25  399  468
 289  21.000  70.000  10  15  760  813
 290  80.000 251.000  10  14  283  355
 291 457.000 280.000  10  17 1002 1027
 292 423.000 315.000  10  12  184  216
 293 479.000 387.000  10  13  378  447
 294 436.000 123.000  10  40  225  295
 295 456.000 113.000  10  17 1213 1272
 296 480.000 152.000  10  26 1006 1067
 297 100.000 266.000  10   5  445  525
 298 374.000 306.000  10   4  987 1031
 299 442.000 153.000  10  29 1176 1231
 300  71.000  12.000  10   2  297  351
 301 132.000  32.000  10  18  771  827
 302 450.000 416.000  10  25  562  621
 303 244.000 368.000  10  25  395  463
 304  90.000 477.000  10  18  277  347
 305  34.000 169.000  10  11  460  538
 306 392.000   1.000  10  11  579  661
 307 415.000 253.000  10  21  342  422
 308  12.000 367.000  10  27  302  380
 309 102.000 422.000  10  23  226  307
 310 210.000  81.000  10   2  381  447
 311 432.000   2.000  10  20  452  512
 312  66.000  31.000  10  25 1018 1108
 313 460.000 117.000  10  14  501  569
 314 175.000 239.000  10  23   75  134
 315  62.000 375.000  10  16  335  392
 316 333.000 163.000  10  32 1225 1286
 317 311.000 422.000  10  29  964 1041
 318 168.000 109.000  10  10  194  244
 319 284.000 319.000   0  17  785  878
 320 382.000   9.000   0  30  274  329
 321 366.000 334.000  10   5  389  461
 322 351.000   5.000  10  12  488  534
 323 125.000  65.000  10  17  757  849
 324 120.000  17.000  10  30  284  305
 325 222.000 331.000  10  10  518  592
 326 332.000 459.000  10  35  349  419
 327 330.000 308.000  10  24 1150 1220
 328  34.000 239.000  10  16  216  257
 329  13.000 314.000  10  14  245  313
 330 339.000  41.000  10   6  445  496
 331 345.000 431.000  10  12  310  410
 332  46.000 248.000  10   9  812  846
 333 293.000 174.000  10  31   87  134
 334 169.000 305.000  10  21  149  204
 335 394.000  47.000  10   5  298  357
 336 158.000 179.000  10  37  116  201
 337 299.000 353.000  10  34  114  179
 338 330.000 138.000  10  18 1093 1156
 339 385.000  17.000  10  40  810  838
 340   1.000 101.000   0   8 1246 1299
 341  80.000 117.000  10  24  824  855
 342 210.000 219.000  10   7   50   92
 343 404.000  59.000  10  13  905  951
 344 288.000 439.000  10  16  270  307
 345 191.000 215.000  10  17   68  160
 346 253.000  50.000  10  27  216  266
 347 441.000 177.000  10  23  996 1037
 348   5.000 445.000  10  30  313  359
 349 463.000 253.000  10  23 1024 1101
 350 435.000 180.000  10  37  219  260
 351 198.000  85.000  10  28  266  290
 352  59.000 388.000  10  20  645  710
 353 441.000   7.000  10  20  380  433
 354 228.000 260.000  10  12 1587 1654
 355 114.000 460.000   0  14 1079 1123
 356 337.000  41.000  10   8  978 1056
 357 235.000  13.000  10  27  349  399
 358 303.000  78.000  10  12  179  194
 359 306.000 235.000  10  25   57  101
 360 382.000 360.000  10  26  171  224
 361 235.000 288.000  10  18   40  114
 362 226.000 423.000  10  15  174  279
 363 144.000  35.000  10  26  239  324
 364 176.000 199.000  10  28   89  131
 365 247.000 306.000  10  33   56   97
 366 289.000 220.000  10  19   49   91
 367  23.000 235.000  10  43  999 1078
 368 137.000 377.000  10  23  169  214
 369 261.000 359.000  10  10  109  162
 370 318.000 280.000  10  21   74   95
 371 436.000 295.000  10  11  518  568
 372  13.000 394.000  10  15  352  423
 373 172.000 292.000  10  17   89  124
 374  14.000 232.000  10  18  278  363
 375 437.000  90.000  10  12  573  626
 376 420.000 383.000   0  27  976 1018
 377 120.000 261.000   0   5  786  831
 378 179.000  75.000  10  13  731  779
 379 484.000 224.000  10   7  274  355
 380 214.000 245.000  10   8   36  108
 381 395.000 474.000  10  26  367  436
 382  86.000 199.000  10  23  260  325
 383  40.000 304.000  10  16 1134 1186
 384 489.000 274.000  10  31  512  585
 385 139.000 438.000  10  24  218  290
 386  29.000 358.000  10  23  600  652
 387 248.000 386.000  10  22  353  433
 388 415.000 207.000  10  18  892  938
 389 130.000 247.000  10  17  120  173
 390 349.000  43.000  10  26  229  289
 391  50.000 383.000  10  20  241  309
 392 255.000 487.000  10  19  384  441
 393 368.000 452.000  10  16  653  716
 394 329.000 456.000  10  19  224  305
 395 365.000  74.000  10  24  836  890
 396 180.000 283.000  10  23  734  784
 397 394.000 322.000  10  12 1009 1071
 398 309.000 161.000  10  23  578  619
 399 385.000  58.000  10  24  390  450
 400 228.000 287.000  10  21   43  103
 401 312.000 453.000  10   6  543  586
 402 393.000  98.000  10  13  757  778
 403 140.000 137.000  10  32  547  622
 404   3.000  23.000  10  11  380  432
 405 148.000 208.000  10  22  527  556
 406 466.000 362.000  10  15 1150 1185
 407 267.000 290.000  10  15   43  112
 408  98.000   2.000  10  14  566  647
 409 131.000 246.000  10  17  828  866
 410 418.000  75.000  10  11  432  494
 411 366.000 260.000   0  23 1511 1559
 412 443.000 167.000  10  17  525  591
 413 279.000 355.000  10   9  141  221
 414  32.000  94.000  10  14  924  966
 415 301.000 239.000  10  31   52   93
 416 471.000 368.000  10  19  425  461
 417 133.000 273.000  10  20  119  203
 418 253.000  74.000   0  20 1342 1389
 419 470.000 405.000  10  17  908  973
 420  77.000 465.000  10  11  275  334
 421 466.000  96.000   0  22 1367 1430
 422 450.000 194.000  10  27  617  662
 423  89.000  65.000  10  16  688  782
 424 202.000  28.000   0  22  926  973
 425  46.000 389.000  10  22  246  296
 426 246.000 407.000  10  12  291  363
 427 452.000 110.000  10  14  314  396
 428 213.000 185.000  10  21   74  185
 429 262.000  97.000  10  17  933  992
 430 469.000 489.000  10   4  528  613
 431  68.000 240.000   0  11  789  829
 432 494.000 468.000  10  31  327  418
 433 103.000 177.000  10  28  601  682
 434 307.000 249.000  10  10 1360 1423
 435   5.000 281.000  10  16 1379 1394
 436  36.000 301.000  10  21  219  276
 437  95.000 382.000  10  19  211  282
 438 264.000 180.000   0  33 1675 1716
 439 168.000  59.000  10   6  375  387
 440 387.000 349.000  10   9  169  243
 441 398.000 329.000  10  17  167  239
 442 346.000 354.000  10   8  794  871
 443 172.000 314.000  10   9  535  585
 444 233.000 230.000  10  20   26  100
 445  66.000 314.000  10  26  194  235
 446  58.000 391.000  10  16  860  935
 447 381.000 328.000  10  12  713  752
 448  62.000 236.000  10  29  540  605
 449 455.000 168.000  10  21  854  909
 450 432.000 199.000  10   7  638  669
 451 451.000 305.000  10  13  208  287
 452 214.000 311.000  10  14   70   96
 453 164.000 473.000  10  26  286  337
 454 364.000 173.000  10  30  160  231
 455 351.000 481.000  10  10  317  357
 456 115.000 395.000  10  11  788  872
 457 297.000 304.000  10   4   71  163
 458   7.000 194.000  10  29  928 1004
 459  87.000 213.000  10  18  614  667
 460  60.000 246.000  10  25  190  268
 461 418.000 251.000   0  21 1190 1234
 462 323.000  77.000   0  36 1404 1437
 463 143.000 158.000  10  12  141  171
 464 102.000   6.000   0   3 1437 1510
 465  41.000 120.000  10  22  684  737
 466 247.000 443.000  10  17  319  372
 467 376.000 385.000  10  12  184  250
 468 213.000 399.000  10  18  210  287
 469 441.000 374.000  10  10  227  259
 470 376.000 113.000  10   8  498  561
 471 215.000 434.000  10   9  187  246
 472 256.000 441.000  10  34  191  260
 473 468.000 360.000  10  16  267  311
 474 287.000 256.000  10  18   37  135
 475 352.000 487.000  10  27  876  958
 476 253.000 118.000  10  19  541  584
 477 351.000 233.000  10  21 1409 1466
 478 268.000 113.000  10  21  666  723
 479 360.000 488.000  10  19  325  336
 480 497.000 266.000  10  25  750  776
 481 420.000 224.000  10  10  405  483
 482 219.000 215.000  10  32   46  120
 483 365.000 274.000  10  14  117  201
 484 481.000 454.000  10  14  308  377
 485 187.000  61.000  10  19  526  593
 486 372.000  97.000  10  13  197  261
 487 187.000 263.000  10  35   64   79
 488 375.000 145.000  10  12  912  977
 489 118.000 314.000  10  26  333  373
 490 290.000 328.000  10   7  135  182
 491  96.000 346.000  10  26  181  266
 492 176.000 470.000  10  14  523  600
 493 206.000  97.000  10  33  428  499
 494 210.000 133.000   0  15  673  734
 495 489.000 457.000  10  13  316  352
 496 418.000 399.000  10  20  431  475
 497 392.000 491.000  10  10 1116 1180
 498 437.000  19.000  10  15  999 1059
 499 495.000  83.000  10  32  424  488
 500  80.000 357.000  10   1  529  562
 501 394.000 310.000  10  10 1092 1136
 502  61.000 441.000  10  27  553  564
 503  52.000 303.000  10  25  444  469
 504 391.000 202.000  10  14  148  191
 505  36.000 451.000  10  15  874  933
 506 130.000 140.000  10  17  177  241
 507  16.000 287.000  10  12  258  314
 508 292.000 136.000  10  28  777  814
 509 359.000 287.000  10  24  115  174
 510 263.000 153.000  10  12  402  453
 511 149.000  98.000   0   4 1147 1213
 512 440.000  77.000  10  14  895  961
 513  43.000 135.000  10  31  236  315
 514  48.000 437.000  10   4  782  855
 515 334.000 403.000  10  26  174  217
 516 111.000 192.000   0  11 1176 1253
 517 357.000 290.000  10  24  114  194
 518 495.000 199.000  10  25  317  386
 519 410.000 399.000   0  25  218  279
 520 413.000 345.000  10  20 1196 1270
 521 380.000 350.000   0  15  854  908
 522  19.000  38.000  10  15  824  901
 523 166.000 247.000  10   1   84  129
 524 348.000 348.000  10  -6  920  980
 525 460.000 424.000  10 -25 1433 1506
 526 336.000 493.000  10 -18 1470 1545
 527 328.000 491.000  10 -21  673  714
 528 248.000 176.000  10  -5 1372 1461
 529 426.000  38.000  10  -9  611  636
 530 179.000 318.000  10 -12 1117 1155
 531 360.000 284.000  10 -15  650  714
 532  80.000 337.000  10 -20 1126 1142
 533  27.000 464.000  10 -34 1272 1340
 534 421.000 499.000  10 -23 1321 1400
 535 126.000 391.000  10  -5  257  319
 536 330.000 371.000  10 -30  545  603
 537   5.000 224.000  10 -16 1038 1102
 538  91.000  27.000  10 -23 1167 1226
 539  56.000  75.000  10 -28 1436 1469
 540  26.000 442.000  10 -22 1330 1388
 541 224.000 320.000  10 -24 1265 1333
 542 415.000  95.000  10  -1 1184 1199
 543 267.000 162.000  10 -18 1441 1488
 544 157.000 269.000  10 -14 1573 1610
 545 428.000 302.000  10 -16  993 1069
 546 480.000 136.000  10 -22  256  358
 547 371.000 163.000  10 -21  822  863
 548 236.000 126.000  10 -15  124  187
 549 447.000 184.000  10  -9  413  465
 550 384.000 149.000  10 -31 1187 1238
 551 167.000 445.000  10  -6 1393 1461
 552  66.000 163.000  10 -24  383  438
 553 363.000 225.000  10  -5  840  901
 554 146.000 188.000  10  -6 1225 1274
 555 432.000  66.000  10  -5 1059 1114
 556  35.000 344.000  10 -18  857  900
 557 426.000 231.000  10 -29 1020 1066
 558 292.000 104.000  10 -14  280  357
 559 386.000 225.000  10 -21  905  962
 560  30.000  97.000  10 -16 1214 1237
 561  48.000 366.000  10 -19  731  786
 562 195.000 386.000  10 -38  146  198
 563 217.000 207.000  10 -28 1361 1433
 564  72.000 477.000  10 -11  288  368
 565 224.000  56.000  10 -14 1167 1235
 566 359.000 246.000  10 -19 1404 1472
 567 365.000  28.000  10 -19  256  310
 568 482.000 141.000  10  -9  992 1060
 569  82.000 183.000  10 -21 1080 1153
 570 283.000 438.000  10 -15  218  275
 571 181.000 185.000  10  -3 1584 1674
 572 241.000 402.000  10 -12  998 1081
 573 303.000 186.000  10 -10 1333 1406
 574 226.000 175.000  10 -13 1669 1748
 575 151.000  81.000  10 -14 1538 1607
 576 347.000 192.000  10 -21 1480 1527
 577 325.000 147.000  10 -27 1177 1226
 578 172.000  66.000  10 -21 1291 1344
 579  46.000 163.000  10 -21  922  961
 580 485.000 104.000  10 -36  765  854
 581 389.000 255.000  10 -16  780  821
 582 162.000 388.000  10 -13 1119 1164
 583  62.000  94.000  10 -32  944  988
 584  64.000 437.000  10 -11  914  953
 585 398.000 341.000  10  -8  925  984
 586 355.000 485.000  10 -22 1463 1525
 587 447.000 267.000  10 -19  961 1029
 588 250.000  57.000  10 -24  718  809
 589 429.000 389.000  10 -17  414  464
 590 373.000 418.000  10 -29 1236 1312
 591 217.000 357.000  10 -13 1410 1459
 592 147.000  30.000  10 -23 1095 1153
 593  92.000 259.000  10 -12  376  452
 594 298.000 264.000  10 -20   50   84
 595  67.000 190.000  10 -15 1158 1219
 596 134.000 276.000  10  -8  118  211
 597 398.000  49.000  10 -21  778  835
 598  53.000 204.000  10 -32 1032 1108
 599 475.000 352.000  10 -13  294  355
 600 472.000  57.000  10  -3 1290 1330
 601   7.000  82.000  10 -24  407  446
 602  63.000 155.000  10 -11  945 1014
 603  57.000  43.000  10 -15 1007 1070
 604  37.000 281.000  10 -22  458  559
 605 185.000 434.000  10 -25  563  615
 606 225.000 121.000  10 -12  726  770
 607 438.000 127.000  10  -2  939  973
 608 390.000 120.000  10 -27  992 1046
 609  88.000 484.000  10 -17 1475 1536
 610 138.000 406.000  10 -10 1195 1267
 611 235.000 316.000  10 -19  642  699
 612 341.000  59.000  10  -8  775  835
 613 206.000 172.000  10 -33  781  825
 614 400.000  71.000  10 -24 1337 1437
 615 401.000 314.000  10 -30  972 1011
 616 223.000 178.000  10 -24 1145 1157
 617  80.000 400.000  10 -18 1440 1483
 618 405.000 454.000  10 -20 1276 1359
 619 200.000  27.000  10 -22  477  602
 620 461.000 186.000  10 -12 1497 1557
 621 492.000 326.000  10 -21 1189 1250
 622  30.000 155.000  10 -22 1265 1326
 623 499.000 316.000  10 -33  613  660
 624 355.000 174.000  10 -19  720  741
 625 208.000 488.000  10 -31  446  539
 626 370.000 262.000  10 -13 1069 1159
 627  51.000 360.000  10 -12 1135 1184
 628 144.000 331.000  10 -15  915  977
 629 485.000 428.000  10  -7 1476 1534
 630 178.000 420.000  10  -6 1042 1130
 631 404.000 207.000  10 -31  886  966
 632 140.000 108.000  10 -21 1057 1116
 633 181.000 260.000  10 -26   69  127
 634 366.000 390.000  10 -18 1291 1375
 635 320.000 211.000  10 -15  977 1038
 636 374.000 346.000  10 -36  403  469
 637  66.000  88.000  10  -8  818  872
 638 224.000   3.000  10 -16  670  740
 639 448.000 495.000  10 -18  396  402
 640 390.000  34.000  10 -15 1040 1110
 641 492.000  34.000  10 -16  805  847
 642 162.000 301.000  10 -20 1587 1669
 643 217.000 333.000  10 -13  398  454
 644 411.000 396.000  10 -10  917  953
 645 195.000 450.000  10 -22 1469 1533
 646 392.000  87.000  10 -31 1166 1230
 647  90.000 496.000  10 -22 1361 1459
 648 165.000  59.000  10 -15  910 1006
 649 247.000 219.000  10 -17   31   65
 650  32.000 191.000  10 -34  592  611
 651 173.000 474.000  10 -17 1254 1345
 652 424.000 288.000  10 -25 1049 1095
 653  30.000   7.000  10  -3 1181 1226
 654 240.000 255.000  10 -36 1607 1644
 655 171.000 188.000  10 -17  585  687
 656 337.000 232.000  10  -2 1549 1622
 657 264.000 135.000  10 -19  866  922
 658 285.000 247.000  10 -12 1245 1335
 659  39.000 162.000  10 -18  544  616
 660  13.000 465.000  10  -9  755  823
 661  83.000 169.000  10 -16  767  816
 662 493.000 111.000  10 -17  521  591
 663 478.000 300.000  10 -20  865  944
 664 382.000 110.000  10 -10 1089 1165
 665 294.000 421.000  10 -29 1545 1635
 666 325.000  56.000  10 -14  783  840
 667  60.000   5.000  10 -16 1023 1094
 668 448.000 414.000  10 -10 1198 1278
 669 425.000 448.000  10 -10  792  827
 670 322.000 290.000  10 -14 1447 1541
 671 471.000 427.000  10 -23  789  874
 672 153.000 244.000  10  -5  103  143
 673 218.000 271.000  10 -13 1556 1621
 674 335.000  99.000  10  -6 1207 1260
 675 343.000  34.000  10 -21  706  773
 676 149.000 458.000  10  -9 1153 1204
 677 221.000 291.000  10  -9   50  111
 678 344.000  70.000  10  -9 1113 1209
 679  38.000 190.000  10  -5  261  339
 680 299.000 285.000  10 -30 1256 1282
 681  60.000  29.000  10 -13 1340 1416
 682 161.000 416.000  10  -9  993 1059
 683 251.000  63.000  10 -15  980 1024
 684 407.000  35.000  10 -19 1278 1329
 685  67.000 378.000  10 -20  461  509
 686 215.000 129.000  10 -25 1081 1186
 687  13.000 214.000  10  -8 1359 1379
 688  94.000 497.000  10  -2  765  829
 689 231.000  29.000  10  -2 1215 1268
 690 206.000 174.000  10 -30  765  864
 691 348.000 476.000  10 -28 1178 1246
 692  59.000 276.000  10 -13  865  950
 693  48.000 162.000  10 -15  220  300
 694 307.000  52.000  10 -24  908  962
 695 351.000 128.000  10 -15 1231 1305
 696  61.000 214.000  10 -30  321  392
 697 492.000 335.000  10 -15  812  875
 698 391.000 112.000  10 -28  996 1035
 699 239.000 486.000  10  -7 1449 1545
 700 211.000 446.000  10 -15 1114 1162
 701 340.000 416.000  10  -5  315  357
 702 345.000 146.000  10  -9 1422 1485
 703 111.000 178.000  10 -16  156  205
 704 269.000 112.000  10 -18 1239 1317
 705   6.000  53.000  10  -8  566  638
 706 154.000 374.000  10  -8  930  973
 707 235.000  33.000  10 -24 1327 1377
 708  26.000 342.000  10 -22  293  378
 709 282.000  10.000  10 -11 1250 1304
 710 351.000 148.000  10 -14  445  508
 711 167.000 291.000  10  -6 1605 1694
 712 287.000 397.000  10  -8  557  601
 713  44.000 440.000  10 -18  766  841
 714  74.000 215.000  10 -35  218  269
 715 397.000  57.000  10 -14 1469 1512
 716  80.000 458.000  10 -30  349  422
 717 177.000 404.000  10 -10 1240 1315
 718 104.000  28.000  10 -13 1463 1513
 719 197.000 202.000  10  -7 1172 1265
 720  64.000   5.000  10 -14 1116 1171
 721  92.000  76.000  10 -12 1138 1170
 722 111.000 392.000  10  -8 1146 1222
 723 273.000  70.000  10 -25  606  662
 724 482.000 184.000  10 -20 1082 1161
 725 488.000 173.000  10 -34 1202 1248
 726 188.000 119.000  10 -14  950 1029
 727   2.000 264.000  10 -27  633  706
 728  18.000  24.000  10 -11  621  666
 729 115.000 296.000  10  -4 1509 1578
 730 371.000 427.000  10 -11  948  999
 731 347.000 184.000  10 -29 1064 1124
 732 297.000 283.000  10 -26 1311 1418
 733  94.000  40.000  10 -11 1032 1134
 734 178.000 302.000  10  -8  858  945
 735 202.000 391.000  10 -14  612  665
 736 231.000 410.000  10  -5 1224 1278
 737 195.000 111.000  10 -15  982 1045
 738  40.000 278.000  10 -28 1084 1154
 739 459.000  53.000  10 -16 1105 1169
 740   3.000 471.000  10 -32  716  736
 741 171.000 303.000  10 -22 1581 1627
 742 260.000 472.000  10  -8 1027 1074
 743  68.000 160.000  10 -12 1132 1169
 744 235.000 108.000  10 -20 1066 1124
 745 452.000 484.000  10  -7 1283 1304
 746 230.000 487.000  10 -28 1114 1176
 747 110.000 122.000  10 -27 1490 1558
 748 245.000 176.000  10 -25 1214 1285
 749 396.000 417.000  10 -20  801  850
 750 402.000 277.000  10 -14 1438 1468
 751 133.000 455.000  10 -45  790  856
 752 243.000 408.000  10  -7 1406 1492
 753  83.000 290.000  10 -27  576  670
 754 273.000 149.000  10  -1 1500 1536
 755  44.000 140.000  10 -15  843  923
 756 173.000  65.000  10  -5  431  495
 757 212.000 186.000  10 -27 1718 1756
 758  78.000 406.000  10 -29  959  992
 759 401.000 164.000  10 -27  610  662
 760 190.000 267.000  10 -14 1743 1794
 761 240.000  34.000  10 -28 1554 1595
 762 367.000  97.000  10 -10  977 1029
 763 199.000 438.000  10 -10 1344 1406
 764 215.000 282.000  10 -21 1417 1494
 765 132.000 477.000  10 -12  315  369
 766 405.000 187.000  10 -33 1226 1306
 767 284.000 457.000  10 -20 1473 1555
 768  67.000 451.000  10 -18 1214 1247
 769 179.000 497.000  10 -23 1405 1447
 770 209.000  68.000  10 -11 1572 1595
 771 142.000  80.000  10 -18  462  552
 772 411.000 379.000  10 -15 1185 1232
 773 142.000 360.000  10 -23 1504 1590
 774 392.000  95.000  10 -19  747  816
 775  69.000 414.000  10  -6 1242 1314
 776 210.000  29.000  10 -18 1032 1100
 777 409.000 155.000  10  -9  185  218
 778 343.000 205.000  10 -21  748  817
 779 214.000 274.000  10 -22 1361 1407
 780  79.000  80.000  10  -4 1370 1424
 781  10.000 237.000  10 -19  596  667
 782  97.000 288.000  10 -26 1274 1325
 783 365.000 190.000  10  -3 1467 1517
 784 286.000 244.000  10 -24 1287 1311
 785 178.000 135.000  10 -23 1509 1548
 786  26.000  67.000  10 -10 1311 1352
 787  91.000 427.000  10 -19  855  940
 788 321.000 149.000  10 -13 1421 1459
 789 171.000  34.000  10 -18 1092 1224
 790 372.000 115.000  10 -30  359  399
 791 374.000 260.000  10 -12 1727 1791
 792 413.000 493.000  10  -3 1210 1256
 793 454.000 201.000  10 -11 1306 1334
 794 174.000  67.000  10 -22 1248 1301
 795 174.000 347.000  10 -22  986 1073
 796 237.000 420.000  10 -17 1299 1400
 797  56.000 268.000  10 -28 1058 1100
 798 244.000 277.000  10 -18 1291 1341
 799 134.000 194.000  10 -19 1658 1675
 800 498.000 456.000  10 -15 1384 1458
 801 283.000 454.000  10 -32 1244 1317
 802 488.000  96.000  10 -19 1035 1127
 803 492.000 188.000  10 -19  706  754
 804 333.000 293.000  10 -22  596  668
 805 272.000 234.000  10 -26 1570 1640
 806  34.000 329.000  10 -19 1032 1085
 807  33.000 268.000  10  -7  681  740
 808 177.000 486.000  10  -4 1590 1634
 809 309.000  29.000  10 -14 1275 1342
 810 175.000 352.000  10 -12 1643 1717
 811 436.000 467.000  10 -25  711  792
 812  51.000  89.000  10 -15 1189 1257
 813 199.000 203.000  10 -14 1440 1505
 814 458.000 213.000  10 -17 1114 1173
 815 440.000 292.000  10 -12  926  985
 816 495.000 355.000  10 -13 1238 1278
 817 456.000 157.000  10 -40 1434 1507
 818 489.000 159.000  10 -17 1420 1466
 819 466.000 149.000  10 -26 1196 1206
 820  71.000 282.000  10  -5  614  700
 821 360.000 294.000  10  -4 1398 1468
 822 404.000 140.000  10 -29 1224 1323
 823 157.000  38.000  10  -2 1046 1080
 824 142.000  30.000  10 -18 1234 1287
 825 387.000 394.000  10 -25 1069 1157
 826 228.000 399.000  10 -25  553  649
 827 105.000 474.000  10 -18  449  523
 828   6.000 196.000  10 -11 1168 1269
 829 364.000  71.000  10 -11 1321 1405
 830 385.000 239.000  10 -21  783  818
 831  43.000 360.000  10 -27  826  874
 832  93.000 413.000  10 -23  226  283
 833 265.000   0.000  10  -2  876  947
 834 396.000  83.000  10 -20 1585 1617
 835  58.000  39.000  10 -25 1152 1203
 836 470.000 138.000  10 -14 1380 1428
 837  72.000 227.000  10 -23  565  593
 838  69.000 423.000  10 -16  786  848
 839 261.000 201.000  10 -32 1500 1558
 840 257.000 391.000  10 -29 1637 1659
 841 172.000  24.000  10 -10 1445 1490
 842 284.000 319.000  10 -17  785  878
 843 382.000   9.000  10 -30  274  329
 844 371.000 332.000  10  -5  487  602
 845 335.000  46.000  10 -12 1322 1391
 846 156.000  65.000  10 -17 1035 1069
 847 138.000  28.000  10 -30 1069 1154
 848 230.000 320.000  10 -10 1192 1223
 849 272.000 420.000  10 -35 1377 1425
 850 325.000 311.000  10 -24 1312 1363
 851  33.000 286.000  10 -16 1535 1587
 852   0.000 356.000  10 -14 1090 1112
 853 314.000 205.000  10  -6 1508 1576
 854 347.000 459.000  10 -12  470  519
 855  19.000 273.000  10  -9 1012 1052
 856 331.000 134.000  10 -31 1107 1170
 857 153.000 362.000  10 -21 1136 1217
 858 389.000  43.000  10  -5  392  430
 859 180.000 162.000  10 -37  164  213
 860 229.000 322.000  10 -34 1628 1722
 861 327.000 139.000  10 -18 1237 1307
 862 388.000  44.000  10 -40 1094 1198
 863   1.000 101.000  10  -8 1246 1299
 864 117.000 110.000  10 -24  956 1031
 865 133.000 202.000  10  -7  448  503
 866 420.000  80.000  10 -13 1088 1135
 867 270.000 337.000  10 -16 1777 1818
 868 134.000 211.000  10 -17  122  180
 869 242.000 106.000  10 -27 1270 1297
 870 409.000 255.000  10 -23 1489 1586
 871   0.000 422.000  10 -30  808  864
 872 461.000 195.000  10 -23 1380 1440
 873 399.000 175.000  10 -37  753  770
 874 245.000  42.000  10 -28  534  590
 875  48.000 412.000  10 -20 1024 1071
 876 438.000   5.000  10 -20  521  608
 877 240.000 240.000  10 -12 1688 1741
 878 114.000 460.000  10 -14 1079 1123
 879 323.000  29.000  10  -8 1139 1165
 880 188.000 151.000  10 -27 1270 1353
 881 282.000   1.000  10 -12 1034 1080
 882 325.000 210.000  10 -25  901  996
 883 421.000 386.000  10 -26  807  872
 884 268.000 288.000  10 -18 1244 1319
 885 181.000 441.000  10 -15  530  584
 886 174.000  41.000  10 -26 1292 1345
 887 248.000 214.000  10 -28 1465 1523
 888 225.000 269.000  10 -33 1266 1305
 889 343.000 166.000  10 -19  874  908
 890  51.000 286.000  10 -43 1455 1493
 891 175.000 422.000  10 -23 1434 1489
 892 268.000 351.000  10 -10 1646 1735
 893 366.000 288.000  10 -21  675  722
 894 418.000 269.000  10 -11 1208 1231
 895  10.000 407.000  10 -15  421  477
 896 164.000 332.000  10 -17 1264 1325
 897   9.000 233.000  10 -18  298  344
 898 471.000  94.000  10 -12  999 1029
 899 420.000 383.000  10 -27  976 1018
 900 120.000 261.000  10  -5  786  831
 901 200.000  78.000  10 -13  978 1038
 902 475.000 267.000  10  -7  762  828
 903 209.000 212.000  10  -8 1523 1563
 904 413.000 476.000  10 -26 1167 1222
 905  61.000 170.000  10 -23  983 1058
 906  80.000 279.000  10 -16 1137 1209
 907 490.000 286.000  10 -31  510  565
 908 136.000 430.000  10 -24  679  771
 909  49.000 353.000  10 -23 1416 1507
 910 210.000 379.000  10 -22  693  755
 911 449.000 190.000  10 -18 1130 1179
 912  84.000 255.000  10 -17  255  339
 913 383.000  17.000  10 -26  925  986
 914  49.000 437.000  10 -20  427  457
 915 268.000 458.000  10 -19  501  575
 916 406.000 408.000  10 -16 1439 1503
 917 318.000 497.000  10 -19  847  890
 918 376.000  92.000  10 -24  981 1030
 919 159.000 299.000  10 -23 1002 1060
 920 434.000 359.000  10 -12 1369 1445
 921 330.000 147.000  10 -23  850  876
 922 323.000  34.000  10 -24 1296 1363
 923 259.000 301.000  10 -21   98  129
 924 328.000 458.000  10  -6  762  804
 925 308.000 199.000  10 -13 1498 1549
 926 125.000  61.000  10 -32  589  665
 927  15.000  11.000  10 -11  942  992
 928 221.000 269.000  10 -22 1248 1313
 929 489.000 338.000  10 -15 1387 1437
 930 218.000 403.000  10 -15 1320 1349
 931 120.000  37.000  10 -14  755  825
 932 203.000 211.000  10 -17 1278 1364
 933 429.000  59.000  10 -11  441  507
 934 366.000 260.000  10 -23 1511 1559
 935 461.000 182.000  10 -17  598  689
 936 267.000 374.000  10  -9  585  646
 937  49.000 118.000  10 -14 1070 1102
 938 306.000 229.000  10 -31 1314 1357
 939 468.000 352.000  10 -19  763  804
 940  64.000 198.000  10 -20 1073 1134
 941 253.000  74.000  10 -20 1342 1389
 942 465.000 367.000  10 -17  994 1089
 943  20.000 480.000  10 -11  551  620
 944 466.000  96.000  10 -22 1367 1430
 945 428.000 202.000  10 -27  894  944
 946 100.000  66.000  10 -16 1389 1441
 947 202.000  28.000  10 -22  926  973
 948  84.000 453.000  10 -22 1199 1277
 949 243.000 402.000  10 -12  393  448
 950 480.000 119.000  10 -14  608  678
 951 295.000  89.000  10 -21  710  804
 952 297.000 131.000  10 -17 1160 1201
 953 487.000 446.000  10  -4 1314 1396
 954  68.000 240.000  10 -11  789  829
 955 473.000 491.000  10 -31  389  467
 956  94.000 192.000  10 -28 1052 1138
 957 274.000 261.000  10 -10 1700 1743
 958  33.000 278.000  10 -16 1471 1533
 959   7.000 382.000  10 -21  741  829
 960  89.000 358.000  10 -19 1230 1295
 961 264.000 180.000  10 -33 1675 1716
 962 210.000 113.000  10  -6  677  733
 963 448.000 404.000  10  -9  566  661
 964 414.000 378.000  10 -17  490  530
 965 240.000 362.000  10  -8 1397 1461
 966 161.000 275.000  10  -9 1343 1380
 967 276.000  84.000  10 -20  668  725
 968  48.000 293.000  10 -26  264  318
 969  12.000 358.000  10 -16 1228 1250
 970 370.000 382.000  10 -12  859  938
 971  79.000 257.000  10 -29  943  994
 972 429.000 169.000  10 -21  888  947
 973 439.000 237.000  10  -7  935  973
 974 408.000 318.000  10 -13  613  703
 975 226.000 316.000  10 -14   70  171
 976 150.000 484.000  10 -26  592  689
 977 354.000 156.000  10 -30  820  875
 978 379.000 486.000  10 -10  660  713
 979 174.000 397.000  10 -11 1222 1297
 980 422.000 498.000  10  -4  680  735
 981   0.000 188.000  10 -29  915  980
 982  77.000 172.000  10 -18  793  808
 983 110.000 251.000  10 -25  482  544
 984 418.000 251.000  10 -21 1190 1234
 985 323.000  77.000  10 -36 1404 1437
 986  87.000  51.000  10 -12  506  552
 987 102.000   6.000  10  -3 1437 1510
 988  39.000 153.000  10 -22  775  850
 989 211.000 411.000  10 -17 1135 1189
 990 373.000 421.000  10 -12  226  278
 991 195.000 464.000  10 -18 1514 1598
 992 448.000 397.000  10 -10  850  912
 993 339.000 113.000  10  -8  752  800
 994 185.000 431.000  10  -9  356  448
 995 259.000 498.000  10 -34 1060 1120
 996 491.000 369.000  10 -16  718  771
 997 322.000 406.000  10 -18  799  890
 998 352.000 481.000  10 -27 1280 1319
 999 281.000  96.000  10 -19 1109 1172
1000 273.000 255.000  10 -21 1462 1553
1001 291.000 213.000  10 -21 1252 1294
1002 406.000 460.000  10 -19  700  768
1003 440.000 284.000  10 -25  812  921
1004 452.000 206.000  10 -10  488  526
1005 159.000 226.000  10 -32   94  168
1006 368.000 311.000  10 -14  903  980
1007 497.000 483.000  10 -14  340  397
1008 191.000  84.000  10 -19  863  902
1009 497.000  18.000  10 -13 1124 1166
1010 153.000 235.000  10 -35   98  164
1011 361.000 178.000  10 -12  974 1000
1012  94.000 344.000  10 -26  675  720
1013 332.000 382.000  10  -7 1001 1049
1014  65.000 343.000  10 -26  207  262
1015 174.000 376.000  10 -14 1417 1452
1016 178.000  72.000  10 -33  744  799
1017 210.000 133.000  10 -15  673  734
1018 493.000 493.000  10 -13  841  902
1019 405.000 349.000  10 -20  492  582
1020 397.000 477.000  10 -10 1195 1266
1021 441.000  60.000  10 -15 1439 1508
1022 480.000 131.000  10 -32  647  758
1023  89.000 322.000  10  -1  999 1072
1024 371.000 315.000  10 -10 1141 1220
1025 103.000 464.000  10 -27 1263 1312
1026  64.000 294.000  10 -25 1096 1137
1027 439.000 222.000  10 -14  962 1028
1028  52.000 412.000  10 -15 1388 1453
1029 128.000 113.000  10 -17  343  413
1030  32.000 319.000  10 -12  386  446
1031 318.000  99.000  10 -28 1184 1271
1032 447.000 272.000  10 -24  384  414
1033 267.000 174.000  10 -12 1580 1687
1034 149.000  98.000  10  -4 1147 1213
1035 437.000  98.000  10 -14 1106 1152
1036  33.000 152.000  10 -31 1299 1371
1037 122.000 422.000  10  -4 1445 1498
1038 274.000 442.000  10 -26 1064 1098
1039 111.000 192.000  10 -11 1176 1253
1040 460.000 328.000  10 -24  224  302
1041 500.000 228.000  10 -25  758  836
1042 410.000 399.000  10 -25  218  279
1043 433.000 319.000  10 -20 1354 1428
1044 380.000 350.000  10 -15  854  908
1045  92.000  18.000  10 -15 1122 1156
1046  43.000 210.000  10  -1  210  274
1047 250.000 250.000   0   0    0 1925
