504 504 1000 1000 1000
   0 250.000 250.000   0   0    0 7697
   1 228.000 399.000  10  14 2329 2482
   2 325.000  56.000  10  13 3181 3311
   3 273.000 255.000  10  18    0 7664
   4  36.000 301.000  10  21  811  949
   5 117.000 178.000  10  28 4484 4574
   6  48.000 162.000  10  15  825 1033
   7 222.000 499.000   0   7    0 7437
   8 376.000  92.000  10  10 3959 4086
   9 437.000  90.000  10  12 2364 2435
  10 398.000 476.000  10  25 1676 1789
  11 179.000 286.000  10   8 1380 1469
  12 143.000 158.000  10  12  562  659
  13 371.000 488.000  10  10 2285 2497
  14 490.000 286.000  10  29 2073 2224
  15  39.000 162.000  10  18 2269 2373
  16 261.000 138.000  10   1    0 7575
  17 447.000 383.000  10  17  889 1013
  18 346.000 354.000  10   8 3260 3399
  19 328.000 491.000  10  21 2702 2845
  20 161.000 276.000  10   8  476  711
  21 168.000 109.000  10  10  810  944
  22  45.000 166.000  10  22    0 7466
  23  62.000  94.000  10  16 3822 3903
  24  64.000 437.000  10  11    0 7424
  25  24.000 259.000  10  19 1490 1591
  26  67.000 352.000  10  20 1514 1592
  27  33.000 278.000  10  18 5910 6108
  28 159.000 226.000  10  16  314  439
  29  34.000 169.000  10  11 1948 2048
  30 393.000  98.000  10  13 3013 3127
  31 466.000  96.000  10  22 5547 5639
  32 303.000  78.000  10  12  656  784
  33  59.000 276.000  10  11    0 7495
  34 215.000 293.000  10  13  128  315
  35 343.000 276.000  10  15  321  451
  36 452.000 110.000  10  14 1339 1504
  37 153.000 244.000  10   5  460  523
  38 176.000 200.000  10  17 2266 2394
  39 498.000 171.000  10  12 5048 5123
  40 398.000  49.000  10  21 3167 3288
  41 422.000 498.000  10   5 2801 2856
  42 246.000 314.000   0  36 5773 5910
  43 166.000 247.000  10   1  291  382
  44 311.000 422.000  10  29 3970 4053
  45 392.000  95.000  10  16 3060 3189
  46  28.000 467.000  10  34    0 7377
  47 375.000 145.000  10  12 3719 3836
  48 440.000 436.000  10  18 3549 3706
  49 420.000 383.000  10  27 3932 4044
  50  98.000   2.000  10  14 2361 2493
  51 461.000 186.000  10  16    0 7467
  52 153.000 192.000  10  13    0 7574
  53  34.000 239.000  10  16  896  975
  54 465.000 367.000  10  14 4087 4248
  55 208.000 488.000  10  22 1934 2007
  56  93.000 413.000  10  17  849  961
  57 371.000 332.000  10  14    0 7541
  58 231.000 167.000  10  15  246  435
  59 179.000  75.000  10  13 2982 3057
  60 196.000 489.000  10  23 4135 4226
  61 280.000 245.000  10  21   85  158
  62 108.000  37.000  10  23 2192 2323
  63 420.000  80.000  10  24    0 7447
  64  38.000 190.000  10  23 1138 1261
  65 470.000 405.000  10  17 3694 3832
  66 448.000 397.000  10  33    0 7441
  67 471.000 427.000  10   8 3256 3395
  68 146.000 376.000  10   8  928 1066
  69 175.000 422.000  10  24 5771 5920
  70 297.000 131.000  10  25 4640 4803
  71  69.000 423.000  10  32 3236 3304
  72 172.000 314.000  10   9    0 7587
  73 170.000 347.000  10  15 1764 1842
  74 318.000 497.000  10  21    0 7431
  75 235.000 288.000  10  18   83  244
  76  28.000 180.000  10  34 1551 1653
  77 293.000 174.000  10  31  279  420
  78 218.000  12.000  10   3 2204 2268
  79 110.000 122.000  10  14    0 7498
  80 173.000 474.000  10  14 5150 5250
  81 495.000 227.000  10  20 1389 1482
  82 268.000 351.000  10   7 6698 6822
  83 213.000 399.000  10  18  941 1051
  84 448.000 414.000  10  23    0 7430
  85 151.000  81.000  10  28    0 7492
  86  92.000 259.000  10   4 1585 1731
  87  59.000 388.000  10  20 2650 2772
  88 468.000 360.000  10  16    0 7443
  89 332.000 459.000  10  35 1479 1591
  90 469.000 489.000  10   4 2211 2353
  91 343.000 205.000  10  26 3081 3178
  92 154.000 392.000  10   9    0 7516
  93  92.000  18.000  10   8 4466 4648
  94 156.000  65.000  10  22 4143 4275
  95  18.000 225.000  10   8 2757 2893
  96 152.000 476.000  10  45 2112 2188
  97 221.000 269.000  10  14 5064 5179
  98 284.000 319.000  10  17 3270 3384
  99  41.000 120.000  10  22 2791 2897
 100  89.000 322.000  10  21 4099 4186
 101 385.000  17.000  10  40 3186 3404
 102 251.000 238.000  10  27   12  119
 103 139.000 438.000  10  24  865  966
 104 236.000 126.000  10  23  400  598
 105 111.000 392.000  10  18 4693 4780
 106 247.000 443.000  10  17    0 7494
 107 261.000 359.000  10  10  401  476
 108 173.000 182.000  10  25  383  438
 109 413.000 127.000  10  28 3326 3439
 110  80.000 357.000  10   1 2093 2271
 111 216.000 341.000  10  19    0 7590
 112 389.000  43.000  10  21 1564 1721
 113 426.000  38.000  10  23    0 7412
 114 245.000 461.000  10   8    0 7476
 115 415.000 253.000  10  21 1457 1595
 116 298.000 264.000  10  36  147  253
 117 307.000 412.000  10   8 1635 1714
 118 262.000  97.000  10  17 3785 3912
 119  83.000 169.000  10  21 3115 3218
 120 390.000 249.000  10  21    0 7547
 121 124.000 448.000  10   6 1430 1638
 122 482.000 141.000  10  14 4028 4178
 123 162.000 306.000  10  22  494  580
 124  24.000  71.000  10  11 1394 1494
 125 188.000 119.000  10  44 3903 4016
 126 100.000  85.000  10  14 1422 1506
 127 103.000 177.000  10  28 2494 2637
 128 149.000 341.000  10   6 1599 1753
 129 415.000  95.000  10  15 4708 4825
 130 413.000 493.000  10  26 4894 4971
 131 150.000 484.000  10  16 2498 2623
 132 299.000 353.000  10  34    0 7573
 133 273.000 300.000  10  30  153  288
 134 402.000 277.000  10   5 5771 5856
 135 239.000  15.000  10   2    0 7452
 136 363.000 225.000  10  35 3426 3541
 137  65.000 343.000  10  38  802  976
 138  60.000 246.000  10  25  704  816
 139 463.000 253.000  10  23 4171 4325
 140 408.000 318.000  10  15 2558 2707
 141 452.000 206.000  10  31 1958 2099
 142 286.000 356.000  10  30  354  542
 143 489.000 338.000  10  17 5551 5746
 144 334.000 481.000  10  32 1323 1440
 145 226.000 175.000  10  23 6798 6871
 146 178.000 150.000  10  33    0 7564
 147 371.000 423.000  10  10  810  878
 148   5.000 224.000  10  19    0 7441
 149  94.000 344.000  10  26 2746 2832
 150 153.000 235.000  10  10  324  462
 151  12.000 367.000  10  27 1282 1444
 152 217.000 357.000  10  23    0 7576
 153 149.000 214.000  10   7    0 7580
 154 169.000 305.000  10  21    0 7590
 155 487.000 446.000  10   9 5360 5482
 156 267.000 374.000  10  23 2425 2501
 157 360.000 294.000  10   9    0 7569
 158 185.000 431.000  10  15 1561 1656
 159 325.000 210.000  10  15 3717 3870
 160  19.000 273.000  10  25    0 7455
 161 213.000 283.000  10  14 5885 6002
 162 130.000 140.000  10  17  783  889
 163 274.000 442.000  10  17 4301 4350
 164 269.000 112.000  10  19 5041 5180
 165 340.000 416.000  10  36 1293 1396
 166  13.000 214.000  10  21 5428 5520
 167   6.000 196.000  10  20 4772 4973
 168 133.000 202.000  10  33 1827 1978
 169 435.000 180.000  10  37    0 7490
 170 384.000 149.000  10  18    0 7520
 171 267.000 290.000  10  15  111  236
 172 210.000 276.000  10   5  138  243
 173 429.000  59.000  10   9 1827 1964
 174  58.000 391.000  10  16 3528 3651
 175 260.000 472.000  10  33 4143 4265
 176 217.000 333.000  10  26    0 7598
 177 198.000  85.000  10  28 1032 1189
 178  29.000 336.000  10  22 1319 1454
 179 200.000  27.000  10  22    0 7459
 180 177.000 404.000  10  17    0 7517
 181 149.000 458.000  10  13    0 7456
 182   5.000 281.000  10  16    0 7441
 183  14.000 232.000  10  18 1187 1374
 184 288.000 439.000  10  16 1121 1187
 185 420.000 224.000  10  10 1704 1848
 186 195.000 273.000  10  22  156  320
 187 382.000 360.000  10  26  696  849
 188 499.000 316.000  10  18 2472 2623
 189 246.000 407.000  10  12 1235 1377
 190 404.000 439.000  10   3  964 1067
 191 330.000 138.000  10  18 4493 4504
 192 397.000 153.000  10  29 3507 3673
 193 226.000 316.000  10  21  234  328
 194 354.000 156.000  10  20 3322 3458
 195 201.000  66.000  10  14    0 7497
 196 389.000 156.000  10  27 2851 2993
 197 134.000 211.000  10  35  458  626
 198 335.000  99.000  10  25 4913 4955
 199 356.000 256.000  10  19  337  513
 200 412.000 100.000  10   1 2066 2161
 201 394.000 322.000  10  12 4111 4207
 202 102.000 422.000  10  23    0 7461
 203 339.000  41.000  10   6    0 7460
 204 411.000 379.000  10  25 4781 4886
 205 219.000 210.000  10  14  152  252
 206 250.000 441.000  10   5    0 7496
 207 178.000 302.000  10  19 3553 3659
 208 148.000 208.000  10  22    0 7577
 209 225.000 369.000  10  38  432  541
 210 137.000 377.000   0  23    0 7518
 211  68.000 303.000  10  22  904  987
 212  26.000 221.000  10  28 4016 4076
 213  79.000 257.000  10  26 3803 3942
 214 104.000 349.000  10  20 4058 4135
 215  95.000 382.000  10  19  929 1041
 216  67.000 190.000  10  25 4722 4785
 217 401.000 164.000  10  13    0 7514
 218  51.000  89.000  10  19 4833 4953
 219 175.000 239.000  10  23  256  351
 220 282.000   1.000  10  18 4184 4276
 221 268.000 113.000  10  21 2734 2823
 222 429.000  67.000  10  16 2938 3040
 223 495.000 199.000  10  25    0 7437
 224 372.000 115.000  10  13    0 7506
 225 239.000 486.000  10   3    0 7451
 226 288.000  70.000  10  24    0 7504
 227  66.000 163.000  10   6 1566 1718
 228 226.000 423.000  10  15  832  863
 229 342.000 319.000  10  36  419  502
 230  49.000 353.000  10  15 5810 5879
 231 480.000 119.000  10   7 2515 2632
 232 233.000  87.000  10  18  966 1174
 233 323.000  34.000  10  13    0 7459
 234 292.000  32.000  10  14  888 1066
 235 418.000  75.000  10  11 1807 1896
 236 451.000 305.000  10  13  779  889
 237 318.000 280.000  10  21  254  340
 238  77.000 372.000  10  19    0 7476
 239 385.000  58.000  10  24 1661 1697
 240 460.000 328.000  10  13  872 1001
 241  91.000  27.000  10  14 4699 4874
 242  82.000 183.000  10  17 4444 4490
 243  32.000 191.000  10   5 2344 2465
 244 325.000 147.000   0  14    0 7560
 245 328.000 458.000  10  17    0 7465
 246 133.000 273.000  10  20  419  535
 247 295.000  89.000  10  23    0 7520
 248 388.000  44.000  10  22 4519 4647
 249 381.000 328.000  10  12    0 7535
 250 334.000 403.000  10  26  620  776
 251  83.000 290.000   0  14 2421 2560
 252 243.000 402.000  10  13    0 7535
 253  52.000  18.000  10  28 3438 3537
 254 265.000   0.000  10  10 3570 3718
 255 476.000  61.000  10  36 1780 1930
 256 283.000 438.000  10   3  939 1032
 257 253.000  50.000  10  27  921 1005
 258 297.000 304.000  10   4  227  345
 259 244.000 368.000  10  25    0 7569
 260  80.000 279.000  10  19 4586 4795
 261 488.000  96.000  10  22 4264 4386
 262 193.000 138.000  10  30    0 7562
 263 451.000  62.000  10   5    0 7412
 264 306.000  42.000  10  11 1944 1989
 265 102.000   6.000  10   3 5820 5968
 266 352.000 241.000  10   5 3178 3280
 267 133.000 455.000  10  25 3222 3362
 268 440.000 292.000  10  24 3776 3864
 269 364.000 173.000  10  30  700  862
 270  48.000 412.000  10   7    0 7429
 271 344.000  70.000  10  24 4542 4743
 272 329.000 456.000  10  19 1008 1104
 273 157.000  38.000  10   3 4186 4316
 274 215.000 434.000  10   9  752  909
 275 262.000  92.000  10  25 2507 2657
 276 140.000 108.000  10  29    0 7508
 277  25.000  53.000  10  23 4088 4193
 278 339.000 113.000  10  14 3050 3154
 279 343.000  34.000  10   7 2882 3036
 280 202.000 391.000  10  30 2497 2611
 281 367.000  97.000  10  17    0 7495
 282 188.000 151.000  10   7 5223 5270
 283 111.000 178.000  10  18  593  659
 284 441.000   7.000  10  20 1563 1690
 285 200.000  78.000  10  31 3981 4080
 286 330.000 281.000  10  14 5336 5427
 287 438.000 488.000  10  18 1304 1433
 288 161.000 416.000  10  25    0 7499
 289 214.000 245.000  10   8    0 7651
 290  79.000 467.000  10  22 1400 1531
 291 423.000 315.000  10  12    0 7503
 292 481.000 207.000  10  34 3447 3521
 293 497.000 483.000  10  12 1407 1541
 294 449.000 428.000  10  25 4966 5129
 295 100.000 266.000  10   5    0 7537
 296 214.000 274.000  10  24 5490 5583
 297  16.000  68.000  10  11    0 7391
 298 475.000 198.000  10  20 3335 3466
 299  62.000 375.000  10  16 1410 1500
 300  13.000 314.000  10  14  985 1086
 301 376.000 385.000  10  12  640  837
 302 349.000  43.000  10  26  855  980
 303 341.000  72.000  10   9 3243 3315
 304 181.000 441.000  10  25 2177 2278
 305 347.000 459.000  10  25 1931 2024
 306 134.000 194.000  10  19 6631 6703
 307 214.000 311.000  10  14  225  341
 308 489.000 274.000  10  31 2132 2258
 309  29.000 358.000  10  23 2425 2581
 310  62.000 236.000  10  29 2238 2345
 311 487.000 320.000  10  21 3448 3534
 312 428.000 302.000  10  27    0 7502
 313 264.000 135.000   0   1 3525 3630
 314 223.000 178.000  10  20    0 7611
 315 174.000 347.000  10   3 4047 4191
 316 238.000 123.000  10  24    0 7560
 317 187.000  61.000  10  19 2155 2325
 318  89.000 185.000  10  16 2401 2517
 319 495.000 355.000  10   3 4981 5084
 320 164.000 473.000  10  26 1149 1340
 321 301.000 239.000  10  31  169  248
 322 450.000  45.000  10  24 2005 2144
 323  60.000   5.000  10  18 4166 4304
 324 437.000  98.000  10  16 4480 4549
 325 130.000 494.000  10   6 3036 3154
 326 391.000 202.000  10  14  517  674
 327 429.000 169.000  10   8 3607 3735
 328 282.000  10.000  10  30 5031 5181
 329  20.000 480.000  10  25 2297 2385
 330  61.000 170.000  10  20 4010 4156
 331 210.000  81.000  10   2    0 7514
 332  87.000 311.000  10   7    0 7513
 333 309.000  29.000  10  11    0 7459
 334 397.000  57.000  10  17 5876 6052
 335 262.000 369.000  10  15  513  641
 336 207.000 487.000  10   4    0 7447
 337 497.000  54.000  10  14 3918 4027
 338 210.000 379.000  10  12    0 7552
 339 125.000  61.000  10  26 2460 2554
 340  80.000 251.000  10  14 1215 1334
 341 179.000 318.000  10   2    0 7589
 342 394.000  47.000  10   5 1223 1401
 343 421.000 387.000  10  15    0 7468
 344 257.000  57.000  10  18 4913 5015
 345 355.000 174.000  10  33 2847 2996
 346 491.000 369.000  10  28 2891 3065
 347  33.000 286.000  10  11    0 7468
 348 273.000 149.000  10  14 5987 6154
 349 447.000 184.000  10  27    0 7480
 350 386.000 245.000  10  16    0 7551
 351  21.000  70.000  10  15 3065 3224
 352  71.000 304.000  10  19 2745 2888
 353  43.000 360.000  10   2 3339 3463
 354 396.000 417.000  10  13    0 7466
 355 158.000  24.000  10  18 2419 2590
 356 195.000 386.000  10  13  508  666
 357 306.000 235.000  10  25  172  291
 358  66.000 314.000  10  26  723  835
 359  95.000  64.000  10   4 3083 3164
 360 495.000  83.000  10  32 1734 1912
 361 140.000 137.000  10  32 2276 2401
 362 242.000 106.000  10  28    0 7543
 363 392.000 491.000  10  10 4542 4641
 364 271.000 128.000  10  12 1378 1507
 365 484.000 224.000  10   7    0 7452
 366 441.000 177.000  10  23 4022 4107
 367  46.000 163.000  10   8 3734 3795
 368  27.000 464.000  10  21    0 7378
 369   3.000 471.000  10  13 2828 2979
 370  90.000 477.000  10  18    0 7410
 371 263.000 153.000  10  12 1628 1791
 372 289.000 220.000  10  19  145  248
 373  84.000 255.000  10  13 1096 1280
 374 485.000 104.000  10  21 3162 3314
 375 457.000 280.000  10  17 4013 4105
 376  10.000 237.000  10  19    0 7447
 377 257.000 391.000   0  22 6547 6637
 378 489.000 437.000  10  29    0 7384
 379 165.000  59.000  10  27 3762 3901
 380 244.000  13.000  10  24 4068 4156
 381  51.000 360.000  10  13    0 7460
 382  44.000 115.000  10  24  944 1027
 383 312.000 453.000  10   6    0 7475
 384  64.000 198.000  10  10 4346 4482
 385 439.000 156.000  10   2 2101 2225
 386 105.000 474.000  10  27 1883 2003
 387 347.000 192.000  10  18 5930 6096
 388 178.000 420.000  10  18 4290 4401
 389 186.000 135.000  10  24    0 7556
 390 150.000  68.000  10  23 1710 1793
 391 215.000  79.000  10   5  860 1048
 392  49.000 437.000  10   7 1698 1842
 393 100.000  66.000  10  15 5543 5775
 394 433.000 447.000  10  20 3179 3294
 395 344.000 203.000  10  14  708  751
 396 423.000 170.000  10  27 2022 2203
 397 371.000 163.000   0  21 3328 3414
 398 392.000   1.000  10  11 2419 2543
 399 211.000 248.000  10  26   69  243
 400 293.000 228.000  10  19  133  253
 401 213.000 185.000  10  21    0 7613
 402 172.000 292.000  10  17  370  485
 403 228.000 287.000  10  21   97  248
 404 387.000 394.000  10   8    0 7489
 405 447.000 272.000  10  12    0 7489
 406 132.000 477.000  10  25    0 7432
 407  11.000 403.000  10  18 1416 1448
 408 144.000 220.000  10  35    0 7577
 409 473.000 491.000  10  23 1654 1772
 410 452.000 484.000  10  26 5136 5212
 411 365.000  28.000  10   9    0 7437
 412 178.000  72.000  10  23 3035 3139
 413 132.000 151.000  10  22    0 7533
 414 292.000 104.000  10  26 1227 1324
 415 235.000  13.000  10  27 1412 1578
 416 166.000 440.000  10  12  772  890
 417 112.000 433.000  10  29  946 1055
 418  37.000 281.000  10  17 1940 2125
 419 414.000 378.000  10  23 1961 2117
 420 429.000 389.000  10  18 1700 1812
 421 124.000 111.000  10  15    0 7500
 422 268.000 458.000  10  24    0 7479
 423 398.000 329.000  10  17  646  697
 424 266.000 221.000  10   9   80  185
 425 359.000 287.000  10  24    0 7572
 426  30.000 155.000  10   9 5129 5235
 427 182.000 480.000  10  31    0 7448
 428   9.000 233.000  10  31 1227 1343
 429 110.000 251.000  10  23 2007 2095
 430 313.000 391.000  10   5  600  716
 431 413.000 345.000  10  20 4872 4993
 432 278.000 450.000  10  29 5504 5615
 433   7.000 382.000  10  27 3053 3231
 434  13.000 394.000  10  15    0 7410
 435 259.000 301.000  10  25  383  528
 436 313.000 493.000  10  20    0 7436
 437  65.000  62.000  10  15 3883 4048
 438 417.000 212.000  10  12    0 7516
 439 450.000 194.000  10  27 2495 2623
 440 244.000 422.000  10  14 2134 2288
 441   5.000 445.000  10  30 1230 1377
 442 162.000 388.000  10  11 4545 4584
 443 406.000 408.000  10  15 5799 5971
 444 265.000 240.000  10   9   21  123
 445 130.000 186.000  10  16  513  656
 446 307.000  52.000  10  23 3703 3781
 447 418.000 399.000  10  20 1739 1882
 448  66.000  31.000  10  25    0 7401
 449 480.000 136.000  10  22    0 7431
 450  48.000 293.000  10  22 1120 1208
 451  77.000 465.000  10  11 1029 1179
 452  43.000 135.000  10  31    0 7451
 453 357.000 290.000  10  24    0 7573
 454  38.000  15.000  10   3    0 7371
 455  80.000 337.000  10  28 4483 4590
 456 291.000 251.000  10  20  129  200
 457 383.000  17.000  10  15 3765 3879
 458  53.000 466.000  10   9 1332 1468
 459 350.000 199.000  10  21 4787 4945
 460 405.000 349.000  10  15    0 7504
 461 333.000 293.000  10  27 2494 2563
 462   2.000 264.000  10  40 2617 2739
 463   7.000  82.000  10  25 1643 1770
 464 345.000 431.000  10  12    0 7483
 465  77.000 172.000  10  23    0 7498
 466  87.000  51.000  10  35    0 7430
 467 468.000 352.000  10   9 3031 3235
 468 201.000 278.000  10  13  170  282
 469 206.000 172.000  10  29 3131 3293
 470 471.000  94.000  10  30 3994 4117
 471 219.000 215.000  10  32  116  259
 472  86.000 189.000  10  21  906 1028
 473 336.000 493.000  10  20 5960 6103
 474 492.000 335.000  10  10 3316 3430
 475 248.000 386.000  10  22 1510 1636
 476 463.000 406.000  10  23    0 7423
 477 199.000 438.000  10   3    0 7493
 478 135.000  30.000  10  12    0 7439
 479 447.000 267.000  10  19 3910 4046
 480  63.000 155.000  10   7 3856 3981
 481  21.000 146.000  10  21 1941 2073
 482 410.000 399.000  10  25  983 1007
 483 212.000  47.000  10  20    0 7481
 484 479.000 387.000  10  13 1620 1680
 485 167.000 291.000  10  27    0 7595
 486 259.000 498.000  10  33    0 7439
 487 461.000 182.000  10  13 2540 2612
 488 277.000 428.000  10   7 1931 2112
 489 290.000 328.000  10   7  555  714
 490  40.000 304.000  10  16 4559 4718
 491 104.000  28.000  10   8    0 7422
 492 136.000 265.000  10  12  390  530
 493 247.000 306.000  10  33  182  266
 494 241.000  38.000  10  16 2127 2246
 495 180.000 162.000  10   9  653  855
 496 380.000 350.000  10  15 3462 3589
 497 391.000 112.000  10  24 4039 4084
 498  86.000 199.000  10  23 1114 1228
 499 287.000 256.000  10  18   61  239
 500 203.000 211.000  10  20 5241 5330
 501  79.000  80.000  10  19 5527 5650
 502  32.000 319.000  10  21 1621 1703
 503 439.000 237.000  10  11 3811 3817
 504  26.000 342.000  10  12 1298 1390
 505 274.000 403.000  10 -14 3526 3693
 506 365.000  74.000  10 -13 3379 3529
 507 441.000 374.000  10 -18  873 1034
 508 131.000 246.000  10 -21 3348 3429
 509 149.000  98.000  10 -28 4664 4777
 510  68.000  53.000  10 -15    0 7419
 511 222.000 499.000  10  -7    0 7437
 512 335.000  46.000  10 -10 5400 5453
 513 404.000 207.000  10 -12 3634 3771
 514 381.000 457.000  10 -25 1895 1991
 515 230.000 487.000  10  -8    0 7450
 516 105.000 140.000  10 -12  678  779
 517 274.000 441.000  10 -10 2762 2915
 518 374.000 306.000  10 -29 3992 4081
 519 147.000  30.000  10 -18 4424 4565
 520 128.000 113.000  10  -1    0 7504
 521 481.000 454.000  10 -17 1278 1406
 522 398.000 341.000  10  -8 3775 3858
 523 370.000 382.000  10 -21    0 7509
 524 273.000  70.000  10  -8 2458 2617
 525 187.000  73.000  10 -10 1154 1303
 526 114.000 102.000  10 -22 2058 2121
 527  26.000  67.000  10 -16 5274 5380
 528  26.000 442.000  10 -11    0 7392
 529  48.000 150.000  10 -19 2642 2718
 530  44.000 311.000  10 -20 1631 1749
 531 181.000 260.000  10 -18    0 7618
 532 158.000 179.000  10 -16  373  557
 533 168.000  59.000  10 -11    0 7480
 534 472.000  57.000  10 -13    0 7393
 535 308.000 199.000  10 -22 5986 6201
 536 442.000   5.000  10 -12 1262 1421
 537 309.000 161.000  10 -11 2287 2499
 538  16.000 287.000  10 -13    0 7451
 539 365.000 274.000  10 -15  395  545
 540 380.000 194.000  10 -14 2872 2956
 541  47.000 208.000  10  -5  924 1007
 542 210.000 113.000  10 -17 2778 2864
 543 470.000 138.000  10 -12 5531 5704
 544 386.000 154.000  10 -21    0 7521
 545 377.000 432.000  10  -5    0 7466
 546 246.000 314.000  10 -36 5773 5910
 547  75.000 118.000  10  -1 1629 1763
 548 240.000 255.000  10 -29 6404 6604
 549 440.000  77.000  10 -16 3649 3775
 550  36.000 451.000  10 -34 3538 3692
 551 489.000 159.000  10 -12 5723 5818
 552 371.000 427.000  10 -18 3811 3974
 553 325.000 311.000  10 -27 5290 5409
 554 120.000  37.000  10 -14    0 7438
 555 365.000 190.000  10 -16 5897 6043
 556 240.000 240.000  10 -13 6820 6897
 557  68.000 160.000  10 -16    0 7484
 558 359.000 246.000  10 -14 5725 5777
 559 283.000 454.000  10 -22 5107 5134
 560 132.000 479.000  10 -17  997 1063
 561 311.000 203.000  10 -14 2892 3008
 562 250.000  57.000  10 -15    0 7494
 563 195.000 111.000  10 -13 3991 4114
 564 164.000 332.000  10 -23 5107 5250
 565 438.000   5.000  10 -21 2201 2311
 566 174.000  41.000  10 -23    0 7465
 567 407.000  35.000  10 -24 5177 5250
 568 191.000  84.000  10 -23 3472 3584
 569 397.000 477.000  10 -17 4853 4993
 570 448.000 495.000  10 -33    0 7372
 571 493.000 493.000  10  -8 3457 3515
 572  35.000 263.000  10  -8    0 7472
 573 167.000 445.000  10 -24    0 7476
 574 418.000 269.000  10 -25    0 7518
 575 115.000 395.000  10 -32 3274 3368
 576 164.000 320.000  10  -9    0 7577
 577 317.000  45.000  10 -15 2629 2757
 578 485.000 428.000  10 -21 5977 6062
 579  57.000 183.000  10 -18 4375 4548
 580  31.000 175.000  10 -34    0 7456
 581 481.000  84.000  10 -31 2011 2154
 582 276.000  84.000  10  -3    0 7519
 583 240.000  34.000  10 -14 6247 6349
 584 272.000 420.000  10 -14 5515 5691
 585 364.000  71.000  10 -20 5374 5533
 586 270.000 337.000  10  -7 7160 7222
 587 141.000 426.000  10 -18 2110 2261
 588 457.000 492.000  10 -23 2041 2143
 589 178.000 135.000  10 -28 6044 6187
 590  34.000 329.000  10  -4 4172 4292
 591 107.000 374.000  10 -20 3642 3792
 592 371.000 315.000  10 -16 4679 4767
 593 436.000 467.000  10 -35 2950 3059
 594 379.000 486.000  10  -4 2679 2815
 595 418.000 251.000  10 -26 4770 4925
 596 135.000 400.000  10  -9 1189 1319
 597  30.000   7.000  10  -8 4734 4895
 598 142.000  30.000  10 -22    0 7442
 599 120.000 261.000  10  -8 3154 3312
 600 136.000 430.000  10 -45 2828 2973
 601 224.000 320.000  10 -14 5187 5202
 602 279.000 355.000  10 -17    0 7579
 603  64.000 135.000  10 -22 3495 3571
 604 187.000 263.000  10 -21    0 7623
 605 343.000 166.000  10 -40 3512 3616
 606 247.000 219.000  10 -27    0 7656
 607  13.000 465.000  10 -24 3116 3193
 608 253.000 118.000  10 -23 2191 2307
 609 211.000 446.000  10 -18    0 7488
 610 148.000 462.000  10 -17 2906 3028
 611 256.000 441.000  10 -10  722  807
 612 109.000  56.000  10 -25  905 1013
 613 466.000 149.000  10 -28 4761 4848
 614 159.000 299.000  10  -1    0 7584
 615 240.000 362.000  10 -19    0 7575
 616 330.000 147.000  10 -21 3383 3525
 617 339.000 144.000  10 -23    0 7549
 618  94.000 497.000  10  -8 3132 3246
 619 366.000 334.000  10 -21 1650 1751
 620 442.000 289.000  10 -36  744  903
 621 330.000 371.000  10  -8 2213 2375
 622 363.000  34.000  10 -17    0 7444
 623 144.000  35.000  10 -21    0 7448
 624 492.000 326.000  10 -21 4863 4890
 625  29.000 462.000  10  -6 5256 5340
 626 480.000 152.000  10 -14 4028 4265
 627  96.000 346.000  10 -22  765  836
 628  89.000  65.000  10 -11 2863 3019
 629 215.000 129.000  10 -44 4479 4589
 630  15.000  11.000  10 -14    0 7352
 631  39.000 153.000  10 -28 3203 3299
 632 441.000 100.000  10  -6    0 7445
 633 321.000 149.000  10 -15 5683 5834
 634 421.000 499.000  10 -26 5363 5519
 635 241.000 402.000  10 -16 4090 4229
 636 166.000 345.000  10 -34 4517 4642
 637 211.000 411.000  10 -30 4631 4662
 638 374.000 260.000  10  -5    0 7563
 639 307.000 249.000  10  -2    0 7630
 640 370.000 262.000  10 -35 4371 4545
 641   0.000 356.000  10 -38 4346 4464
 642 196.000  56.000  10 -25 2398 2597
 643 424.000 288.000  10 -23 4261 4318
 644 374.000 232.000  10 -15    0 7562
 645 443.000 167.000  10 -31 2211 2254
 646 179.000 497.000  10 -30    0 7430
 647 433.000 319.000  10 -17 5509 5621
 648 395.000 474.000  10 -32 1545 1670
 649 241.000 180.000  10 -23 6789 6887
 650 206.000  97.000  10 -33 1785 1920
 651 373.000 421.000  10 -10  939 1080
 652   7.000 194.000  10 -19 3784 3947
 653  12.000 358.000  10 -26 4891 5024
 654  87.000 213.000  10 -10    0 7520
 655  56.000 268.000  10 -27 4268 4364
 656 195.000 464.000  10 -23    0 7467
 657  44.000 344.000  10  -7    0 7461
 658 171.000 303.000  10 -21 6334 6501
 659 460.000 424.000  10  -9 5786 5970
 660 295.000 283.000  10 -23 3538 3728
 661 366.000 288.000  10  -9    0 7565
 662 153.000 362.000  10 -15 4647 4762
 663 253.000  74.000  10 -15 5375 5546
 664  33.000 268.000  10 -25 2751 2936
 665 228.000 260.000  10 -14 6450 6514
 666  98.000  29.000  10 -17 4209 4284
 667 348.000 476.000  10 -17 4762 4932
 668 267.000 162.000  10 -19    0 7598
 669 425.000 448.000  10 -36 3152 3324
 670  43.000 210.000  10 -21    0 7477
 671   1.000 101.000  10 -20 5021 5158
 672 142.000  80.000  10 -33 1980 2076
 673 497.000 296.000  10 -37 2495 2525
 674 482.000 184.000  10 -18 4437 4538
 675 185.000 434.000  10 -15 2326 2383
 676 255.000 487.000  10  -5 1556 1747
 677 475.000 267.000  10  -9 3124 3232
 678 142.000 360.000  10 -16 6124 6252
 679  97.000 288.000  10 -33 5142 5251
 680 303.000 186.000  10 -26    0 7604
 681 351.000   5.000  10 -28 1997 2091
 682  23.000 235.000  10 -22 4086 4220
 683 454.000 201.000  10 -22 5218 5342
 684 134.000 276.000  10 -17    0 7569
 685 218.000 403.000  10 -13 5305 5368
 686 174.000 122.000  10 -16 2376 2491
 687  76.000 462.000  10 -18 3813 3955
 688 368.000 452.000  10 -16 2673 2806
 689 390.000  34.000  10 -10 4201 4401
 690 222.000 331.000  10 -22 2158 2279
 691 413.000 391.000  10 -26  876  981
 692 440.000 294.000  10 -18 3836 3966
 693 413.000 476.000  10 -12 4729 4823
 694 486.000 324.000  10  -3 3109 3168
 695 327.000 139.000  10 -18 5021 5158
 696 488.000 173.000  10 -29 4836 4966
 697  72.000 477.000  10 -21    0 7399
 698 442.000 153.000  10 -20 4765 4865
 699 440.000 201.000  10 -14    0 7491
 700 382.000 110.000  10 -27 4427 4592
 701  80.000 117.000  10 -35 3328 3385
 702 295.000 247.000  10 -25 5212 5335
 703 434.000 359.000  10 -19 5585 5673
 704 493.000 111.000  10  -1 2162 2286
 705 368.000 311.000  10 -12    0 7555
 706  61.000 441.000  10 -23 2201 2268
 707 286.000 244.000  10  -6 5150 5242
 708 366.000 390.000  10 -25 5266 5400
 709 432.000 199.000  10 -14    0 7498
 710  52.000 412.000  10  -5 5608 5758
 711  84.000 377.000  10 -19 3699 3831
 712 251.000  63.000  10 -22 3981 4039
 713  68.000 450.000  10 -38    0 7417
 714 137.000 377.000  10 -23    0 7518
 715 432.000  66.000  10 -22    0 7429
 716  60.000 231.000  10 -28 4124 4203
 717  53.000 204.000  10 -26 4206 4354
 718  91.000 326.000  10 -20    0 7511
 719  83.000 300.000  10 -19 1987 2131
 720   9.000 101.000  10 -25    0 7404
 721 345.000 146.000  10 -13 5727 5905
 722  56.000  75.000  10 -19 5711 5910
 723  60.000  29.000  10 -23    0 7396
 724 285.000 247.000  10 -18    0 7652
 725 352.000  63.000  10 -21 4718 4827
 726 396.000  83.000  10 -16 6362 6449
 727 452.000 172.000  10 -25    0 7471
 728 351.000 148.000  10 -13    0 7544
 729 225.000 488.000  10  -3    0 7448
 730 372.000  39.000  10 -24 2886 3022
 731 103.000 123.000  10  -6 1966 2072
 732  51.000 286.000  10 -15 5831 5960
 733 351.000 481.000  10 -36 1284 1410
 734  40.000 278.000  10 -15    0 7476
 735 415.000 207.000  10  -7 3588 3731
 736 337.000  41.000  10 -18 4018 4121
 737 361.000 178.000  10 -13 3903 3996
 738 480.000 131.000  10 -14 2740 2881
 739 264.000 180.000  10 -11 6720 6845
 740 453.000 360.000  10 -13  858  990
 741 440.000 284.000  10 -21    0 7494
 742  69.000 414.000  10 -19 5007 5220
 743 438.000 127.000  10 -24 3785 3862
 744 494.000 468.000  10 -13 1417 1523
 745  87.000   3.000  10 -14 5728 5856
 746  92.000  76.000  10 -17 4598 4634
 747  44.000 140.000  10  -5 3464 3602
 748 325.000 147.000  10 -14    0 7560
 749 498.000 456.000  10 -17 5611 5757
 750 374.000 116.000  10 -20    0 7505
 751 492.000 188.000  10 -23 2904 2939
 752 333.000 163.000  10 -22 4973 5068
 753 387.000 349.000  10 -12    0 7518
 754 354.000 416.000  10 -26 2719 2836
 755  83.000 290.000  10 -14 2421 2560
 756 176.000 470.000  10 -13 2181 2312
 757  32.000  94.000  10 -28 3707 3854
 758 210.000  29.000  10 -10 4213 4314
 759 441.000  60.000  10 -36    0 7418
 760 146.000 313.000  10  -3 4793 4890
 761 332.000   5.000  10 -27 4110 4272
 762 471.000 368.000  10  -4 1718 1827
 763 163.000 472.000  10 -25 2611 2736
 764   0.000 188.000  10 -19    0 7430
 765 497.000  18.000  10 -22 4520 4641
 766  30.000  97.000  10 -30 4851 4951
 767 398.000 210.000  10  -5    0 7534
 768 405.000 187.000  10 -11 4994 5131
 769 212.000 186.000  10  -3 6893 6999
 770 385.000 239.000  10  -5 3130 3274
 771 208.000 445.000  10 -25 5314 5465
 772 250.000 328.000  10 -24    0 7609
 773 409.000 155.000  10 -30  675  807
 774  27.000 444.000  10  -7 4290 4472
 775 351.000 128.000  10 -24 5010 5136
 776 322.000 406.000  10 -19    0 7516
 777 172.000  24.000  10  -3 5814 5924
 778  80.000 400.000  10  -9 5772 5918
 779 482.000 104.000  10 -25    0 7413
 780 235.000 108.000  10 -29 4307 4449
 781  67.000  24.000  10 -23 4083 4184
 782 323.000  77.000  10 -14 5590 5771
 783 459.000  53.000  10  -7 4505 4592
 784 235.000 316.000  10 -30 2616 2751
 785 351.000  60.000  10 -17    0 7472
 786 199.000 203.000  10  -7    0 7618
 787  61.000 214.000  10 -18 1309 1545
 788 497.000 266.000  10 -20 2996 3104
 789 225.000 121.000  10 -31    0 7556
 790 351.000 233.000  10 -14 5692 5811
 791 377.000 385.000  10 -18 3486 3564
 792 175.000 352.000  10 -25 6652 6789
 793   3.000  23.000  10  -8 1550 1702
 794 180.000 283.000  10 -22 2963 3107
 795 475.000 352.000  10 -12    0 7440
 796 455.000 168.000  10 -34 3501 3554
 797 429.000 476.000  10 -12 2314 2392
 798 373.000 418.000  10 -25 5034 5161
 799  68.000 240.000  10  -5 3176 3300
 800 218.000 271.000  10 -24 6280 6429
 801  94.000  40.000  10 -11 4278 4387
 802 331.000 134.000  10 -20 4479 4631
 803  52.000 303.000  10 -16 1750 1899
 804   1.000 252.000  10 -14 1103 1218
 805 360.000 488.000  10 -12 1252 1393
 806 488.000   3.000  10 -26 1625 1700
 807 209.000 212.000  10  -9 6142 6200
 808 174.000 376.000  10 -25    0 7540
 809 331.000 356.000  10 -25    0 7554
 810 146.000 188.000  10 -19    0 7566
 811  55.000 318.000  10 -14 1250 1365
 812 230.000 320.000  10 -31 4770 4887
 813 144.000 331.000  10 -23 3709 3860
 814 172.000  66.000  10 -29 5225 5318
 815 330.000 308.000  10 -21 4687 4797
 816 394.000 310.000  10 -27 4410 4498
 817 264.000 135.000  10  -1 3525 3630
 818 291.000 213.000  10 -20 5018 5163
 819 231.000 410.000  10  -3    0 7526
 820 232.000 101.000  10 -24 1405 1483
 821 257.000 133.000  10 -19 3418 3600
 822  66.000  88.000  10 -16 3302 3455
 823 355.000 485.000  10  -3 5887 6066
 824 189.000 402.000  10 -26 2149 2259
 825 324.000  99.000  10 -31 1368 1455
 826 456.000 157.000  10 -24 5788 5972
 827  64.000   5.000  10 -18 4493 4658
 828 261.000 201.000  10 -16 6060 6172
 829 174.000 397.000  10  -6 4978 5099
 830 423.000 221.000  10 -14 1022 1164
 831 290.000 145.000  10  -8 5130 5242
 832 174.000  67.000  10 -30 5018 5180
 833  88.000 484.000  10 -25    0 7403
 834 235.000  33.000  10 -20    0 7470
 835 318.000  99.000  10  -2 4854 4969
 836  48.000 437.000  10  -7    0 7412
 837 460.000 117.000  10 -11 2083 2196
 838 392.000  87.000  10 -17    0 7471
 839  80.000 458.000  10 -15 1515 1569
 840 195.000 450.000  10  -4 5946 6061
 841 436.000  25.000  10 -14 5113 5266
 842 243.000 408.000  10 -12 5720 5870
 843 233.000 230.000  10 -26    0 7661
 844 171.000 188.000  10 -14 2481 2604
 845  50.000 383.000  10  -2 1056 1145
 846 500.000 228.000  10  -5 3137 3237
 847 284.000 457.000  10 -15 6018 6090
 848 224.000  56.000  10 -18    0 7492
 849 399.000 175.000  10 -33 3020 3076
 850 478.000 300.000  10 -28 3589 3648
 851  41.000 232.000  10 -11    0 7478
 852 267.000 174.000  10 -14 6470 6596
 853 272.000 234.000  10 -27 6353 6489
 854 409.000 255.000  10 -16    0 7528
 855  19.000  38.000  10 -15 3376 3521
 856 157.000 269.000  10 -19 6317 6414
 857  48.000 366.000  10  -2    0 7455
 858 342.000 481.000  10 -13 5769 5871
 859 117.000 110.000  10 -18 3898 4052
 860  44.000 496.000  10 -13 1594 1740
 861 306.000 229.000  10 -25    0 7628
 862 492.000  34.000  10 -26 3242 3362
 863 225.000 269.000  10  -4 5082 5205
 864 386.000 225.000  10 -32 3654 3815
 865  94.000 192.000  10 -32    0 7521
 866 323.000  29.000  10 -28 4533 4687
 867 470.000 417.000  10 -10    0 7411
 868 349.000  76.000  10 -12 4121 4244
 869 472.000 248.000  10  -7    0 7465
 870 449.000 190.000  10 -23 4533 4707
 871 171.000  24.000  10  -8    0 7448
 872  90.000 496.000  10 -21 5617 5665
 873  84.000 453.000  10 -13 4911 4993
 874  44.000 440.000  10 -18    0 7407
 875 176.000 199.000  10 -12    0 7598
 876 320.000 211.000  10 -19    0 7607
 877 118.000 314.000  10 -13 1315 1505
 878 365.000 119.000  10 -21    0 7513
 879 426.000 231.000  10 -17 4102 4245
 880  78.000 406.000  10 -19 3818 3986
 881 257.000 391.000  10 -22 6547 6637
 882 322.000 290.000  10 -29    0 7605
 883 245.000 176.000  10 -27 4943 5055
 884 281.000  96.000  10 -24 4532 4594
 885  64.000 294.000  10 -13 4402 4528
 886  65.000  82.000  10 -24 2966 3071
 887 263.000 418.000  10  -6 1117 1230
 888 217.000 207.000  10 -10 5538 5642
 889 341.000  59.000  10  -2 3156 3282
 890 190.000 267.000  10 -27 7024 7126
 891 314.000 205.000  10 -18 6086 6249
 892 215.000 282.000  10 -18 5764 5879
 893 248.000 176.000  10 -24 5579 5753
 894 245.000  42.000  10 -23 2203 2295
 895 105.000 137.000  10  -5 1799 1940
 896  10.000 407.000  10  -7 1758 1838
 897 132.000  32.000  10 -15    0 7440
 898 405.000 454.000  10 -20    0 7431
 899 371.000  71.000  10 -14    0 7471
 900 458.000 213.000  10 -27    0 7476
 901 371.000 163.000  10 -21 3328 3414
 902 415.000 118.000  10 -11    0 7476
 903 130.000 247.000  10 -26  423  538
 904 456.000 113.000  10 -19 4922 5015
 905 292.000 136.000  10 -21 3126 3239
 906  33.000 152.000  10 -17 5278 5403
 907 221.000 291.000  10 -21  184  305
 908 244.000 277.000  10  -8 5204 5326
 909 421.000 386.000  10 -12    0 7469
 910 237.000 420.000  10 -25    0 7517
 911  71.000 282.000  10 -18 2583 2670
 912  91.000 427.000  10 -35 3548 3633
 913 352.000 481.000  10 -23 5136 5261
 914 498.000 457.000  10 -26    0 7364
 915 494.000 165.000  10  -9 2401 2553
 916 197.000 202.000  10 -23 4784 4966
 917  71.000  12.000  10 -22 1177 1286
 918 432.000   2.000  10 -26 1848 2004
 919 366.000 260.000  10 -27    0 7571
 920  63.000 420.000  10 -12 2071 2206
 921 142.000 372.000  10 -29    0 7525
 922  49.000 118.000  10 -17    0 7447
 923 401.000 314.000  10 -23 3875 4057
 924 448.000 404.000  10 -18 2407 2505
 925 138.000  28.000  10 -15 4362 4530
 926 177.000 486.000  10 -24 6397 6501
 927 299.000 285.000  10 -17 4991 5160
 928 382.000   9.000  10  -9 1118 1176
 929 385.000 285.000  10 -24 3478 3586
 930 111.000 192.000  10  -9    0 7537
 931 154.000 374.000  10 -31 3746 3870
 932 210.000 219.000  10 -31    0 7637
 933 210.000 133.000  10 -23 2767 2862
 934 332.000 382.000  10  -5 4037 4167
 935 337.000 232.000  10 -20 6266 6418
 936 229.000 322.000  10 -29 6635 6767
 937 122.000 422.000  10 -27 5871 5904
 938 162.000 301.000  10 -15 6423 6601
 939  93.000 490.000  10 -25 1527 1626
 940 274.000 261.000  10 -20 6817 6959
 941  57.000  43.000  10 -15 4088 4219
 942 340.000 291.000  10 -12 1893 1991
 943 390.000 120.000  10 -27 4036 4117
 944 370.000 493.000  10 -14    0 7416
 945  35.000 344.000  10 -30 3418 3607
 946 161.000 275.000  10 -11 5370 5524
 947 374.000 346.000  10 -15    0 7531
 948 436.000 123.000  10  -9  835  966
 949 105.000 181.000  10 -16    0 7527
 950 404.000 140.000  10 -23 5063 5126
 951 436.000 295.000  10 -20 2136 2211
 952  18.000  24.000  10 -25 2551 2596
 953 347.000 184.000  10 -22 4316 4433
 954 376.000 113.000  10 -22    0 7501
 955   0.000 422.000  10 -11 3300 3388
 956 231.000  29.000  10 -31 4896 5035
 957 389.000 255.000  10 -24    0 7548
 958  58.000  39.000  10  -3 4615 4808
 959  67.000 378.000  10 -28    0 7464
 960 453.000 318.000  10 -20 1489 1621
 961 437.000  19.000  10 -15 4047 4185
 962 103.000 464.000  10  -9    0 7428
 963 461.000 195.000  10 -21 5597 5683
 964 466.000 362.000  10 -15 4595 4744
 965 360.000 284.000  10 -27 2660 2792
 966  46.000 248.000  10 -40 3237 3394
 967   6.000  53.000  10 -25 2355 2460
 968 287.000 397.000  10 -12 2262 2373
 969 171.000  34.000  10 -23 4579 4685
 970 120.000  17.000  10 -35    0 7421
 971 297.000 283.000  10  -9    0 7630
 972 138.000 406.000  10 -13 4892 4956
 973 206.000 174.000  10 -29 3201 3318
 974 404.000  59.000  10 -30    0 7442
 975 191.000 215.000  10 -32  211  338
 976  74.000 215.000  10 -21    0 7508
 977 294.000 421.000  10 -20 6292 6431
 978 268.000 288.000  10 -10 5075 5181
 979 126.000 391.000  10 -22    0 7500
 980 412.000 478.000  10 -23 3851 3946
 981 114.000 460.000  10  -3 4371 4437
 982 142.000  14.000  10 -12 3349 3452
 983 352.000 487.000  10 -19    0 7429
 984 209.000  68.000  10  -7 6266 6398
 985 202.000  28.000  10 -21 3733 3860
 986 490.000 276.000  10 -25    0 7446
 987 173.000  65.000  10 -20 1768 1940
 988 450.000 416.000  10 -13 2281 2453
 989  89.000 358.000  10 -27 4950 5147
 990 167.000 488.000  10 -33  972 1148
 991 428.000 202.000  10 -13 3627 3723
 992 406.000 460.000  10  -7 2868 3006
 993 411.000 396.000  10  -7 3667 3814
 994 115.000 296.000  10 -16 6112 6239
 995 125.000  65.000  10  -8 3170 3257
 996 400.000  71.000  10 -12 5522 5574
 997  67.000 451.000  10 -33    0 7416
 998 224.000   3.000  10 -16 2774 2869
 999 177.000 156.000  10  -9  639  818
1000 348.000 348.000  10 -15    0 7549
1001 372.000  97.000  10 -24    0 7492
1002  72.000 227.000  10 -23 2258 2373
1003 489.000 457.000  10 -18    0 7371
1004 248.000 214.000  10 -20 5955 5999
1005 181.000 185.000  10 -19 6436 6594
1006  69.000 266.000  10 -21 2997 3190
1007 439.000 222.000  10 -11 3929 4028
1008  46.000 389.000  10 -12    0 7441
1009 250.000 250.000   0   0    0 7697
