506 506 1000 1000 1000
   0 250.000 250.000   0   0    0 7697
   1 340.000 291.000  10  22 1822 2062
   2 370.000 382.000  10  11    0 7509
   3 273.000 255.000  10  18    0 7664
   4  36.000 301.000  10  21  760 1000
   5 436.000 123.000  10  40  781 1021
   6  48.000 162.000  10  15  809 1049
   7 222.000 499.000  10   7    0 7437
   8   3.000  23.000  10  11 1506 1746
   9 398.000 476.000  10  25 1612 1852
  10 307.000 249.000  10  10    0 7630
  11   0.000 356.000  10  13 4285 4525
  12 413.000 476.000  10  34 4656 4896
  13 371.000 488.000  10  10 2271 2511
  14 490.000 286.000  10  29 2029 2269
  15 309.000 161.000  10  23 2273 2513
  16  39.000 162.000  10  18 2201 2441
  17 261.000 138.000  10   1    0 7575
  18 447.000 383.000  10  17  831 1071
  19 130.000 247.000  10  17  360  600
  20 161.000 276.000  10   8  474  714
  21 111.000 192.000   0  11    0 7537
  22  62.000  94.000  10  16 3742 3982
  23 348.000 476.000  10  19 4727 4967
  24   6.000  53.000  10   8 2288 2528
  25  15.000  11.000  10  15    0 7352
  26 179.000 497.000   0   1    0 7430
  27  67.000 352.000  10  20 1433 1673
  28  40.000 278.000  10  10    0 7476
  29  34.000 169.000  10  11 1878 2118
  30 366.000 390.000  10  23 5213 5453
  31 303.000  78.000  10  12  600  840
  32 424.000 288.000  10  13 4169 4409
  33 191.000  84.000  10  13 3408 3648
  34 215.000 293.000  10  13  102  342
  35 343.000 276.000  10  15  266  506
  36 488.000 173.000  10  25 4781 5021
  37 153.000 244.000  10   5  371  611
  38 176.000 200.000  10  17 2210 2450
  39 177.000 156.000  10  25  609  849
  40 166.000 247.000  10   1  216  456
  41 392.000  95.000  10  16 3005 3245
  42  28.000 467.000  10  34    0 7377
  43 375.000 145.000  10  12 3657 3897
  44 440.000 294.000  10  16 3781 4021
  45 144.000 331.000  10  13 3665 3905
  46  98.000   2.000  10  14 2307 2547
  47 208.000 488.000  10  22 1850 2090
  48 231.000 167.000  10  15  221  461
  49 196.000 489.000  10  23 4061 4301
  50 280.000 245.000  10  21   30  270
  51 420.000  80.000  10  24    0 7447
  52  38.000 190.000  10  23 1079 1319
  53 448.000 397.000  10  33    0 7441
  54 471.000 427.000  10   8 3206 3446
  55 146.000 376.000  10   8  877 1117
  56  12.000 358.000   0   7 4837 5077
  57 175.000 422.000  10  24 5726 5966
  58 297.000 131.000  10  25 4602 4842
  59 457.000 492.000  10   7 1972 2212
  60 170.000 347.000  10  15 1683 1923
  61 103.000 123.000  10   8 1899 2139
  62 318.000 497.000   0  21    0 7431
  63 241.000 180.000  10  13 6718 6958
  64 174.000  67.000  10  15 4979 5219
  65 235.000 288.000  10  18   43  283
  66 232.000 101.000  10  24 1324 1564
  67  28.000 180.000  10  34 1482 1722
  68 174.000 376.000  10   8    0 7540
  69 293.000 174.000  10  31  229  469
  70 218.000  12.000  10   3 2116 2356
  71 135.000 400.000  10  20 1134 1374
  72 497.000 266.000  10  25 2930 3170
  73 213.000 399.000  10  18  876 1116
  74 151.000  81.000  10  28    0 7492
  75  92.000 259.000  10   4 1538 1778
  76 468.000 360.000  10  16    0 7443
  77 332.000 459.000  10  35 1415 1655
  78 250.000 328.000  10  24    0 7609
  79  88.000 484.000  10   5    0 7403
  80 360.000 488.000  10  19 1202 1442
  81 152.000 476.000  10  45 2030 2270
  82 176.000 470.000  10  14 2127 2367
  83 105.000 137.000  10  32 1749 1989
  84 263.000 418.000  10  25 1054 1294
  85 180.000 283.000  10  23 2915 3155
  86 385.000  17.000  10  40 3175 3415
  87 401.000 314.000  10  25 3846 4086
  88 251.000 238.000  10  27   12  252
  89 139.000 438.000  10  24  796 1036
  90 236.000 126.000  10  23  379  619
  91  61.000 441.000  10  27 2115 2355
  92 373.000 421.000  10  21  890 1130
  93 322.000 406.000  10  17    0 7516
  94 412.000 478.000  10   7 3779 4019
  95 122.000 422.000  10   3 5767 6007
  96 173.000 182.000  10  25  291  531
  97 413.000 127.000  10  28 3263 3503
  98  67.000 378.000  10  26    0 7464
  99 216.000 341.000  10  19    0 7590
 100  44.000 344.000  10  12    0 7461
 101 352.000 481.000  10  15 5079 5319
 102 237.000 420.000  10  15    0 7517
 103 389.000  43.000  10  21 1522 1762
 104 415.000 253.000  10  21 1406 1646
 105 298.000 264.000  10  36   80  320
 106 307.000 412.000  10   8 1555 1795
 107  83.000 169.000  10  21 3046 3286
 108 390.000 249.000  10  21    0 7547
 109 132.000 479.000  10  11  910 1150
 110 314.000 205.000  10  22 6047 6287
 111   0.000 188.000  10  26    0 7430
 112 482.000 141.000  10  14 3983 4223
 113 162.000 306.000  10  22  417  657
 114 103.000 177.000  10  28 2446 2686
 115 149.000 341.000  10   6 1556 1796
 116 415.000  95.000  10  15 4647 4887
 117 167.000 488.000  10  17  940 1180
 118 439.000 222.000  10  22 3858 4098
 119 273.000 300.000  10  30  100  340
 120 239.000  15.000  10   2    0 7452
 121 363.000 225.000  10  35 3363 3603
 122  60.000 246.000  10  25  640  880
 123 144.000  35.000  10  26    0 7448
 124 332.000 382.000  10   2 3982 4222
 125 452.000 206.000  10  31 1909 2149
 126 286.000 356.000  10  30  328  568
 127 334.000 481.000  10  32 1262 1502
 128 488.000   3.000  10   3 1542 1782
 129 153.000 235.000  10  10  273  513
 130 217.000 357.000  10  23    0 7576
 131 255.000 487.000  10  19 1532 1772
 132 149.000 214.000  10   7    0 7580
 133 487.000 446.000  10   9 5301 5541
 134 267.000 374.000  10  23 2343 2583
 135 185.000 431.000  10  15 1488 1728
 136 325.000 210.000  10  15 3674 3914
 137  72.000 227.000  10  25 2195 2435
 138 130.000 140.000  10  17  716  956
 139 337.000  41.000  10   8 3949 4189
 140 372.000  39.000  10  10 2834 3074
 141 224.000  56.000  10  13    0 7492
 142 340.000 416.000  10  36 1224 1464
 143 230.000 320.000  10   8 4708 4948
 144  87.000   3.000  10  13 5672 5912
 145 235.000 316.000  10   2 2563 2803
 146 384.000 149.000  10  18    0 7520
 147  51.000 286.000  10  14 5776 6016
 148 267.000 290.000  10  15   54  294
 149 189.000 402.000  10  10 2084 2324
 150 210.000 276.000  10   5   71  311
 151 429.000  59.000  10   9 1775 2015
 152  58.000 391.000  10  16 3469 3709
 153 260.000 472.000  10  33 4084 4324
 154 217.000 333.000  10  26    0 7598
 155 335.000  46.000  10  18 5307 5547
 156 198.000  85.000  10  28  990 1230
 157 138.000  28.000  10  23 4326 4566
 158  29.000 336.000  10  22 1266 1506
 159 157.000 269.000   0  31 6245 6485
 160 177.000 404.000  10  17    0 7517
 161  96.000 346.000  10  26  681  921
 162 206.000  97.000  10  33 1732 1972
 163 494.000 468.000  10  31 1350 1590
 164   5.000 281.000  10  16    0 7441
 165 441.000  60.000  10  21    0 7418
 166 288.000 439.000  10  16 1034 1274
 167 420.000 224.000  10  10 1656 1896
 168 267.000 162.000  10   6    0 7598
 169 195.000 273.000  10  22  118  358
 170 233.000 230.000  10  20    0 7661
 171 382.000 360.000  10  26  652  892
 172 499.000 316.000  10  18 2427 2667
 173 246.000 407.000  10  12 1186 1426
 174 432.000   2.000  10  20 1806 2046
 175 404.000 439.000  10   3  895 1135
 176 397.000 477.000  10  13 4803 5043
 177  44.000 140.000  10  11 3413 3653
 178  39.000 153.000  10  26 3131 3371
 179 397.000 153.000  10  29 3470 3710
 180 226.000 316.000  10  21  161  401
 181 201.000  66.000  10  14    0 7497
 182 134.000 211.000  10  35  422  662
 183 386.000 154.000  10  31    0 7521
 184 356.000 256.000  10  19  305  545
 185 240.000 362.000  10  23    0 7575
 186 412.000 100.000  10   1 1993 2233
 187 394.000 322.000  10  12 4039 4279
 188 339.000  41.000  10   6    0 7460
 189 219.000 210.000  10  14   82  322
 190 250.000 441.000  10   5    0 7496
 191 210.000  29.000  10  13 4143 4383
 192 178.000 302.000  10  19 3486 3726
 193 148.000 208.000  10  22    0 7577
 194 225.000 369.000  10  38  366  606
 195 450.000 416.000  10  25 2247 2487
 196 285.000 247.000   0  13    0 7652
 197 351.000 481.000   0  10 1227 1467
 198  33.000 152.000  10  17 5220 5460
 199  26.000 221.000  10  28 3926 4166
 200 104.000 349.000  10  20 3977 4217
 201 385.000 239.000  10  21 3082 3322
 202  95.000 382.000  10  19  865 1105
 203 401.000 164.000  10  13    0 7514
 204 409.000 255.000  10  23    0 7528
 205 363.000  34.000  10  19    0 7444
 206 146.000 188.000  10   6    0 7566
 207  83.000 300.000  10  26 1939 2179
 208  51.000  89.000  10  19 4773 5013
 209 379.000 486.000  10  22 2627 2867
 210 440.000 284.000  10  25    0 7494
 211 175.000 239.000  10  23  183  423
 212 480.000 131.000  10   5 2690 2930
 213 495.000 199.000  10  25    0 7437
 214 288.000  70.000  10  24    0 7504
 215  66.000 163.000  10   6 1522 1762
 216 226.000 423.000  10  15  728  968
 217 342.000 319.000  10  36  340  580
 218 174.000 122.000  10  14 2313 2553
 219  49.000 353.000  10  15 5724 5964
 220 448.000 495.000  10  40    0 7372
 221  13.000 465.000  10  31 3034 3274
 222 311.000 203.000  10  15 2830 3070
 223 480.000 119.000  10   7 2454 2694
 224 233.000  87.000  10  18  950 1190
 225  84.000 377.000  10  10 3645 3885
 226 292.000  32.000  10  14  857 1097
 227 451.000 305.000  10  13  714  954
 228 318.000 280.000  10  21  177  417
 229  77.000 372.000  10  19    0 7476
 230 385.000  58.000  10  24 1559 1799
 231  44.000 496.000  10  32 1547 1787
 232  91.000  27.000  10  14 4667 4907
 233  52.000 412.000  10  22 5563 5803
 234 133.000 273.000  10  20  357  597
 235 147.000  30.000  10  26 4375 4615
 236 131.000 246.000  10  17 3268 3508
 237 433.000 319.000  10  11 5445 5685
 238 218.000 403.000  10  15 5217 5457
 239 118.000 314.000  10  26 1290 1530
 240 381.000 328.000  10  12    0 7535
 241 132.000  32.000  10  18    0 7440
 242 334.000 403.000  10  26  578  818
 243  83.000 290.000  10  14 2370 2610
 244 191.000 215.000  10  17  154  394
 245  71.000 282.000  10  29 2507 2747
 246 297.000 304.000  10   4  166  406
 247 142.000  30.000  10  32    0 7442
 248 193.000 138.000  10  30    0 7562
 249  98.000  29.000  10  14 4126 4366
 250 142.000 360.000  10  20 6068 6308
 251 486.000 324.000  10  15 3018 3258
 252 133.000 455.000  10  25 3172 3412
 253 440.000 292.000  10  24 3700 3940
 254 442.000 289.000  10  25  704  944
 255  48.000 412.000  10   7    0 7429
 256 344.000  70.000  10  24 4523 4763
 257 329.000 456.000  10  19  936 1176
 258 157.000  38.000  10   3 4131 4371
 259 374.000 260.000  10  27    0 7563
 260 297.000 283.000  10  28    0 7630
 261 262.000  92.000  10  25 2462 2702
 262 140.000 108.000  10  29    0 7508
 263 235.000 108.000  10  12 4258 4498
 264 210.000 133.000  10  15 2694 2934
 265 126.000 391.000  10  19    0 7500
 266 441.000   7.000  10  20 1506 1746
 267 323.000  29.000  10   7 4490 4730
 268 200.000  78.000  10  31 3911 4151
 269 438.000 488.000  10  18 1249 1489
 270 273.000  70.000  10  36 2417 2657
 271 214.000 245.000  10   8    0 7651
 272 221.000 291.000  10   9  124  364
 273  79.000 467.000  10  22 1346 1586
 274 395.000 474.000  10  26 1488 1728
 275 199.000 203.000  10  20    0 7618
 276 100.000 266.000  10   5    0 7537
 277 214.000 274.000  10  24 5416 5656
 278  16.000  68.000  10  11    0 7391
 279  62.000 375.000  10  16 1335 1575
 280 163.000 472.000  10   9 2554 2794
 281  13.000 314.000  10  14  915 1155
 282 376.000 385.000  10  12  619  859
 283 231.000  29.000  10  14 4845 5085
 284 256.000 441.000  10  34  644  884
 285 120.000  37.000  10  28    0 7438
 286 349.000  43.000  10  26  798 1038
 287 489.000 457.000  10  13    0 7371
 288 306.000 229.000   0  10    0 7628
 289 134.000 194.000  10  19 6547 6787
 290 320.000 211.000  10  16    0 7607
 291 214.000 311.000  10  14  163  403
 292 231.000 410.000  10  14    0 7526
 293 432.000 199.000  10   7    0 7498
 294 333.000 163.000  10  32 4901 5141
 295 364.000  71.000  10   5 5334 5574
 296 125.000  65.000  10  17 3094 3334
 297 429.000 476.000  10  23 2233 2473
 298 161.000 275.000  10  21 5327 5567
 299 324.000  99.000  10  10 1292 1532
 300  72.000 477.000  10  46    0 7399
 301 120.000  17.000  10  30    0 7421
 302   1.000 252.000  10   5 1041 1281
 303 428.000 302.000  10  27    0 7502
 304 264.000 135.000  10   1 3458 3698
 305 174.000 347.000  10   3 3999 4239
 306 187.000  61.000  10  19 2120 2360
 307  52.000 303.000  10  25 1705 1945
 308  89.000  65.000  10  16 2821 3061
 309 368.000 452.000  10  16 2620 2860
 310 164.000 473.000  10  26 1125 1365
 311 171.000  34.000  10  21 4512 4752
 312 224.000   3.000  10  10 2702 2942
 313 448.000 404.000  10  15 2336 2576
 314 386.000 225.000  10  13 3614 3854
 315 301.000 239.000  10  31   89  329
 316 115.000 296.000  10  24 6055 6295
 317 115.000 395.000  10  11 3201 3441
 318 351.000   5.000  10  12 1924 2164
 319  80.000 458.000  10  30 1422 1662
 320 497.000  18.000  10  10 4460 4700
 321 391.000 202.000  10  14  476  716
 322  43.000 210.000  10  20    0 7477
 323 429.000 169.000  10   8 3551 3791
 324  20.000 480.000  10  25 2221 2461
 325 210.000  81.000  10   2    0 7514
 326 309.000  29.000  10  11    0 7459
 327 262.000 369.000  10  15  457  697
 328 207.000 487.000  10   4    0 7447
 329 366.000 260.000  10  23    0 7571
 330 497.000  54.000  10  14 3852 4092
 331 125.000  61.000  10  26 2387 2627
 332 368.000 311.000  10  14    0 7555
 333 215.000 129.000  10  17 4414 4654
 334 187.000  73.000  10  18 1108 1348
 335 394.000  47.000  10   5 1192 1432
 336  31.000 175.000  10  24    0 7456
 337 339.000 144.000  10  13    0 7549
 338 492.000  34.000  10   5 3182 3422
 339 387.000 349.000  10   9    0 7518
 340 142.000 372.000  10  18    0 7525
 341 421.000 387.000  10  15    0 7468
 342 274.000 403.000  10  17 3490 3730
 343  46.000 389.000  10  22    0 7441
 344 351.000 128.000  10  15 4953 5193
 345 273.000 149.000  10  14 5951 6191
 346 386.000 245.000  10  16    0 7551
 347  21.000  70.000  10  15 3025 3265
 348 164.000 320.000  10  12    0 7577
 349 195.000 386.000  10  13  467  707
 350 306.000 235.000  10  25  112  352
 351  66.000 314.000  10  26  659  899
 352 495.000  83.000  10  32 1703 1943
 353 140.000 137.000  10  32 2219 2459
 354 242.000 106.000  10  28    0 7543
 355 481.000  84.000  10  17 1962 2202
 356 271.000 128.000  10  12 1322 1562
 357 484.000 224.000  10   7    0 7452
 358  46.000 163.000  10   8 3644 3884
 359 253.000  74.000   0  20 5340 5580
 360 374.000 306.000  10   4 3916 4156
 361 436.000 295.000  10  11 2053 2293
 362   3.000 471.000  10  13 2783 3023
 363 418.000 269.000  10   3    0 7518
 364 141.000 426.000  10  23 2066 2306
 365  57.000 183.000  10  15 4341 4581
 366  18.000  24.000  10  32 2453 2693
 367 263.000 153.000  10  12 1590 1830
 368 289.000 220.000  10  19   77  317
 369  84.000 255.000  10  13 1068 1308
 370 159.000 299.000  10  12    0 7584
 371 485.000 104.000   0  21 3118 3358
 372 389.000 255.000  10  15    0 7548
 373 330.000 371.000  10   1 2174 2414
 374  10.000 237.000  10  19    0 7447
 375 458.000 213.000  10  22    0 7476
 376 222.000 331.000  10  10 2098 2338
 377 332.000   5.000  10  14 4071 4311
 378  47.000 208.000  10  30  846 1086
 379 489.000 437.000  10  29    0 7384
 380 225.000 488.000  10  28    0 7448
 381 355.000 485.000  10  10 5856 6096
 382 441.000 374.000  10  10  833 1073
 383 399.000 175.000  10  13 2928 3168
 384 244.000  13.000  10  24 3992 4232
 385  51.000 360.000  10  13    0 7460
 386 371.000  71.000  10  21    0 7471
 387 439.000 156.000  10   2 2043 2283
 388 105.000 474.000  10  27 1823 2063
 389 415.000 207.000  10  18 3540 3780
 390  71.000  12.000  10   2 1112 1352
 391  74.000 215.000  10  10    0 7508
 392 347.000 192.000  10  18 5893 6133
 393 438.000   5.000  10  18 2136 2376
 394 215.000  79.000  10   5  834 1074
 395  49.000 437.000  10   7 1650 1890
 396  35.000 344.000  10  21 3392 3632
 397 433.000 447.000  10  20 3117 3357
 398 344.000 203.000  10  14  609  849
 399 423.000 170.000  10  27 1992 2232
 400 371.000 163.000  10  21 3251 3491
 401 398.000 210.000  10  31    0 7534
 402  48.000 437.000  10   4    0 7412
 403 392.000   1.000  10  11 2361 2601
 404 211.000 248.000  10  26   39  279
 405 213.000 185.000  10  21    0 7613
 406 172.000 292.000  10  17  308  548
 407 228.000 287.000  10  21   52  292
 408 374.000 232.000  10  33    0 7562
 409 447.000 272.000  10  12    0 7489
 410 132.000 477.000  10  25    0 7432
 411 144.000 220.000  10  35    0 7577
 412 473.000 491.000  10  23 1593 1833
 413 365.000  28.000  10   9    0 7437
 414 178.000  72.000  10  23 2967 3207
 415 409.000 155.000  10  19  621  861
 416 132.000 151.000  10  22    0 7533
 417 292.000 104.000  10  26 1156 1396
 418 443.000 167.000  10  17 2113 2353
 419 321.000 149.000   0  18 5638 5878
 420 235.000  13.000  10  27 1375 1615
 421 166.000 440.000  10  12  711  951
 422 112.000 433.000  10  29  880 1120
 423  37.000 281.000  10  17 1913 2153
 424 414.000 378.000  10  23 1919 2159
 425 429.000 389.000  10  18 1636 1876
 426 124.000 111.000  10  15    0 7500
 427 268.000 458.000  10  24    0 7479
 428 398.000 329.000  10  17  551  791
 429 382.000   9.000  10  30 1027 1267
 430 266.000 221.000  10   9   33  273
 431 142.000  80.000  10  12 1908 2148
 432  64.000 294.000  10  12 4345 4585
 433 436.000 467.000   0  12 2884 3124
 434   9.000 233.000  10  31 1165 1405
 435 110.000 251.000  10  23 1931 2171
 436  19.000  38.000  10  15 3329 3569
 437 423.000 221.000  10   9  973 1213
 438  94.000 497.000  10  31 3069 3309
 439 392.000  87.000  10  23    0 7471
 440 259.000 301.000  10  25  335  575
 441 351.000 233.000  10  21 5631 5871
 442 313.000 493.000  10  20    0 7436
 443  65.000  62.000  10  15 3846 4086
 444 470.000 138.000  10  16 5498 5738
 445 244.000 422.000  10  14 2091 2331
 446  60.000  29.000  10  32    0 7396
 447   5.000 445.000  10  30 1184 1424
 448 490.000 276.000  10  33    0 7446
 449 441.000 100.000  10  31    0 7445
 450 162.000 388.000  10  11 4444 4684
 451 244.000 277.000  10  18 5145 5385
 452 265.000 240.000  10   9   18  258
 453 130.000 186.000  10  16  465  705
 454 382.000 110.000  10  24 4390 4630
 455 307.000  52.000  10  23 3622 3862
 456 418.000 399.000  10  20 1691 1931
 457 196.000  56.000  10  15 2378 2618
 458  66.000  31.000  10  25    0 7401
 459  90.000 496.000  10  13 5521 5761
 460 480.000 136.000  10  22    0 7431
 461  65.000  82.000  10  13 2898 3138
 462  48.000 293.000  10  22 1044 1284
 463 105.000 181.000  10  19    0 7527
 464  77.000 465.000  10  11  984 1224
 465 357.000 290.000  10  24    0 7573
 466  38.000  15.000  10   3    0 7371
 467 291.000 251.000  10  20   44  284
 468 383.000  17.000  10  15 3702 3942
 469  53.000 466.000  10   9 1280 1520
 470 472.000 248.000  10  11    0 7465
 471 333.000 293.000  10  27 2408 2648
 472   2.000 264.000  10  40 2558 2798
 473 158.000 179.000  10  37  345  585
 474 345.000 431.000  10  12    0 7483
 475  77.000 172.000  10  23    0 7498
 476  87.000  51.000  10  35    0 7430
 477 347.000 184.000  10  15 4255 4495
 478 206.000 174.000  10  14 3139 3379
 479 201.000 278.000  10  13  106  346
 480 206.000 172.000  10  29 3092 3332
 481 331.000 134.000  10  11 4435 4675
 482 219.000 215.000  10  32   67  307
 483 349.000  76.000  10  15 4063 4303
 484 248.000 386.000  10  22 1453 1693
 485 447.000 267.000  10  19 3858 4098
 486  21.000 146.000  10  21 1887 2127
 487 410.000 399.000  10  25  875 1115
 488 109.000  56.000  10  27  839 1079
 489 212.000  47.000  10  20    0 7481
 490 479.000 387.000  10  13 1530 1770
 491 259.000 498.000  10  33    0 7439
 492 461.000 182.000  10  13 2456 2696
 493 277.000 428.000  10   7 1901 2141
 494 290.000 328.000  10   7  515  755
 495 146.000 313.000  10  22 4721 4961
 496  40.000 304.000  10  16 4519 4759
 497 370.000 493.000  10  22    0 7416
 498 247.000 306.000  10  33  104  344
 499 180.000 162.000  10   9  634  874
 500  86.000 199.000  10  23 1051 1291
 501 287.000 256.000  10  18   37  277
 502 203.000 211.000  10  20 5166 5406
 503  79.000  80.000  10  19 5468 5708
 504  32.000 319.000  10  21 1542 1782
 505 373.000 418.000  10   6 4978 5218
 506  26.000 342.000  10  12 1224 1464
 507 154.000 374.000  10 -22 3688 3928
 508 299.000 353.000  10 -11    0 7573
 509 453.000 360.000  10 -18  804 1044
 510  14.000 232.000  10 -21 1160 1400
 511 418.000  75.000  10 -40 1732 1972
 512 114.000 102.000  10 -15 1969 2209
 513 279.000 355.000  10  -7    0 7579
 514  92.000  76.000  10 -11 4496 4736
 515 381.000 457.000  10 -25 1823 2063
 516 497.000 296.000  10 -10 2390 2630
 517  29.000 462.000  10 -13 5178 5418
 518 406.000 408.000  10 -34 5765 6005
 519 465.000 367.000  10 -10 4047 4287
 520 330.000 281.000  10 -29 5262 5502
 521 343.000 205.000  10 -23 3009 3249
 522 117.000 110.000  10 -18 3855 4095
 523 251.000  63.000  10  -1 3890 4130
 524 493.000 493.000  10 -17 3366 3606
 525  97.000 288.000  10 -17 5076 5316
 526   5.000 224.000  10  -8    0 7441
 527 111.000 192.000  10 -11    0 7537
 528  35.000 263.000  10 -16    0 7472
 529 452.000 484.000  10 -19 5054 5294
 530  95.000  64.000  10  -8 3004 3244
 531 190.000 267.000  10 -15 6955 7195
 532 179.000 497.000  10  -1    0 7430
 533  89.000 185.000  10 -20 2339 2579
 534  33.000 286.000  10 -10    0 7468
 535 110.000 122.000  10 -11    0 7498
 536 434.000 359.000  10 -23 5509 5749
 537 426.000  38.000  10 -12    0 7412
 538 325.000 311.000  10 -13 5229 5469
 539 269.000 112.000  10 -13 4991 5231
 540  93.000 413.000  10 -13  785 1025
 541 421.000 386.000  10 -15    0 7469
 542 489.000 159.000  10 -25 5651 5891
 543  65.000 343.000  10  -5  769 1009
 544 257.000 133.000  10 -17 3389 3629
 545  67.000  24.000  10 -25 4014 4254
 546 136.000 265.000  10  -1  340  580
 547 197.000 202.000  10 -16 4755 4995
 548  44.000 440.000  10 -34    0 7407
 549 350.000 199.000  10 -12 4746 4986
 550 366.000 288.000  10 -16    0 7565
 551 154.000 392.000  10 -13    0 7516
 552 397.000  57.000  10 -14 5844 6084
 553 268.000 351.000  10 -22 6640 6880
 554 437.000  19.000  10 -15 3996 4236
 555 167.000 445.000  10 -23    0 7476
 556 408.000 318.000  10 -21 2512 2752
 557 396.000  83.000  10 -24 6286 6526
 558  41.000 120.000  10 -23 2724 2964
 559 482.000 184.000  10 -33 4367 4607
 560 470.000 405.000  10  -8 3643 3883
 561 133.000 202.000  10  -8 1782 2022
 562  12.000 358.000  10  -7 4837 5077
 563 244.000 368.000  10 -24    0 7569
 564 223.000 178.000  10 -25    0 7611
 565 498.000 457.000  10  -7    0 7364
 566 355.000 174.000  10 -15 2801 3041
 567 171.000 188.000  10  -8 2422 2662
 568 318.000 497.000  10 -21    0 7431
 569 247.000 219.000  10 -13    0 7656
 570 178.000 150.000  10 -15    0 7564
 571 102.000 422.000  10 -18    0 7461
 572 104.000  28.000  10 -24    0 7422
 573  62.000 236.000  10 -34 2172 2412
 574 173.000 474.000  10  -8 5080 5320
 575 442.000   5.000  10 -31 1221 1461
 576 295.000  89.000  10  -3    0 7520
 577 120.000 261.000  10 -20 3113 3353
 578 481.000 207.000  10 -25 3364 3604
 579 366.000 334.000  10 -18 1581 1821
 580 436.000  25.000  10 -28 5069 5309
 581  18.000 225.000  10  -4 2705 2945
 582 461.000 186.000  10 -16    0 7467
 583 405.000 454.000  10 -35    0 7431
 584 312.000 453.000  10 -24    0 7475
 585  27.000 464.000  10  -5    0 7378
 586 346.000 354.000  10 -19 3210 3450
 587 149.000 458.000  10 -45    0 7456
 588  78.000 406.000  10 -14 3782 4022
 589 210.000 113.000  10 -32 2701 2941
 590 336.000 493.000  10 -25 5912 6152
 591 169.000 305.000  10 -23    0 7590
 592 400.000  71.000  10 -40 5428 5668
 593 411.000 379.000  10 -25 4713 4953
 594  30.000  97.000  10 -27 4781 5021
 595 138.000 406.000  10 -24 4804 5044
 596 173.000  65.000  10 -23 1734 1974
 597  27.000 444.000  10 -27 4261 4501
 598 328.000 491.000  10 -21 2653 2893
 599 272.000 420.000  10 -17 5483 5723
 600 421.000 499.000  10  -7 5321 5561
 601 243.000 402.000  10  -3    0 7535
 602 238.000 123.000  10 -25    0 7560
 603 371.000 315.000  10 -28 4603 4843
 604   7.000 194.000  10 -26 3745 3985
 605 359.000 287.000  10 -19    0 7572
 606  89.000 322.000  10 -12 4023 4263
 607 423.000 315.000  10 -15    0 7503
 608 181.000 260.000  10 -15    0 7618
 609 415.000 118.000  10 -21    0 7476
 610 495.000 227.000  10 -21 1316 1556
 611 365.000 274.000  10 -36  350  590
 612 210.000 379.000  10  -8    0 7552
 613 172.000  66.000  10 -21 5151 5391
 614 448.000 414.000  10 -21    0 7430
 615 103.000 464.000  10 -11    0 7428
 616 272.000 234.000  10 -22 6301 6541
 617  13.000 214.000  10 -26 5354 5594
 618 240.000 255.000  10 -14 6384 6624
 619  69.000 266.000  10 -22 2973 3213
 620  23.000 235.000  10 -28 4033 4273
 621 389.000 156.000  10  -6 2802 3042
 622 466.000 149.000  10 -15 4684 4924
 623 114.000 460.000  10 -17 4284 4524
 624 404.000 140.000  10 -22 4975 5215
 625 328.000 458.000  10 -30    0 7465
 626  58.000  39.000  10  -2 4592 4832
 627 374.000 116.000  10 -35    0 7505
 628  68.000 303.000  10 -25  825 1065
 629 282.000   1.000  10 -26 4110 4350
 630 342.000 481.000  10  -2 5700 5940
 631 360.000 294.000  10 -31    0 7569
 632 199.000 438.000  10 -30    0 7493
 633 371.000 427.000  10 -32 3773 4013
 634 476.000  61.000  10  -3 1735 1975
 635  34.000 239.000  10 -10  816 1056
 636 166.000 345.000  10 -23 4459 4699
 637 247.000 443.000  10 -19    0 7494
 638  61.000 214.000  10  -7 1307 1547
 639 498.000 456.000  10  -9 5564 5804
 640 295.000 283.000  10 -23 3513 3753
 641 245.000 461.000  10 -15    0 7476
 642 367.000  97.000  10 -15    0 7495
 643  64.000 135.000  10 -25 3413 3653
 644 168.000 109.000  10 -17  757  997
 645 257.000  57.000  10  -8 4844 5084
 646 245.000 176.000  10 -10 4879 5119
 647 209.000  68.000  10 -13 6212 6452
 648 153.000 362.000  10 -36 4585 4825
 649 179.000 318.000  10  -8    0 7589
 650 226.000 175.000  10 -13 6715 6955
 651 211.000 411.000  10  -2 4526 4766
 652 437.000  90.000  10 -18 2280 2520
 653 134.000 276.000  10 -14    0 7569
 654 377.000 385.000  10 -15 3405 3645
 655 195.000 450.000  10 -10 5884 6124
 656 179.000 286.000  10  -5 1305 1545
 657 432.000  66.000  10  -9    0 7429
 658  43.000 360.000  10 -16 3281 3521
 659 278.000 450.000  10 -33 5440 5680
 660 330.000 147.000  10 -26 3334 3574
 661 261.000 201.000  10 -18 5996 6236
 662 325.000  56.000  10 -28 3126 3366
 663 200.000  27.000  10 -23    0 7459
 664  12.000 367.000  10 -22 1243 1483
 665 157.000 269.000  10 -31 6245 6485
 666 136.000 430.000  10 -17 2781 3021
 667 137.000 377.000  10 -26    0 7518
 668 108.000  37.000  10 -33 2138 2378
 669 425.000 448.000  10 -31 3118 3358
 670  55.000 318.000  10 -16 1188 1428
 671 466.000  96.000  10 -21 5473 5713
 672 178.000 420.000  10 -16 4225 4465
 673 417.000 212.000  10 -10    0 7516
 674 306.000  42.000  10  -6 1847 2087
 675  64.000 198.000  10 -22 4294 4534
 676  75.000 118.000  10 -20 1576 1816
 677 449.000 428.000  10 -26 4927 5167
 678 461.000 195.000  10 -18 5520 5760
 679 202.000 391.000  10 -12 2434 2674
 680 398.000  49.000  10 -20 3107 3347
 681 387.000 394.000  10  -3    0 7489
 682 460.000 424.000  10 -13 5758 5998
 683 186.000 135.000  10 -11    0 7556
 684 149.000  98.000  10 -26 4600 4840
 685 439.000 237.000  10 -29 3694 3934
 686 283.000 438.000  10 -21  866 1106
 687 365.000  74.000  10 -14 3334 3574
 688  87.000 213.000  10 -35    0 7520
 689 352.000 241.000  10 -31 3109 3349
 690 457.000 280.000  10 -19 3939 4179
 691 229.000 322.000  10 -23 6581 6821
 692 456.000 113.000  10  -1 4849 5089
 693 295.000 247.000  10 -12 5154 5394
 694 245.000  42.000  10  -6 2129 2369
 695  24.000  71.000  10 -14 1324 1564
 696 322.000 290.000  10  -5    0 7605
 697 240.000  34.000  10 -13 6178 6418
 698 240.000 240.000  10 -19 6738 6978
 699  43.000 135.000  10 -22    0 7451
 700 164.000 332.000  10 -38 5059 5299
 701 491.000 369.000  10 -25 2858 3098
 702 285.000 247.000  10 -13    0 7652
 703 351.000 481.000  10 -10 1227 1467
 704 153.000 192.000  10 -17    0 7574
 705 117.000 178.000  10 -28 4409 4649
 706  56.000 268.000  10 -20 4196 4436
 707 343.000 166.000  10 -21 3444 3684
 708  41.000 232.000  10 -19    0 7478
 709 454.000 201.000  10 -13 5160 5400
 710 492.000 335.000  10 -23 3253 3493
 711 472.000  57.000  10 -19    0 7393
 712 111.000 178.000  10  -6  506  746
 713  59.000 388.000  10 -26 2591 2831
 714 102.000   6.000  10 -19 5774 6014
 715 411.000 396.000  10 -22 3621 3861
 716 405.000 349.000  10 -25    0 7504
 717  29.000 358.000  10 -23 2383 2623
 718 488.000  96.000  10  -5 4205 4445
 719 440.000 201.000  10 -25    0 7491
 720 248.000 176.000  10 -24 5546 5786
 721 178.000 135.000  10  -6 5995 6235
 722 241.000 402.000  10 -15 4039 4279
 723 495.000 355.000  10 -36 4913 5153
 724 195.000 111.000  10 -14 3932 4172
 725 162.000 301.000  10 -15 6392 6632
 726 406.000 460.000  10 -40 2817 3057
 727  69.000 423.000  10 -31 3150 3390
 728 354.000 156.000  10 -15 3270 3510
 729 450.000 194.000  10  -7 2439 2679
 730 174.000  41.000  10 -18    0 7465
 731 257.000 391.000  10 -10 6472 6712
 732 440.000  77.000  10 -14 3592 3832
 733 460.000 328.000  10 -13  816 1056
 734 392.000 491.000  10 -21 4471 4711
 735  80.000 337.000  10 -19 4417 4657
 736 456.000 157.000  10 -24 5760 6000
 737   7.000 382.000  10 -32 3022 3262
 738  56.000  75.000  10 -14 5691 5931
 739  80.000 400.000  10 -22 5725 5965
 740  36.000 451.000  10 -20 3495 3735
 741  64.000   5.000  10 -26 4456 4696
 742  53.000 204.000  10 -17 4160 4400
 743 402.000 277.000  10 -11 5694 5934
 744 209.000 212.000  10 -15 6051 6291
 745  94.000 192.000  10 -26    0 7521
 746 475.000 352.000  10 -12    0 7440
 747 168.000  59.000  10 -18    0 7480
 748 239.000 486.000  10 -26    0 7451
 749 171.000 303.000  10 -14 6297 6537
 750  80.000 251.000  10 -17 1154 1394
 751  71.000 304.000  10 -29 2696 2936
 752 347.000 459.000  10  -4 1858 2098
 753 156.000  65.000  10 -32 4089 4329
 754  30.000   7.000  10 -30 4694 4934
 755 100.000  66.000  10 -14 5539 5779
 756 175.000 352.000  10 -20 6600 6840
 757 463.000 253.000  10 -15 4128 4368
 758 182.000 480.000  10 -25    0 7448
 759 398.000 341.000  10 -24 3697 3937
 760 481.000 454.000  10 -25 1222 1462
 761  64.000 437.000  10  -7    0 7424
 762 318.000  99.000  10 -24 4791 5031
 763 385.000 285.000  10 -19 3412 3652
 764  92.000  18.000  10  -3 4437 4677
 765 471.000 368.000  10 -27 1652 1892
 766 224.000 320.000  10 -28 5075 5315
 767 390.000  34.000  10 -25 4181 4421
 768 188.000 151.000  10 -29 5127 5367
 769 327.000 139.000  10 -12 4969 5209
 770 264.000 180.000  10 -15 6663 6903
 771  60.000 231.000  10 -19 4044 4284
 772 393.000  98.000  10 -20 2950 3190
 773 250.000  57.000  10  -7    0 7494
 774 325.000 147.000  10 -31    0 7560
 775 469.000 489.000  10 -18 2162 2402
 776 388.000  44.000  10 -36 4463 4703
 777 159.000 226.000  10  -8  256  496
 778 124.000 448.000  10  -9 1414 1654
 779  26.000 442.000  10 -22    0 7392
 780 348.000 348.000  10 -26    0 7549
 781  44.000 115.000  10 -20  865 1105
 782  67.000 190.000  10  -5 4633 4873
 783 228.000 260.000  10 -24 6362 6602
 784  68.000  53.000  10 -11    0 7419
 785  30.000 155.000  10 -16 5062 5302
 786  69.000 414.000  10  -9 4993 5233
 787  44.000 311.000  10 -14 1570 1810
 788 371.000 423.000  10 -12  724  964
 789 248.000 214.000  10 -14 5857 6097
 790 352.000 487.000  10 -34    0 7429
 791 365.000 119.000  10 -28    0 7513
 792 438.000 127.000  10 -26 3704 3944
 793 497.000 483.000  10 -13 1354 1594
 794 306.000 229.000  10 -10    0 7628
 795 176.000 199.000  10 -19    0 7598
 796 364.000 173.000  10 -16  661  901
 797 161.000 416.000  10 -14    0 7499
 798 274.000 442.000  10 -14 4205 4445
 799 394.000 310.000  10  -7 4334 4574
 800 268.000 288.000  10 -32 5008 5248
 801 323.000  77.000  10  -5 5560 5800
 802   1.000 101.000  10 -17 4969 5209
 803 422.000 498.000  10 -23 2708 2948
 804 210.000 219.000  10 -21    0 7637
 805 352.000  63.000  10 -10 4653 4893
 806  68.000 450.000  10 -46    0 7417
 807 235.000  33.000  10 -30    0 7470
 808  34.000 329.000  10  -5 4112 4352
 809 370.000 262.000  10 -27 4338 4578
 810 188.000 119.000  10  -1 3839 4079
 811 174.000 397.000  10  -3 4919 5159
 812 179.000  75.000  10 -19 2900 3140
 813  80.000 357.000  10 -25 2062 2302
 814  49.000 118.000  10 -16    0 7447
 815 396.000 417.000  10 -16    0 7466
 816  84.000 453.000  10 -26 4832 5072
 817   9.000 101.000  10 -21    0 7404
 818 282.000  10.000  10 -10 4986 5226
 819 405.000 187.000  10 -15 4942 5182
 820 376.000 113.000  10 -13    0 7501
 821 428.000 202.000  10 -31 3555 3795
 822 187.000 263.000  10 -24    0 7623
 823 107.000 374.000  10 -11 3597 3837
 824 276.000  84.000  10 -12    0 7519
 825   0.000 422.000  10 -30 3224 3464
 826 442.000 153.000  10 -10 4695 4935
 827 489.000 274.000  10 -14 2075 2315
 828  48.000 150.000  10 -20 2560 2800
 829 404.000 207.000  10  -8 3582 3822
 830  13.000 394.000  10 -25    0 7410
 831 202.000  28.000  10  -2 3677 3917
 832 323.000  34.000  10 -11    0 7459
 833 313.000 391.000  10 -15  538  778
 834 284.000 319.000  10  -4 3207 3447
 835 274.000 261.000  10 -23 6768 7008
 836 459.000  53.000  10 -14 4429 4669
 837 339.000 113.000  10 -26 2982 3222
 838 466.000 362.000  10 -14 4549 4789
 839 290.000 145.000  10 -17 5066 5306
 840 317.000  45.000  10 -18 2573 2813
 841 460.000 117.000  10  -5 2019 2259
 842  68.000 160.000  10 -24    0 7484
 843 303.000 186.000  10 -13    0 7604
 844 225.000 269.000  10  -5 5023 5263
 845 354.000 416.000  10  -9 2657 2897
 846  68.000 240.000  10 -18 3118 3358
 847 447.000 184.000  10 -15    0 7480
 848 283.000 454.000  10 -17 5000 5240
 849  11.000 403.000  10 -22 1312 1552
 850 345.000 146.000  10 -15 5696 5936
 851 267.000 174.000  10 -14 6413 6653
 852 372.000 115.000  10 -16    0 7506
 853  45.000 166.000  10 -15    0 7466
 854 167.000 291.000  10 -12    0 7595
 855 185.000 434.000  10 -13 2234 2474
 856 500.000 228.000  10 -25 3067 3307
 857  19.000 273.000  10 -26    0 7455
 858 493.000 111.000  10 -32 2104 2344
 859 292.000 136.000  10 -32 3062 3302
 860 262.000  97.000  10 -28 3728 3968
 861 450.000  45.000  10 -17 1954 2194
 862 265.000   0.000  10 -12 3524 3764
 863 435.000 180.000  10  -7    0 7490
 864 181.000 185.000  10  -8 6395 6635
 865 253.000  74.000  10 -20 5340 5580
 866 413.000 345.000  10  -4 4812 5052
 867 455.000 168.000  10 -11 3407 3647
 868  76.000 462.000  10 -13 3764 4004
 869 470.000 417.000  10  -3    0 7411
 870 150.000 484.000  10 -23 2441 2681
 871   6.000 196.000  10 -15 4753 4993
 872  57.000  43.000  10 -32 4034 4274
 873 253.000 118.000  10 -12 2129 2369
 874 404.000  59.000  10 -19    0 7442
 875  80.000 117.000  10 -13 3237 3477
 876 380.000 194.000  10 -12 2794 3034
 877 485.000 104.000  10 -21 3118 3358
 878 453.000 318.000  10 -15 1435 1675
 879 228.000 399.000  10  -1 2285 2525
 880  82.000 183.000  10 -19 4347 4587
 881 330.000 308.000  10 -22 4622 4862
 882 299.000 285.000  10 -10 4955 5195
 883 351.000  60.000  10 -14    0 7472
 884  16.000 287.000  10 -30    0 7451
 885 485.000 428.000  10 -29 5900 6140
 886 230.000 487.000  10 -28    0 7450
 887 270.000 337.000  10 -10 7071 7311
 888 413.000 391.000  10 -10  808 1048
 889 361.000 178.000  10 -13 3830 4070
 890 171.000  24.000  10 -24    0 7448
 891  50.000 383.000  10 -13  980 1220
 892 429.000  67.000  10 -21 2869 3109
 893 437.000  98.000  10  -2 4395 4635
 894 181.000 441.000  10 -27 2107 2347
 895 371.000 332.000  10 -18    0 7541
 896  32.000  94.000  10  -2 3661 3901
 897  61.000 170.000  10 -10 3963 4203
 898 308.000 199.000  10 -18 5973 6213
 899 452.000 172.000  10 -18    0 7471
 900 150.000  68.000  10  -5 1631 1871
 901  63.000 420.000  10  -7 2018 2258
 902  80.000 279.000  10 -21 4571 4811
 903 440.000 436.000  10 -20 3508 3748
 904 452.000 110.000  10 -14 1301 1541
 905 451.000  62.000  10 -27    0 7412
 906 291.000 213.000  10 -21 4971 5211
 907 376.000  92.000  10 -31 3902 4142
 908  91.000 427.000  10  -4 3470 3710
 909 213.000 283.000  10 -11 5824 6064
 910  48.000 366.000  10 -26    0 7455
 911 221.000 269.000  10 -21 5002 5242
 912  33.000 268.000  10 -17 2723 2963
 913 130.000 494.000  10 -21 2975 3215
 914 390.000 120.000  10 -33 3957 4197
 915 449.000 190.000  10 -12 4500 4740
 916  90.000 477.000  10 -25    0 7410
 917  63.000 155.000  10 -35 3799 4039
 918 331.000 356.000  10 -23    0 7554
 919 441.000 177.000  10  -9 3945 4185
 920 165.000  59.000  10 -23 3711 3951
 921 492.000 188.000  10 -19 2801 3041
 922 105.000 140.000  10 -22  608  848
 923 241.000  38.000  10 -26 2067 2307
 924 498.000 171.000  10 -17 4966 5206
 925 321.000 149.000  10 -18 5638 5878
 926 158.000  24.000  10 -27 2385 2625
 927 195.000 464.000  10 -12    0 7467
 928 211.000 446.000  10 -29    0 7488
 929  94.000 344.000  10 -17 2669 2909
 930 359.000 246.000  10 -23 5631 5871
 931 468.000 352.000  10 -18 3013 3253
 932 268.000 113.000  10 -15 2659 2899
 933 294.000 421.000  10 -24 6242 6482
 934 492.000 326.000  10 -17 4756 4996
 935 480.000 152.000  10 -30 4026 4266
 936 253.000  50.000  10  -9  843 1083
 937 343.000  34.000  10 -12 2839 3079
 938  59.000 276.000  10 -12    0 7495
 939 436.000 467.000  10 -12 2884 3124
 940  24.000 259.000  10 -31 1420 1660
 941  46.000 248.000  10 -23 3195 3435
 942  66.000  88.000  10 -15 3259 3499
 943 475.000 267.000  10  -9 3058 3298
 944 111.000 392.000  10 -31 4616 4856
 945 372.000  97.000  10 -23    0 7492
 946 261.000 359.000  10 -25  318  558
 947 337.000 232.000  10 -21 6222 6462
 948 284.000 457.000  10 -20 5934 6174
 949  94.000  40.000  10 -15 4212 4452
 950 365.000 190.000  10 -16 5850 6090
 951 243.000 408.000  10 -14 5675 5915
 952  60.000   5.000  10 -32 4115 4355
 953  67.000 451.000  10 -30    0 7416
 954 374.000 346.000  10 -33    0 7531
 955 494.000 165.000  10 -31 2357 2597
 956 208.000 445.000  10 -11 5270 5510
 957 246.000 314.000  10 -18 5721 5961
 958 293.000 228.000  10  -9   73  313
 959 225.000 121.000  10 -16    0 7556
 960 351.000 148.000  10 -24    0 7544
 961 335.000  99.000  10 -23 4814 5054
 962 426.000 231.000  10 -20 4054 4294
 963 341.000  59.000  10 -15 3099 3339
 964 172.000  24.000  10 -25 5749 5989
 965 177.000 486.000  10 -13 6329 6569
 966 471.000  94.000  10 -22 3935 4175
 967  25.000  53.000  10 -13 4020 4260
 968  87.000 311.000  10 -22    0 7513
 969 100.000  85.000  10 -19 1344 1584
 970 148.000 462.000  10 -11 2847 3087
 971 360.000 284.000  10 -24 2606 2846
 972  26.000  67.000  10  -3 5207 5447
 973 487.000 320.000  10 -20 3371 3611
 974 407.000  35.000  10 -15 5093 5333
 975  93.000 490.000  10  -9 1457 1697
 976 475.000 198.000  10 -11 3281 3521
 977 217.000 207.000  10 -27 5470 5710
 978  79.000 257.000  10 -40 3752 3992
 979  86.000 189.000  10 -37  847 1087
 980 380.000 350.000  10 -12 3406 3646
 981 128.000 113.000  10 -23    0 7504
 982  52.000  18.000  10 -35 3368 3608
 983 330.000 138.000  10 -15 4378 4618
 984 135.000  30.000  10 -14    0 7439
 985 391.000 112.000  10 -13 3941 4181
 986 142.000  14.000  10 -29 3281 3521
 987 218.000 271.000  10 -11 6235 6475
 988 281.000  96.000  10 -32 4443 4683
 989 286.000 244.000  10 -15 5076 5316
 990 311.000 422.000  10 -22 3892 4132
 991 418.000 251.000  10 -19 4727 4967
 992 212.000 186.000  10 -21 6826 7066
 993 413.000 493.000  10 -25 4813 5053
 994   7.000  82.000  10 -27 1586 1826
 995 341.000  72.000  10 -20 3159 3399
 996 478.000 300.000  10 -13 3498 3738
 997 274.000 441.000  10 -33 2718 2958
 998 482.000 104.000  10 -13    0 7413
 999 287.000 397.000  10  -7 2197 2437
1000 420.000 383.000  10  -7 3868 4108
1001 172.000 314.000  10 -22    0 7587
1002  89.000 358.000  10 -16 4929 5169
1003 377.000 432.000  10 -22    0 7466
1004 215.000 434.000  10 -33  710  950
1005 143.000 158.000  10  -9  490  730
1006  32.000 191.000  10 -23 2285 2525
1007 463.000 406.000  10 -18    0 7423
1008 215.000 282.000  10 -20 5702 5942
1009  33.000 278.000  10 -19 5889 6129
1010  91.000 326.000  10 -21    0 7511
1011 489.000 338.000  10  -6 5529 5769
1012  10.000 407.000  10 -12 1678 1918
1013 250.000 250.000   0   0    0 7697
