504 504 1000 1000 1000
   0 250.000 250.000   0   0    0 7697
   1 290.000 145.000  10   5    0 7575
   2 340.000 291.000  10  22 1822 2062
   3 273.000 255.000  10  18    0 7664
   4 117.000 178.000  10  28 4409 4649
   5 436.000 123.000  10  40    0 7462
   6 376.000  92.000  10  10    0 7485
   7   3.000  23.000  10  11 1506 1746
   8 307.000 249.000  10  10    0 7630
   9 179.000 286.000  10   8 1305 1545
  10   0.000 356.000  10  13    0 7416
  11 143.000 158.000  10  12    0 7546
  12 371.000 488.000  10  10 2271 2511
  13 415.000 118.000  10  19    0 7476
  14 440.000  77.000  10  14    0 7431
  15 490.000 286.000  10  29    0 7445
  16 309.000 161.000  10  23 2273 2513
  17 447.000 383.000  10  17  831 1071
  18 346.000 354.000  10   8 3210 3450
  19 461.000 195.000  10  26    0 7469
  20 365.000  74.000  10  24 3334 3574
  21 168.000 109.000  10  10    0 7524
  22 111.000 192.000  10  11    0 7537
  23  62.000  94.000  10  16    0 7443
  24 348.000 476.000  10  19    0 7441
  25  64.000 437.000  10  11    0 7424
  26  56.000  75.000  10  24    0 7426
  27  24.000 259.000  10  19    0 7461
  28   6.000  53.000  10   8    0 7374
  29 317.000  45.000  10   8    0 7472
  30  33.000 278.000  10  18    0 7469
  31 159.000 226.000  10  16  256  496
  32 453.000 360.000  10  13  804 1044
  33 393.000  98.000  10  13 2950 3190
  34 374.000 116.000  10   9    0 7505
  35 191.000  84.000  10  13    0 7511
  36  59.000 276.000  10  11    0 7495
  37 215.000 293.000  10  13  102  342
  38 343.000 276.000  10  15  266  506
  39 488.000 173.000  10  25 4781 5021
  40 452.000 110.000  10  14    0 7442
  41 176.000 200.000  10  17 2210 2450
  42 498.000 171.000  10  12    0 7427
  43 177.000 156.000  10  25    0 7568
  44 398.000  49.000  10  21    0 7438
  45 128.000 113.000  10  22    0 7504
  46   0.000 422.000  10   8    0 7384
  47 166.000 247.000  10   1  216  456
  48 460.000 117.000  10  14    0 7439
  49 440.000 436.000  10  18 3508 3748
  50 407.000  35.000  10  11    0 7421
  51 420.000 383.000  10  27    0 7472
  52 440.000 294.000  10  16    0 7492
  53 144.000 331.000  10  13    0 7554
  54 461.000 186.000  10  16    0 7467
  55  34.000 239.000  10  16  816 1056
  56 465.000 367.000  10  14    0 7443
  57 231.000 167.000  10  15  221  461
  58 179.000  75.000  10  13 2900 3140
  59 196.000 489.000  10  23 4061 4301
  60 108.000  37.000  10  23    0 7432
  61  38.000 190.000  10  23    0 7467
  62 471.000 427.000  10   8    0 7404
  63 146.000 376.000  10   8    0 7524
  64  12.000 358.000  10   7    0 7426
  65 457.000 492.000  10   7    0 7369
  66  69.000 423.000  10  32    0 7437
  67  97.000 288.000  10  22    0 7530
  68 170.000 347.000  10  15    0 7562
  69 103.000 123.000  10   8    0 7493
  70 154.000 374.000  10  36    0 7531
  71 241.000 180.000  10  13    0 7617
  72  94.000 192.000  10   1    0 7521
  73 232.000 101.000  10  24    0 7537
  74 174.000 376.000  10   8    0 7540
  75 293.000 174.000  10  31    0 7600
  76 110.000 122.000  10  14    0 7498
  77 173.000 474.000  10  14    0 7451
  78 495.000 227.000  10  20    0 7441
  79 213.000 399.000  10  18    0 7534
  80 448.000 414.000  10  23    0 7430
  81 327.000 139.000  10  13 4969 5209
  82 425.000 448.000  10   9 3118 3358
  83 468.000 360.000  10  16    0 7443
  84 469.000 489.000  10   4    0 7363
  85 174.000  41.000  10  15    0 7465
  86  92.000  18.000  10   8    0 7407
  87 250.000 328.000  10  24    0 7609
  88  18.000 225.000  10   8    0 7454
  89 195.000 450.000  10  16    0 7480
  90 221.000 269.000  10  14    0 7653
  91 218.000 271.000  10  16    0 7649
  92  89.000 322.000  10  21    0 7511
  93 180.000 283.000  10  23    0 7610
  94 245.000 176.000  10  20 4879 5119
  95 236.000 126.000  10  23    0 7563
  96  61.000 441.000  10  27 2115 2355
  97 405.000 454.000  10  11    0 7431
  98 111.000 392.000  10  18    0 7489
  99 247.000 443.000  10  17    0 7494
 100 322.000 406.000  10  17    0 7516
 101 374.000 346.000  10  27    0 7531
 102 261.000 359.000  10  10    0 7578
 103 173.000 182.000  10  25  291  531
 104 413.000 127.000  10  28    0 7483
 105  67.000 378.000  10  26    0 7464
 106 498.000 457.000  10  15    0 7364
 107  44.000 344.000  10  12    0 7461
 108 237.000 420.000  10  15    0 7517
 109 389.000  43.000  10  21    0 7438
 110 245.000 461.000  10   8    0 7476
 111 415.000 253.000  10  21    0 7522
 112 298.000 264.000  10  36   80  320
 113 307.000 412.000  10   8    0 7516
 114 262.000  97.000  10  17    0 7534
 115 390.000 249.000  10  21    0 7547
 116 132.000 479.000  10  11  910 1150
 117 359.000 246.000  10  18    0 7578
 118 343.000 166.000  10  28 3444 3684
 119 162.000 306.000  10  22  417  657
 120 100.000  85.000  10  14    0 7465
 121  26.000  67.000  10  15    0 7398
 122 385.000 285.000  10  13 3412 3652
 123 167.000 488.000  10  17  940 1180
 124 413.000 493.000  10  26 4813 5053
 125 439.000 222.000  10  22    0 7496
 126 150.000 484.000  10  16    0 7433
 127 299.000 353.000  10  34    0 7573
 128 273.000 300.000  10  30    0 7632
 129 351.000  60.000  10  15    0 7472
 130 144.000  35.000  10  26    0 7448
 131 408.000 318.000  10  15    0 7515
 132  93.000 490.000  10   2 1457 1697
 133 241.000 402.000  10  11    0 7535
 134  60.000 231.000  10  32    0 7497
 135 286.000 356.000  10  30  328  568
 136 226.000 175.000  10  23    0 7609
 137 488.000   3.000  10   3    0 7344
 138 178.000 150.000  10  33    0 7564
 139 153.000 235.000  10  10    0 7589
 140 255.000 487.000  10  19    0 7450
 141 267.000 374.000  10  23    0 7562
 142 325.000 210.000  10  15    0 7602
 143  76.000 462.000  10  18    0 7413
 144  19.000 273.000  10  25    0 7455
 145  72.000 227.000  10  25    0 7508
 146 274.000 442.000  10  17    0 7494
 147 372.000  39.000  10  10    0 7444
 148 269.000 112.000  10  19    0 7548
 149 224.000  56.000  10  13    0 7492
 150   6.000 196.000  10  20    0 7438
 151  87.000   3.000  10  13    0 7392
 152 133.000 202.000  10  33    0 7561
 153 435.000 180.000  10  37    0 7490
 154 173.000  65.000  10  12 1734 1974
 155 384.000 149.000  10  18    0 7520
 156  51.000 286.000  10  14    0 7485
 157 267.000 290.000  10  15   54  294
 158 429.000  59.000  10   9 1775 2015
 159  58.000 391.000  10  16 3469 3709
 160 198.000  85.000  10  28  990 1230
 161 138.000  28.000  10  23 4326 4566
 162  29.000 336.000  10  22    0 7450
 163 157.000 269.000  10  31    0 7593
 164 202.000  28.000  10  22    0 7460
 165 149.000 458.000  10  13    0 7456
 166 481.000 454.000  10  14    0 7379
 167  96.000 346.000  10  26    0 7506
 168 224.000 320.000  10  36 5075 5315
 169 206.000  97.000  10  33 1732 1972
 170 420.000 224.000  10  10    0 7516
 171 195.000 273.000  10  22  118  358
 172 233.000 230.000  10  20    0 7661
 173 382.000 360.000  10  26    0 7516
 174 246.000 407.000  10  12    0 7530
 175 432.000   2.000  10  20 1806 2046
 176 404.000 439.000  10   3    0 7444
 177 397.000 477.000  10  13    0 7417
 178 397.000 153.000  10  29 3470 3710
 179 354.000 156.000  10  20    0 7547
 180 201.000  66.000  10  14    0 7497
 181 389.000 156.000  10  27 2802 3042
 182 134.000 211.000  10  35  422  662
 183 335.000  99.000  10  25    0 7514
 184 356.000 256.000  10  19    0 7581
 185 240.000 362.000  10  23    0 7575
 186 412.000 100.000  10   1    0 7467
 187 394.000 322.000  10  12    0 7527
 188 225.000 121.000  10  18    0 7556
 189 250.000 441.000  10   5    0 7496
 190 450.000 416.000  10  25 2247 2487
 191 243.000 408.000  10  15 5675 5915
 192  33.000 152.000  10  17 5220 5460
 193 456.000 113.000  10  17    0 7440
 194  26.000 221.000  10  28    0 7462
 195  79.000 257.000  10  26 3752 3992
 196 181.000 185.000  10  19    0 7593
 197  67.000 190.000  10  25    0 7495
 198  32.000  94.000  10  14 3661 3901
 199 376.000 113.000  10   8    0 7501
 200 409.000 255.000   0  23    0 7528
 201 363.000  34.000  10  19    0 7444
 202 146.000 188.000  10   6    0 7566
 203 379.000 486.000  10  22    0 7419
 204 440.000 284.000  10  25    0 7494
 205 282.000   1.000  10  18 4110 4350
 206 480.000 131.000  10   5    0 7429
 207 429.000  67.000  10  16    0 7432
 208 162.000 301.000  10  16    0 7586
 209 281.000  96.000  10   1    0 7530
 210 288.000  70.000  10  24    0 7504
 211  66.000 163.000  10   6    0 7484
 212 342.000 319.000  10  36    0 7572
 213 448.000 495.000  10  40    0 7372
 214  13.000 465.000  10  31    0 7368
 215 489.000 159.000  10  29 5651 5891
 216 311.000 203.000  10  15    0 7610
 217 480.000 119.000  10   7    0 7423
 218 442.000 153.000  10  29 4695 4935
 219 233.000  87.000  10  18  950 1190
 220  84.000 377.000  10  10 3645 3885
 221 292.000  32.000  10  14    0 7465
 222 418.000  75.000  10  11 1732 1972
 223 451.000 305.000  10  13    0 7479
 224 318.000 280.000  10  21  177  417
 225 460.000 328.000  10  13    0 7463
 226  91.000  27.000  10  14    0 7414
 227 360.000 284.000  10  19 2606 2846
 228 153.000 362.000  10   7    0 7539
 229  32.000 191.000  10   5 2285 2525
 230 325.000 147.000  10  14    0 7560
 231 328.000 458.000  10  17    0 7465
 232 131.000 246.000  10  17    0 7568
 233 168.000  59.000  10   6    0 7480
 234 218.000 403.000  10  15    0 7531
 235 251.000  63.000  10  14 3890 4130
 236 388.000  44.000  10  22    0 7440
 237 381.000 328.000  10  12    0 7535
 238 132.000  32.000  10  18    0 7440
 239 334.000 403.000  10  26  578  818
 240  83.000 290.000  10  14    0 7516
 241 411.000 396.000  10  23    0 7470
 242 243.000 402.000  10  13    0 7535
 243 268.000 288.000  10  26    0 7645
 244 476.000  61.000  10  36    0 7393
 245 191.000 215.000  10  17  154  394
 246 253.000  50.000  10  27    0 7487
 247 297.000 304.000  10   4    0 7616
 248  80.000 279.000  10  19    0 7515
 249  68.000 240.000  10  11 3118 3358
 250 193.000 138.000  10  30    0 7562
 251 306.000  42.000  10  11    0 7472
 252 247.000 219.000  10  17    0 7656
 253  98.000  29.000  10  14 4126 4366
 254 102.000   6.000  10   3    0 7402
 255 172.000  24.000  10  17 5749 5989
 256 352.000 241.000  10   5 3109 3349
 257 133.000 455.000  10  25    0 7451
 258 364.000 173.000  10  30  661  901
 259 442.000 289.000  10  25    0 7492
 260  48.000 412.000  10   7    0 7429
 261 344.000  70.000  10  24 4523 4763
 262 157.000  38.000  10   3    0 7456
 263 374.000 260.000  10  27    0 7563
 264 210.000 113.000  10  28    0 7545
 265 215.000 434.000  10   9    0 7500
 266 262.000  92.000  10  25 2462 2702
 267 140.000 108.000  10  29    0 7508
 268 235.000 108.000  10  12    0 7545
 269 210.000 133.000  10  15    0 7564
 270 394.000 310.000  10  10 4334 4574
 271 126.000 391.000  10  19    0 7500
 272 354.000 416.000  10  10 2657 2897
 273 202.000 391.000  10  30 2434 2674
 274 367.000  97.000  10  17    0 7495
 275 111.000 178.000  10  18    0 7531
 276 441.000   7.000  10  20    0 7378
 277 200.000  78.000  10  31    0 7508
 278 330.000 281.000  10  14    0 7602
 279 438.000 488.000  10  18 1249 1489
 280 273.000  70.000  10  36    0 7506
 281 214.000 245.000  10   8    0 7651
 282 221.000 291.000  10   9    0 7637
 283  79.000 467.000  10  22 1346 1586
 284 481.000 207.000  10  34    0 7453
 285 199.000 203.000  10  20    0 7618
 286 100.000 266.000  10   5    0 7537
 287  62.000 375.000  10  16 1335 1575
 288 163.000 472.000  10   9    0 7449
 289  13.000 314.000  10  14    0 7442
 290 365.000 190.000  10  22    0 7558
 291 349.000  43.000  10  26    0 7458
 292 489.000 457.000  10  13    0 7371
 293 181.000 441.000  10  25    0 7484
 294 306.000 229.000  10  10    0 7628
 295 492.000 326.000  10  19 4756 4996
 296 347.000 459.000  10  25    0 7457
 297 134.000 194.000  10  19    0 7559
 298 489.000 274.000  10  31    0 7447
 299 231.000 410.000  10  14    0 7526
 300 432.000 199.000  10   7    0 7498
 301  62.000 236.000  10  29 2172 2412
 302 125.000  65.000  10  17    0 7464
 303 365.000 274.000  10  14  350  590
 304 117.000 110.000   0  13    0 7494
 305 166.000 345.000  10  14    0 7561
 306 324.000  99.000  10  10    0 7519
 307  72.000 477.000  10  46    0 7399
 308 487.000 320.000  10  21    0 7440
 309 303.000 186.000  10  10    0 7604
 310 264.000 135.000  10   1    0 7572
 311 187.000  61.000  10  19 2120 2360
 312  89.000 185.000  10  16    0 7514
 313 341.000  59.000  10  27    0 7476
 314 164.000 473.000  10  26 1125 1365
 315 171.000  34.000  10  21    0 7458
 316 448.000 404.000  10  15 2336 2576
 317 115.000 296.000  10  24 6055 6295
 318  69.000 266.000  10  12    0 7506
 319 450.000  45.000  10  24 1954 2194
 320 351.000 148.000  10  30    0 7544
 321  80.000 458.000  10  30    0 7419
 322 497.000  18.000  10  10    0 7349
 323 391.000 202.000  10  14    0 7539
 324 449.000 190.000  10   2    0 7480
 325  20.000 480.000  10  25    0 7362
 326  61.000 170.000  10  20    0 7482
 327 210.000  81.000  10   2    0 7514
 328  87.000 311.000  10   7    0 7513
 329 397.000  57.000  10  17    0 7445
 330 207.000 487.000   0   4    0 7447
 331 210.000 379.000  10  12    0 7552
 332 437.000  19.000  10  15    0 7390
 333 181.000 260.000  10  23    0 7618
 334  80.000 400.000  10  10 5725 5965
 335 215.000 129.000  10  17    0 7562
 336 187.000  73.000   0  18    0 7500
 337 274.000 403.000  10  17    0 7533
 338 434.000 359.000  10  13    0 7474
 339 257.000  57.000  10  18    0 7494
 340 428.000 202.000  10  24    0 7503
 341  33.000 286.000  10  11    0 7468
 342 351.000 128.000  10  15    0 7529
 343 386.000 245.000  10  16    0 7551
 344   9.000 101.000  10  16    0 7404
 345  43.000 360.000  10   2    0 7453
 346 396.000 417.000  10  13    0 7466
 347 306.000 235.000  10  25  112  352
 348  95.000  64.000  10   4 3004 3244
 349 348.000 348.000  10  23    0 7549
 350 495.000  83.000  10  32    0 7391
 351 140.000 137.000  10  32 2219 2459
 352 242.000 106.000  10  28    0 7543
 353 478.000 300.000   0  12    0 7454
 354 484.000 224.000  10   7    0 7452
 355 253.000  74.000  10  20    0 7511
 356 390.000  34.000  10   7    0 7430
 357 436.000 295.000  10  11    0 7496
 358  27.000 464.000  10  21    0 7378
 359   3.000 471.000  10  13    0 7356
 360 141.000 426.000  10  23    0 7480
 361  57.000 183.000  10  15    0 7483
 362  29.000 462.000  10  17    0 7381
 363  84.000 255.000  10  13    0 7521
 364 330.000 371.000  10   1    0 7542
 365  10.000 237.000  10  19    0 7447
 366 458.000 213.000  10  22    0 7476
 367 257.000 391.000  10  22    0 7546
 368 482.000 184.000  10  14 4367 4607
 369 222.000 331.000  10  10 2098 2338
 370 332.000   5.000  10  14 4071 4311
 371 489.000 437.000  10  29    0 7384
 372 225.000 488.000  10  28    0 7448
 373 355.000 485.000  10  10    0 7430
 374 441.000 374.000  10  10  833 1073
 375 399.000 175.000  10  13    0 7521
 376  51.000 360.000  10  13    0 7460
 377  44.000 115.000  10  24    0 7441
 378  64.000 198.000  10  10    0 7494
 379  58.000  39.000  10  12    0 7402
 380 197.000 202.000  10  29    0 7616
 381  71.000  12.000  10   2    0 7390
 382  74.000 215.000  10  10    0 7508
 383 347.000 192.000  10  18 5893 6133
 384 186.000 135.000  10  24    0 7556
 385 176.000 199.000  10  28    0 7598
 386 438.000   5.000  10  18    0 7379
 387 150.000  68.000  10  23    0 7480
 388 215.000  79.000  10   5    0 7513
 389  49.000 437.000  10   7 1650 1890
 390 100.000  66.000  10  15    0 7450
 391  35.000 344.000  10  21    0 7453
 392 433.000 447.000  10  20 3117 3357
 393 171.000 188.000  10  30 2422 2662
 394 398.000 210.000  10  31    0 7534
 395  48.000 437.000  10   4    0 7412
 396 211.000 248.000  10  26    0 7648
 397 293.000 228.000  10  19   73  313
 398  23.000 235.000  10  43    0 7460
 399 172.000 292.000  10  17  308  548
 400 228.000 287.000  10  21    0 7644
 401  48.000 366.000  10  29    0 7455
 402 132.000 477.000  10  25    0 7432
 403 473.000 491.000  10  23    0 7359
 404 210.000 219.000  10   7    0 7637
 405 365.000  28.000  10   9    0 7437
 406 132.000 151.000  10  22    0 7533
 407 136.000 430.000  10  14    0 7474
 408 292.000 104.000   0  26    0 7536
 409 235.000  13.000  10  27    0 7450
 410 112.000 433.000  10  29    0 7458
 411 452.000 172.000  10   9    0 7471
 412  37.000 281.000  10  17    0 7472
 413 414.000 378.000  10  23 1919 2159
 414 400.000  71.000  10  17    0 7454
 415 429.000 389.000  10  18 1636 1876
 416  92.000  76.000  10   4    0 7452
 417 124.000 111.000  10  15    0 7500
 418 268.000 458.000  10  24    0 7479
 419 352.000  63.000  10   6 4653 4893
 420 382.000   9.000  10  30 1027 1267
 421 229.000 322.000  10  11    0 7612
 422 266.000 221.000  10   9    0 7654
 423 359.000 287.000  10  24    0 7572
 424  64.000 294.000  10  12    0 7496
 425  68.000 160.000  10  21    0 7484
 426 107.000 374.000  10   8    0 7498
 427 421.000 386.000  10  29    0 7469
 428 182.000 480.000  10  31    0 7448
 429   9.000 233.000  10  31 1165 1405
 430 110.000 251.000  10  23 1931 2171
 431  19.000  38.000  10  15    0 7374
 432  46.000 248.000  10   9    0 7483
 433 308.000 199.000  10  14    0 7610
 434 278.000 450.000  10  29    0 7486
 435  94.000 497.000  10  31    0 7395
 436   7.000 382.000  10  27 3022 3262
 437 392.000  87.000  10  23    0 7471
 438 313.000 493.000  10  20    0 7436
 439  50.000 383.000  10  20    0 7447
 440 244.000 422.000  10  14 2091 2331
 441  60.000  29.000  10  32    0 7396
 442   5.000 445.000  10  30    0 7374
 443 490.000 276.000  10  33    0 7446
 444 406.000 408.000  10  15    0 7465
 445 265.000 240.000  10   9   18  258
 446 130.000 186.000  10  16  465  705
 447 382.000 110.000  10  24    0 7495
 448 418.000 399.000  10  20    0 7463
 449  90.000 496.000  10  13    0 7394
 450 480.000 136.000  10  22    0 7431
 451 257.000 133.000  10  19    0 7570
 452  43.000 135.000  10  31    0 7451
 453  27.000 444.000  10  22    0 7392
 454 357.000 290.000  10  24    0 7573
 455  38.000  15.000  10   3    0 7371
 456  80.000 337.000  10  28    0 7497
 457 291.000 251.000  10  20    0 7646
 458 114.000 102.000  10  21    0 7487
 459 333.000 293.000  10  27 2408 2648
 460   2.000 264.000  10  40    0 7439
 461   7.000  82.000  10  25    0 7392
 462 421.000 499.000  10  23    0 7385
 463 345.000 431.000  10  12    0 7483
 464 370.000 262.000  10  15    0 7567
 465  77.000 172.000  10  23    0 7498
 466  87.000  51.000  10  35    0 7430
 467  63.000 420.000  10  19    0 7435
 468 347.000 184.000   0  15    0 7570
 469 206.000 174.000  10  14 3139 3379
 470 466.000 362.000   0  15    0 7444
 471 201.000 278.000  10  13  106  346
 472 206.000 172.000  10  29 3092 3332
 473 219.000 215.000  10  32    0 7641
 474 349.000  76.000  10  15    0 7487
 475 336.000 493.000  10  20    0 7430
 476 492.000 335.000  10  10 3253 3493
 477 248.000 386.000  10  22    0 7551
 478 199.000 438.000  10   3    0 7493
 479 294.000 421.000  10  26 6242 6482
 480  21.000 146.000  10  21    0 7436
 481  30.000   7.000  10  23 4694 4934
 482 410.000 399.000  10  25  875 1115
 483 212.000  47.000  10  20    0 7481
 484 167.000 291.000  10  27    0 7595
 485 259.000 498.000  10  33    0 7439
 486 461.000 182.000  10  13 2456 2696
 487 277.000 428.000  10   7    0 7507
 488 290.000 328.000  10   7  515  755
 489  40.000 304.000  10  16 4519 4759
 490 104.000  28.000  10   8    0 7422
 491 370.000 493.000  10  22    0 7416
 492 136.000 265.000  10  12  340  580
 493 247.000 306.000  10  33  104  344
 494 241.000  38.000  10  16 2067 2307
 495 253.000 118.000  10  19    0 7555
 496 413.000 391.000  10   8    0 7472
 497 380.000 350.000  10  15 3406 3646
 498  86.000 199.000  10  23    0 7516
 499  91.000 326.000  10   4    0 7511
 500 287.000 256.000  10  18   37  277
 501  79.000  80.000  10  19    0 7446
 502 439.000 237.000  10  11    0 7498
 503 373.000 418.000  10   6    0 7479
 504  26.000 342.000  10  12    0 7445
 505 475.000 267.000  10  -5    0 7462
 506 295.000 283.000  10 -22 3513 3753
 507 175.000 239.000  10 -18    0 7612
 508  46.000 163.000  10 -28    0 7466
 509 350.000 199.000  10 -40 4746 4986
 510 392.000   1.000  10 -10    0 7401
 511  94.000  40.000  10 -11    0 7426
 512 285.000 247.000  10 -10    0 7652
 513  39.000 162.000  10  -8    0 7459
 514 213.000 283.000  10 -13    0 7638
 515 158.000 179.000  10 -12    0 7571
 516 272.000 420.000  10 -10    0 7516
 517 439.000 156.000  10 -19    0 7476
 518 472.000  57.000  10 -14    0 7393
 519 337.000 232.000  10 -29 6222 6462
 520 178.000  72.000  10 -23 2967 3207
 521 283.000 454.000  10 -17    0 7481
 522 374.000 306.000  10  -8    0 7551
 523 454.000 201.000  10 -26    0 7478
 524 323.000  77.000  10 -24 5560 5800
 525 212.000 186.000  10 -10    0 7613
 526  65.000  82.000  10 -11 2898 3138
 527  67.000  24.000  10 -16    0 7397
 528 429.000 476.000  10 -19 2233 2473
 529 195.000 386.000  10 -11    0 7541
 530  98.000   2.000  10 -24 2307 2547
 531   1.000 252.000  10 -19    0 7438
 532  49.000 118.000  10  -8    0 7447
 533 385.000  58.000  10  -8 1559 1799
 534 142.000 372.000  10 -18    0 7525
 535 210.000  29.000  10 -16    0 7463
 536 268.000 351.000  10 -13    0 7585
 537 309.000  29.000  10 -13    0 7459
 538 441.000 100.000  10  -9    0 7445
 539 426.000 231.000  10 -13 4054 4294
 540  48.000 293.000  10 -11    0 7481
 541 297.000 283.000  10 -13    0 7630
 542 453.000 318.000  10 -15    0 7473
 543 456.000 157.000  10 -25 5760 6000
 544 482.000 104.000  10 -14    0 7413
 545 118.000 314.000  10 -17    0 7541
 546 495.000 199.000  10 -12    0 7437
 547 149.000 214.000  10 -25    0 7580
 548 337.000  41.000  10 -21    0 7461
 549  57.000  43.000  10 -22    0 7404
 550  36.000 451.000  10  -8    0 7394
 551  51.000  89.000  10  -1    0 7432
 552 466.000  96.000  10 -14    0 7422
 553 366.000 334.000  10 -18    0 7544
 554 292.000 136.000  10 -11    0 7566
 555 368.000 452.000  10 -27 2620 2860
 556 318.000 497.000  10 -16    0 7431
 557  71.000 304.000  10 -13 2696 2936
 558 452.000 206.000  10 -16    0 7481
 559  46.000 389.000  10 -16    0 7441
 560 460.000 424.000  10 -14    0 7415
 561 250.000  57.000  10 -15    0 7494
 562 195.000 111.000  10 -13    0 7538
 563 161.000 276.000  10 -23    0 7595
 564 142.000  14.000  10 -23    0 7428
 565  45.000 166.000  10 -23    0 7466
 566 475.000 352.000  10  -8    0 7440
 567 149.000 341.000  10  -8    0 7552
 568  89.000 358.000  10  -7 4929 5169
 569 498.000 456.000  10  -7    0 7365
 570 103.000 464.000  10 -32    0 7428
 571  40.000 278.000  10 -22    0 7476
 572 164.000 320.000  10 -15    0 7577
 573 171.000  24.000  10  -8    0 7448
 574 174.000 397.000  10 -36 4919 5159
 575 238.000 123.000  10 -13    0 7560
 576  53.000 204.000  10  -1    0 7485
 577 335.000  46.000  10 -24    0 7466
 578 164.000 332.000  10  -8    0 7569
 579 331.000 134.000  10 -31 4435 4675
 580  18.000  24.000  10 -14 2453 2693
 581 211.000 446.000  10 -14    0 7488
 582 500.000 228.000  10 -20 3067 3307
 583 377.000 385.000  10 -18 3405 3645
 584 463.000 406.000  10 -23    0 7423
 585 333.000 163.000  10 -13 4901 5141
 586 371.000 423.000  10  -9    0 7476
 587 479.000 387.000  10 -16    0 7421
 588 494.000 468.000  10  -4 1350 1590
 589 165.000  59.000  10 -15    0 7478
 590 120.000  37.000  10  -8    0 7438
 591 262.000 369.000  10 -24    0 7568
 592  43.000 210.000  10  -8    0 7477
 593 208.000 445.000  10 -16    0 7488
 594  83.000 300.000  10 -14 1939 2179
 595  67.000 352.000  10 -16    0 7478
 596 225.000 269.000  10 -21    0 7656
 597 187.000 263.000  10 -23    0 7623
 598 248.000 214.000  10 -20 5857 6097
 599 470.000 138.000  10 -23    0 7441
 600  78.000 406.000  10 -27 3782 4022
 601 398.000 476.000  10 -11    0 7417
 602 115.000 395.000  10 -18 3201 3441
 603 138.000 406.000  10 -17 4804 5044
 604 228.000 399.000  10 -17    0 7537
 605 371.000 315.000  10 -27    0 7550
 606 166.000 440.000  10 -10  711  951
 607  66.000  88.000  10 -25    0 7442
 608 386.000 154.000  10 -28    0 7521
 609 178.000 420.000  10 -26    0 7503
 610 371.000 332.000  10 -15    0 7541
 611  44.000 311.000  10 -12 1570 1810
 612 274.000 261.000  10 -15    0 7661
 613 451.000  62.000  10 -21    0 7412
 614 240.000 255.000  10  -8    0 7676
 615 418.000 251.000  10 -21    0 7519
 616  64.000   5.000  10 -36    0 7380
 617 263.000 418.000  10  -8    0 7519
 618 341.000  72.000  10 -17 3159 3399
 619 385.000 239.000  10 -21 3082 3322
 620 256.000 441.000  10 -11    0 7496
 621 280.000 245.000  10 -18    0 7657
 622 447.000 272.000  10 -28    0 7489
 623  32.000 319.000  10 -22 1542 1782
 624  30.000 155.000  10 -14 5062 5302
 625 174.000  67.000  10 -15    0 7489
 626 418.000 269.000  10 -13    0 7518
 627 222.000 499.000  10 -17    0 7437
 628 381.000 457.000  10 -26    0 7443
 629 330.000 138.000  10 -22    0 7550
 630 177.000 486.000  10 -16 6329 6569
 631 340.000 416.000  10 -34 1224 1464
 632 412.000 478.000  10 -30 3779 4019
 633 267.000 174.000  10 -15    0 7610
 634  15.000  11.000  10 -26    0 7352
 635 368.000 311.000  10 -15    0 7555
 636  67.000 451.000  10  -2    0 7416
 637 226.000 423.000  10 -11    0 7513
 638  48.000 150.000  10 -32    0 7462
 639 332.000 382.000  10 -30    0 7532
 640 330.000 147.000  10 -23 3334 3574
 641 297.000 131.000  10  -3 4602 4842
 642 130.000 247.000  10 -33    0 7567
 643 142.000  30.000  10 -10    0 7442
 644 161.000 275.000  10 -19 5327 5567
 645 270.000 337.000  10 -23    0 7598
 646 291.000 213.000  10 -15 4971 5211
 647 189.000 402.000  10 -18    0 7524
 648  12.000 367.000  10 -25 1243 1483
 649  87.000 213.000  10 -25    0 7520
 650 288.000 439.000  10 -17    0 7495
 651 405.000 187.000  10 -10    0 7520
 652 263.000 153.000  10 -19    0 7590
 653 325.000  56.000  10 -13    0 7480
 654  33.000 268.000  10 -20    0 7470
 655 105.000 137.000  10 -13    0 7504
 656  89.000  65.000  10 -33 2821 3061
 657 499.000 316.000  10 -37    0 7430
 658 323.000  34.000  10 -12    0 7459
 659 401.000 164.000  10 -18    0 7514
 660  49.000 353.000  10 -14 5724 5964
 661 395.000 474.000  10 -15    0 7421
 662 264.000 180.000  10  -9    0 7616
 663 102.000 422.000  10 -16    0 7461
 664 371.000  71.000  10 -28    0 7471
 665 203.000 211.000  10 -23    0 7626
 666 177.000 404.000  10 -22    0 7517
 667 133.000 273.000  10 -31  357  597
 668 276.000  84.000  10 -22    0 7519
 669 154.000 392.000  10 -13    0 7516
 670 470.000 417.000  10 -14    0 7411
 671 211.000 411.000  10 -26 4526 4766
 672 244.000 277.000  10 -36 5145 5385
 673 196.000  56.000  10 -33    0 7486
 674 423.000 221.000  10 -10    0 7512
 675 103.000 177.000  10 -22 2446 2686
 676  52.000 303.000  10 -20    0 7483
 677 398.000 329.000  10 -26    0 7520
 678 322.000 290.000  10 -12    0 7605
 679 351.000   5.000  10 -20    0 7422
 680 495.000 355.000  10  -3    0 7421
 681 371.000 427.000  10 -13    0 7473
 682 466.000 149.000  10 -29    0 7449
 683 272.000 234.000  10 -20    0 7660
 684 248.000 176.000  10 -14    0 7613
 685 438.000 127.000  10 -27    0 7463
 686  28.000 180.000  10 -35    0 7455
 687 364.000  71.000  10 -25    0 7475
 688 301.000 239.000  10 -19    0 7635
 689 235.000 316.000  10 -23 2563 2803
 690 437.000  90.000  10  -1    0 7441
 691 299.000 285.000  10 -12 4955 5195
 692 245.000  42.000  10 -18 2129 2369
 693 208.000 488.000  10  -5    0 7446
 694 449.000 428.000  10 -25 4927 5167
 695 246.000 314.000  10 -15 5721 5961
 696  61.000 214.000  10 -17    0 7495
 697 481.000  84.000  10 -17    0 7403
 698  47.000 208.000  10 -28    0 7480
 699  36.000 301.000  10 -26    0 7468
 700 120.000 261.000  10 -19 3113 3353
 701  39.000 153.000  10 -25    0 7455
 702 188.000 151.000  10 -14    0 7571
 703 437.000  98.000  10  -8    0 7447
 704 409.000 255.000  10 -23    0 7528
 705 404.000  59.000  10 -19    0 7442
 706 153.000 192.000  10  -6    0 7574
 707 392.000 491.000  10 -22    0 7408
 708 440.000 292.000  10 -25    0 7493
 709 375.000 145.000  10 -18    0 7524
 710 492.000 188.000  10  -5 2801 3041
 711 459.000  53.000  10 -16    0 7400
 712  59.000 388.000  10 -16 2591 2831
 713 323.000  29.000  10  -1 4490 4730
 714 443.000 167.000  10 -24    0 7477
 715  82.000 183.000  10  -6 4347 4587
 716 325.000 311.000  10 -36 5229 5469
 717 405.000 349.000  10 -40    0 7504
 718  53.000 466.000  10 -31    0 7395
 719 450.000 194.000  10 -29    0 7480
 720 289.000 220.000  10 -15    0 7638
 721 475.000 198.000  10  -7 3281 3521
 722 409.000 155.000  10 -29    0 7502
 723 415.000  95.000  10 -18    0 7461
 724 104.000 349.000  10 -10 3977 4217
 725 355.000 174.000  10 -14    0 7558
 726 482.000 141.000  10 -11 3983 4223
 727 274.000 441.000  10 -13    0 7495
 728 389.000 255.000  10 -21    0 7548
 729 428.000 302.000  10 -13    0 7502
 730  65.000  62.000  10 -14    0 7424
 731 209.000 212.000  10 -19 6051 6291
 732 175.000 352.000  10  -7 6600 6840
 733 147.000  30.000  10  -5 4375 4615
 734 339.000  41.000  10 -14    0 7460
 735 284.000 457.000  10 -17 5934 6174
 736 230.000 320.000  10 -17 4708 4948
 737 188.000 119.000  10  -6    0 7543
 738 331.000 356.000  10 -15    0 7554
 739 392.000  95.000  10 -14    0 7477
 740 441.000  60.000  10 -22    0 7418
 741 330.000 308.000  10 -12    0 7589
 742 135.000  30.000  10 -18    0 7439
 743 351.000 481.000  10 -26 1227 1467
 744  68.000 303.000  10 -14  825 1065
 745 493.000 493.000  10 -23    0 7344
 746 230.000 487.000  10 -13    0 7450
 747 130.000 140.000  10 -26    0 7525
 748 385.000  17.000  10 -36 3175 3415
 749   1.000 101.000  10 -17    0 7397
 750 265.000   0.000  10 -27    0 7437
 751 497.000 483.000  10  -4 1354 1594
 752  56.000 268.000  10 -19    0 7493
 753  60.000 246.000  10 -11    0 7497
 754 178.000 135.000  10 -30    0 7552
 755 320.000 211.000  10 -11    0 7607
 756 429.000 169.000  10 -17 3551 3791
 757 240.000 240.000  10 -14 6738 6978
 758  80.000 117.000  10  -3    0 7472
 759 172.000  66.000  10 -17    0 7488
 760  60.000   5.000  10  -5    0 7377
 761 190.000 267.000  10 -25    0 7625
 762 423.000 170.000  10 -30 1992 2232
 763 328.000 491.000  10 -25 2653 2893
 764 195.000 464.000  10  -7    0 7467
 765 303.000  78.000  10 -24    0 7508
 766 239.000  15.000  10  -3    0 7452
 767 417.000 212.000  10 -27    0 7516
 768 223.000 178.000  10 -28    0 7611
 769 152.000 476.000  10  -9 2030 2270
 770 372.000  97.000  10 -25    0 7492
 771 156.000  65.000  10 -29 4089 4329
 772 415.000 207.000  10 -12 3540 3780
 773 339.000 144.000  10 -15    0 7549
 774 366.000 288.000  10 -10    0 7565
 775 161.000 416.000  10 -19    0 7499
 776 312.000 453.000  10 -10    0 7475
 777 217.000 357.000  10 -30    0 7576
 778 244.000  13.000  10 -17 3992 4232
 779   5.000 224.000  10 -18    0 7441
 780 343.000  34.000  10 -20    0 7452
 781 339.000 113.000  10 -31    0 7524
 782  75.000 118.000  10 -14    0 7468
 783 452.000 484.000  10 -18    0 7378
 784 420.000  80.000  10 -36    0 7447
 785 153.000 244.000  10  -8    0 7590
 786 214.000 311.000  10  -9    0 7617
 787  69.000 414.000  10 -22 4993 5233
 788 480.000 152.000  10 -34    0 7437
 789  92.000 259.000  10 -20    0 7529
 790 179.000 318.000  10  -5    0 7589
 791  80.000 357.000  10 -16 2062 2302
 792 228.000 260.000  10  -9 6362 6602
 793  29.000 358.000  10 -14    0 7442
 794 343.000 205.000  10 -22    0 7584
 795 344.000 203.000  10 -26    0 7582
 796 471.000 368.000  10 -13    0 7437
 797 167.000 445.000  10 -25    0 7476
 798 361.000 178.000  10 -10    0 7555
 799 489.000 338.000  10 -19 5529 5769
 800 311.000 422.000  10 -25    0 7505
 801  41.000 120.000  10 -19 2724 2964
 802 497.000 296.000  10 -31    0 7436
 803 176.000 470.000  10 -14    0 7455
 804 295.000 247.000  10  -7    0 7642
 805  63.000 155.000  10 -29    0 7478
 806  83.000 169.000  10 -17    0 7502
 807 421.000 387.000  10 -14    0 7468
 808 117.000 110.000  10 -13    0 7494
 809 214.000 274.000  10 -14 5416 5656
 810 282.000  10.000  10 -10    0 7445
 811 114.000 460.000  10 -46    0 7437
 812 424.000 288.000  10 -21    0 7509
 813 394.000  47.000  10 -10    0 7439
 814 261.000 138.000  10  -1    0 7575
 815 396.000  83.000  10 -19 6286 6526
 816  13.000 214.000  10 -16 5354 5594
 817 251.000 238.000  10 -27    0 7675
 818 260.000 472.000  10 -26 4084 4324
 819 219.000 210.000  10 -21    0 7637
 820 491.000 369.000  10 -15 2858 3098
 821 134.000 276.000  10 -24    0 7569
 822 172.000 314.000  10 -12    0 7587
 823 383.000  17.000  10 -24    0 7419
 824 488.000  96.000  10 -30    0 7404
 825  68.000 450.000  10 -30    0 7417
 826 261.000 201.000  10 -10 5996 6236
 827 380.000 194.000  10 -14    0 7546
 828 440.000 201.000  10  -2    0 7491
 829  52.000 412.000  10 -25    0 7432
 830  48.000 162.000  10 -20    0 7467
 831 402.000 277.000  10  -2    0 7533
 832  77.000 372.000  10  -7    0 7476
 833 492.000  34.000  10 -17    0 7363
 834 207.000 487.000  10  -4    0 7447
 835 387.000 349.000  10 -12    0 7518
 836 432.000  66.000  10 -15    0 7429
 837  11.000 403.000  10 -23 1312 1552
 838  93.000 413.000  10 -10    0 7461
 839 404.000 207.000  10 -17    0 7528
 840 187.000  73.000  10 -18    0 7500
 841 259.000 301.000  10 -17    0 7636
 842 334.000 481.000  10 -13    0 7442
 843 271.000 128.000  10 -18    0 7564
 844 374.000 232.000  10 -24    0 7562
 845  16.000 287.000  10 -11    0 7451
 846 295.000  89.000  10 -15    0 7520
 847 178.000 302.000  10 -16 3486 3726
 848  21.000  70.000  10 -16    0 7396
 849 169.000 305.000  10  -2    0 7590
 850 448.000 397.000  10 -13    0 7441
 851 486.000 324.000  10 -25    0 7440
 852 268.000 113.000  10  -4    0 7549
 853 470.000 405.000  10 -23 3643 3883
 854 493.000 111.000  10 -32 2104 2344
 855  71.000 282.000  10 -32    0 7506
 856 321.000 149.000  10 -28    0 7564
 857 478.000 300.000  10 -12    0 7454
 858 423.000 315.000  10  -7    0 7503
 859 307.000  52.000  10 -20 3622 3862
 860 442.000   5.000  10  -7    0 7376
 861 411.000 379.000  10 -11    0 7481
 862 217.000 333.000  10 -21    0 7598
 863  88.000 484.000  10 -13    0 7403
 864 159.000 299.000  10 -23    0 7584
 865  31.000 175.000  10 -15    0 7456
 866  44.000 440.000  10 -17    0 7407
 867 146.000 313.000  10 -13 4721 4961
 868 373.000 421.000  10  -1    0 7477
 869  91.000 427.000  10 -19    0 7450
 870 497.000 266.000  10 -22    0 7440
 871 130.000 494.000  10 -22    0 7416
 872 455.000 168.000  10 -14    0 7467
 873 244.000 368.000  10 -10    0 7569
 874 273.000 149.000  10 -14    0 7584
 875 413.000 345.000  10 -29 4812 5052
 876 139.000 438.000  10 -28    0 7469
 877 413.000 476.000  10 -10 4656 4896
 878 329.000 456.000  10 -10    0 7467
 879 441.000 177.000  10 -13    0 7483
 880  26.000 442.000  10 -13    0 7392
 881 200.000  27.000  10 -24    0 7459
 882  34.000 169.000  10 -10    0 7457
 883  25.000  53.000  10 -12 4020 4260
 884 180.000 162.000  10 -29  634  874
 885 105.000 140.000  10  -2    0 7505
 886 125.000  61.000  10 -10 2387 2627
 887 314.000 205.000  10 -18 6047 6287
 888  55.000 318.000  10 -24    0 7481
 889  80.000 251.000  10 -28    0 7517
 890 497.000  54.000  10 -18    0 7372
 891 120.000  17.000  10 -23    0 7421
 892 472.000 248.000  10  -5    0 7465
 893  84.000 453.000  10  -7 4832 5072
 894 218.000  12.000  10 -15    0 7447
 895 210.000 276.000  10 -21    0 7640
 896 366.000 390.000  10 -20 5213 5453
 897 226.000 316.000  10 -30    0 7617
 898 386.000 225.000  10 -31    0 7549
 899 185.000 434.000  10  -4    0 7492
 900 231.000  29.000  10 -26 4845 5085
 901 485.000 104.000  10 -19    0 7411
 902   5.000 281.000  10 -43    0 7441
 903  95.000 382.000  10 -17  865 1105
 904 376.000 385.000  10 -21    0 7503
 905  34.000 329.000  10 -29    0 7458
 906 185.000 431.000  10 -25    0 7495
 907 487.000 446.000  10 -23    0 7380
 908  66.000  31.000  10  -7    0 7401
 909 404.000 140.000  10  -9    0 7498
 910 149.000  98.000  10 -22    0 7505
 911 142.000 360.000  10 -14    0 7533
 912 292.000 104.000  10 -26    0 7536
 913 240.000  34.000  10 -27    0 7471
 914 215.000 282.000  10 -29    0 7640
 915 447.000 184.000  10  -9    0 7480
 916  14.000 232.000  10 -17    0 7451
 917 387.000 394.000  10 -23    0 7489
 918 426.000  38.000  10 -17    0 7412
 919 279.000 355.000  10 -18    0 7579
 920 109.000  56.000  10  -4    0 7448
 921 158.000  24.000  10 -15    0 7443
 922 179.000 497.000  10 -24    0 7430
 923 267.000 162.000  10  -6    0 7598
 924 436.000  25.000  10 -30    0 7396
 925 360.000 294.000  10 -11    0 7569
 926 209.000  68.000  10  -9    0 7501
 927  52.000  18.000  10 -24    0 7382
 928 137.000 377.000  10 -12    0 7518
 929 105.000 181.000  10 -21    0 7527
 930 162.000 388.000  10  -8    0 7524
 931 332.000 459.000  10 -29    0 7463
 932 235.000 288.000  10 -31    0 7647
 933  10.000 407.000  10 -31 1678 1918
 934   7.000 194.000  10 -23    0 7438
 935  24.000  71.000  10 -15    0 7399
 936  35.000 263.000  10  -9    0 7472
 937 372.000 115.000  10 -14    0 7506
 938 283.000 438.000  10 -29    0 7497
 939 216.000 341.000  10 -31    0 7590
 940 122.000 422.000  10 -27    0 7473
 941 391.000 112.000  10 -23    0 7490
 942 342.000 481.000  10 -20 5700 5940
 943 174.000 347.000  10 -20    0 7564
 944 284.000 319.000  10 -14 3207 3447
 945  68.000  53.000  10 -32    0 7419
 946  28.000 467.000  10 -30    0 7377
 947 351.000 233.000  10 -33 5631 5871
 948 436.000 467.000  10 -15    0 7402
 949 365.000 119.000  10  -9    0 7513
 950  86.000 189.000  10 -16    0 7513
 951 471.000  94.000  10 -24    0 7417
 952 398.000 341.000  10 -20    0 7514
 953  90.000 477.000  10 -13    0 7410
 954 494.000 165.000  10 -22 2357 2597
 955 457.000 280.000  10 -19 3939 4179
 956 224.000   3.000  10 -31    0 7439
 957  77.000 465.000  10 -22    0 7412
 958 142.000  80.000  10 -24    0 7486
 959  30.000  97.000  10  -3 4781 5021
 960  94.000 344.000  10 -28 2669 2909
 961 352.000 481.000  10 -20 5079 5319
 962  64.000 135.000  10 -21 3413 3653
 963 151.000  81.000  10 -27    0 7492
 964 135.000 400.000  10 -40    0 7498
 965 217.000 207.000  10 -25    0 7633
 966 377.000 432.000  10 -23    0 7466
 967 360.000 488.000  10 -12 1202 1442
 968 366.000 260.000  10 -15    0 7571
 969   0.000 188.000  10 -23    0 7430
 970 174.000 122.000  10 -35    0 7539
 971 105.000 474.000  10 -19    0 7421
 972 347.000 184.000  10 -15    0 7570
 973 463.000 253.000  10 -14 4128 4368
 974 466.000 362.000  10 -15    0 7444
 975  65.000 343.000  10 -13    0 7480
 976 447.000 267.000  10 -29    0 7490
 977 144.000 220.000  10 -32    0 7577
 978 371.000 163.000  10 -15    0 7538
 979 352.000 487.000  10 -20    0 7429
 980 433.000 319.000  10 -10 5445 5685
 981 370.000 382.000  10 -22    0 7509
 982 148.000 462.000  10  -3 2847 3087
 983 287.000 397.000  10 -26    0 7536
 984  41.000 232.000  10 -21    0 7478
 985  16.000  68.000  10 -23    0 7391
 986 485.000 428.000  10 -25    0 7393
 987 318.000  99.000  10 -20    0 7522
 988 175.000 422.000  10 -27    0 7500
 989 124.000 448.000  10 -33    0 7453
 990 286.000 244.000  10 -13    0 7651
 991 225.000 369.000  10  -7    0 7566
 992 422.000 498.000  10  -7    0 7386
 993  66.000 314.000  10 -16    0 7493
 994 213.000 185.000  10  -8    0 7613
 995 406.000 460.000  10 -22 2817 3057
 996  13.000 394.000  10 -12    0 7410
 997 239.000 486.000  10 -33    0 7451
 998 390.000 120.000  10 -16    0 7496
 999 363.000 225.000  10 -19 3363 3603
1000 468.000 352.000  10  -8    0 7447
1001 401.000 314.000  10 -15 3846 4086
1002  44.000 140.000  10 -23 3413 3653
1003  44.000 496.000  10  -4    0 7367
1004 148.000 208.000  10 -18    0 7577
1005 235.000  33.000  10 -19    0 7470
1006 345.000 146.000  10 -11 5696 5936
1007 313.000 391.000  10  -6    0 7533
1008 171.000 303.000  10 -12    0 7592
1009 250.000 250.000   0   0    0 7697
