504 504 1000 1000 1000
   0 250.000 250.000   0   0    0 7697
   1 325.000  56.000  10  13 3126 3366
   2 340.000 291.000  10  22 1822 2062
   3 222.000 499.000  10   7 3321 3561
   4 376.000  92.000  10  10 3902 4142
   5 437.000  90.000  10  12 2280 2520
   6   3.000  23.000  10  11 1506 1746
   7  94.000  40.000  10  24 4212 4452
   8 398.000 476.000  10  25 1612 1852
   9 307.000 249.000  10  10 5446 5686
  10 179.000 286.000  10   8 1305 1545
  11   0.000 356.000  10  13 4285 4525
  12 143.000 158.000  10  12  490  730
  13 415.000 118.000  10  19  806 1046
  14 261.000 201.000   0  15 5996 6236
  15 309.000 161.000  10  23 2273 2513
  16  39.000 162.000  10  18 2201 2441
  17 361.000 178.000  10   5 3830 4070
  18 261.000 138.000  10   1 2413 2653
  19 447.000 383.000  10  17  831 1071
  20 187.000 263.000  10  35  137  377
  21 130.000 247.000  10  17  360  600
  22 168.000 109.000  10  10  757  997
  23 111.000 192.000  10  11 4738 4978
  24  45.000 166.000  10  22 3993 4233
  25  62.000  94.000  10  16 3742 3982
  26  64.000 437.000  10  11 3613 3853
  27  56.000  75.000   0  24 5691 5931
  28  24.000 259.000  10  19 1420 1660
  29 179.000 497.000  10   1 5584 5824
  30  67.000 352.000  10  20 1433 1673
  31 317.000  45.000  10   8 2573 2813
  32 159.000 226.000  10  16  256  496
  33 208.000 445.000  10  22 5270 5510
  34 453.000 360.000  10  13  804 1044
  35 303.000  78.000  10  12  600  840
  36  59.000 276.000  10  11 3510 3750
  37 215.000 293.000  10  13  102  342
  38 343.000 276.000  10  15  266  506
  39 452.000 110.000  10  14 1301 1541
  40 153.000 244.000  10   5  371  611
  41 176.000 200.000  10  17 2210 2450
  42 498.000 171.000  10  12 4966 5206
  43 492.000 188.000  10  33 2801 3041
  44 177.000 156.000  10  25  609  849
  45 276.000  84.000  10  20 2665 2905
  46 422.000 498.000  10   5 2708 2948
  47   0.000 422.000  10   8 3224 3464
  48 166.000 247.000  10   1  216  456
  49 392.000  95.000  10  16 3005 3245
  50  28.000 467.000  10  34 5310 5550
  51 375.000 145.000  10  12 3657 3897
  52 500.000 228.000  10   8 3067 3307
  53 144.000 331.000  10  13 3665 3905
  54  98.000   2.000  10  14 2307 2547
  55  34.000 239.000  10  16  816 1056
  56 465.000 367.000  10  14 4047 4287
  57 208.000 488.000  10  22 1850 2090
  58  93.000 413.000  10  17  785 1025
  59 231.000 167.000  10  15  221  461
  60 179.000  75.000  10  13 2900 3140
  61 196.000 489.000  10  23 4061 4301
  62 280.000 245.000  10  21   30  270
  63 108.000  37.000  10  23 2138 2378
  64 420.000  80.000  10  24 4327 4567
  65 470.000 405.000  10  17 3643 3883
  66 448.000 397.000  10  33 3402 3642
  67 471.000 427.000  10   8 3206 3446
  68 146.000 376.000  10   8  877 1117
  69 457.000 492.000  10   7 1972 2212
  70 172.000 314.000  10   9 2122 2362
  71 170.000 347.000  10  15 1683 1923
  72 330.000 147.000  10  28 3334 3574
  73 235.000 288.000  10  18   43  283
  74 232.000 101.000  10  24 1324 1564
  75  28.000 180.000  10  34 1482 1722
  76 218.000  12.000  10   3 2116 2356
  77 380.000 194.000  10   3 2794 3034
  78 495.000 227.000  10  20 1316 1556
  79 213.000 399.000  10  18  876 1116
  80 448.000 414.000  10  23 4831 5071
  81 327.000 139.000  10  13 4969 5209
  82 425.000 448.000  10   9 3118 3358
  83  92.000 259.000  10   4 1538 1778
  84  59.000 388.000  10  20 2591 2831
  85 468.000 360.000  10  16 1036 1276
  86 343.000 205.000  10  26 3009 3249
  87 154.000 392.000  10   9  566  806
  88  92.000  18.000  10   8 4437 4677
  89 250.000 328.000  10  24  935 1175
  90 156.000  65.000  10  22 4089 4329
  91 176.000 470.000  10  14 2127 2367
  92 105.000 137.000  10  32 1749 1989
  93 284.000 319.000  10  17 3207 3447
  94  41.000 120.000  10  22 2724 2964
  95 263.000 418.000  10  25 1054 1294
  96 180.000 283.000  10  23 2915 3155
  97 245.000 176.000  10  20 4879 5119
  98 251.000 238.000  10  27   12  252
  99 139.000 438.000  10  24  796 1036
 100 236.000 126.000  10  23  379  619
 101 373.000 421.000  10  21  890 1130
 102 247.000 443.000  10  17 1261 1501
 103 412.000 478.000  10   7 3779 4019
 104 374.000 346.000  10  27 1624 1864
 105 261.000 359.000  10  10  318  558
 106 173.000 182.000  10  25  291  531
 107 398.000 341.000  10  33 3697 3937
 108 325.000 311.000  10  22 5229 5469
 109  80.000 357.000  10   1 2062 2302
 110  44.000 344.000  10  12 4258 4498
 111 389.000  43.000  10  21 1522 1762
 112 245.000 461.000  10   8 2537 2777
 113 415.000 253.000  10  21 1406 1646
 114 298.000 264.000  10  36   80  320
 115 307.000 412.000  10   8 1555 1795
 116  83.000 169.000  10  21 3046 3286
 117 132.000 479.000  10  11  910 1150
 118 124.000 448.000  10   6 1414 1654
 119 343.000 166.000  10  28 3444 3684
 120 162.000 306.000  10  22  417  657
 121  24.000  71.000  10  11 1324 1564
 122 188.000 119.000  10  44 3839 4079
 123 100.000  85.000  10  14 1344 1584
 124 103.000 177.000  10  28 2446 2686
 125 385.000 285.000  10  13 3412 3652
 126 149.000 341.000  10   6 1556 1796
 127 167.000 488.000  10  17  940 1180
 128 299.000 353.000  10  34  336  576
 129 273.000 300.000  10  30  100  340
 130  65.000 343.000  10  38  769 1009
 131 351.000  60.000  10  15  781 1021
 132 408.000 318.000  10  15 2512 2752
 133 452.000 206.000  10  31 1909 2149
 134 471.000 368.000  10  19 1652 1892
 135  93.000 490.000  10   2 1457 1697
 136 172.000  66.000  10  18 5151 5391
 137 286.000 356.000  10  30  328  568
 138 334.000 481.000  10  32 1262 1502
 139 178.000 150.000  10  33 2466 2706
 140   5.000 224.000  10  19 4159 4399
 141  94.000 344.000  10  26 2669 2909
 142 153.000 235.000  10  10  273  513
 143 217.000 357.000  10  23 5620 5860
 144 255.000 487.000  10  19 1532 1772
 145 267.000 374.000  10  23 2343 2583
 146 185.000 431.000  10  15 1488 1728
 147  76.000 462.000  10  18 3764 4004
 148  72.000 227.000  10  25 2195 2435
 149 213.000 283.000  10  14 5824 6064
 150 130.000 140.000  10  17  716  956
 151 372.000  39.000  10  10 2834 3074
 152 340.000 416.000  10  36 1224 1464
 153  13.000 214.000  10  21 5354 5594
 154 133.000 202.000  10  33 1782 2022
 155 235.000 316.000  10   2 2563 2803
 156 173.000  65.000  10  12 1734 1974
 157 245.000  42.000  10  24 2129 2369
 158 267.000 290.000  10  15   54  294
 159 453.000 318.000  10  30 1435 1675
 160 189.000 402.000  10  10 2084 2324
 161 210.000 276.000  10   5   71  311
 162 120.000 261.000  10   5 3113 3353
 163  35.000 263.000  10  27 1021 1261
 164 429.000  59.000  10   9 1775 2015
 165 330.000 308.000  10  24 4622 4862
 166 260.000 472.000  10  33 4084 4324
 167 217.000 333.000  10  26 1584 1824
 168 198.000  85.000  10  28  990 1230
 169  29.000 336.000  10  22 1266 1506
 170 366.000 334.000  10   5 1581 1821
 171 149.000 458.000  10  13 4595 4835
 172 481.000 454.000  10  14 1222 1462
 173 377.000 385.000  10   6 3405 3645
 174  96.000 346.000  10  26  681  921
 175 438.000 127.000  10   2 3704 3944
 176  14.000 232.000  10  18 1160 1400
 177 288.000 439.000  10  16 1034 1274
 178 195.000 273.000  10  22  118  358
 179 233.000 230.000  10  20   26  266
 180 382.000 360.000  10  26  652  892
 181 406.000 460.000  10   2 2817 3057
 182 246.000 407.000  10  12 1186 1426
 183 283.000 454.000  10  14 5000 5240
 184 432.000   2.000  10  20 1806 2046
 185 404.000 439.000  10   3  895 1135
 186  44.000 140.000  10  11 3413 3653
 187 397.000 153.000  10  29 3470 3710
 188 226.000 316.000  10  21  161  401
 189 354.000 156.000  10  20 3270 3510
 190 134.000 211.000  10  35  422  662
 191 386.000 154.000  10  31 4344 4584
 192 356.000 256.000  10  19  305  545
 193 412.000 100.000  10   1 1993 2233
 194  48.000 150.000  10  15 2560 2800
 195 225.000 121.000  10  18 2874 3114
 196 102.000 422.000  10  23  845 1085
 197 219.000 210.000  10  14   82  322
 198 148.000 208.000  10  22 2046 2286
 199 225.000 369.000  10  38  366  606
 200 450.000 416.000  10  25 2247 2487
 201 351.000 481.000  10  10 1227 1467
 202 243.000 408.000   0  15 5675 5915
 203 137.000 377.000  10  23  560  800
 204  33.000 152.000   0  17 5220 5460
 205  68.000 303.000  10  22  825 1065
 206 134.000 276.000  10  15  473  713
 207  26.000 221.000  10  28 3926 4166
 208 181.000 185.000  10  19 6395 6635
 209 104.000 349.000  10  20 3977 4217
 210 475.000 267.000  10   7 3058 3298
 211 385.000 239.000  10  21 3082 3322
 212  67.000 190.000  10  25 4633 4873
 213 401.000 164.000  10  13 2425 2665
 214 376.000 113.000  10   8 1997 2237
 215 228.000 260.000   0  12 6362 6602
 216 363.000  34.000  10  19 1029 1269
 217 146.000 188.000  10   6 4880 5120
 218  83.000 300.000  10  26 1939 2179
 219  51.000  89.000  10  19 4773 5013
 220 379.000 486.000  10  22 2627 2867
 221 440.000 284.000  10  25 3347 3587
 222 175.000 239.000  10  23  183  423
 223 429.000  67.000  10  16 2869 3109
 224 281.000  96.000  10   1 4443 4683
 225 495.000 199.000  10  25 1287 1527
 226 288.000  70.000  10  24  656  896
 227 470.000 417.000  10  11 2887 3127
 228 226.000 423.000  10  15  728  968
 229 342.000 319.000  10  36  340  580
 230  13.000 465.000  10  31 3034 3274
 231 489.000 159.000  10  29 5651 5891
 232 311.000 203.000  10  15 2830 3070
 233 148.000 462.000  10  10 2847 3087
 234 233.000  87.000  10  18  950 1190
 235  84.000 377.000  10  10 3645 3885
 236 292.000  32.000  10  14  857 1097
 237 418.000  75.000  10  11 1732 1972
 238 451.000 305.000  10  13  714  954
 239 318.000 280.000  10  21  177  417
 240 250.000  57.000  10  26 2933 3173
 241  77.000 372.000  10  19  727  967
 242 385.000  58.000  10  24 1559 1799
 243  44.000 496.000  10  32 1547 1787
 244 460.000 328.000  10  13  816 1056
 245 153.000 362.000  10   7 4585 4825
 246  32.000 191.000  10   5 2285 2525
 247 131.000 246.000  10  17 3268 3508
 248 251.000  63.000  10  14 3890 4130
 249 381.000 328.000  10  12 2809 3049
 250 132.000  32.000  10  18 3078 3318
 251 411.000 396.000  10  23 3621 3861
 252 265.000   0.000  10  10 3524 3764
 253 268.000 288.000  10  26 5008 5248
 254 476.000  61.000  10  36 1735 1975
 255 283.000 438.000  10   3  866 1106
 256 191.000 215.000  10  17  154  394
 257 253.000  50.000  10  27  843 1083
 258 297.000 304.000  10   4  166  406
 259 244.000 368.000  10  25 1596 1836
 260  80.000 279.000  10  19 4571 4811
 261 488.000  96.000  10  22 4205 4445
 262  68.000 240.000  10  11 3118 3358
 263 451.000  62.000  10   5 1069 1309
 264 306.000  42.000  10  11 1847 2087
 265 247.000 219.000  10  17   31  271
 266  98.000  29.000  10  14 4126 4366
 267 352.000 241.000  10   5 3109 3349
 268 133.000 455.000  10  25 3172 3412
 269 364.000 173.000  10  30  661  901
 270 442.000 289.000  10  25  704  944
 271 329.000 456.000  10  19  936 1176
 272 157.000  38.000  10   3 4131 4371
 273 215.000 434.000  10   9  710  950
 274 210.000 133.000  10  15 2694 2934
 275  25.000  53.000  10  23 4020 4260
 276 126.000 391.000  10  19 1031 1271
 277 343.000  34.000  10   7 2839 3079
 278 202.000 391.000  10  30 2434 2674
 279 441.000   7.000  10  20 1506 1746
 280 270.000 337.000   0  20 7071 7311
 281 330.000 281.000  10  14 5262 5502
 282 438.000 488.000  10  18 1249 1489
 283  30.000  97.000  10  23 4781 5021
 284 214.000 245.000  10   8   36  276
 285 221.000 291.000  10   9  124  364
 286 423.000 315.000  10  12  660  900
 287 395.000 474.000  10  26 1488 1728
 288 481.000 207.000  10  34 3364 3604
 289 199.000 203.000   0  20 5769 6009
 290 497.000 483.000  10  12 1354 1594
 291 449.000 428.000  10  25 4927 5167
 292 100.000 266.000  10   5 1819 2059
 293 475.000 198.000  10  20 3281 3521
 294 371.000 427.000  10  23 3773 4013
 295  62.000 375.000  10  16 1335 1575
 296 163.000 472.000  10   9 2554 2794
 297  13.000 314.000  10  14  915 1155
 298 376.000 385.000  10  12  619  859
 299 256.000 441.000  10  34  644  884
 300 349.000  43.000  10  26  798 1038
 301 230.000 487.000  10  20 4458 4698
 302 489.000 457.000  10  13 1205 1445
 303 341.000  72.000  10   9 3159 3399
 304 347.000 459.000  10  25 1858 2098
 305  66.000  88.000  10   2 3259 3499
 306 320.000 211.000  10  16 3910 4150
 307 214.000 311.000  10  14  163  403
 308 489.000 274.000  10  31 2075 2315
 309 432.000 199.000  10   7 2494 2734
 310  29.000 358.000  10  23 2383 2623
 311 364.000  71.000  10   5 5334 5574
 312  72.000 477.000  10  46 1034 1274
 313 120.000  17.000  10  30 1056 1296
 314   1.000 252.000  10   5 1041 1281
 315 303.000 186.000  10  10 5357 5597
 316 174.000 347.000  10   3 3999 4239
 317 238.000 123.000  10  24 3064 3304
 318 341.000  59.000  10  27 3099 3339
 319  89.000  65.000  10  16 2821 3061
 320 368.000 452.000  10  16 2620 2860
 321 171.000  34.000  10  21 4512 4752
 322 114.000 460.000  10  14 4284 4524
 323 224.000   3.000  10  10 2702 2942
 324 448.000 404.000  10  15 2336 2576
 325 386.000 225.000  10  13 3614 3854
 326 301.000 239.000  10  31   89  329
 327 115.000 395.000  10  11 3201 3441
 328 450.000  45.000  10  24 1954 2194
 329 351.000 148.000  10  30 1785 2025
 330  10.000 407.000  10  36 1678 1918
 331 497.000  18.000  10  10 4460 4700
 332 437.000  98.000  10  16 4395 4635
 333 130.000 494.000  10   6 2975 3215
 334 391.000 202.000  10  14  476  716
 335  43.000 210.000  10  20  723  963
 336 381.000 457.000  10  28 1823 2063
 337 105.000 140.000  10  27  608  848
 338  87.000 311.000  10   7  576  816
 339 309.000  29.000  10  11 5116 5356
 340  41.000 232.000  10  16  761 1001
 341 149.000  98.000  10   4 4600 4840
 342 181.000 260.000  10  23  159  399
 343 125.000  61.000  10  26 2387 2627
 344 368.000 311.000  10  14 3644 3884
 345  80.000 251.000  10  14 1154 1394
 346 215.000 129.000  10  17 4414 4654
 347 187.000  73.000  10  18 1108 1348
 348 394.000  47.000  10   5 1192 1432
 349  31.000 175.000  10  24  926 1166
 350 492.000  34.000  10   5 3182 3422
 351 387.000 349.000  10   9  556  796
 352 142.000 372.000  10  18  532  772
 353 434.000 359.000  10  13 5509 5749
 354 257.000  57.000  10  18 4844 5084
 355 428.000 202.000  10  24 3555 3795
 356  46.000 389.000  10  22  967 1207
 357  44.000 440.000  10  24 3095 3335
 358  33.000 286.000  10  11 6124 6364
 359  21.000  70.000  10  15 3025 3265
 360  43.000 360.000  10   2 3281 3521
 361 396.000 417.000  10  13 3180 3420
 362 195.000 386.000  10  13  467  707
 363  66.000 314.000  10  26  659  899
 364  95.000  64.000  10   4 3004 3244
 365 348.000 348.000  10  23 3679 3919
 366 342.000 481.000  10  18 5700 5940
 367 478.000 300.000  10  12 3498 3738
 368 481.000  84.000  10  17 1962 2202
 369 271.000 128.000  10  12 1322 1562
 370 390.000  34.000  10   7 4181 4421
 371 436.000 295.000  10  11 2053 2293
 372   3.000 471.000  10  13 2783 3023
 373 141.000 426.000  10  23 2066 2306
 374 418.000 251.000  10  21 4727 4967
 375  29.000 462.000  10  17 5178 5418
 376  55.000 318.000  10  13 1188 1428
 377 289.000 220.000  10  19   77  317
 378  84.000 255.000  10  13 1068 1308
 379 159.000 299.000  10  12 4002 4242
 380 330.000 371.000  10   1 2174 2414
 381  10.000 237.000  10  19 2406 2646
 382 458.000 213.000  10  22 4453 4693
 383 332.000   5.000  10  14 4071 4311
 384  47.000 208.000  10  30  846 1086
 385 489.000 437.000  10  29 2767 3007
 386 211.000 446.000  10  15 4434 4674
 387 225.000 488.000  10  28 2482 2722
 388  44.000 115.000  10  24  865 1105
 389 312.000 453.000  10   6 2139 2379
 390  64.000 198.000  10  10 4294 4534
 391 371.000  71.000  10  21 1087 1327
 392 366.000 288.000  10  29 2675 2915
 393 415.000 207.000  10  18 3540 3780
 394  58.000  39.000  10  12 4592 4832
 395 442.000   5.000  10  16 1221 1461
 396  71.000  12.000  10   2 1112 1352
 397  74.000 215.000  10  10  855 1095
 398 186.000 135.000  10  24 2811 3051
 399 438.000   5.000  10  18 2136 2376
 400 150.000  68.000  10  23 1631 1871
 401 185.000 434.000  10   9 2234 2474
 402 215.000  79.000  10   5  834 1074
 403 100.000  66.000  10  15 5539 5779
 404  35.000 344.000  10  21 3392 3632
 405 372.000  97.000  10  13  795 1035
 406 344.000 203.000  10  14  609  849
 407  64.000   5.000  10  14 4456 4696
 408 392.000   1.000  10  11 2361 2601
 409 211.000 248.000  10  26   39  279
 410 293.000 228.000  10  19   73  313
 411 213.000 185.000  10  21  179  419
 412 172.000 292.000  10  17  308  548
 413 228.000 287.000  10  21   52  292
 414 387.000 394.000  10   8 4330 4570
 415 374.000 232.000  10  33  381  621
 416 447.000 272.000  10  12 1475 1715
 417 132.000 477.000  10  25 1249 1489
 418  80.000 117.000  10  24 3237 3477
 419 144.000 220.000  10  35  321  561
 420 473.000 491.000  10  23 1593 1833
 421 210.000 219.000  10   7   82  322
 422 452.000 484.000  10  26 5054 5294
 423 365.000  28.000  10   9 1013 1253
 424  84.000 453.000   0  19 4832 5072
 425 409.000 155.000  10  19  621  861
 426 132.000 151.000  10  22  496  736
 427 292.000 104.000  10  26 1156 1396
 428 443.000 167.000  10  17 2113 2353
 429 235.000  13.000  10  27 1375 1615
 430 112.000 433.000  10  29  880 1120
 431 452.000 172.000  10   9 2373 2613
 432 475.000 352.000  10  33 1179 1419
 433 124.000 111.000  10  15 3098 3338
 434 352.000  63.000  10   6 4653 4893
 435 266.000 221.000  10   9   33  273
 436 142.000  80.000  10  12 1908 2148
 437 359.000 287.000  10  24  340  580
 438  64.000 294.000  10  12 4345 4585
 439 404.000  59.000  10  13 3592 3832
 440 211.000 411.000  10  15 4526 4766
 441 404.000 140.000  10   8 4975 5215
 442 436.000 467.000  10  12 2884 3124
 443 110.000 251.000  10  23 1931 2171
 444 308.000 199.000  10  14 5973 6213
 445 423.000 221.000  10   9  973 1213
 446 313.000 391.000  10   5  538  778
 447  94.000 497.000  10  31 3069 3309
 448 493.000 111.000  10  26 2104 2344
 449  13.000 394.000  10  15 1430 1670
 450 259.000 301.000  10  25  335  575
 451  50.000 383.000  10  20  980 1220
 452 244.000 422.000  10  14 2091 2331
 453 490.000 276.000  10  33  891 1131
 454 441.000 100.000  10  31 3434 3674
 455 265.000 240.000  10   9   18  258
 456 142.000  14.000  10  18 3281 3521
 457 352.000 487.000  10  27 3547 3787
 458 418.000 399.000  10  20 1691 1931
 459 196.000  56.000  10  15 2378 2618
 460 480.000 136.000  10  22  907 1147
 461  65.000  82.000  10  13 2898 3138
 462  77.000 465.000  10  11  984 1224
 463  43.000 135.000  10  31  827 1067
 464  27.000 444.000  10  22 4261 4501
 465 357.000 290.000  10  24  337  577
 466 291.000 251.000  10  20   44  284
 467 383.000  17.000  10  15 3702 3942
 468  53.000 466.000  10   9 1280 1520
 469 114.000 102.000  10  21 1969 2209
 470 405.000 349.000  10  15 2029 2269
 471 472.000 248.000  10  11 3278 3518
 472 333.000 293.000  10  27 2408 2648
 473   2.000 264.000  10  40 2558 2798
 474   7.000  82.000  10  25 1586 1826
 475 158.000 179.000  10  37  345  585
 476 345.000 431.000  10  12 1320 1560
 477 370.000 262.000  10  15 4338 4578
 478 468.000 352.000  10   9 3013 3253
 479 209.000 212.000  10  18 6051 6291
 480 201.000 278.000  10  13  106  346
 481 331.000 134.000  10  11 4435 4675
 482 219.000 215.000  10  32   67  307
 483  86.000 189.000  10  21  847 1087
 484 492.000 335.000  10  10 3253 3493
 485 248.000 386.000  10  22 1453 1693
 486 318.000  99.000  10  35 4791 5031
 487  21.000 146.000  10  21 1887 2127
 488 410.000 399.000  10  25  875 1115
 489 109.000  56.000  10  27  839 1079
 490 479.000 387.000  10  13 1530 1770
 491 259.000 498.000  10  33 4240 4480
 492 461.000 182.000  10  13 2456 2696
 493 277.000 428.000  10   7 1901 2141
 494 290.000 328.000  10   7  515  755
 495 136.000 265.000  10  12  340  580
 496 247.000 306.000  10  33  104  344
 497 180.000 162.000  10   9  634  874
 498 253.000 118.000  10  19 2129 2369
 499 413.000 391.000  10   8  808 1048
 500 380.000 350.000  10  15 3406 3646
 501 391.000 112.000  10  24 3941 4181
 502  86.000 199.000  10  23 1051 1291
 503 287.000 256.000  10  18   37  277
 504  79.000  80.000  10  19 5468 5708
 505 344.000  70.000  10 -13 4523 4763
 506 394.000 310.000  10 -22 4334 4574
 507 178.000 302.000  10  -7 3486 3726
 508 367.000  97.000  10 -10 3892 4132
 509 471.000  94.000  10 -12 3935 4175
 510  57.000  43.000  10 -11 4034 4274
 511  38.000  15.000  10 -24 4304 4544
 512 371.000 488.000  10 -25 2271 2511
 513 351.000 233.000  10 -10 5631 5871
 514 210.000 113.000  10  -8 2701 2941
 515  40.000 304.000  10 -13 4519 4759
 516 290.000 145.000  10 -12 5066 5306
 517 447.000 184.000  10 -19 1638 1878
 518 261.000 201.000  10 -15 5996 6236
 519 389.000 156.000  10 -23 2802 3042
 520  18.000 225.000  10 -18 2705 2945
 521 230.000 320.000  10  -5 4708 4948
 522 399.000 175.000  10  -1 2928 3168
 523 440.000 294.000  10 -17 3781 4021
 524   7.000 194.000  10 -35 3745 3985
 525  60.000 246.000  10 -17  640  880
 526 128.000 113.000  10 -10 1391 1631
 527 291.000 213.000  10 -11 4971 5211
 528  82.000 183.000  10 -22 4347 4587
 529  67.000  24.000  10 -16 4014 4254
 530  36.000 451.000  10 -11 3495 3735
 531  56.000  75.000  10 -24 5691 5931
 532 214.000 274.000  10 -19 5416 5656
 533 195.000 450.000  10  -1 5884 6124
 534  56.000 268.000  10 -20 4196 4436
 535 231.000  29.000  10  -8 4845 5085
 536 130.000 186.000  10 -16  465  705
 537 174.000 376.000  10 -22 5617 5857
 538 429.000 389.000  10 -13 1636 1876
 539  92.000  76.000  10 -12 4496 4736
 540  60.000 231.000  10 -11 4044 4284
 541  79.000 467.000  10 -13 1346 1586
 542 225.000 269.000  10 -15 5023 5263
 543 485.000 104.000  10 -14 3118 3358
 544  12.000 367.000  10  -5 1243 1483
 545 235.000 108.000  10 -17 4258 4498
 546 337.000 232.000  10 -12 6222 6462
 547 461.000 195.000  10 -33 5520 5760
 548 144.000  35.000  10 -25  839 1079
 549 339.000 113.000  10 -20 2982 3222
 550 392.000 491.000  10  -5 4471 4711
 551  49.000 353.000  10  -8 5724 5964
 552 133.000 273.000  10  -1  357  597
 553 292.000 136.000  10 -16 3062 3302
 554 171.000 303.000  10 -34 6297 6537
 555 339.000 144.000  10 -12 4336 4576
 556 455.000 168.000  10  -8 3407 3647
 557 103.000 464.000  10 -13 5032 5272
 558 253.000  74.000  10 -14 5340 5580
 559   9.000 101.000  10 -16 2604 2844
 560 492.000 326.000  10 -14 4756 4996
 561 195.000 464.000  10 -22 6105 6345
 562  20.000 480.000  10 -17 2221 2461
 563 324.000  99.000  10 -15 1292 1532
 564 240.000  34.000  10 -13 6178 6418
 565  88.000 484.000  10 -23 5903 6143
 566 366.000 390.000  10 -21 5213 5453
 567 191.000  84.000  10 -23 3408 3648
 568 436.000  25.000  10 -24 5069 5309
 569 413.000 493.000  10 -17 4813 5053
 570 463.000 406.000  10 -33 3369 3609
 571 406.000 408.000  10  -8 5765 6005
 572 135.000 400.000  10  -8 1134 1374
 573 421.000 387.000  10  -7 3145 3385
 574 206.000 172.000  10  -9 3092 3332
 575 222.000 331.000  10 -15 2098 2338
 576 325.000 147.000  10 -28 4687 4927
 577 182.000 480.000  10 -18 1399 1639
 578 117.000 110.000  10 -24 3855 4095
 579  77.000 172.000  10 -34 3082 3322
 580 239.000  15.000  10  -3 2355 2595
 581 347.000 192.000  10  -3 5893 6133
 582 484.000 224.000  10 -20 1138 1378
 583 274.000 441.000  10 -18 2718 2958
 584 373.000 418.000  10 -23 4978 5218
 585 248.000 176.000  10 -13 5546 5786
 586 420.000 383.000  10  -9 3868 4108
 587 149.000 214.000  10  -4 1868 2108
 588  48.000 366.000  10 -20 2912 3152
 589 466.000 362.000  10 -16 4549 4789
 590 325.000 210.000  10 -26 3674 3914
 591  63.000 420.000  10  -9 2018 2258
 592   1.000 101.000  10  -8 4969 5209
 593 152.000 476.000  10 -24 2030 2270
 594 138.000  28.000  10 -22 4326 4566
 595 136.000 430.000  10 -14 2781 3021
 596  62.000 236.000  10 -32 2172 2412
 597 322.000 406.000  10 -17 3257 3497
 598  30.000   7.000  10 -22 4694 4934
 599 111.000 392.000  10 -25 4616 4856
 600  97.000 288.000  10 -23 5076 5316
 601 203.000 211.000  10 -20 5166 5406
 602 195.000 111.000  10 -27 3932 4172
 603 240.000 255.000  10 -24 6384 6624
 604 372.000 115.000  10 -23 1395 1635
 605 494.000 468.000  10 -21 1350 1590
 606 154.000 374.000  10 -17 3688 3928
 607 274.000 261.000  10  -7 6768 7008
 608 370.000 382.000  10 -27 3475 3715
 609 262.000 369.000  10 -10  457  697
 610  61.000 214.000  10 -25 1307 1547
 611 428.000 302.000  10 -33 4004 4244
 612 489.000 338.000  10 -22 5529 5769
 613 190.000 267.000  10  -1 6955 7195
 614 115.000 296.000  10 -12 6055 6295
 615 351.000   5.000  10 -21 1924 2164
 616 229.000 322.000  10  -8 6581 6821
 617 366.000 260.000  10 -21 6021 6261
 618 418.000 269.000  10 -36 4759 4999
 619 348.000 476.000  10  -8 4727 4967
 620 209.000  68.000  10 -21 6212 6452
 621 250.000 441.000  10 -11 2963 3203
 622  49.000 437.000  10  -6 1650 1890
 623 382.000 110.000  10 -28 4390 4630
 624 295.000  89.000  10 -22 2908 3148
 625  60.000   5.000  10 -11 4115 4355
 626 351.000 128.000  10 -44 4953 5193
 627 174.000  41.000  10 -14 5154 5394
 628  46.000 163.000  10 -28 3644 3884
 629 417.000 212.000  10 -13 3581 3821
 630 306.000 229.000  10  -6 5221 5461
 631 164.000 473.000  10 -17 1125 1365
 632 441.000 374.000  10 -34  833 1073
 633 279.000 355.000  10 -30  605  845
 634  40.000 278.000  10 -38 4358 4598
 635 495.000  83.000  10 -15 1703 1943
 636 374.000 306.000  10 -15 3916 4156
 637 426.000 231.000  10 -31 4054 4294
 638 371.000 332.000  10 -19 2058 2298
 639  48.000 437.000  10  -2 3155 3395
 640 188.000 151.000  10 -18 5127 5367
 641 334.000 403.000  10 -30  578  818
 642 354.000 416.000  10 -32 2657 2897
 643 268.000 113.000  10 -33 2659 2899
 644 161.000 275.000  10 -19 5327 5567
 645  79.000 257.000  10 -26 3752 3992
 646  15.000  11.000  10 -10 3747 3987
 647 246.000 314.000  10 -23 5721 5961
 648 181.000 441.000  10 -19 2107 2347
 649 228.000 399.000  10 -23 2285 2525
 650 179.000 318.000  10 -15 4423 4663
 651  52.000 412.000  10 -18 5563 5803
 652  68.000 160.000  10 -25 4483 4723
 653 215.000 282.000  10 -14 5702 5942
 654  87.000 213.000  10 -17 2443 2683
 655 497.000  54.000  10 -10 3852 4092
 656 268.000 351.000  10 -36 6640 6880
 657 134.000 194.000  10 -21 6547 6787
 658  69.000 266.000  10 -33 2973 3213
 659 174.000 397.000  10  -2 4919 5159
 660  87.000  51.000  10 -12 1997 2237
 661 187.000  61.000  10 -24 2120 2360
 662 371.000 423.000  10 -15  724  964
 663 386.000 245.000  10 -30 1856 2096
 664 274.000 403.000  10 -10 3490 3730
 665 169.000 305.000  10  -5  587  827
 666  23.000 235.000  10  -5 4033 4273
 667  44.000 311.000  10 -27 1570 1810
 668 330.000 138.000  10  -9 4378 4618
 669 360.000 294.000  10 -24 5611 5851
 670 355.000 485.000  10 -33 5856 6096
 671 197.000 202.000  10 -26 4755 4995
 672 392.000  87.000  10 -28 4671 4911
 673  37.000 281.000  10 -22 1913 2153
 674 371.000 315.000  10  -5 4603 4843
 675 138.000 406.000  10 -13 4804 5044
 676 405.000 454.000  10 -14 5152 5392
 677 424.000 288.000  10  -6 4169 4409
 678  83.000 290.000  10 -26 2370 2610
 679 323.000  29.000  10  -2 4490 4730
 680  32.000 319.000  10 -18 1542 1782
 681 332.000 382.000  10 -16 3982 4222
 682 257.000 133.000  10 -22 3389 3629
 683 111.000 178.000  10 -20  506  746
 684 401.000 314.000  10 -26 3846 4086
 685 485.000 428.000  10  -2 5900 6140
 686 161.000 416.000  10 -12 3985 4225
 687 272.000 420.000  10 -14 5483 5723
 688 482.000 104.000  10 -20 3170 3410
 689 413.000 476.000  10  -3 4656 4896
 690  94.000 192.000  10 -11 4261 4501
 691 390.000 120.000  10 -29 3957 4197
 692 268.000 458.000  10 -21 2032 2272
 693 314.000 205.000  10 -20 6047 6287
 694 224.000  56.000  10 -35 4686 4926
 695 384.000 149.000  10 -31 4729 4969
 696 450.000 194.000  10 -19 2439 2679
 697 365.000 190.000  10  -1 5850 6090
 698  68.000  53.000  10 -15 2895 3135
 699 206.000 174.000  10 -18 3139 3379
 700   5.000 445.000  10 -23 1184 1424
 701 263.000 153.000  10 -14 1590 1830
 702 264.000 135.000  10 -22 3458 3698
 703 210.000 379.000  10 -38 2775 3015
 704 429.000 476.000  10 -25 2233 2473
 705 313.000 493.000  10 -10 4712 4952
 706 243.000 408.000  10 -15 5675 5915
 707 118.000 314.000  10 -23 1290 1530
 708  33.000 152.000  10 -17 5220 5460
 709  68.000 450.000  10 -22 2470 2710
 710  11.000 403.000  10 -15 1312 1552
 711  89.000 358.000  10 -28 4929 5169
 712 226.000 175.000  10 -19 6715 6955
 713  89.000 322.000  10 -20 4023 4263
 714 440.000 201.000  10  -7 3510 3750
 715 221.000 269.000  10 -21 5002 5242
 716 105.000 181.000  10 -25 6065 6305
 717 449.000 190.000  10 -13 4500 4740
 718 374.000 116.000  10  -8 2289 2529
 719 228.000 260.000  10 -12 6362 6602
 720 488.000   3.000  10 -19 1542 1782
 721 285.000 247.000  10  -6 5039 5279
 722  19.000 273.000  10 -26 4006 4246
 723 104.000  28.000  10 -19 5832 6072
 724 294.000 421.000  10 -22 6242 6482
 725 440.000 292.000  10 -25 3700 3940
 726  52.000 303.000  10 -23 1705 1945
 727 398.000  49.000  10 -16 3107 3347
 728 264.000 180.000  10  -1 6663 6903
 729 272.000 234.000  10 -25 6301 6541
 730 120.000  37.000  10 -24 3041 3281
 731 421.000 499.000  10 -11 5321 5561
 732 107.000 374.000  10 -15 3597 3837
 733 299.000 285.000  10 -36 4955 5195
 734 167.000 291.000  10 -31 6477 6717
 735 456.000 157.000  10 -29 5760 6000
 736 363.000 225.000  10 -15 3363 3603
 737 173.000 474.000  10 -10 5080 5320
 738 440.000  77.000  10 -18 3592 3832
 739 237.000 420.000  10 -10 5277 5517
 740 174.000 122.000  10 -14 2313 2553
 741 273.000  70.000  10 -11 2417 2657
 742 244.000 277.000  10 -13 5145 5385
 743 360.000 284.000  10 -21 2606 2846
 744 210.000  29.000  10 -26 4143 4383
 745  95.000 382.000  10 -19  865 1105
 746 339.000  41.000  10 -24 1763 2003
 747  26.000 442.000  10 -32 5316 5556
 748 389.000 255.000  10 -13 3081 3321
 749 177.000 404.000  10  -7 4989 5229
 750  57.000 183.000  10  -5 4341 4581
 751 174.000  67.000  10 -17 4979 5219
 752 171.000  24.000  10 -14 5474 5714
 753 377.000 432.000  10 -12 3266 3506
 754 269.000 112.000  10 -18 4991 5231
 755 460.000 424.000  10 -23 5758 5998
 756  49.000 118.000  10 -10 4226 4466
 757 402.000 277.000  10 -26 5694 5934
 758 397.000  57.000  10 -36 5844 6084
 759 318.000 497.000  10  -3 3355 3595
 760 210.000  81.000  10 -17 1536 1776
 761 206.000  97.000  10 -27 1732 1972
 762 414.000 378.000  10  -4 1919 2159
 763  91.000 427.000  10 -25 3470 3710
 764 218.000 271.000  10 -19 6235 6475
 765 396.000  83.000  10 -22 6286 6526
 766  64.000 135.000  10 -11 3413 3653
 767 480.000 131.000  10  -5 2690 2930
 768 335.000  46.000  10 -11 5307 5547
 769 200.000  27.000  10 -17 2039 2279
 770  60.000  29.000  10 -14 5391 5631
 771 350.000 199.000  10  -5 4746 4986
 772  91.000 326.000  10 -25 3793 4033
 773 393.000  98.000  10 -30 2950 3190
 774 420.000 224.000  10 -25 1656 1896
 775 360.000 488.000  10 -19 1202 1442
 776 241.000 180.000  10  -3 6718 6958
 777 287.000 397.000  10  -9 2197 2437
 778 262.000  97.000  10 -15 3728 3968
 779  65.000  62.000  10 -23 3846 4086
 780 217.000 207.000  10 -19 5470 5710
 781 415.000  95.000  10  -7 4647 4887
 782 162.000 388.000  10 -30 4444 4684
 783 480.000 119.000  10 -20 2454 2694
 784 270.000 337.000  10 -20 7071 7311
 785 433.000 319.000  10 -14 5445 5685
 786 421.000 386.000  10 -18 3237 3477
 787 110.000 122.000  10 -23 5975 6215
 788  16.000 287.000  10  -8 1023 1263
 789  48.000 412.000  10  -9 4068 4308
 790 295.000 283.000  10 -12 3513 3753
 791 328.000 458.000  10 -26 3011 3251
 792 441.000 177.000  10 -34 3945 4185
 793 199.000 203.000  10 -20 5769 6009
 794 469.000 489.000  10 -12 2162 2402
 795 240.000 362.000  10 -25 5595 5835
 796 146.000 313.000  10  -5 4721 4961
 797 454.000 201.000  10 -20 5160 5400
 798 241.000 402.000  10 -23 4039 4279
 799   0.000 188.000  10 -16 3668 3908
 800 178.000 420.000  10  -9 4225 4465
 801   7.000 382.000  10 -14 3022 3262
 802 491.000 369.000  10 -12 2858 3098
 803 332.000 459.000  10 -34 1415 1655
 804 382.000   9.000  10 -26 1027 1267
 805 352.000 481.000  10 -20 5079 5319
 806 397.000 477.000  10 -13 4803 5043
 807 413.000 127.000  10  -9 3263 3503
 808 370.000 493.000  10 -25 2225 2465
 809  52.000  18.000  10  -2 3368 3608
 810 224.000 320.000  10 -16 5075 5315
 811  80.000 458.000  10 -14 1422 1662
 812 439.000 222.000  10 -31 3858 4098
 813 482.000 184.000  10  -7 4367 4607
 814  34.000 329.000  10 -23 4112 4352
 815 323.000  77.000  10  -5 5560 5800
 816  61.000 441.000  10 -46 2115 2355
 817 168.000  59.000  10 -30 1404 1644
 818  48.000 293.000  10  -5 1044 1284
 819 248.000 214.000  10 -10 5857 6097
 820 199.000 438.000  10  -3 5382 5622
 821 117.000 178.000  10 -24 4409 4649
 822 337.000  41.000  10 -27 3949 4189
 823 165.000  59.000  10 -16 3711 3951
 824 274.000 442.000  10 -16 4205 4445
 825 151.000  81.000  10 -21 6172 6412
 826  90.000 496.000  10 -14 5521 5761
 827 178.000  72.000  10 -10 2967 3207
 828 498.000 457.000  10 -15 3592 3832
 829 404.000 207.000  10 -13 3582 3822
 830 365.000 274.000  10 -31  350  590
 831 167.000 445.000  10 -11 5588 5828
 832 437.000  19.000  10 -24 3996 4236
 833 371.000 163.000  10 -30 3251 3491
 834  80.000 337.000  10 -36 4417 4657
 835 472.000  57.000  10 -10 5119 5359
 836 466.000  96.000  10 -16 5473 5713
 837 175.000 422.000  10  -6 5726 5966
 838 435.000 180.000  10 -14  838 1078
 839  32.000  94.000  10 -20 3661 3901
 840 239.000 486.000  10 -28 5868 6108
 841  89.000 185.000  10 -27 2339 2579
 842  12.000 358.000  10  -7 4837 5077
 843 323.000  34.000  10 -11 5199 5439
 844  66.000  31.000  10 -16 4134 4374
 845 201.000  66.000  10  -4 4607 4847
 846 161.000 276.000  10 -23  474  714
 847 147.000  30.000  10 -26 4375 4615
 848 359.000 246.000  10 -14 5631 5871
 849  75.000 118.000  10 -14 1576 1816
 850 223.000 178.000  10 -17 4485 4725
 851 365.000  74.000  10 -18 3334 3574
 852 480.000 152.000  10  -5 4026 4266
 853  48.000 162.000  10 -24  809 1049
 854 432.000  66.000  10  -5 4225 4465
 855 346.000 354.000  10  -9 3210 3450
 856 286.000 244.000  10 -18 5076 5316
 857 374.000 260.000  10 -13 7039 7279
 858 345.000 146.000  10 -18 5696 5936
 859 278.000 450.000  10 -24 5440 5680
 860  71.000 304.000  10 -22 2696 2936
 861  78.000 406.000  10 -24 3782 4022
 862 157.000 269.000  10 -11 6245 6485
 863  26.000  67.000  10 -15 5207 5447
 864  33.000 278.000  10  -2 5889 6129
 865 440.000 436.000  10 -13 3508 3748
 866 142.000 360.000  10 -13 6068 6308
 867  26.000 342.000  10 -26 1224 1464
 868 307.000  52.000  10  -4 3622 3862
 869 411.000 379.000  10 -23 4713 4953
 870 336.000 493.000  10 -18 5912 6152
 871 447.000 267.000  10 -12 3858 4098
 872 426.000  38.000  10 -17 2375 2615
 873 388.000  44.000  10 -12 4463 4703
 874 459.000  53.000  10  -7 4429 4669
 875 495.000 355.000  10 -11 4913 5153
 876  69.000 423.000  10 -13 3150 3390
 877  67.000 451.000  10 -23 4802 5042
 878 273.000 255.000  10 -21 5908 6148
 879  27.000 464.000  10 -17 5104 5344
 880  67.000 378.000  10 -13 1822 2062
 881 262.000  92.000  10 -19 2462 2702
 882  53.000 204.000  10 -13 4160 4400
 883 218.000 403.000  10 -12 5217 5457
 884 216.000 341.000  10  -1 2556 2796
 885  39.000 153.000  10 -19 3131 3371
 886 470.000 138.000  10 -22 5498 5738
 887 321.000 149.000  10 -14 5638 5878
 888 178.000 135.000  10 -30 5995 6235
 889 493.000 493.000  10 -29 3366 3606
 890 122.000 422.000  10 -15 5767 6007
 891  69.000 414.000  10 -28 4993 5233
 892  18.000  24.000  10 -24 2453 2693
 893  58.000 391.000  10  -6 3469 3709
 894  30.000 155.000  10 -10 5062 5302
 895 494.000 165.000  10 -21 2357 2597
 896 413.000 345.000  10 -29 4812 5052
 897 347.000 184.000  10 -18 4255 4495
 898 102.000   6.000  10 -12 5774 6014
 899 460.000 117.000  10 -16 2019 2259
 900 172.000  24.000  10  -2 5749 5989
 901   6.000 196.000  10 -10 4753 4993
 902 125.000  65.000  10 -24 3094 3334
 903 482.000 141.000  10 -18 3983 4223
 904 103.000 123.000  10 -23 1899 2139
 905 150.000 484.000  10  -9 2441 2681
 906 365.000 119.000  10  -5 1467 1707
 907  87.000   3.000  10 -15 5672 5912
 908  51.000 286.000  10 -21 5776 6016
 909 407.000  35.000  10 -13 5093 5333
 910 355.000 174.000  10 -14 2801 3041
 911  91.000  27.000  10 -14 4667 4907
 912 400.000  71.000  10 -11 5428 5668
 913   9.000 233.000  10 -26 1165 1405
 914 306.000 235.000  10 -19  112  352
 915 135.000  30.000  10 -21 1838 2078
 916 193.000 138.000  10 -17 2583 2823
 917 166.000 440.000  10 -21  711  951
 918 295.000 247.000  10  -8 5154 5394
 919 398.000 210.000  10 -33  493  733
 920 409.000 255.000  10 -12 6030 6270
 921 164.000 320.000  10 -25 4319 4559
 922  63.000 155.000  10 -24 3799 4039
 923 202.000  28.000  10 -35 3677 3917
 924 448.000 495.000  10 -23 1474 1714
 925 176.000 199.000  10  -7  239  479
 926 498.000 456.000  10 -26 5564 5804
 927 441.000  60.000  10  -9 5775 6015
 928  84.000 453.000  10 -19 4832 5072
 929 436.000 123.000  10 -19  781 1021
 930  34.000 169.000  10 -22 1878 2118
 931 241.000  38.000  10 -26 2067 2307
 932 466.000 149.000  10 -17 4684 4924
 933 242.000 106.000  10 -27 5014 5254
 934 105.000 474.000  10 -29 1823 2063
 935 429.000 169.000  10  -9 3551 3791
 936 497.000 296.000  10 -33 2390 2630
 937 244.000  13.000  10 -15 3992 4232
 938 273.000 149.000  10  -6 5951 6191
 939 293.000 174.000  10  -9  229  469
 940 158.000  24.000  10 -12 2385 2625
 941 390.000 249.000  10 -24 2267 2507
 942   5.000 281.000  10 -12 5426 5666
 943 349.000  76.000  10 -13 4063 4303
 944 177.000 486.000  10 -15 6329 6569
 945 405.000 187.000  10  -8 4942 5182
 946 487.000 446.000  10 -12 5301 5541
 947 164.000 332.000  10 -23 5059 5299
 948 267.000 174.000  10 -14 6413 6653
 949 423.000 170.000  10  -9 1992 2232
 950 433.000 447.000  10  -5 3117 3357
 951 175.000 352.000  10 -31 6600 6840
 952 385.000  17.000  10 -26 3175 3415
 953  51.000 360.000  10 -15 4518 4758
 954 311.000 422.000  10 -25 3892 4132
 955  71.000 282.000  10 -20 2507 2747
 956 166.000 345.000  10 -14 4459 4699
 957 439.000 156.000  10 -33 2043 2283
 958 267.000 162.000  10 -31 5737 5977
 959 333.000 163.000  10  -9 4901 5141
 960 140.000 108.000  10 -18 4225 4465
 961 257.000 391.000  10 -27 6472 6712
 962 490.000 286.000  10 -20 2029 2269
 963 235.000  33.000  10 -15 5288 5528
 964 488.000 173.000  10 -22 4781 5021
 965  19.000  38.000  10 -13 3329 3569
 966  90.000 477.000  10 -11  991 1231
 967  16.000  68.000  10 -31 1066 1306
 968  80.000 400.000  10 -22 5725 5965
 969 398.000 329.000  10 -24  551  791
 970 456.000 113.000  10 -20 4849 5089
 971 282.000   1.000  10 -15 4110 4350
 972 162.000 301.000  10  -9 6392 6632
 973 153.000 192.000  10 -21 3403 3643
 974 487.000 320.000  10 -15 3371 3611
 975 442.000 153.000  10 -11 4695 4935
 976 394.000 322.000  10 -27 4039 4279
 977  46.000 248.000  10 -40 3195 3435
 978   6.000  53.000  10 -25 2288 2528
 979  33.000 268.000  10 -37 2723 2963
 980 328.000 491.000  10 -12 2653 2893
 981 322.000 290.000  10 -15 5856 6096
 982 497.000 266.000  10  -9 2930 3170
 983 240.000 240.000  10 -18 6738 6978
 984 171.000 188.000  10 -13 2422 2662
 985 297.000 131.000  10 -11 4602 4842
 986 212.000  47.000  10 -32 3144 3384
 987  66.000 163.000  10 -21 1522 1762
 988 463.000 253.000  10 -10 4128 4368
 989 243.000 402.000  10 -22 1560 1800
 990 335.000  99.000  10 -35 4814 5054
 991  61.000 170.000  10 -21 3963 4203
 992 499.000 316.000  10 -25 2427 2667
 993 142.000  30.000  10 -27 4924 5164
 994 439.000 237.000  10 -13 3694 3934
 995 284.000 457.000  10 -33 5934 6174
 996 461.000 186.000  10 -13 5989 6229
 997 231.000 410.000  10  -7 4886 5126
 998 457.000 280.000  10  -7 3939 4179
 999  36.000 301.000  10 -12  760 1000
1000 207.000 487.000  10 -33 2697 2937
1001 200.000  78.000  10  -9 3911 4151
1002 140.000 137.000  10 -19 2219 2459
1003 486.000 324.000  10  -8 3018 3258
1004 297.000 283.000  10 -15 5338 5578
1005 282.000  10.000  10 -24 4986 5226
1006  38.000 190.000  10 -23 1079 1319
1007 331.000 356.000  10 -18 2787 3027
1008 212.000 186.000  10 -19 6826 7066
1009 250.000 250.000   0   0    0 7697
