505 505 1000 1000 1000
   0 250.000 250.000   0   0    0 7697
   1 228.000 399.000  10  14 2285 2525
   2 340.000 291.000  10  22 1822 2062
   3 273.000 255.000  10  18    0 7664
   4  36.000 301.000   0  21    0 7468
   5 295.000 283.000  10  26 3513 3753
   6 436.000 123.000  10  40  781 1021
   7 222.000 499.000  10   7    0 7437
   8 376.000  92.000  10  10    0 7485
   9   3.000  23.000  10  11 1506 1746
  10 413.000 476.000  10  34 4656 4896
  11 309.000 161.000  10  23 2273 2513
  12  39.000 162.000  10  18    0 7459
  13 261.000 138.000  10   1    0 7575
  14 346.000 354.000  10   8 3210 3450
  15 130.000 247.000  10  17    0 7567
  16 328.000 491.000  10  21 2653 2893
  17 365.000  74.000  10  24 3334 3574
  18 168.000 109.000  10  10  757  997
  19 111.000 192.000  10  11    0 7537
  20  45.000 166.000  10  22    0 7466
  21  24.000 259.000  10  19    0 7461
  22   6.000  53.000  10   8    0 7374
  23  15.000  11.000  10  15    0 7352
  24 179.000 497.000  10   1    0 7430
  25  67.000 352.000  10  20 1433 1673
  26 317.000  45.000  10   8    0 7472
  27  33.000 278.000  10  18 5889 6129
  28 322.000 290.000  10  23    0 7605
  29 159.000 226.000  10  16  256  496
  30 453.000 360.000  10  13  804 1044
  31 393.000  98.000  10  13 2950 3190
  32 303.000  78.000  10  12    0 7508
  33 191.000  84.000  10  13    0 7511
  34 215.000 293.000  10  13  102  342
  35 343.000 276.000  10  15  266  506
  36 488.000 173.000  10  25 4781 5021
  37 153.000 244.000  10   5    0 7590
  38 498.000 171.000  10  12    0 7427
  39 177.000 156.000  10  25    0 7568
  40 398.000  49.000  10  21 3107 3347
  41 497.000 296.000  10  14    0 7436
  42 276.000  84.000  10  20    0 7519
  43 422.000 498.000  10   5    0 7386
  44 166.000 247.000  10   1  216  456
  45 311.000 422.000  10  29    0 7505
  46 460.000 117.000  10  14    0 7439
  47  28.000 467.000  10  34    0 7377
  48 420.000 383.000  10  27    0 7472
  49 264.000 180.000  10  33    0 7616
  50 153.000 192.000  10  13    0 7574
  51  93.000 413.000  10  17  785 1025
  52 371.000 332.000  10  14    0 7541
  53 231.000 167.000  10  15  221  461
  54 196.000 489.000  10  23 4061 4301
  55 280.000 245.000   0  21    0 7657
  56 420.000  80.000  10  24    0 7447
  57 448.000 397.000  10  33    0 7441
  58 471.000 427.000  10   8    0 7404
  59 146.000 376.000  10   8  877 1117
  60  12.000 358.000  10   7 4837 5077
  61 297.000 131.000  10  25 4602 4842
  62  97.000 288.000  10  22 5076 5316
  63 172.000 314.000  10   9    0 7587
  64 170.000 347.000  10  15 1683 1923
  65 103.000 123.000  10   8 1899 2139
  66 174.000  67.000  10  15    0 7489
  67  94.000 192.000  10   1    0 7521
  68 232.000 101.000  10  24 1324 1564
  69  28.000 180.000  10  34 1482 1722
  70  64.000 135.000  10  11 3413 3653
  71 293.000 174.000  10  31  229  469
  72 218.000  12.000  10   3 2116 2356
  73 110.000 122.000  10  14    0 7498
  74 459.000  53.000  10  20    0 7400
  75 497.000 266.000  10  25 2930 3170
  76 495.000 227.000  10  20    0 7441
  77 268.000 351.000  10   7 6640 6880
  78 213.000 399.000  10  18  876 1116
  79 327.000 139.000  10  13 4969 5209
  80  59.000 388.000  10  20 2591 2831
  81 468.000 360.000  10  16    0 7443
  82 174.000  41.000  10  15    0 7465
  83 343.000 205.000  10  26 3009 3249
  84 154.000 392.000  10   9    0 7516
  85 250.000 328.000  10  24    0 7609
  86  88.000 484.000  10   5    0 7403
  87 360.000 488.000  10  19 1202 1442
  88 156.000  65.000  10  22 4089 4329
  89 152.000 476.000  10  45 2030 2270
  90 221.000 269.000  10  14    0 7653
  91 263.000 418.000  10  25    0 7519
  92 180.000 283.000  10  23 2915 3155
  93 385.000  17.000  10  40 3175 3415
  94 245.000 176.000  10  20 4879 5119
  95 251.000 238.000  10  27    0 7675
  96 139.000 438.000  10  24  796 1036
  97 236.000 126.000  10  23  379  619
  98  61.000 441.000  10  27 2115 2355
  99 111.000 392.000  10  18 4616 4856
 100 373.000 421.000  10  21  890 1130
 101 247.000 443.000  10  17    0 7494
 102 374.000 346.000  10  27    0 7531
 103 122.000 422.000  10   3    0 7473
 104 261.000 359.000  10  10    0 7578
 105 173.000 182.000  10  25  291  531
 106 413.000 127.000  10  28    0 7483
 107  80.000 357.000  10   1 2062 2302
 108 352.000 481.000  10  15 5079 5319
 109 237.000 420.000  10  15    0 7517
 110 389.000  43.000  10  21    0 7438
 111 298.000 264.000  10  36   80  320
 112 307.000 412.000  10   8    0 7516
 113  53.000 204.000  10   8 4160 4400
 114 480.000 152.000  10  26    0 7437
 115 262.000  97.000  10  17    0 7534
 116  83.000 169.000  10  21    0 7502
 117 390.000 249.000  10  21    0 7547
 118 132.000 479.000  10  11  910 1150
 119 314.000 205.000  10  22 6047 6287
 120 124.000 448.000  10   6    0 7453
 121   0.000 188.000  10  26    0 7430
 122 162.000 306.000  10  22  417  657
 123 103.000 177.000  10  28 2446 2686
 124  26.000  67.000  10  15    0 7398
 125 149.000 341.000  10   6    0 7552
 126 415.000  95.000  10  15 4647 4887
 127 167.000 488.000  10  17  940 1180
 128 439.000 222.000  10  22 3858 4098
 129 150.000 484.000  10  16 2441 2681
 130 299.000 353.000  10  34    0 7573
 131 273.000 300.000  10  30  100  340
 132 363.000 225.000  10  35 3363 3603
 133  65.000 343.000  10  38  769 1009
 134 351.000  60.000  10  15    0 7472
 135  60.000 246.000  10  25  640  880
 136 463.000 253.000  10  23 4128 4368
 137 452.000 206.000  10  31 1909 2149
 138  93.000 490.000  10   2 1457 1697
 139 172.000  66.000  10  18    0 7488
 140 334.000 481.000  10  32 1262 1502
 141  26.000 442.000  10  23    0 7392
 142 488.000   3.000  10   3    0 7344
 143 178.000 150.000  10  33    0 7564
 144 371.000 423.000  10  10  724  964
 145 153.000 235.000  10  10  273  513
 146 255.000 487.000  10  19    0 7450
 147 149.000 214.000  10   7    0 7580
 148 360.000 294.000  10   9    0 7569
 149 325.000 210.000  10  15    0 7602
 150  19.000 273.000  10  25    0 7455
 151  72.000 227.000  10  25 2195 2435
 152 130.000 140.000  10  17    0 7525
 153 372.000  39.000  10  10 2834 3074
 154 269.000 112.000  10  19    0 7548
 155 224.000  56.000  10  13    0 7492
 156 340.000 416.000  10  36 1224 1464
 157  13.000 214.000  10  21 5354 5594
 158 230.000 320.000  10   8 4708 4948
 159 235.000 316.000  10   2 2563 2803
 160 173.000  65.000  10  12 1734 1974
 161  51.000 286.000  10  14    0 7485
 162 267.000 290.000  10  15   54  294
 163 453.000 318.000  10  30 1435 1675
 164 210.000 276.000  10   5   71  311
 165  35.000 263.000  10  27    0 7472
 166 429.000  59.000  10   9 1775 2015
 167  58.000 391.000  10  16 3469 3709
 168 260.000 472.000  10  33 4084 4324
 169 138.000  28.000  10  23 4326 4566
 170 157.000 269.000  10  31    0 7593
 171 177.000 404.000  10  17    0 7517
 172 366.000 334.000  10   5    0 7544
 173 149.000 458.000  10  13    0 7456
 174 377.000 385.000  10   6 3405 3645
 175 217.000 207.000  10  26    0 7633
 176  96.000 346.000  10  26  681  921
 177 206.000  97.000  10  33 1732 1972
 178 494.000 468.000  10  31 1350 1590
 179   5.000 281.000  10  16    0 7441
 180 288.000 439.000  10  16 1034 1274
 181 420.000 224.000  10  10 1656 1896
 182 267.000 162.000  10   6    0 7598
 183 195.000 273.000  10  22  118  358
 184 233.000 230.000  10  20    0 7661
 185 406.000 460.000  10   2 2817 3057
 186 246.000 407.000  10  12 1186 1426
 187 283.000 454.000  10  14    0 7481
 188 432.000   2.000  10  20 1806 2046
 189 226.000 316.000  10  21  161  401
 190 201.000  66.000  10  14    0 7497
 191 386.000 154.000  10  31    0 7521
 192 335.000  99.000  10  25    0 7514
 193 356.000 256.000  10  19    0 7581
 194 412.000 100.000  10   1    0 7467
 195 394.000 322.000  10  12 4039 4279
 196  48.000 150.000  10  15    0 7462
 197 102.000 422.000  10  23    0 7461
 198 339.000  41.000  10   6    0 7460
 199 440.000 201.000   0  29    0 7491
 200 219.000 210.000  10  14    0 7637
 201 250.000 441.000  10   5    0 7496
 202 178.000 302.000  10  19 3486 3726
 203 225.000 369.000  10  38  366  606
 204 450.000 416.000  10  25 2247 2487
 205 287.000 397.000  10  12    0 7536
 206 351.000 481.000  10  10 1227 1467
 207  68.000 303.000  10  22  825 1065
 208 456.000 113.000  10  17 4849 5089
 209 134.000 276.000  10  15    0 7569
 210  26.000 221.000  10  28    0 7462
 211  79.000 257.000  10  26 3752 3992
 212 181.000 185.000  10  19 6395 6635
 213 104.000 349.000  10  20 3977 4217
 214 475.000 267.000  10   7    0 7462
 215 385.000 239.000  10  21 3082 3322
 216  67.000 190.000  10  25    0 7495
 217 376.000 113.000  10   8    0 7501
 218 409.000 255.000  10  23    0 7528
 219 363.000  34.000  10  19    0 7444
 220 274.000 441.000  10  12    0 7495
 221 432.000  66.000  10  30    0 7429
 222  51.000  89.000  10  19    0 7432
 223 379.000 486.000  10  22 2627 2867
 224 281.000  96.000  10   1 4443 4683
 225 288.000  70.000  10  24    0 7504
 226 470.000 417.000  10  11    0 7411
 227 226.000 423.000  10  15  728  968
 228 174.000 122.000  10  14    0 7539
 229 311.000 203.000  10  15 2830 3070
 230 233.000  87.000  10  18  950 1190
 231  84.000 377.000  10  10 3645 3885
 232 292.000  32.000  10  14  857 1097
 233 418.000  75.000  10  11 1732 1972
 234 272.000 420.000  10   7    0 7516
 235 318.000 280.000  10  21  177  417
 236 385.000  58.000  10  24 1559 1799
 237  44.000 496.000  10  32    0 7367
 238 460.000 328.000  10  13  816 1056
 239  82.000 183.000  10  17 4347 4587
 240 153.000 362.000  10   7 4585 4825
 241 133.000 273.000  10  20  357  597
 242 218.000 403.000  10  15 5217 5457
 243 295.000  89.000  10  23    0 7520
 244 118.000 314.000  10  26 1290 1530
 245 388.000  44.000  10  22 4463 4703
 246 381.000 328.000  10  12    0 7535
 247 132.000  32.000  10  18    0 7440
 248 334.000 403.000  10  26  578  818
 249  83.000 290.000  10  14    0 7516
 250 411.000 396.000  10  23 3621 3861
 251 243.000 402.000  10  13    0 7535
 252 265.000   0.000  10  10    0 7437
 253 476.000  61.000  10  36 1735 1975
 254 283.000 438.000  10   3  866 1106
 255 191.000 215.000  10  17  154  394
 256 297.000 304.000  10   4  166  406
 257  80.000 279.000  10  19    0 7515
 258  68.000 240.000   0  11 3118 3358
 259 306.000  42.000  10  11 1847 2087
 260  98.000  29.000  10  14 4126 4366
 261 142.000 360.000  10  20    0 7533
 262 172.000  24.000  10  17 5749 5989
 263 352.000 241.000  10   5 3109 3349
 264 133.000 455.000  10  25    0 7451
 265 440.000 292.000  10  24 3700 3940
 266 442.000 289.000   0  25    0 7492
 267 374.000 260.000  10  27    0 7563
 268 210.000 113.000  10  28    0 7545
 269 215.000 434.000  10   9    0 7500
 270 140.000 108.000  10  29    0 7508
 271  25.000  53.000  10  23 4020 4260
 272 339.000 113.000  10  14 2982 3222
 273 343.000  34.000  10   7 2839 3079
 274 354.000 416.000  10  10 2657 2897
 275 367.000  97.000  10  17    0 7495
 276 111.000 178.000  10  18  506  746
 277 270.000 337.000   0  20    0 7598
 278 323.000  29.000  10   7 4490 4730
 279 330.000 281.000  10  14    0 7602
 280  30.000  97.000  10  23 4781 5021
 281 273.000  70.000  10  36 2417 2657
 282 214.000 245.000  10   8    0 7651
 283 221.000 291.000  10   9  124  364
 284  79.000 467.000  10  22 1346 1586
 285 395.000 474.000  10  26    0 7421
 286 481.000 207.000  10  34 3364 3604
 287 497.000 483.000  10  12 1354 1594
 288  16.000  68.000  10  11    0 7391
 289 371.000 427.000  10  23 3773 4013
 290 163.000 472.000  10   9 2554 2794
 291 231.000  29.000  10  14 4845 5085
 292 256.000 441.000  10  34    0 7496
 293 120.000  37.000  10  28    0 7438
 294 230.000 487.000  10  20    0 7450
 295 341.000  72.000  10   9 3159 3399
 296 306.000 229.000  10  10    0 7628
 297 492.000 326.000  10  19 4756 4996
 298  66.000  88.000  10   2    0 7442
 299 320.000 211.000  10  16    0 7607
 300 489.000 274.000  10  31 2075 2315
 301 432.000 199.000  10   7    0 7498
 302  62.000 236.000  10  29 2172 2412
 303 364.000  71.000  10   5    0 7475
 304 429.000 476.000  10  23 2233 2473
 305 365.000 274.000   0  14  350  590
 306 117.000 110.000  10  13    0 7494
 307 345.000 146.000  10  27 5696 5936
 308 120.000  17.000  10  30    0 7421
 309 264.000 135.000  10   1    0 7572
 310 238.000 123.000  10  24    0 7560
 311 187.000  61.000  10  19 2120 2360
 312 341.000  59.000  10  27 3099 3339
 313  89.000  65.000  10  16 2821 3061
 314 368.000 452.000  10  16 2620 2860
 315 164.000 473.000  10  26 1125 1365
 316 448.000 404.000  10  15 2336 2576
 317 301.000 239.000  10  31   89  329
 318 450.000  45.000  10  24 1954 2194
 319  80.000 458.000  10  30 1422 1662
 320  60.000   5.000  10  18 4115 4355
 321 497.000  18.000  10  10 4460 4700
 322 449.000 190.000  10   2    0 7480
 323 429.000 169.000  10   8 3551 3791
 324 282.000  10.000  10  30 4986 5226
 325  61.000 170.000  10  20    0 7482
 326 262.000 369.000  10  15  457  697
 327  41.000 232.000  10  16    0 7478
 328 149.000  98.000  10   4    0 7505
 329 207.000 487.000  10   4    0 7447
 330 497.000  54.000  10  14    0 7372
 331 125.000  61.000  10  26 2387 2627
 332 368.000 311.000  10  14    0 7555
 333  75.000 118.000  10  21    0 7468
 334  80.000 251.000  10  14 1154 1394
 335 455.000 168.000  10  21 3407 3647
 336 394.000  47.000  10   5 1192 1432
 337 492.000  34.000  10   5    0 7363
 338 387.000 349.000  10   9    0 7518
 339 291.000 213.000  10  23 4971 5211
 340 421.000 387.000  10  15    0 7468
 341 491.000 369.000  10  28 2858 3098
 342 351.000 128.000  10  15 4953 5193
 343 273.000 149.000  10  14    0 7584
 344 447.000 184.000  10  27    0 7480
 345  21.000  70.000  10  15 3025 3265
 346  71.000 304.000  10  19 2696 2936
 347  43.000 360.000  10   2 3281 3521
 348 396.000 417.000  10  13    0 7466
 349 158.000  24.000  10  18 2385 2625
 350 164.000 320.000  10  12    0 7577
 351 306.000 235.000  10  25  112  352
 352  66.000 314.000  10  26  659  899
 353 348.000 348.000  10  23    0 7549
 354  61.000 214.000  10   4 1307 1547
 355 240.000 240.000   0  35 6738 6978
 356 271.000 128.000  10  12    0 7564
 357 493.000 493.000  10  20 3366 3606
 358 374.000 306.000  10   4 3916 4156
 359  27.000 464.000  10  21    0 7378
 360 418.000 269.000  10   3    0 7518
 361  90.000 477.000  10  18    0 7410
 362 141.000 426.000  10  23    0 7480
 363  29.000 462.000  10  17    0 7381
 364  55.000 318.000  10  13 1188 1428
 365  18.000  24.000  10  32 2453 2693
 366  84.000 255.000  10  13    0 7521
 367 485.000 104.000  10  21    0 7411
 368 178.000 135.000  10  21    0 7552
 369  10.000 237.000  10  19    0 7447
 370 222.000 331.000  10  10 2098 2338
 371 332.000   5.000  10  14 4071 4311
 372  47.000 208.000  10  30    0 7480
 373 489.000 437.000  10  29    0 7384
 374 165.000  59.000  10  27 3711 3951
 375 355.000 485.000  10  10 5856 6096
 376  51.000 360.000   0  13    0 7460
 377  44.000 115.000  10  24  865 1105
 378 312.000 453.000  10   6    0 7475
 379  67.000 451.000  10   5    0 7416
 380 415.000 207.000  10  18 3540 3780
 381  58.000  39.000  10  12 4592 4832
 382  71.000  12.000  10   2 1112 1352
 383  74.000 215.000  10  10    0 7508
 384 150.000  68.000  10  23    0 7480
 385 215.000  79.000  10   5    0 7513
 386 177.000 486.000  10  20 6329 6569
 387 372.000  97.000  10  13    0 7492
 388 344.000 203.000  10  14  609  849
 389 423.000 170.000  10  27 1992 2232
 390 171.000 188.000  10  30 2422 2662
 391 371.000 163.000  10  21    0 7538
 392 211.000 248.000  10  26    0 7648
 393 293.000 228.000  10  19   73  313
 394  23.000 235.000  10  43    0 7460
 395 172.000 292.000  10  17  308  548
 396 228.000 287.000  10  21   52  292
 397 387.000 394.000  10   8    0 7489
 398 374.000 232.000  10  33    0 7562
 399 447.000 272.000  10  12    0 7489
 400  80.000 117.000  10  24    0 7472
 401  11.000 403.000  10  18 1312 1552
 402 144.000 220.000  10  35    0 7577
 403 210.000 219.000  10   7    0 7637
 404 365.000  28.000  10   9    0 7437
 405 178.000  72.000  10  23 2967 3207
 406 132.000 151.000  10  22    0 7533
 407 443.000 167.000  10  17 2113 2353
 408 166.000 440.000  10  12  711  951
 409 112.000 433.000  10  29    0 7458
 410 452.000 172.000  10   9    0 7471
 411 414.000 378.000  10  23 1919 2159
 412 475.000 352.000  10  33    0 7440
 413  92.000  76.000  10   4 4496 4736
 414 268.000 458.000  10  24    0 7479
 415  49.000 118.000  10   3    0 7447
 416 382.000   9.000  10  30 1027 1267
 417 266.000 221.000  10   9    0 7654
 418 359.000 287.000  10  24    0 7572
 419 482.000 104.000  10  19    0 7413
 420 284.000 457.000  10  17 5934 6174
 421 404.000  59.000  10  13    0 7442
 422  68.000 160.000  10  21    0 7484
 423  30.000 155.000  10   9 5062 5302
 424 240.000  34.000  10  28 6178 6418
 425 107.000 374.000  10   8 3597 3837
 426 421.000 386.000  10  29    0 7469
 427 110.000 251.000  10  23 1931 2171
 428  19.000  38.000  10  15 3329 3569
 429 278.000 450.000  10  29    0 7486
 430   7.000 382.000  10  27 3022 3262
 431 493.000 111.000  10  26 2104 2344
 432  13.000 394.000  10  15    0 7410
 433 351.000 233.000  10  21 5631 5871
 434 417.000 212.000  10  12    0 7516
 435 450.000 194.000  10  27 2439 2679
 436 470.000 138.000  10  16    0 7441
 437  50.000 383.000  10  20  980 1220
 438  60.000  29.000  10  32    0 7396
 439   5.000 445.000  10  30 1184 1424
 440 490.000 276.000  10  33    0 7446
 441 162.000 388.000  10  11    0 7524
 442 406.000 408.000  10  15 5765 6005
 443 265.000 240.000  10   9   18  258
 444 130.000 186.000  10  16  465  705
 445 382.000 110.000  10  24 4390 4630
 446 142.000  14.000  10  18    0 7428
 447 352.000 487.000  10  27    0 7429
 448  65.000  82.000  10  13 2898 3138
 449 105.000 181.000  10  19    0 7527
 450  77.000 465.000  10  11    0 7412
 451  43.000 135.000  10  31    0 7451
 452  27.000 444.000  10  22 4261 4501
 453 357.000 290.000  10  24    0 7573
 454  38.000  15.000  10   3    0 7371
 455  36.000 451.000  10  15 3495 3735
 456 291.000 251.000  10  20   44  284
 457 195.000 111.000  10  15 3932 4172
 458  53.000 466.000  10   9    0 7395
 459 114.000 102.000  10  21    0 7487
 460 350.000 199.000  10  21 4746 4986
 461 472.000 248.000  10  11    0 7465
 462 333.000 293.000  10  27 2408 2648
 463  34.000 329.000  10   2    0 7458
 464 345.000 431.000  10  12    0 7483
 465 370.000 262.000  10  15 4338 4578
 466  77.000 172.000  10  23    0 7498
 467  87.000  51.000  10  35    0 7430
 468  63.000 420.000  10  19 2018 2258
 469 201.000 278.000  10  13  106  346
 470 206.000 172.000  10  29 3092 3332
 471 471.000  94.000  10  30    0 7417
 472 331.000 134.000  10  11 4435 4675
 473  86.000 189.000  10  21  847 1087
 474 492.000 335.000  10  10 3253 3493
 475 248.000 386.000  10  22    0 7551
 476 463.000 406.000  10  23    0 7423
 477 199.000 438.000  10   3    0 7493
 478 447.000 267.000  10  19    0 7490
 479  63.000 155.000  10   7    0 7478
 480 294.000 421.000  10  26 6242 6482
 481  21.000 146.000  10  21    0 7436
 482 410.000 399.000  10  25  875 1115
 483 109.000  56.000  10  27    0 7448
 484 212.000  47.000  10  20    0 7481
 485 479.000 387.000  10  13    0 7421
 486 167.000 291.000  10  27    0 7595
 487 259.000 498.000  10  33    0 7439
 488 461.000 182.000  10  13 2456 2696
 489 290.000 328.000  10   7  515  755
 490 146.000 313.000  10  22 4721 4961
 491  56.000 268.000   0  28 4196 4436
 492 104.000  28.000  10   8    0 7422
 493 370.000 493.000  10  22    0 7416
 494 136.000 265.000  10  12  340  580
 495 247.000 306.000  10  33  104  344
 496 241.000  38.000  10  16 2067 2307
 497 180.000 162.000  10   9  634  874
 498 253.000 118.000  10  19 2129 2369
 499 413.000 391.000  10   8  808 1048
 500  86.000 199.000  10  23 1051 1291
 501  91.000 326.000  10   4    0 7511
 502 203.000 211.000  10  20    0 7626
 503  32.000 319.000  10  21 1542 1782
 504 439.000 237.000  10  11 3694 3934
 505  26.000 342.000  10  12 1224 1464
 506  71.000 282.000  10 -14    0 7506
 507 408.000 318.000  10 -22 2512 2752
 508 287.000 256.000  10 -18   37  277
 509  36.000 301.000  10 -21    0 7468
 510 244.000 277.000  10 -26 5145 5385
 511 492.000 188.000  10 -40 2801 3041
 512 225.000 488.000  10  -7    0 7448
 513 359.000 246.000  10 -10 5631 5871
 514  56.000  75.000  10 -11    0 7426
 515 452.000 484.000  10 -34 5054 5294
 516 480.000 136.000  10 -23    0 7431
 517  52.000 412.000  10 -18 5563 5803
 518 290.000 145.000  10  -1 5066 5306
 519 413.000 345.000  10  -8 4812 5052
 520  57.000 183.000  10 -17 4341 4581
 521 318.000 497.000  10 -21    0 7431
 522 330.000 138.000  10 -24    0 7550
 523 352.000  63.000  10 -10 4653 4893
 524  66.000 163.000  10 -11 1522 1762
 525 175.000 239.000  10 -22    0 7612
 526 176.000 200.000  10 -19 2210 2450
 527  68.000  53.000  10  -8    0 7419
 528  64.000   5.000  10 -15    0 7380
 529 167.000 445.000  10  -1    0 7476
 530 213.000 283.000  10 -20    0 7638
 531 335.000  46.000  10  -8 5307 5547
 532 100.000 266.000  10 -18    0 7537
 533 274.000 261.000  10 -23    0 7661
 534  92.000 259.000  10 -16    0 7529
 535 386.000 225.000  10 -13    0 7549
 536 405.000 187.000  10 -13 4942 5182
 537 224.000   3.000  10 -12    0 7439
 538 251.000  63.000  10 -13 3890 4130
 539  59.000 276.000  10 -13    0 7495
 540 429.000 389.000  10 -15 1636 1876
 541 380.000 194.000  10 -25    0 7546
 542 209.000 212.000  10  -5 6051 6291
 543 397.000 153.000  10 -12 3470 3710
 544 282.000   1.000  10 -25 4110 4350
 545 371.000  71.000  10 -21    0 7471
 546 451.000 305.000  10 -14    0 7479
 547 482.000 141.000  10 -20 3983 4223
 548 485.000 428.000  10  -5    0 7393
 549  34.000 239.000  10  -1  816 1056
 550 240.000 362.000  10 -29    0 7575
 551 452.000 110.000  10 -14    0 7442
 552  68.000 450.000  10 -34    0 7417
 553 389.000 156.000  10 -27 2802 3042
 554 245.000  42.000  10 -33 2129 2369
 555   9.000 101.000  10 -13    0 7404
 556  37.000 281.000  10 -17 1913 2153
 557 398.000 329.000  10 -14  551  791
 558 210.000  29.000  10 -15 4143 4383
 559 239.000 486.000  10 -23    0 7451
 560 280.000 245.000  10 -21    0 7657
 561 209.000  68.000  10 -24    0 7501
 562 468.000 352.000  10 -33 3013 3253
 563 460.000 424.000  10  -8 5758 5998
 564 244.000 422.000  10  -8 2091 2331
 565 218.000 271.000  10  -7 6235 6475
 566 366.000 260.000  10 -25    0 7571
 567 162.000 301.000  10 -22 6392 6632
 568 274.000 442.000  10  -9 4205 4445
 569 211.000 411.000  10 -15 4526 4766
 570 244.000  13.000  10  -8 3992 4232
 571 323.000  77.000  10 -15 5560 5800
 572 143.000 158.000  10  -1    0 7546
 573 235.000  33.000  10 -24    0 7470
 574  94.000 344.000  10 -34 2669 2909
 575  46.000 163.000  10 -11    0 7466
 576 392.000   1.000  10 -31 2361 2601
 577  98.000   2.000  10  -3 2307 2547
 578  24.000  71.000  10 -14 1324 1564
 579 351.000   5.000  10 -20    0 7422
 580 495.000 355.000  10 -25 4913 5153
 581 375.000 145.000  10 -20 3657 3897
 582 259.000 301.000  10  -7    0 7636
 583 208.000 488.000  10 -18 1850 2090
 584 401.000 164.000  10 -13    0 7514
 585   0.000 422.000  10 -20 3224 3464
 586 307.000 249.000  10 -16    0 7630
 587 200.000  78.000  10 -15    0 7508
 588 437.000  98.000  10 -26 4395 4635
 589 189.000 402.000  10  -9    0 7524
 590  35.000 344.000  10 -24 3392 3632
 591  49.000 437.000  10  -5 1650 1890
 592 332.000 459.000  10 -19    0 7463
 593 147.000  30.000  10 -22 4375 4615
 594 181.000 441.000  10 -45    0 7484
 595 179.000 318.000  10 -14    0 7589
 596 229.000 322.000  10 -25    0 7612
 597 245.000 461.000  10 -23    0 7476
 598 495.000  83.000  10 -40    0 7391
 599 295.000 247.000  10 -20 5154 5394
 600 239.000  15.000  10 -27    0 7452
 601  62.000 375.000  10 -24 1335 1575
 602 402.000 277.000  10 -23 5694 5934
 603 173.000 474.000  10 -27    0 7451
 604 210.000 379.000  10 -18    0 7552
 605 404.000 439.000  10 -21    0 7444
 606 217.000 333.000  10 -17    0 7598
 607 268.000 288.000  10 -27 5008 5248
 608  29.000 336.000  10  -3    0 7450
 609 231.000 410.000  10 -10    0 7526
 610 100.000  85.000  10 -25    0 7465
 611 439.000 156.000  10 -28 2043 2283
 612 171.000 303.000  10  -1    0 7592
 613 336.000 493.000  10 -15 5912 6152
 614 211.000 446.000  10 -15    0 7488
 615 441.000   7.000  10 -21    0 7378
 616 471.000 368.000  10 -36 1652 1892
 617 411.000 379.000  10  -8 4713 4953
 618 215.000 129.000  10  -8 4414 4654
 619 415.000 118.000  10 -26    0 7476
 620 324.000  99.000  10 -17 1292 1532
 621   7.000 194.000  10 -21 3745 3985
 622 330.000 147.000  10 -21 3334 3574
 623  83.000 300.000  10 -11 1939 2179
 624 272.000 234.000  10 -22 6301 6541
 625  46.000 389.000  10  -6    0 7441
 626   1.000 101.000  10 -26 4969 5209
 627 176.000 470.000  10 -22    0 7455
 628  87.000 311.000  10 -28    0 7513
 629  57.000  43.000  10 -15    0 7404
 630 144.000 331.000  10  -6 3665 3905
 631 437.000  90.000  10 -15    0 7441
 632 136.000 430.000  10 -17 2781 3021
 633 442.000 153.000  10 -22 4695 4935
 634  52.000 303.000  10 -16    0 7483
 635 397.000 477.000  10 -34    0 7417
 636 279.000 355.000  10 -30    0 7579
 637 404.000 207.000  10 -35 3582 3822
 638 370.000 382.000  10 -38    0 7509
 639 383.000  17.000  10 -15 3702 3942
 640 158.000 179.000  10 -25    0 7571
 641 466.000 362.000  10 -23    0 7444
 642 440.000 294.000  10 -31 3781 4021
 643  48.000 412.000  10  -2    0 7429
 644 151.000  81.000  10 -18    0 7492
 645 348.000 476.000  10 -32    0 7441
 646 214.000 311.000  10 -23    0 7617
 647 303.000 186.000  10  -3    0 7604
 648 128.000 113.000  10 -33    0 7504
 649 470.000 405.000  10 -10 3643 3883
 650   1.000 252.000  10 -10 1041 1281
 651 217.000 357.000  10 -19    0 7576
 652 148.000 208.000  10  -7    0 7577
 653 399.000 175.000  10  -9 2928 3168
 654 480.000 119.000  10 -15 2454 2694
 655  14.000 232.000  10 -25    0 7451
 656  40.000 278.000  10 -25    0 7476
 657 188.000 119.000  10 -17 3839 4079
 658 397.000  57.000  10 -10 5844 6084
 659 489.000 159.000  10 -19 5651 5891
 660 213.000 185.000  10 -13    0 7613
 661 380.000 350.000  10 -36 3406 3646
 662  16.000 287.000  10 -21    0 7451
 663 215.000 282.000  10  -8 5702 5942
 664 385.000 285.000  10  -2 3412 3652
 665 124.000 111.000  10 -12    0 7500
 666 169.000 305.000  10 -14    0 7590
 667 286.000 356.000  10 -15  328  568
 668 355.000 174.000  10 -30 2801 3041
 669 179.000 286.000  10  -5 1305 1545
 670  64.000 198.000  10 -27 4294 4534
 671 390.000  34.000  10  -9 4181 4421
 672 161.000 275.000  10 -16 5327 5567
 673 185.000 431.000  10 -33    0 7495
 674 253.000  74.000  10 -23 5340 5580
 675 277.000 428.000  10 -31 1901 2141
 676 216.000 341.000  10 -17    0 7590
 677 342.000 319.000  10  -5    0 7572
 678  91.000 427.000  10 -13 3470 3710
 679 366.000 390.000  10  -6 5213 5453
 680 344.000  70.000  10 -26 4523 4763
 681 241.000 402.000  10 -26    0 7535
 682 140.000 137.000  10 -33 2219 2459
 683 449.000 428.000  10 -31 4927 5167
 684  33.000 286.000  10 -16    0 7468
 685 329.000 456.000  10 -16  936 1176
 686 458.000 213.000  10 -10    0 7476
 687  95.000  64.000  10  -6 3004 3244
 688 161.000 276.000  10 -22  474  714
 689 337.000  41.000  10 -20    0 7461
 690 425.000 448.000  10  -2 3118 3358
 691 244.000 368.000  10 -12    0 7569
 692 257.000 391.000  10 -14 6472 6712
 693 349.000  43.000  10 -20    0 7458
 694 202.000 391.000  10 -21 2434 2674
 695 188.000 151.000  10 -14    0 7571
 696 438.000 127.000  10 -31    0 7463
 697 202.000  28.000  10 -25 3677 3917
 698 487.000 320.000  10 -19    0 7440
 699 308.000 199.000  10  -1 5973 6213
 700 398.000 341.000  10 -12    0 7514
 701  38.000 190.000  10 -15    0 7467
 702  89.000 358.000  10 -23 4929 5169
 703 241.000 180.000  10  -6 6718 6958
 704 440.000 201.000  10 -29    0 7491
 705 248.000 176.000  10 -14 5546 5786
 706 178.000 420.000  10  -5    0 7503
 707 195.000 464.000  10 -19    0 7467
 708 185.000 434.000  10 -38 2234 2474
 709 448.000 414.000  10 -25    0 7430
 710 328.000 458.000  10 -12    0 7465
 711 412.000 478.000  10 -10 3779 4019
 712 195.000 386.000  10 -22    0 7541
 713 347.000 192.000  10 -17 5893 6133
 714 322.000 406.000  10 -15    0 7516
 715 176.000 199.000  10 -28    0 7598
 716 117.000 178.000  10 -26 4409 4649
 717 219.000 215.000  10 -19    0 7641
 718 240.000 255.000  10 -20 6384 6624
 719 499.000 316.000  10  -7    0 7430
 720 426.000 231.000  10 -21 4054 4294
 721 193.000 138.000  10 -25    0 7562
 722 339.000 144.000  10  -8    0 7549
 723 325.000 311.000  10 -23 5229 5469
 724 481.000  84.000  10 -19    0 7403
 725 138.000 406.000  10 -12 4804 5044
 726 426.000  38.000  10 -30    0 7412
 727   6.000 196.000  10 -19 4753 4993
 728 448.000 495.000  10 -22    0 7372
 729 428.000 202.000  10  -1    0 7503
 730 257.000  57.000  10 -24    0 7494
 731 436.000 467.000  10 -11    0 7402
 732 164.000 332.000  10 -15 5059 5299
 733 187.000  73.000  10 -14    0 7500
 734 480.000 131.000  10 -15    0 7429
 735 404.000 140.000  10 -18 4975 5215
 736  89.000 322.000  10 -10 4023 4263
 737 108.000  37.000  10 -14    0 7432
 738 451.000  62.000  10 -11    0 7412
 739 284.000 319.000  10  -7 3207 3447
 740 354.000 156.000  10 -21    0 7547
 741 365.000 119.000  10 -24    0 7513
 742  94.000 497.000  10 -32 3069 3309
 743 366.000 288.000  10 -13    0 7565
 744 257.000 133.000  10 -17    0 7570
 745 208.000 445.000  10  -7    0 7488
 746 142.000 372.000  10 -20    0 7525
 747 235.000 288.000  10 -15    0 7647
 748 235.000  13.000  10 -23    0 7450
 749 137.000 377.000  10 -26    0 7518
 750 407.000  35.000  10 -22    0 7421
 751 389.000 255.000  10 -12    0 7548
 752 135.000  30.000  10 -18    0 7439
 753 489.000 457.000  10 -26    0 7371
 754  46.000 248.000  10 -14 3195 3435
 755 413.000 493.000  10 -23 4813 5053
 756 376.000 385.000  10 -13    0 7503
 757 349.000  76.000  10 -10 4063 4303
 758 472.000  57.000  10 -36    0 7393
 759 342.000 481.000  10  -3 5700 5940
 760  67.000 378.000  10 -17    0 7464
 761 392.000 491.000  10  -4 4471 4711
 762  18.000 225.000  10 -19 2705 2945
 763  68.000 240.000  10 -11 3118 3358
 764 100.000  66.000  10 -11    0 7450
 765 196.000  56.000  10 -14    0 7486
 766 174.000 397.000  10 -20 4919 5159
 767 199.000 203.000  10 -17    0 7618
 768 398.000 210.000  10  -5    0 7534
 769  80.000 337.000  10 -25 4417 4657
 770 330.000 308.000  10 -24    0 7589
 771 442.000 289.000  10 -25    0 7492
 772 415.000 253.000  10 -27    0 7522
 773 223.000 178.000  10 -28    0 7611
 774 195.000 450.000  10  -9 5884 6124
 775 250.000  57.000  10 -29    0 7494
 776  65.000  62.000  10 -23 3846 4086
 777 297.000 283.000  10 -14    0 7630
 778 466.000  96.000  10  -7    0 7422
 779 381.000 457.000  10 -10    0 7443
 780 392.000  95.000  10 -17 3005 3245
 781  41.000 120.000  10 -18 2724 2964
 782 270.000 337.000  10 -20    0 7598
 783 323.000  34.000  10  -7    0 7459
 784 382.000 360.000  10 -14  652  892
 785   5.000 224.000  10 -23    0 7441
 786 268.000 113.000  10 -36 2659 2899
 787  87.000 213.000  10  -8    0 7520
 788 182.000 480.000  10  -9    0 7448
 789 105.000 474.000  10 -22    0 7421
 790 347.000 459.000  10 -26    0 7457
 791 361.000 178.000  10 -34 3830 4070
 792 469.000 489.000  10 -12 2162 2402
 793  66.000  31.000  10 -11    0 7401
 794 373.000 418.000  10 -23 4978 5218
 795 148.000 462.000  10  -9 2847 3087
 796 253.000  50.000  10 -14    0 7487
 797 174.000 347.000  10 -34    0 7564
 798 171.000  24.000  10 -28    0 7448
 799 135.000 400.000  10 -20    0 7498
 800 440.000 284.000  10  -9    0 7494
 801 225.000 269.000  10 -10 5023 5263
 802 405.000 349.000  10 -19    0 7504
 803   0.000 356.000  10  -2    0 7416
 804 484.000 224.000  10 -16    0 7452
 805 465.000 367.000  10 -31 4047 4287
 806 436.000 295.000  10  -7    0 7496
 807  48.000 293.000  10 -29    0 7481
 808 307.000  52.000  10  -5 3622 3862
 809 405.000 454.000  10 -23    0 7431
 810 365.000 274.000  10 -14  350  590
 811 325.000  56.000  10 -13    0 7480
 812 321.000 149.000  10 -27    0 7564
 813 102.000   6.000  10 -30    0 7402
 814 262.000  92.000  10  -1 2462 2702
 815 429.000  67.000  10 -24 2869 3109
 816 247.000 219.000  10 -19    0 7656
 817 442.000   5.000  10 -27    0 7376
 818 226.000 175.000  10 -16 6715 6955
 819 440.000 436.000  10 -16 3508 3748
 820 159.000 299.000  10 -26    0 7584
 821 398.000 476.000  10 -15    0 7417
 822 423.000 221.000  10 -31  973 1213
 823 437.000  19.000  10 -24    0 7390
 824  20.000 480.000  10 -30 2221 2461
 825  67.000  24.000  10 -18    0 7397
 826 372.000 115.000  10 -10    0 7506
 827 333.000 163.000  10  -2 4901 5141
 828 248.000 214.000  10  -8 5857 6097
 829 292.000 136.000  10 -30    0 7566
 830  32.000 191.000  10 -20 2285 2525
 831 132.000 477.000  10 -15    0 7432
 832 133.000 202.000  10 -16 1782 2022
 833 179.000  75.000  10  -4 2900 3140
 834 115.000 395.000  10  -4 3201 3441
 835 436.000  25.000  10 -14 5069 5309
 836 200.000  27.000  10 -26    0 7459
 837 351.000 148.000  10 -14    0 7544
 838  80.000 400.000  10 -21 5725 5965
 839 285.000 247.000  10 -14    0 7652
 840 391.000 112.000  10 -21 3941 4181
 841 441.000  60.000  10  -5    0 7418
 842 400.000  71.000  10  -5    0 7454
 843 343.000 166.000  10  -9 3444 3684
 844 289.000 220.000  10 -23    0 7638
 845 438.000 488.000  10 -15 1249 1489
 846 498.000 456.000  10 -28 5564 5804
 847 423.000 315.000  10 -15    0 7503
 848 292.000 104.000  10 -14    0 7536
 849 384.000 149.000  10 -27    0 7520
 850  34.000 169.000  10 -15    0 7457
 851 131.000 246.000  10 -19 3268 3508
 852 224.000 320.000  10  -2 5075 5315
 853 481.000 454.000  10 -13 1222 1462
 854 157.000  38.000  10 -18    0 7456
 855 161.000 416.000  10 -12    0 7499
 856 489.000 338.000  10 -25 5529 5769
 857 130.000 494.000  10 -26 2975 3215
 858 246.000 314.000  10 -23 5721 5961
 859 134.000 194.000  10  -4    0 7559
 860 240.000 240.000  10 -35 6738 6978
 861 435.000 180.000  10 -12    0 7490
 862 457.000 492.000  10 -20    0 7369
 863 401.000 314.000  10  -4 3846 4086
 864  90.000 496.000  10 -21    0 7394
 865 371.000 315.000  10  -3 4603 4843
 866  69.000 423.000  10 -18    0 7437
 867  64.000 294.000  10 -23 4345 4585
 868   3.000 471.000  10 -17    0 7356
 869  76.000 462.000  10 -13 3764 4004
 870  94.000  40.000  10 -32 4212 4452
 871 210.000 133.000  10 -13    0 7564
 872 441.000 100.000  10 -21    0 7445
 873 198.000  85.000  10 -21  990 1230
 874   9.000 233.000  10 -19 1165 1405
 875 394.000 310.000  10 -10 4334 4574
 876 438.000   5.000  10 -14    0 7379
 877  60.000 231.000  10 -30    0 7497
 878 331.000 356.000  10 -29    0 7554
 879 168.000  59.000  10 -27    0 7480
 880 313.000 493.000  10 -10    0 7436
 881  51.000 360.000  10 -13    0 7460
 882  13.000 314.000  10 -24    0 7442
 883 371.000 488.000  10  -6 2271 2511
 884 103.000 464.000  10  -5    0 7428
 885 482.000 184.000  10 -18 4367 4607
 886 186.000 135.000  10 -12    0 7556
 887  87.000   3.000  10  -2    0 7392
 888  89.000 185.000  10 -10 2339 2579
 889 171.000  34.000  10 -23 4512 4752
 890 235.000 108.000  10  -5 4258 4498
 891 175.000 352.000  10 -20 6600 6840
 892 433.000 319.000  10 -13 5445 5685
 893 364.000 173.000  10 -14  661  901
 894 461.000 186.000  10 -27    0 7467
 895 286.000 244.000  10 -30 5076 5316
 896 325.000 147.000  10 -21    0 7560
 897  43.000 210.000  10 -26    0 7477
 898 409.000 155.000  10 -19    0 7502
 899 197.000 202.000  10 -43 4755 4995
 900  72.000 477.000  10 -17    0 7399
 901  48.000 366.000  10 -21    0 7455
 902 487.000 446.000  10  -8 5301 5541
 903 478.000 300.000  10 -33 3498 3738
 904 428.000 302.000  10 -12    0 7502
 905  69.000 266.000  10 -24    0 7506
 906 174.000 376.000  10 -18    0 7540
 907 134.000 211.000  10 -35  422  662
 908 105.000 140.000  10  -7  608  848
 909 440.000  77.000  10  -9    0 7431
 910 263.000 153.000  10 -23    0 7590
 911  91.000  27.000  10 -22 4667 4907
 912 461.000 195.000  10 -17    0 7469
 913  44.000 344.000  10 -12    0 7461
 914  77.000 372.000  10 -29    0 7476
 915 347.000 184.000  10  -9 4255 4495
 916 391.000 202.000  10 -23    0 7539
 917 332.000 382.000  10 -33 3982 4222
 918  30.000   7.000  10  -4 4694 4934
 919 166.000 345.000  10 -24 4459 4699
 920  33.000 152.000  10  -3 5220 5460
 921 396.000  83.000  10 -30 6286 6526
 922 392.000  87.000  10  -9    0 7471
 923 386.000 245.000  10 -24    0 7551
 924 466.000 149.000  10 -19 4684 4924
 925 267.000 374.000  10 -17    0 7562
 926 454.000 201.000  10 -13 5160 5400
 927  39.000 153.000  10 -21    0 7455
 928   2.000 264.000  10  -9    0 7439
 929 210.000  81.000  10 -28    0 7514
 930 228.000 260.000  10  -8 6362 6602
 931 447.000 383.000  10 -29  831 1071
 932 146.000 188.000  10 -23    0 7566
 933  32.000  94.000  10 -15 3661 3901
 934 175.000 422.000  10 -29 5726 5966
 935 181.000 260.000  10 -27    0 7618
 936 390.000 120.000  10 -26    0 7496
 937  10.000 407.000  10 -15 1678 1918
 938 337.000 232.000  10 -21 6222 6462
 939 456.000 157.000  10 -12 5760 6000
 940 495.000 199.000  10 -27    0 7437
 941 494.000 165.000  10 -16 2357 2597
 942  29.000 358.000  10 -20 2383 2623
 943  92.000  18.000  10 -32    0 7407
 944  64.000 437.000  10 -30    0 7424
 945 434.000 359.000  10 -33 5509 5749
 946 243.000 408.000  10 -11 5675 5915
 947 330.000 371.000  10 -15    0 7542
 948 500.000 228.000  10  -9 3067 3307
 949  44.000 140.000  10 -16 3413 3653
 950 365.000 190.000  10 -24 5850 6090
 951 144.000  35.000  10 -18    0 7448
 952 377.000 432.000  10 -27    0 7466
 953  48.000 162.000  10 -13    0 7467
 954 267.000 174.000  10 -19 6413 6653
 955  44.000 440.000  10 -11    0 7407
 956  31.000 175.000  10 -31    0 7456
 957  69.000 414.000  10 -22 4993 5233
 958 360.000 284.000  10 -24 2606 2846
 959  52.000  18.000  10  -3    0 7382
 960  84.000 453.000  10 -15 4832 5072
 961 457.000 280.000  10 -20 3939 4179
 962 309.000  29.000  10 -15    0 7459
 963  48.000 437.000  10  -9    0 7412
 964  79.000  80.000  10 -21    0 7446
 965 261.000 201.000  10 -21 5996 6236
 966 490.000 286.000  10 -11 2029 2269
 967 299.000 285.000  10 -27 4955 5195
 968 115.000 296.000  10  -2 6055 6295
 969 433.000 447.000  10 -12 3117 3357
 970 418.000 251.000  10 -15 4727 4967
 971  33.000 268.000  10 -23    0 7470
 972   7.000  82.000  10 -35 1586 1826
 973  13.000 465.000  10 -19    0 7368
 974  12.000 367.000  10 -13 1243 1483
 975 206.000 174.000  10 -29 3139 3379
 976 374.000 116.000  10 -30    0 7505
 977 318.000  99.000  10 -11 4791 5031
 978 225.000 121.000  10 -21    0 7556
 979 486.000 324.000  10 -10    0 7440
 980  44.000 311.000  10 -22 1570 1810
 981 418.000 399.000  10 -23    0 7463
 982  78.000 406.000  10  -3 3782 4022
 983 424.000 288.000  10 -19    0 7509
 984  62.000  94.000  10  -7    0 7443
 985 274.000 403.000  10 -26    0 7533
 986  49.000 353.000  10 -21 5724 5964
 987 421.000 499.000  10 -25 5321 5561
 988 142.000  30.000  10 -27    0 7442
 989 242.000 106.000  10 -20    0 7543
 990 498.000 457.000  10 -13    0 7364
 991 187.000 263.000  10 -27    0 7623
 992 126.000 391.000  10 -33    0 7500
 993 475.000 198.000  10 -13 3281 3521
 994 313.000 391.000  10  -7  538  778
 995 214.000 274.000  10 -22 5416 5656
 996  56.000 268.000  10 -28 4196 4436
 997 212.000 186.000  10  -8 6826 7066
 998 473.000 491.000  10 -22    0 7359
 999 154.000 374.000  10 -12    0 7531
1000  95.000 382.000  10 -33  865 1105
1001 125.000  65.000  10 -16    0 7464
1002 142.000  80.000  10  -9 1908 2148
1003 441.000 177.000  10 -19 3945 4185
1004 441.000 374.000  10  -8  833 1073
1005 120.000 261.000  10 -23 3113 3353
1006  40.000 304.000  10  -4 4519 4759
1007 105.000 137.000  10 -20    0 7504
1008 190.000 267.000  10 -21    0 7625
1009 488.000  96.000  10 -11 4205 4445
1010 114.000 460.000  10 -12    0 7437
1011 250.000 250.000   0   0    0 7697
