504 504 1000 1000 1000
   0 250.000 250.000   0   0    0 7697
   1 228.000 399.000  10  14    0 7537
   2 290.000 145.000  10   5    0 7575
   3 340.000 291.000  10  22 1893 1991
   4 273.000 255.000  10  18    0 7664
   5 436.000 123.000  10  40    0 7462
   6 222.000 499.000  10   7    0 7437
   7 376.000  92.000  10  10    0 7485
   8 437.000  90.000  10  12    0 7441
   9   3.000  23.000  10  11 1550 1702
  10 179.000 286.000  10   8 1380 1469
  11   0.000 356.000  10  13    0 7416
  12 143.000 158.000  10  12    0 7546
  13 371.000 488.000  10  10 2285 2497
  14 415.000 118.000  10  19    0 7476
  15 440.000  77.000  10  14    0 7431
  16 490.000 286.000  10  29    0 7445
  17 309.000 161.000  10  23 2287 2499
  18  39.000 162.000  10  18    0 7459
  19 261.000 138.000  10   1    0 7575
  20 461.000 195.000  10  26    0 7469
  21 187.000 263.000   0  35    0 7623
  22 130.000 247.000  10  17    0 7567
  23 168.000 109.000  10  10    0 7524
  24  45.000 166.000  10  22    0 7466
  25 348.000 476.000  10  19    0 7441
  26  56.000  75.000  10  24    0 7426
  27  24.000 259.000  10  19    0 7461
  28   6.000  53.000  10   8    0 7374
  29  15.000  11.000  10  15    0 7352
  30 317.000  45.000  10   8    0 7472
  31  33.000 278.000  10  18    0 7469
  32 322.000 290.000  10  23    0 7605
  33 159.000 226.000  10  16  314  439
  34 208.000 445.000  10  22    0 7488
  35 453.000 360.000  10  13  858  990
  36  34.000 169.000  10  11    0 7457
  37 436.000  25.000  10  19    0 7396
  38 393.000  98.000  10  13 3013 3127
  39 374.000 116.000  10   9    0 7505
  40 215.000 293.000  10  13  128  315
  41 343.000 276.000  10  15  321  451
  42 452.000 110.000  10  14    0 7442
  43 498.000 171.000  10  12    0 7427
  44 177.000 156.000  10  25    0 7568
  45 398.000  49.000  10  21    0 7438
  46 497.000 296.000  10  14    0 7436
  47 276.000  84.000  10  20    0 7519
  48 128.000 113.000  10  22    0 7504
  49 422.000 498.000  10   5    0 7386
  50 166.000 247.000  10   1  291  382
  51 311.000 422.000  10  29    0 7505
  52 460.000 117.000  10  14    0 7439
  53  28.000 467.000  10  34    0 7377
  54 375.000 145.000  10  12    0 7524
  55 440.000 436.000  10  18 3549 3706
  56 407.000  35.000  10  11    0 7421
  57 420.000 383.000  10  27    0 7472
  58 461.000 186.000  10  16    0 7467
  59  68.000 450.000  10  18    0 7417
  60  34.000 239.000  10  16  896  975
  61  93.000 413.000  10  17    0 7461
  62 179.000  75.000  10  13 2982 3057
  63 196.000 489.000  10  23 4135 4226
  64 280.000 245.000  10  21    0 7657
  65 108.000  37.000  10  23    0 7432
  66   1.000 101.000  10   8    0 7397
  67 420.000  80.000  10  24    0 7447
  68 146.000 376.000  10   8    0 7524
  69 175.000 422.000   0  24    0 7500
  70 457.000 492.000  10   7    0 7369
  71  97.000 288.000  10  22    0 7530
  72 172.000 314.000  10   9    0 7587
  73 103.000 123.000  10   8    0 7493
  74 154.000 374.000  10  36    0 7531
  75 241.000 180.000  10  13    0 7617
  76 174.000  67.000  10  15    0 7489
  77 459.000  53.000  10  20    0 7400
  78 173.000 474.000  10  14    0 7451
  79 497.000 266.000  10  25    0 7440
  80 380.000 194.000  10   3    0 7546
  81 495.000 227.000  10  20    0 7441
  82 268.000 351.000  10   7    0 7585
  83 448.000 414.000  10  23    0 7430
  84  92.000 259.000  10   4    0 7529
  85  59.000 388.000  10  20 2650 2772
  86 332.000 459.000  10  35    0 7463
  87 248.000 176.000  10  32    0 7613
  88 174.000  41.000  10  15    0 7465
  89  92.000  18.000  10   8    0 7407
  90 250.000 328.000  10  24    0 7609
  91 152.000 476.000  10  45 2112 2188
  92 176.000 470.000  10  14    0 7455
  93 466.000 149.000  10  16    0 7449
  94 284.000 319.000  10  17 3270 3384
  95 263.000 418.000  10  25    0 7519
  96 385.000  17.000  10  40 3186 3404
  97 245.000 176.000  10  20 4943 5055
  98 251.000 238.000  10  27    0 7675
  99 139.000 438.000  10  24    0 7469
 100 236.000 126.000  10  23    0 7563
 101  61.000 441.000  10  27 2201 2268
 102 373.000 421.000  10  21    0 7477
 103 247.000 443.000  10  17    0 7494
 104 322.000 406.000  10  17    0 7516
 105 261.000 359.000  10  10    0 7578
 106 173.000 182.000  10  25  383  438
 107 413.000 127.000  10  28    0 7483
 108  80.000 357.000  10   1 2093 2271
 109  67.000 378.000   0  26    0 7464
 110 498.000 457.000  10  15    0 7364
 111  44.000 344.000  10  12    0 7461
 112 352.000 481.000  10  15 5136 5261
 113 237.000 420.000  10  15    0 7517
 114 389.000  43.000  10  21    0 7438
 115 415.000 253.000  10  21    0 7522
 116 298.000 264.000  10  36  147  253
 117 307.000 412.000  10   8    0 7516
 118 480.000 152.000  10  26    0 7437
 119 262.000  97.000  10  17    0 7534
 120  83.000 169.000  10  21    0 7502
 121 390.000 249.000  10  21    0 7547
 122 132.000 479.000  10  11  997 1063
 123 359.000 246.000  10  18    0 7578
 124   0.000 188.000  10  26    0 7430
 125 482.000 141.000  10  14 4028 4178
 126 162.000 306.000  10  22  494  580
 127 188.000 119.000  10  44    0 7543
 128 164.000 332.000   0  19    0 7569
 129 209.000  68.000  10  27    0 7501
 130 167.000 488.000  10  17  972 1148
 131 439.000 222.000  10  22    0 7496
 132 273.000 300.000  10  30    0 7632
 133  65.000 343.000  10  38    0 7480
 134 351.000  60.000  10  15    0 7472
 135 463.000 253.000  10  23 4171 4325
 136 332.000 382.000  10   2    0 7532
 137 452.000 206.000  10  31    0 7481
 138 471.000 368.000  10  19    0 7437
 139  93.000 490.000  10   2 1527 1626
 140 241.000 402.000  10  11    0 7535
 141 172.000  66.000  10  18    0 7488
 142 286.000 356.000  10  30  354  542
 143 489.000 338.000  10  17 5551 5746
 144 334.000 481.000  10  32    0 7442
 145 488.000   3.000  10   3    0 7344
 146 178.000 150.000  10  33    0 7564
 147 371.000 423.000  10  10    0 7476
 148   5.000 224.000  10  19    0 7441
 149 153.000 235.000  10  10    0 7589
 150  12.000 367.000  10  27 1282 1444
 151 217.000 357.000  10  23    0 7576
 152 255.000 487.000  10  19    0 7450
 153 169.000 305.000  10  21    0 7590
 154 267.000 374.000  10  23    0 7562
 155 360.000 294.000  10   9    0 7569
 156  76.000 462.000  10  18    0 7413
 157 274.000 442.000  10  17    0 7494
 158 372.000  39.000  10  10    0 7444
 159 224.000  56.000  10  13    0 7492
 160 340.000 416.000  10  36 1293 1396
 161 133.000 202.000  10  33    0 7561
 162 235.000 316.000  10   2 2616 2751
 163 435.000 180.000  10  37    0 7490
 164 245.000  42.000  10  24 2203 2295
 165 267.000 290.000  10  15  111  236
 166 210.000 276.000  10   5    0 7640
 167 120.000 261.000  10   5 3154 3312
 168 429.000  59.000  10   9 1827 1964
 169 330.000 308.000  10  24    0 7589
 170  58.000 391.000  10  16 3528 3651
 171 138.000  28.000  10  23 4362 4530
 172 177.000 404.000  10  17    0 7517
 173 202.000  28.000  10  22    0 7460
 174 366.000 334.000  10   5    0 7544
 175 481.000 454.000  10  14    0 7379
 176 377.000 385.000  10   6 3486 3564
 177 224.000 320.000  10  36 5187 5202
 178 206.000  97.000  10  33 1785 1920
 179 438.000 127.000  10   2    0 7463
 180 494.000 468.000  10  31 1417 1523
 181 494.000 165.000  10  19 2401 2553
 182  14.000 232.000  10  18    0 7451
 183 420.000 224.000  10  10    0 7516
 184 195.000 273.000  10  22  156  320
 185 246.000 407.000  10  12    0 7530
 186 283.000 454.000  10  14    0 7481
 187 397.000 477.000  10  13    0 7417
 188  44.000 140.000  10  11 3464 3602
 189  39.000 153.000  10  26    0 7455
 190 354.000 156.000  10  20    0 7547
 191 134.000 211.000  10  35  458  626
 192 335.000  99.000  10  25    0 7514
 193 356.000 256.000  10  19    0 7581
 194 240.000 362.000  10  23    0 7575
 195 225.000 121.000  10  18    0 7556
 196 339.000  41.000  10   6    0 7460
 197 411.000 379.000  10  25    0 7481
 198 210.000  29.000  10  13    0 7463
 199  16.000 287.000  10  12    0 7451
 200 287.000 397.000  10  12    0 7536
 201 285.000 247.000  10  13    0 7652
 202 351.000 481.000  10  10 1284 1410
 203 137.000 377.000  10  23    0 7518
 204  68.000 303.000  10  22  904  987
 205 456.000 113.000  10  17    0 7440
 206 134.000 276.000  10  15    0 7569
 207  26.000 221.000  10  28    0 7462
 208 104.000 349.000  10  20 4058 4135
 209 475.000 267.000  10   7    0 7462
 210  67.000 190.000  10  25    0 7495
 211 401.000 164.000  10  13    0 7514
 212 409.000 255.000  10  23    0 7528
 213 228.000 260.000   0  12 6450 6514
 214 363.000  34.000  10  19    0 7444
 215 274.000 441.000  10  12    0 7495
 216 146.000 188.000  10   6    0 7566
 217  83.000 300.000  10  26 1987 2131
 218 175.000 239.000  10  23    0 7612
 219 429.000  67.000  10  16    0 7432
 220 162.000 301.000  10  16    0 7586
 221 239.000 486.000  10   3    0 7451
 222 288.000  70.000  10  24    0 7504
 223  66.000 163.000  10   6    0 7484
 224 470.000 417.000  10  11    0 7411
 225 226.000 423.000  10  15    0 7513
 226 174.000 122.000  10  14    0 7539
 227  49.000 353.000  10  15 5810 5879
 228 448.000 495.000  10  40    0 7372
 229 272.000 420.000  10   7    0 7516
 230 318.000 280.000  10  21  254  340
 231 250.000  57.000  10  26    0 7494
 232  77.000 372.000  10  19    0 7476
 233 385.000  58.000  10  24 1661 1697
 234  67.000  24.000  10  10    0 7397
 235  91.000  27.000  10  14    0 7414
 236  52.000 412.000  10  22    0 7432
 237 133.000 273.000  10  20  419  535
 238 131.000 246.000  10  17    0 7568
 239 168.000  59.000  10   6    0 7480
 240 388.000  44.000  10  22    0 7440
 241 132.000  32.000  10  18    0 7440
 242 334.000 403.000  10  26  620  776
 243 411.000 396.000  10  23    0 7470
 244 243.000 402.000  10  13    0 7535
 245  52.000  18.000  10  28    0 7382
 246 265.000   0.000  10  10    0 7437
 247 268.000 288.000  10  26    0 7645
 248 283.000 438.000  10   3    0 7497
 249 191.000 215.000  10  17  211  338
 250 253.000  50.000  10  27    0 7487
 251  71.000 282.000  10  29    0 7506
 252 244.000 368.000  10  25    0 7569
 253 488.000  96.000  10  22    0 7404
 254  68.000 240.000  10  11 3176 3300
 255 193.000 138.000  10  30    0 7562
 256 451.000  62.000  10   5    0 7412
 257 247.000 219.000  10  17    0 7656
 258  98.000  29.000  10  14 4209 4284
 259 102.000   6.000  10   3    0 7402
 260 172.000  24.000  10  17 5814 5924
 261 352.000 241.000  10   5 3178 3280
 262 486.000 324.000  10  15    0 7440
 263 364.000 173.000  10  30  700  862
 264 329.000 456.000  10  19    0 7467
 265 215.000 434.000  10   9    0 7500
 266 140.000 108.000  10  29    0 7508
 267 235.000 108.000  10  12    0 7545
 268 126.000 391.000  10  19    0 7500
 269 343.000  34.000  10   7    0 7452
 270 367.000  97.000  10  17    0 7495
 271 188.000 151.000  10   7    0 7571
 272 441.000   7.000  10  20    0 7378
 273 270.000 337.000  10  20    0 7598
 274 323.000  29.000  10   7 4533 4687
 275 200.000  78.000  10  31    0 7508
 276 330.000 281.000  10  14    0 7602
 277 438.000 488.000  10  18 1304 1433
 278 273.000  70.000  10  36    0 7506
 279 214.000 245.000  10   8    0 7651
 280 395.000 474.000   0  26    0 7421
 281 481.000 207.000  10  34    0 7453
 282 199.000 203.000  10  20    0 7618
 283 497.000 483.000  10  12 1407 1541
 284 449.000 428.000  10  25 4966 5129
 285  62.000 375.000  10  16 1410 1500
 286 163.000 472.000  10   9    0 7449
 287  13.000 314.000  10  14    0 7442
 288 231.000  29.000  10  14 4896 5035
 289 120.000  37.000  10  28    0 7438
 290 230.000 487.000  10  20    0 7450
 291 341.000  72.000  10   9 3243 3315
 292 306.000 229.000  10  10    0 7628
 293 347.000 459.000  10  25    0 7457
 294 134.000 194.000  10  19    0 7559
 295 320.000 211.000  10  16    0 7607
 296 214.000 311.000  10  14    0 7617
 297 489.000 274.000  10  31    0 7447
 298 364.000  71.000  10   5    0 7475
 299 125.000  65.000  10  17    0 7464
 300 161.000 275.000  10  21 5370 5524
 301 120.000  17.000  10  30    0 7421
 302 303.000 186.000  10  10    0 7604
 303 264.000 135.000  10   1    0 7572
 304 223.000 178.000  10  20    0 7611
 305 174.000 347.000  10   3    0 7564
 306 187.000  61.000  10  19 2155 2325
 307 171.000  34.000  10  21    0 7458
 308 224.000   3.000  10  10    0 7439
 309 386.000 225.000  10  13    0 7549
 310  69.000 266.000  10  12    0 7506
 311  33.000 268.000  10  18    0 7470
 312 351.000 148.000  10  30    0 7544
 313  10.000 407.000  10  36 1758 1838
 314 391.000 202.000  10  14    0 7539
 315  43.000 210.000  10  20    0 7477
 316 381.000 457.000  10  28    0 7443
 317 449.000 190.000  10   2    0 7480
 318 429.000 169.000  10   8 3607 3735
 319 105.000 140.000  10  27    0 7505
 320 262.000 369.000  10  15    0 7568
 321  69.000 414.000  10   6 5007 5220
 322 149.000  98.000  10   4    0 7505
 323 207.000 487.000  10   4    0 7447
 324 366.000 260.000  10  23    0 7571
 325 497.000  54.000  10  14    0 7372
 326 368.000 311.000  10  14    0 7555
 327 171.000 303.000  10  18    0 7592
 328 394.000  47.000  10   5    0 7439
 329 339.000 144.000  10  13    0 7549
 330 492.000  34.000  10   5    0 7363
 331 387.000 349.000  10   9    0 7518
 332 142.000 372.000  10  18    0 7525
 333 421.000 387.000  10  15    0 7468
 334 274.000 403.000  10  17    0 7533
 335 434.000 359.000  10  13    0 7474
 336 257.000  57.000  10  18    0 7494
 337 355.000 174.000  10  33    0 7558
 338  46.000 389.000  10  22    0 7441
 339  44.000 440.000  10  24    0 7407
 340 491.000 369.000  10  28 2891 3065
 341 351.000 128.000  10  15    0 7529
 342  21.000  70.000  10  15    0 7396
 343  43.000 360.000  10   2    0 7453
 344 396.000 417.000  10  13    0 7466
 345 164.000 320.000  10  12    0 7577
 346 195.000 386.000  10  13    0 7541
 347 306.000 235.000  10  25  172  291
 348  66.000 314.000  10  26    0 7493
 349  95.000  64.000  10   4 3083 3164
 350 242.000 106.000  10  28    0 7543
 351 392.000 491.000  10  10    0 7408
 352 342.000 481.000  10  18 5769 5871
 353 481.000  84.000  10  17    0 7403
 354 271.000 128.000  10  12    0 7564
 355 484.000 224.000  10   7    0 7452
 356  46.000 163.000  10   8    0 7466
 357 390.000  34.000  10   7    0 7430
 358 436.000 295.000  10  11    0 7496
 359   3.000 471.000  10  13    0 7356
 360 141.000 426.000  10  23    0 7480
 361  57.000 183.000  10  15    0 7483
 362  55.000 318.000  10  13    0 7481
 363  18.000  24.000  10  32 2551 2596
 364 263.000 153.000  10  12    0 7590
 365 178.000 135.000  10  21    0 7552
 366 389.000 255.000  10  15    0 7548
 367 330.000 371.000  10   1    0 7542
 368 458.000 213.000  10  22    0 7476
 369 257.000 391.000  10  22    0 7546
 370 332.000   5.000   0  14 4110 4272
 371  47.000 208.000  10  30    0 7480
 372 489.000 437.000  10  29    0 7384
 373 165.000  59.000  10  27    0 7478
 374 225.000 488.000  10  28    0 7448
 375 355.000 485.000  10  10    0 7430
 376 441.000 374.000  10  10  873 1034
 377 103.000 464.000  10  22    0 7428
 378 244.000  13.000  10  24 4068 4156
 379  67.000 451.000  10   5    0 7416
 380 371.000  71.000  10  21    0 7471
 381 105.000 474.000  10  27    0 7421
 382 366.000 288.000  10  29    0 7565
 383 415.000 207.000  10  18 3588 3731
 384 197.000 202.000  10  29    0 7616
 385  74.000 215.000  10  10    0 7508
 386 176.000 199.000  10  28    0 7598
 387 438.000   5.000  10  18    0 7379
 388 150.000  68.000  10  23    0 7480
 389 185.000 434.000  10   9    0 7492
 390 215.000  79.000  10   5    0 7513
 391  49.000 437.000  10   7 1698 1842
 392  35.000 344.000  10  21    0 7453
 393 372.000  97.000  10  13    0 7492
 394 423.000 170.000  10  27 2022 2203
 395 171.000 188.000  10  30 2481 2604
 396 371.000 163.000  10  21    0 7538
 397 398.000 210.000  10  31    0 7534
 398 392.000   1.000  10  11    0 7401
 399 211.000 248.000  10  26    0 7648
 400 293.000 228.000  10  19  133  253
 401  23.000 235.000  10  43    0 7460
 402 213.000 185.000  10  21    0 7613
 403 172.000 292.000  10  17  370  485
 404 374.000 232.000  10  33    0 7562
 405  48.000 366.000  10  29    0 7455
 406  44.000 311.000  10  27 1631 1749
 407 447.000 272.000  10  12    0 7489
 408  80.000 117.000  10  24    0 7472
 409  11.000 403.000  10  18 1416 1448
 410 144.000 220.000  10  35    0 7577
 411 210.000 219.000   0   7    0 7637
 412 452.000 484.000  10  26    0 7378
 413 365.000  28.000  10   9    0 7437
 414  84.000 453.000  10  19 4911 4993
 415  91.000 427.000  10  14    0 7450
 416 178.000  72.000  10  23 3035 3139
 417 132.000 151.000  10  22    0 7533
 418 136.000 430.000  10  14    0 7474
 419 166.000 440.000  10  12  772  890
 420 112.000 433.000  10  29    0 7458
 421 414.000 378.000  10  23 1961 2117
 422 475.000 352.000  10  33    0 7440
 423 286.000 244.000  10  31    0 7651
 424  92.000  76.000  10   4    0 7452
 425 352.000  63.000  10   6 4718 4827
 426 398.000 329.000  10  17    0 7520
 427 382.000   9.000  10  30 1118 1176
 428 229.000 322.000  10  11    0 7612
 429 279.000 355.000  10   9    0 7579
 430 142.000  80.000  10  12    0 7486
 431 359.000 287.000  10  24    0 7572
 432 482.000 104.000  10  19    0 7413
 433 284.000 457.000  10  17 6018 6090
 434 404.000  59.000  10  13    0 7442
 435  68.000 160.000  10  21    0 7484
 436  30.000 155.000  10   9 5129 5235
 437 240.000  34.000  10  28    0 7471
 438 107.000 374.000  10   8    0 7498
 439 404.000 140.000  10   8    0 7498
 440 436.000 467.000  10  12    0 7402
 441 421.000 386.000  10  29    0 7469
 442 182.000 480.000  10  31    0 7448
 443   9.000 233.000  10  31 1227 1343
 444 110.000 251.000  10  23 2007 2095
 445  46.000 248.000  10   9    0 7483
 446 308.000 199.000  10  14    0 7610
 447 423.000 221.000  10   9    0 7512
 448 278.000 450.000  10  29    0 7486
 449  94.000 497.000  10  31    0 7395
 450  13.000 394.000  10  15    0 7410
 451 313.000 493.000  10  20    0 7436
 452 417.000 212.000  10  12    0 7516
 453 470.000 138.000  10  16    0 7441
 454 244.000 422.000  10  14 2134 2288
 455   5.000 445.000  10  30    0 7374
 456 441.000 100.000  10  31    0 7445
 457 265.000 240.000  10   9   21  123
 458 130.000 186.000  10  16  513  656
 459 352.000 487.000  10  27    0 7429
 460 418.000 399.000  10  20    0 7463
 461 196.000  56.000  10  15    0 7486
 462 480.000 136.000  10  22    0 7431
 463 257.000 133.000  10  19    0 7570
 464  27.000 444.000  10  22    0 7392
 465 291.000 251.000  10  20    0 7646
 466 195.000 111.000  10  15    0 7538
 467 383.000  17.000  10  15    0 7419
 468  53.000 466.000  10   9    0 7395
 469 350.000 199.000  10  21 4787 4945
 470 333.000 293.000  10  27 2494 2563
 471 174.000 397.000  10  32 4978 5099
 472 158.000 179.000  10  37    0 7571
 473 345.000 431.000  10  12    0 7483
 474 370.000 262.000  10  15    0 7567
 475  77.000 172.000  10  23    0 7498
 476 206.000 174.000  10  14 3201 3318
 477 201.000 278.000  10  13  170  282
 478 331.000 134.000  10  11 4479 4631
 479 349.000  76.000  10  15    0 7487
 480   7.000 194.000  10  29    0 7438
 481 248.000 386.000  10  22    0 7551
 482 318.000  99.000  10  35    0 7522
 483  30.000   7.000  10  23 4734 4895
 484 410.000 399.000  10  25  983 1007
 485 109.000  56.000  10  27    0 7448
 486 259.000 498.000  10  33    0 7439
 487 461.000 182.000  10  13 2540 2612
 488 277.000 428.000  10   7    0 7507
 489 290.000 328.000  10   7  555  714
 490 146.000 313.000  10  22 4793 4890
 491 370.000 493.000  10  22    0 7416
 492 247.000 306.000  10  33  182  266
 493 241.000  38.000  10  16 2127 2246
 494 180.000 162.000  10   9  653  855
 495 253.000 118.000  10  19    0 7555
 496 413.000 391.000  10   8    0 7472
 497 380.000 350.000  10  15 3462 3589
 498 391.000 112.000  10  24    0 7490
 499  86.000 199.000  10  23    0 7516
 500  91.000 326.000  10   4    0 7511
 501 287.000 256.000  10  18   61  239
 502 203.000 211.000  10  20    0 7626
 503 439.000 237.000  10  11    0 7498
 504  26.000 342.000  10  12    0 7445
 505 440.000 284.000  10 -14    0 7494
 506 267.000 162.000  10  -5    0 7598
 507 374.000 306.000  10 -22    0 7551
 508 357.000 290.000  10 -18    0 7573
 509 478.000 300.000  10 -40    0 7454
 510 124.000 448.000  10  -7    0 7453
 511 400.000  71.000  10 -10    0 7454
 512 239.000  15.000  10 -12    0 7452
 513  89.000  65.000  10 -11 2863 3019
 514 213.000 283.000  10  -8    0 7638
 515  64.000 437.000  10 -13    0 7424
 516  61.000 214.000  10 -12    0 7495
 517 433.000 447.000  10 -10 3179 3294
 518 266.000 221.000  10 -19    0 7654
 519  57.000  43.000  10 -14    0 7404
 520 429.000 476.000  10 -29 2314 2392
 521 392.000  95.000  10 -23    0 7477
 522   5.000 281.000  10 -18    0 7441
 523  49.000 118.000  10  -1    0 7447
 524 443.000 167.000  10 -26    0 7477
 525 187.000 263.000  10 -35    0 7623
 526  64.000 198.000  10 -17    0 7494
 527  13.000 214.000  10 -10 5428 5520
 528  19.000 273.000  10 -22    0 7455
 529 469.000 489.000  10 -19    0 7363
 530  66.000  88.000  10 -24    0 7442
 531 142.000  30.000  10 -19    0 7442
 532  87.000  51.000  10  -8    0 7430
 533  19.000  38.000  10 -15    0 7374
 534 337.000  41.000  10  -8    0 7461
 535 144.000 331.000  10 -18    0 7554
 536 385.000 239.000  10 -23 3130 3274
 537   7.000  82.000  10 -16    0 7392
 538  52.000 303.000  10 -22    0 7483
 539 379.000 486.000  10 -13    0 7419
 540   1.000 252.000  10 -11    0 7438
 541 432.000   2.000  10 -19 1848 2004
 542 297.000 131.000  10 -13 4640 4803
 543 321.000 149.000  10  -9    0 7564
 544  95.000 382.000  10 -13  929 1041
 545 339.000 113.000  10 -15    0 7524
 546 398.000 476.000  10 -14    0 7417
 547 492.000 188.000  10 -12 2904 2939
 548 307.000  52.000  10 -25 3703 3781
 549 476.000  61.000  10 -21    0 7393
 550 447.000 383.000  10 -14  889 1013
 551  79.000  80.000  10 -20    0 7446
 552  33.000 152.000  10 -22 5278 5403
 553 448.000 404.000  10  -5 2407 2505
 554  31.000 175.000  10  -1    0 7456
 555 495.000 355.000  10 -29    0 7421
 556 413.000 493.000  10 -14 4894 4971
 557 175.000 352.000  10 -34 6652 6789
 558 328.000 491.000  10 -12 2702 2845
 559 351.000 233.000  10 -18 5692 5811
 560 200.000  27.000  10 -11    0 7459
 561 457.000 280.000  10 -27 4013 4105
 562 415.000  95.000  10 -16    0 7461
 563 221.000 291.000  10 -18    0 7637
 564 210.000 113.000  10 -16    0 7545
 565 170.000 347.000  10 -17    0 7562
 566 104.000  28.000  10 -13    0 7422
 567 178.000 420.000  10 -23    0 7503
 568 365.000 190.000  10 -21    0 7558
 569  75.000 118.000  10 -23    0 7468
 570  68.000  53.000  10  -8    0 7419
 571  71.000  12.000  10 -24    0 7390
 572 115.000 395.000  10  -8 3274 3368
 573 175.000 422.000  10 -24    0 7500
 574 473.000 491.000  10  -7    0 7359
 575 226.000 175.000  10 -22    0 7609
 576 214.000 274.000  10  -9 5490 5583
 577 159.000 299.000  10  -8    0 7584
 578  84.000 377.000  10 -36 3699 3831
 579 240.000 240.000  10 -13 6820 6897
 580 151.000  81.000  10 -15    0 7492
 581 482.000 184.000  10 -20 4437 4538
 582 195.000 450.000  10 -14    0 7480
 583 405.000 454.000  10 -25    0 7431
 584 455.000 168.000  10  -3    0 7467
 585 490.000 276.000  10 -20    0 7446
 586 354.000 416.000  10  -7 2719 2836
 587 492.000 335.000  10 -23 3316 3430
 588  79.000 257.000  10  -4 3803 3942
 589  94.000 344.000  10 -20 2746 2832
 590 421.000 499.000  10 -35    0 7385
 591 233.000  87.000  10 -32  966 1174
 592  51.000 360.000  10 -15    0 7460
 593  98.000   2.000  10  -8 2361 2493
 594 162.000 388.000  10 -24    0 7524
 595 195.000 464.000  10 -45    0 7467
 596 132.000 477.000  10 -14    0 7432
 597 293.000 174.000  10 -16    0 7600
 598 178.000 302.000  10 -17 3553 3659
 599 453.000 318.000  10 -25    0 7473
 600  51.000  89.000  10 -40    0 7432
 601 217.000 207.000  10 -20    0 7633
 602 231.000 167.000  10 -27  246  435
 603  33.000 286.000  10 -24    0 7468
 604 215.000 129.000  10 -23    0 7562
 605  20.000 480.000  10 -27    0 7362
 606 373.000 418.000  10 -21    0 7479
 607 260.000 472.000  10 -17 4143 4265
 608 423.000 315.000  10 -17    0 7503
 609 211.000 446.000  10 -10    0 7488
 610 149.000 214.000  10 -25    0 7580
 611 325.000 147.000  10 -28    0 7560
 612 213.000 399.000  10  -1    0 7534
 613  67.000 378.000  10 -26    0 7464
 614 466.000 362.000  10 -15    0 7444
 615  12.000 358.000  10 -12    0 7426
 616 312.000 453.000  10 -15    0 7475
 617 336.000 493.000  10 -15    0 7430
 618 441.000  60.000  10 -21    0 7418
 619 394.000 310.000  10 -21 4410 4498
 620 360.000 284.000  10 -36 2660 2792
 621 382.000 360.000  10  -8    0 7516
 622 456.000 157.000  10 -26 5788 5972
 623 269.000 112.000  10 -17    0 7548
 624  18.000 225.000  10 -21    0 7454
 625 311.000 203.000  10 -21    0 7610
 626 138.000 406.000  10 -11 4892 4956
 627 307.000 249.000  10 -18    0 7630
 628  65.000  62.000  10 -26    0 7424
 629 372.000 115.000  10 -14    0 7506
 630 217.000 333.000  10 -22    0 7598
 631 210.000  81.000  10 -44    0 7514
 632 164.000 332.000  10 -19    0 7569
 633 251.000  63.000  10 -27 3981 4039
 634  88.000 484.000  10 -17    0 7403
 635 454.000 201.000  10 -22    0 7478
 636 299.000 353.000  10 -30    0 7573
 637 135.000 400.000  10 -38    0 7498
 638 292.000 104.000  10 -15    0 7536
 639 366.000 390.000  10 -23 5266 5400
 640 408.000 318.000  10  -2    0 7515
 641 409.000 155.000  10 -31    0 7502
 642 405.000 349.000  10 -19    0 7504
 643 130.000 494.000  10  -2    0 7416
 644 451.000 305.000  10 -11    0 7479
 645  41.000 120.000  10 -18 2791 2897
 646 387.000 394.000  10 -30    0 7489
 647 468.000 360.000  10 -17    0 7443
 648 425.000 448.000  10 -32 3152 3324
 649 471.000  94.000  10  -3    0 7417
 650 344.000  70.000  10 -33 4542 4743
 651 440.000 292.000  10 -10    0 7493
 652   6.000 196.000  10 -19    0 7438
 653 136.000 265.000  10 -10  390  530
 654  77.000 465.000  10 -27    0 7412
 655 228.000 287.000  10 -23    0 7644
 656 150.000 484.000  10 -19    0 7433
 657 246.000 314.000  10 -21 5773 5910
 658  29.000 336.000  10 -23    0 7450
 659 385.000 285.000  10  -9 3478 3586
 660  72.000 477.000  10 -18    0 7399
 661 102.000 422.000  10 -17    0 7461
 662 432.000  66.000  10 -10    0 7429
 663 292.000  32.000  10 -13    0 7465
 664 428.000 302.000  10 -36    0 7502
 665 153.000 192.000  10 -33    0 7574
 666 235.000 288.000  10  -2    0 7647
 667 399.000 175.000  10 -37    0 7521
 668 335.000  46.000  10 -24    0 7466
 669 489.000 457.000  10 -15    0 7371
 670 225.000 269.000  10  -5    0 7656
 671  51.000 286.000  10  -5    0 7485
 672 349.000  43.000  10  -9    0 7458
 673 274.000 261.000  10 -24    0 7661
 674 447.000 184.000  10 -16    0 7480
 675 147.000  30.000  10 -23 4424 4565
 676 289.000 220.000  10 -17    0 7638
 677  60.000   5.000  10 -22    0 7377
 678 342.000 319.000  10  -5    0 7572
 679 485.000 428.000  10 -14    0 7393
 680 442.000 289.000  10  -6    0 7492
 681 226.000 316.000  10 -36    0 7617
 682 306.000  42.000  10 -33    0 7472
 683 495.000 199.000  10  -2    0 7437
 684 471.000 427.000  10 -31    0 7404
 685 439.000 156.000  10 -19    0 7476
 686  21.000 146.000  10 -18    0 7436
 687 442.000 153.000  10 -10 4765 4865
 688 210.000 379.000  10 -22    0 7552
 689  48.000 293.000  10 -12    0 7481
 690 318.000 497.000  10 -14    0 7431
 691 368.000 452.000  10 -13 2673 2806
 692 117.000 178.000  10 -11 4484 4574
 693  94.000 192.000  10 -26    0 7521
 694 327.000 139.000  10 -20 5021 5158
 695  48.000 162.000  10 -35    0 7467
 696 261.000 201.000  10 -25 6060 6172
 697 386.000 245.000  10 -19    0 7551
 698 268.000 458.000  10 -23    0 7479
 699 210.000 133.000  10 -18    0 7564
 700 218.000  12.000  10  -6    0 7447
 701 374.000 346.000  10 -25    0 7531
 702  66.000  31.000  10 -13    0 7401
 703   2.000 264.000  10 -12    0 7439
 704 492.000 326.000  10 -12 4863 4890
 705 374.000 260.000  10 -13    0 7563
 706 406.000 460.000  10 -10 2868 3006
 707  89.000 358.000  10 -23 4950 5147
 708  60.000 246.000  10 -22    0 7497
 709 360.000 488.000  10 -17 1252 1393
 710 219.000 215.000  10 -15    0 7641
 711  56.000 268.000  10 -28    0 7493
 712 313.000 391.000  10 -20    0 7533
 713 413.000 345.000  10  -7 4872 4993
 714  53.000 204.000  10 -25    0 7485
 715 314.000 205.000  10 -13 6086 6249
 716 370.000 382.000  10 -23    0 7509
 717 228.000 260.000  10 -12 6450 6514
 718 323.000  34.000  10 -19    0 7459
 719  96.000 346.000  10 -12    0 7506
 720 130.000 140.000  10  -6    0 7525
 721  83.000 290.000  10 -26    0 7516
 722 181.000 185.000  10 -23    0 7593
 723 142.000  14.000  10 -16    0 7428
 724 202.000 391.000  10 -16 2497 2611
 725 181.000 441.000  10  -3    0 7484
 726  44.000 115.000  10 -24    0 7441
 727  28.000 180.000  10  -6    0 7455
 728 412.000 478.000  10 -11 3851 3946
 729  50.000 383.000  10 -15    0 7447
 730 253.000  74.000  10 -14    0 7511
 731  80.000 337.000  10 -15    0 7497
 732 487.000 446.000  10 -40    0 7380
 733 447.000 267.000  10  -7    0 7490
 734 363.000 225.000  10 -21 3426 3541
 735 268.000 113.000  10 -26    0 7549
 736 218.000 403.000  10 -19    0 7531
 737  24.000  71.000  10 -24    0 7399
 738 124.000 111.000  10 -10    0 7500
 739 125.000  61.000  10 -14 2460 2554
 740   7.000 382.000  10 -22 3053 3231
 741 148.000 208.000  10 -20    0 7577
 742  89.000 185.000  10 -17    0 7514
 743  63.000 155.000  10  -6    0 7478
 744 437.000  19.000  10 -22    0 7390
 745 187.000  73.000  10 -18    0 7500
 746 429.000 389.000  10 -26 1700 1812
 747 394.000 322.000  10 -23    0 7527
 748 231.000 410.000  10 -13    0 7526
 749  26.000  67.000  10 -28    0 7398
 750 282.000   1.000  10 -10 4184 4276
 751 371.000 427.000  10 -26    0 7473
 752 288.000 439.000  10  -3    0 7495
 753  38.000 190.000  10 -17    0 7467
 754 235.000  33.000  10 -27    0 7470
 755  40.000 304.000  10 -29 4559 4718
 756 185.000 431.000  10 -25    0 7495
 757 466.000  96.000  10 -22    0 7422
 758 221.000 269.000  10 -11    0 7653
 759 186.000 135.000  10 -30    0 7556
 760 472.000  57.000  10  -5    0 7393
 761 212.000 186.000  10 -17    0 7613
 762 180.000 283.000  10 -14    0 7610
 763  87.000   3.000  10  -3    0 7392
 764  16.000  68.000  10 -17    0 7391
 765 297.000 283.000  10  -5    0 7630
 766 465.000 367.000  10 -15    0 7443
 767 389.000 156.000  10 -30 2851 2993
 768 328.000 458.000  10 -19    0 7465
 769  40.000 278.000  10  -9    0 7476
 770  30.000  97.000  10 -29 4851 4951
 771 198.000  85.000  10 -12 1032 1189
 772 361.000 178.000  10 -19    0 7555
 773 323.000  77.000  10  -7 5590 5771
 774 418.000  75.000  10 -17 1807 1896
 775 281.000  96.000  10  -7    0 7530
 776 489.000 159.000  10 -20 5723 5818
 777 472.000 248.000  10 -20    0 7465
 778 309.000  29.000  10  -7    0 7459
 779 110.000 122.000  10 -31    0 7498
 780 330.000 147.000  10 -14 3383 3525
 781 479.000 387.000  10 -18    0 7421
 782  86.000 189.000  10 -36    0 7513
 783 190.000 267.000  10  -8    0 7625
 784 395.000 474.000  10 -26    0 7421
 785 432.000 199.000  10 -34    0 7498
 786 176.000 200.000  10 -20 2266 2394
 787 450.000 416.000  10 -12 2281 2453
 788 418.000 269.000  10 -25    0 7518
 789 189.000 402.000  10 -16    0 7524
 790 114.000 460.000  10  -9    0 7437
 791  36.000 301.000  10 -14    0 7468
 792 158.000  24.000  10 -14    0 7443
 793 157.000  38.000  10 -28    0 7456
 794 133.000 455.000  10 -20    0 7451
 795 324.000  99.000  10  -9    0 7519
 796 452.000 172.000  10 -10    0 7471
 797 463.000 406.000  10 -25    0 7423
 798 140.000 137.000  10 -19 2276 2401
 799 325.000 210.000  10 -16    0 7602
 800 230.000 320.000  10 -14 4770 4887
 801 460.000 328.000  10 -31    0 7463
 802 365.000  74.000  10  -5 3379 3529
 803 111.000 192.000  10 -17    0 7537
 804 161.000 276.000  10 -21    0 7595
 805 114.000 102.000  10 -30    0 7487
 806 437.000  98.000  10 -10    0 7447
 807 173.000  65.000  10  -1 1768 1940
 808  62.000 236.000  10 -20 2238 2345
 809 441.000 177.000  10  -3    0 7483
 810 144.000  35.000  10 -19    0 7448
 811 191.000  84.000  10 -21    0 7511
 812  38.000  15.000  10 -10    0 7371
 813 390.000 120.000  10 -13    0 7496
 814 209.000 212.000  10 -12 6142 6200
 815 179.000 318.000  10 -18    0 7589
 816 450.000  45.000  10 -30 2005 2144
 817  48.000 412.000  10 -36    0 7429
 818 404.000 207.000  10 -14    0 7528
 819  80.000 251.000  10 -20    0 7517
 820 433.000 319.000  10 -28 5509 5621
 821 347.000 184.000  10  -2    0 7570
 822 392.000  87.000  10  -8    0 7471
 823  32.000 191.000  10 -27 2344 2465
 824 245.000 461.000  10 -15    0 7476
 825 153.000 362.000  10  -6    0 7539
 826 115.000 296.000  10  -4 6112 6239
 827  90.000 477.000  10  -4    0 7410
 828 384.000 149.000  10 -23    0 7520
 829 495.000  83.000  10 -14    0 7391
 830 301.000 239.000  10 -14    0 7635
 831 222.000 331.000  10 -18 2158 2279
 832 426.000  38.000  10  -5    0 7412
 833 171.000  24.000  10 -13    0 7448
 834 485.000 104.000  10  -5    0 7411
 835 398.000 341.000  10  -9    0 7514
 836  71.000 304.000  10 -18 2745 2888
 837 440.000 294.000  10 -15    0 7492
 838 164.000 473.000  10 -17 1149 1340
 839 424.000 288.000  10 -13    0 7509
 840 351.000   5.000  10 -18    0 7422
 841 343.000 166.000  10 -33 3512 3616
 842  35.000 263.000  10 -22    0 7472
 843  78.000 406.000  10 -24 3818 3986
 844 468.000 352.000  10 -28    0 7447
 845  64.000   5.000  10 -15    0 7380
 846 100.000  85.000  10 -15    0 7465
 847  37.000 281.000  10  -2    0 7472
 848 404.000 439.000  10 -13    0 7444
 849 240.000 255.000  10 -12    0 7676
 850 216.000 341.000  10 -13    0 7590
 851 428.000 202.000  10 -25    0 7503
 852 166.000 345.000  10 -26    0 7561
 853  94.000  40.000  10  -4    0 7426
 854 232.000 101.000  10 -28    0 7537
 855 448.000 397.000  10 -10    0 7441
 856 256.000 441.000  10 -18    0 7496
 857 480.000 131.000  10 -17    0 7429
 858 212.000  47.000  10 -12    0 7481
 859 396.000  83.000  10  -7 6362 6449
 860  10.000 237.000  10  -8    0 7447
 861 282.000  10.000  10  -7    0 7445
 862 402.000 277.000  10 -11    0 7533
 863  27.000 464.000  10 -13    0 7378
 864  34.000 329.000  10 -23    0 7458
 865 100.000 266.000  10 -15    0 7537
 866  89.000 322.000  10 -13    0 7511
 867  25.000  53.000  10 -32 4088 4193
 868 100.000  66.000  10 -12    0 7450
 869 262.000  92.000  10 -21 2507 2657
 870 343.000 205.000  10 -15    0 7584
 871 331.000 356.000  10  -1    0 7554
 872 475.000 198.000  10 -22 3335 3466
 873 174.000 376.000  10 -22    0 7540
 874 332.000   5.000  10 -14 4110 4272
 875  84.000 255.000  10 -30    0 7521
 876 460.000 424.000  10 -29    0 7415
 877 181.000 260.000  10 -27    0 7618
 878 179.000 497.000  10 -28    0 7430
 879 487.000 320.000  10 -10    0 7440
 880 377.000 432.000  10 -10    0 7466
 881 244.000 277.000  10 -22 5204 5326
 882 341.000  59.000  10 -24    0 7476
 883  80.000 400.000  10  -5 5772 5918
 884 273.000 149.000  10 -21    0 7584
 885  36.000 451.000  10 -27    0 7394
 886 371.000 315.000  10 -29    0 7550
 887 376.000 113.000  10 -18    0 7501
 888  32.000 319.000  10 -29 1621 1703
 889  87.000 311.000  10 -10    0 7513
 890 219.000 210.000  10 -28    0 7637
 891 480.000 119.000  10 -18    0 7423
 892  64.000 135.000  10 -23 3495 3571
 893 161.000 416.000  10  -9    0 7499
 894  41.000 232.000  10  -5    0 7478
 895  48.000 437.000  10  -7    0 7412
 896  90.000 496.000  10 -21    0 7394
 897 397.000  57.000  10 -13    0 7445
 898 365.000 119.000  10 -27    0 7513
 899 206.000 172.000  10 -30 3131 3293
 900 345.000 146.000  10 -21 5727 5905
 901 405.000 187.000  10 -31    0 7520
 902 497.000  18.000  10 -11    0 7349
 903 225.000 369.000  10 -26    0 7566
 904 397.000 153.000  10 -19 3507 3673
 905  32.000  94.000  10 -43 3707 3854
 906 153.000 244.000  10 -21    0 7590
 907 215.000 282.000  10 -17    0 7640
 908 299.000 285.000  10 -33 4991 5160
 909 167.000 291.000  10 -29    0 7595
 910  80.000 279.000  10 -27    0 7515
 911 450.000 194.000  10 -12    0 7480
 912  67.000 352.000  10 -24    0 7478
 913  80.000 458.000  10 -18    0 7419
 914 118.000 314.000  10 -35    0 7541
 915 210.000 219.000  10  -7    0 7637
 916 498.000 456.000  10 -26    0 7365
 917 235.000  13.000  10  -9    0 7450
 918 142.000 360.000  10 -19    0 7533
 919 111.000 392.000  10 -14    0 7489
 920 201.000  66.000  10 -23    0 7497
 921 103.000 177.000  10 -22 2494 2637
 922 122.000 422.000  10 -14    0 7473
 923 148.000 462.000  10 -12 2906 3028
 924 149.000 341.000  10 -29    0 7552
 925 348.000 348.000  10 -23    0 7549
 926 297.000 304.000  10 -33    0 7616
 927 365.000 274.000  10 -31  395  545
 928  48.000 150.000  10  -4    0 7462
 929 248.000 214.000  10  -6 5955 5999
 930 325.000 311.000  10 -17 5290 5409
 931 442.000   5.000  10 -30    0 7376
 932 259.000 301.000  10 -11    0 7636
 933 426.000 231.000  10  -9 4102 4245
 934 111.000 178.000  10 -12    0 7531
 935 295.000 247.000  10 -24    0 7642
 936 488.000 173.000  10 -19 4836 4966
 937 149.000 458.000  10 -17    0 7456
 938  60.000  29.000  10 -13    0 7396
 939 157.000 269.000  10 -21    0 7593
 940  64.000 294.000  10  -9    0 7496
 941  62.000  94.000  10 -28    0 7443
 942 294.000 421.000  10  -8 6292 6431
 943 413.000 476.000  10  -8 4729 4823
 944 337.000 232.000  10 -12 6266 6418
 945 401.000 314.000  10 -29 3875 4057
 946 177.000 486.000  10 -31 6397 6501
 947  65.000  82.000  10 -31 2966 3071
 948  61.000 170.000  10 -23    0 7482
 949  59.000 276.000  10  -9    0 7495
 950 493.000 111.000  10 -14 2162 2286
 951 440.000 201.000  10  -9    0 7491
 952  79.000 467.000  10 -29 1400 1531
 953  29.000 462.000  10 -31    0 7381
 954   0.000 422.000  10 -15    0 7384
 955 250.000 441.000  10 -20    0 7496
 956 500.000 228.000  10 -12 3137 3237
 957 412.000 100.000  10 -16    0 7467
 958 211.000 411.000  10 -14 4631 4662
 959  44.000 496.000  10 -30    0 7367
 960  58.000  39.000  10 -31    0 7402
 961 272.000 234.000  10  -9    0 7660
 962 105.000 137.000  10 -16    0 7504
 963 493.000 493.000  10 -27    0 7344
 964 406.000 408.000  10 -20    0 7465
 965  43.000 135.000  10 -15    0 7451
 966 347.000 192.000  10 -22 5930 6096
 967 156.000  65.000  10 -19 4143 4275
 968  63.000 420.000  10 -22    0 7435
 969 386.000 154.000  10 -20    0 7521
 970 303.000  78.000  10 -15    0 7508
 971 117.000 110.000  10 -15    0 7494
 972  26.000 442.000  10  -9    0 7392
 973 291.000 213.000  10 -21 5018 5163
 974 295.000 283.000  10 -27 3538 3728
 975 243.000 408.000  10 -32 5720 5870
 976  72.000 227.000  10 -37    0 7508
 977 376.000 385.000  10 -12    0 7503
 978 330.000 138.000  10 -15    0 7550
 979  82.000 183.000  10 -23 4444 4490
 980 233.000 230.000  10 -14    0 7661
 981  29.000 358.000  10 -13    0 7442
 982 333.000 163.000  10 -11 4973 5068
 983 264.000 180.000  10 -15    0 7616
 984   9.000 101.000  10 -29    0 7404
 985 154.000 392.000  10 -22    0 7516
 986 267.000 174.000  10 -35    0 7610
 987 135.000  30.000  10 -23    0 7439
 988 470.000 405.000  10 -25 3694 3832
 989 105.000 181.000  10 -27    0 7527
 990 167.000 445.000  10 -33    0 7476
 991 382.000 110.000  10 -13    0 7495
 992 208.000 488.000  10  -7    0 7446
 993 371.000 332.000  10  -7    0 7541
 994 218.000 271.000  10 -22    0 7649
 995 499.000 316.000  10 -22    0 7430
 996 199.000 438.000  10 -33    0 7493
 997 295.000  89.000  10 -16    0 7520
 998 325.000  56.000  10  -9    0 7480
 999 238.000 123.000  10 -19    0 7560
1000 346.000 354.000  10  -8 3260 3399
1001 381.000 328.000  10 -15    0 7535
1002 292.000 136.000  10 -24    0 7566
1003  87.000 213.000  10 -23    0 7520
1004  13.000 465.000  10  -4    0 7368
1005 344.000 203.000  10 -18    0 7582
1006  60.000 231.000  10 -20    0 7497
1007 418.000 251.000  10 -11    0 7519
1008  69.000 423.000  10 -12    0 7437
1009 250.000 250.000   0   0    0 7697
