503 503 1000 1000 1000
   0 250.000 250.000   0   0    0 7697
   1 325.000  56.000  10  13 3181 3311
   2 290.000 145.000  10   5 5130 5242
   3 340.000 291.000  10  22 1893 1991
   4 370.000 382.000  10  11 3538 3653
   5  36.000 301.000  10  21  811  949
   6 117.000 178.000  10  28 4484 4574
   7 295.000 283.000  10  26 3538 3728
   8  48.000 162.000  10  15  825 1033
   9 222.000 499.000  10   7 3400 3483
  10 437.000  90.000  10  12 2364 2435
  11 307.000 249.000   0  10 5511 5622
  12 179.000 286.000  10   8 1380 1469
  13   0.000 356.000  10  13 4346 4464
  14 143.000 158.000  10  12  562  659
  15 413.000 476.000  10  34 4729 4823
  16 415.000 118.000  10  19  886  966
  17 490.000 286.000  10  29 2073 2224
  18 309.000 161.000  10  23 2287 2499
  19 361.000 178.000  10   5 3903 3996
  20 447.000 383.000  10  17  889 1013
  21 346.000 354.000  10   8 3260 3399
  22 187.000 263.000  10  35  191  324
  23 130.000 247.000  10  17  423  538
  24 365.000  74.000  10  24 3379 3529
  25 111.000 192.000  10  11 4809 4907
  26  87.000 213.000  10  18 2483 2642
  27  62.000  94.000  10  16 3822 3903
  28 348.000 476.000  10  19 4762 4932
  29  24.000 259.000  10  19 1490 1591
  30   6.000  53.000  10   8 2355 2460
  31  15.000  11.000  10  15 3796 3938
  32  67.000 352.000  10  20 1514 1592
  33  40.000 278.000  10  10 4466 4490
  34 159.000 226.000  10  16  314  439
  35 453.000 360.000  10  13  858  990
  36  34.000 169.000  10  11 1948 2048
  37 393.000  98.000  10  13 3013 3127
  38 303.000  78.000  10  12  656  784
  39 374.000 116.000  10   9 2357 2461
  40 215.000 293.000  10  13  128  315
  41 343.000 276.000  10  15  321  451
  42 452.000 110.000  10  14 1339 1504
  43 153.000 244.000  10   5  460  523
  44 176.000 200.000  10  17 2266 2394
  45 177.000 156.000  10  25  639  818
  46 398.000  49.000  10  21 3167 3288
  47 497.000 296.000  10  14 2495 2525
  48 128.000 113.000  10  22 1424 1597
  49 422.000 498.000  10   5 2801 2856
  50   0.000 422.000  10   8 3300 3388
  51 166.000 247.000  10   1  291  382
  52 420.000 383.000  10  27 3932 4044
  53 500.000 228.000  10   8 3137 3237
  54  68.000 450.000  10  18 2505 2675
  55 153.000 192.000  10  13 3457 3588
  56 371.000 332.000  10  14 2144 2213
  57 231.000 167.000  10  15  246  435
  58 280.000 245.000  10  21   85  158
  59  38.000 190.000  10  23 1138 1261
  60 470.000 405.000  10  17 3694 3832
  61 146.000 376.000  10   8  928 1066
  62 297.000 131.000  10  25 4640 4803
  63 457.000 492.000  10   7 2041 2143
  64  69.000 423.000  10  32 3236 3304
  65 170.000 347.000  10  15 1764 1842
  66 103.000 123.000  10   8 1966 2072
  67 154.000 374.000  10  36 3746 3870
  68 330.000 147.000  10  28 3383 3525
  69 235.000 288.000  10  18   83  244
  70  94.000 192.000  10   1 4319 4444
  71 293.000 174.000  10  31  279  420
  72 459.000  53.000  10  20 4505 4592
  73 173.000 474.000  10  14 5150 5250
  74 135.000 400.000  10  20 1189 1319
  75 497.000 266.000  10  25 2996 3104
  76 380.000 194.000  10   3 2872 2956
  77 495.000 227.000  10  20 1389 1482
  78 213.000 399.000  10  18  941 1051
  79 425.000 448.000  10   9 3152 3324
  80  92.000 259.000  10   4 1585 1731
  81 468.000 360.000  10  16 1104 1208
  82 332.000 459.000  10  35 1479 1591
  83 154.000 392.000  10   9  635  737
  84  92.000  18.000  10   8 4466 4648
  85 250.000 328.000  10  24 1001 1108
  86 360.000 488.000  10  19 1252 1393
  87  18.000 225.000  10   8 2757 2893
  88  41.000 120.000  10  22 2791 2897
  89 218.000 271.000  10  16 6280 6429
  90 365.000 119.000  10  30 1482 1692
  91 251.000 238.000  10  27   12  119
  92 139.000 438.000  10  24  865  966
  93 236.000 126.000  10  23  400  598
  94 373.000 421.000  10  21  939 1080
  95 412.000 478.000  10   7 3851 3946
  96 261.000 359.000  10  10  401  476
  97 173.000 182.000  10  25  383  438
  98  80.000 357.000  10   1 2093 2271
  99  67.000 378.000  10  26 1875 2008
 100 498.000 457.000  10  15 3692 3733
 101  44.000 344.000  10  12 4325 4431
 102 292.000 136.000  10  28 3126 3239
 103 245.000 461.000  10   8 2635 2680
 104 415.000 253.000  10  21 1457 1595
 105 298.000 264.000  10  36  147  253
 106 307.000 412.000  10   8 1635 1714
 107 480.000 152.000  10  26 4028 4265
 108 390.000 249.000  10  21 2323 2451
 109 132.000 479.000  10  11  997 1063
 110 124.000 448.000  10   6 1430 1638
 111 482.000 141.000  10  14 4028 4178
 112 162.000 306.000  10  22  494  580
 113 100.000  85.000  10  14 1422 1506
 114 103.000 177.000  10  28 2494 2637
 115  26.000  67.000  10  15 5274 5380
 116 385.000 285.000  10  13 3478 3586
 117 149.000 341.000  10   6 1599 1753
 118 150.000 484.000  10  16 2498 2623
 119 299.000 353.000  10  34  393  519
 120 273.000 300.000  10  30  153  288
 121 402.000 277.000  10   5 5771 5856
 122 239.000  15.000  10   2 2416 2534
 123 363.000 225.000  10  35 3426 3541
 124 351.000  60.000  10  15  850  952
 125  60.000 246.000  10  25  704  816
 126 144.000  35.000  10  26  891 1027
 127 408.000 318.000  10  15 2558 2707
 128 452.000 206.000  10  31 1958 2099
 129 471.000 368.000  10  19 1718 1827
 130  93.000 490.000  10   2 1527 1626
 131 241.000 402.000  10  11 4090 4229
 132 172.000  66.000  10  18 5225 5318
 133 286.000 356.000  10  30  354  542
 134 334.000 481.000  10  32 1323 1440
 135  26.000 442.000  10  23 5402 5470
 136 488.000   3.000  10   3 1625 1700
 137 178.000 150.000  10  33 2548 2625
 138 371.000 423.000  10  10  810  878
 139   5.000 224.000  10  19 4242 4316
 140  94.000 344.000  10  26 2746 2832
 141  12.000 367.000  10  27 1282 1444
 142 149.000 214.000  10   7 1911 2066
 143 169.000 305.000  10  21  663  752
 144 267.000 374.000  10  23 2425 2501
 145 360.000 294.000  10   9 5669 5793
 146  76.000 462.000  10  18 3813 3955
 147  72.000 227.000  10  25 2258 2373
 148 130.000 140.000  10  17  783  889
 149 274.000 442.000  10  17 4301 4350
 150 372.000  39.000  10  10 2886 3022
 151 224.000  56.000  10  13 4747 4865
 152  87.000   3.000  10  13 5728 5856
 153 245.000  42.000  10  24 2203 2295
 154  51.000 286.000  10  14 5831 5960
 155 267.000 290.000  10  15  111  236
 156 453.000 318.000  10  30 1489 1621
 157 189.000 402.000  10  10 2149 2259
 158 210.000 276.000  10   5  138  243
 159 120.000 261.000  10   5 3154 3312
 160  35.000 263.000  10  27 1087 1194
 161 429.000  59.000  10   9 1827 1964
 162 330.000 308.000  10  24 4687 4797
 163 217.000 333.000  10  26 1633 1776
 164 198.000  85.000  10  28 1032 1189
 165 138.000  28.000  10  23 4362 4530
 166  29.000 336.000  10  22 1319 1454
 167 200.000  27.000  10  22 2109 2209
 168 177.000 404.000  10  17 5074 5143
 169 202.000  28.000  10  22 3733 3860
 170  96.000 346.000  10  26  765  836
 171 438.000 127.000  10   2 3785 3862
 172 494.000 165.000  10  19 2401 2553
 173 441.000  60.000  10  21 5835 5954
 174  14.000 232.000  10  18 1187 1374
 175 288.000 439.000  10  16 1121 1187
 176 420.000 224.000  10  10 1704 1848
 177 267.000 162.000  10   6 5800 5913
 178 195.000 273.000   0  22  156  320
 179 233.000 230.000  10  20   26  199
 180 406.000 460.000  10   2 2868 3006
 181 499.000 316.000  10  18 2472 2623
 182 246.000 407.000  10  12 1235 1377
 183 426.000 231.000  10  24 4102 4245
 184 397.000 477.000  10  13 4853 4993
 185 397.000 153.000  10  29 3507 3673
 186 226.000 316.000  10  21  234  328
 187 354.000 156.000  10  20 3322 3458
 188 201.000  66.000  10  14 4671 4784
 189 134.000 211.000  10  35  458  626
 190 335.000  99.000  10  25 4913 4955
 191 356.000 256.000  10  19  337  513
 192 412.000 100.000  10   1 2066 2161
 193  48.000 150.000  10  15 2642 2718
 194 225.000 121.000  10  18 2924 3063
 195 102.000 422.000  10  23  892 1038
 196 440.000 201.000  10  29 3603 3658
 197 411.000 379.000  10  25 4781 4886
 198 219.000 210.000  10  14  152  252
 199 250.000 441.000  10   5 3026 3140
 200 178.000 302.000  10  19 3553 3659
 201 225.000 369.000  10  38  432  541
 202 351.000 481.000  10  10 1284 1410
 203  68.000 303.000  10  22  904  987
 204  79.000 257.000  10  26 3803 3942
 205 104.000 349.000  10  20 4058 4135
 206 475.000 267.000  10   7 3124 3232
 207 385.000 239.000  10  21 3130 3274
 208  32.000  94.000  10  14 3707 3854
 209 401.000 164.000  10  13 2523 2568
 210 409.000 255.000  10  23 6084 6215
 211 363.000  34.000  10  19 1097 1202
 212 274.000 441.000  10  12 2762 2915
 213  83.000 300.000  10  26 1987 2131
 214 440.000 284.000  10  25 3394 3540
 215 175.000 239.000  10  23  256  351
 216 268.000 113.000  10  21 2734 2823
 217 480.000 131.000  10   5 2740 2881
 218 429.000  67.000  10  16 2938 3040
 219 281.000  96.000  10   1 4532 4594
 220 239.000 486.000  10   3 5949 6028
 221 288.000  70.000  10  24  724  829
 222  66.000 163.000  10   6 1566 1718
 223 226.000 423.000  10  15  832  863
 224 342.000 319.000  10  36  419  502
 225  49.000 353.000  10  15 5810 5879
 226  13.000 465.000  10  31 3116 3193
 227 489.000 159.000  10  29 5723 5818
 228 233.000  87.000  10  18  966 1174
 229 292.000  32.000  10  14  888 1066
 230 418.000  75.000  10  11 1807 1896
 231 225.000 269.000  10  30 5082 5205
 232 318.000 280.000  10  21  254  340
 233 250.000  57.000  10  26 2995 3110
 234  77.000 372.000  10  19  788  905
 235 385.000  58.000  10  24 1661 1697
 236 360.000 284.000  10  19 2660 2792
 237  82.000 183.000  10  17 4444 4490
 238  32.000 191.000  10   5 2344 2465
 239 133.000 273.000  10  20  419  535
 240 131.000 246.000  10  17 3348 3429
 241 168.000  59.000  10   6 1482 1566
 242 132.000  32.000  10  18 3138 3257
 243 334.000 403.000  10  26  620  776
 244 411.000 396.000  10  23 3667 3814
 245 243.000 402.000  10  13 1632 1729
 246 283.000 438.000  10   3  939 1032
 247 191.000 215.000  10  17  211  338
 248 253.000  50.000  10  27  921 1005
 249  71.000 282.000  10  29 2583 2670
 250 297.000 304.000  10   4  227  345
 251  80.000 279.000  10  19 4586 4795
 252 488.000  96.000  10  22 4264 4386
 253 193.000 138.000  10  30 2639 2768
 254 451.000  62.000  10   5 1139 1240
 255 247.000 219.000  10  17   81  169
 256 172.000  24.000  10  17 5814 5924
 257 486.000 324.000  10  15 3109 3168
 258 440.000 292.000  10  24 3776 3864
 259 364.000 173.000  10  30  700  862
 260 442.000 289.000  10  25  744  903
 261  48.000 412.000  10   7 4156 4220
 262 344.000  70.000  10  24 4542 4743
 263 329.000 456.000  10  19 1008 1104
 264 210.000 113.000  10  28 2778 2864
 265 126.000 391.000  10  19 1099 1203
 266 343.000  34.000  10   7 2882 3036
 267 367.000  97.000  10  17 3968 4055
 268 111.000 178.000  10  18  593  659
 269 441.000   7.000  10  20 1563 1690
 270 323.000  29.000  10   7 4533 4687
 271 330.000 281.000  10  14 5336 5427
 272  30.000  97.000  10  23 4851 4951
 273 273.000  70.000  10  36 2458 2617
 274 214.000 245.000  10   8   97  193
 275 221.000 291.000  10   9  184  305
 276  79.000 467.000  10  22 1400 1531
 277 423.000 315.000  10  12  706  855
 278 497.000 483.000  10  12 1407 1541
 279 100.000 266.000  10   5 1897 1981
 280  16.000  68.000  10  11 1105 1267
 281 475.000 198.000  10  20 3335 3466
 282  62.000 375.000  10  16 1410 1500
 283  13.000 314.000  10  14  985 1086
 284 376.000 385.000  10  12  640  837
 285  89.000 358.000  10  23 4950 5147
 286 331.000 356.000  10  13 2859 2956
 287 365.000 190.000  10  22 5897 6043
 288 349.000  43.000  10  26  855  980
 289 489.000 457.000  10  13 1264 1386
 290 306.000 229.000  10  10 5287 5396
 291 347.000 459.000  10  25 1931 2024
 292  66.000  88.000  10   2 3302 3455
 293 214.000 311.000  10  14  225  341
 294 489.000 274.000  10  31 2132 2258
 295  29.000 358.000  10  23 2425 2581
 296 429.000 476.000  10  23 2314 2392
 297 161.000 275.000  10  21 5370 5524
 298 365.000 274.000  10  14  395  545
 299 166.000 345.000  10  14 4517 4642
 300 345.000 146.000  10  27 5727 5905
 301 324.000  99.000  10  10 1368 1455
 302 120.000  17.000  10  30 1117 1235
 303   1.000 252.000  10   5 1103 1218
 304 264.000 135.000  10   1 3525 3630
 305 238.000 123.000  10  24 3144 3225
 306  52.000 303.000  10  25 1750 1899
 307  89.000 185.000  10  16 2401 2517
 308  89.000  65.000  10  16 2863 3019
 309 164.000 473.000  10  26 1149 1340
 310 114.000 460.000  10  14 4371 4437
 311 224.000   3.000  10  10 2774 2869
 312 448.000 404.000  10  15 2407 2505
 313 386.000 225.000  10  13 3654 3815
 314 301.000 239.000  10  31  169  248
 315  68.000  53.000  10  16 2941 3088
 316  33.000 268.000  10  18 2751 2936
 317 450.000  45.000  10  24 2005 2144
 318 351.000   5.000  10  12 1997 2091
 319  10.000 407.000  10  36 1758 1838
 320 130.000 494.000  10   6 3036 3154
 321 391.000 202.000  10  14  517  674
 322  43.000 210.000  10  20  805  881
 323 381.000 457.000  10  28 1895 1991
 324 105.000 140.000  10  27  678  779
 325 282.000  10.000  10  30 5031 5181
 326 210.000  81.000  10   2 1566 1746
 327  87.000 311.000  10   7  609  784
 328 309.000  29.000   0  11 5161 5310
 329 262.000 369.000  10  15  513  641
 330  41.000 232.000  10  16  846  917
 331 207.000 487.000  10   4 2767 2868
 332 497.000  54.000  10  14 3918 4027
 333 181.000 260.000  10  23  219  338
 334 125.000  61.000  10  26 2460 2554
 335  80.000 400.000  10  10 5772 5918
 336  75.000 118.000  10  21 1629 1763
 337 187.000  73.000  10  18 1154 1303
 338 394.000  47.000  10   5 1223 1401
 339 339.000 144.000  10  13 4424 4487
 340 492.000  34.000  10   5 3242 3362
 341 387.000 349.000  10   9  627  726
 342 142.000 372.000  10  18  605  699
 343 274.000 403.000  10  17 3526 3693
 344  46.000 389.000  10  22 1034 1140
 345 351.000 128.000  10  15 5010 5136
 346 386.000 245.000  10  16 1954 1998
 347 323.000  77.000  10  36 5590 5771
 348  71.000 304.000  10  19 2745 2888
 349 158.000  24.000  10  18 2419 2590
 350 195.000 386.000  10  13  508  666
 351 306.000 235.000  10  25  172  291
 352  66.000 314.000  10  26  723  835
 353 348.000 348.000  10  23 3705 3893
 354 495.000  83.000  10  32 1734 1912
 355  61.000 214.000  10   4 1309 1545
 356 392.000 491.000  10  10 4542 4641
 357 299.000 285.000  10   3 4991 5160
 358 390.000  34.000  10   7 4201 4401
 359 374.000 306.000  10   4 3992 4081
 360 436.000 295.000  10  11 2136 2211
 361  27.000 464.000  10  21 5135 5313
 362  90.000 477.000  10  18 1086 1136
 363 141.000 426.000  10  23 2110 2261
 364  18.000  24.000  10  32 2551 2596
 365 159.000 299.000  10  12 4067 4178
 366 485.000 104.000  10  21 3162 3314
 367 389.000 255.000  10  15 3143 3259
 368  47.000 208.000  10  30  924 1007
 369 489.000 437.000  10  29 2809 2965
 370 225.000 488.000  10  28 2540 2664
 371 355.000 485.000  10  10 5887 6066
 372 441.000 374.000  10  10  873 1034
 373 399.000 175.000  10  13 3020 3076
 374 244.000  13.000  10  24 4068 4156
 375 312.000 453.000  10   6 2180 2337
 376  67.000 451.000  10   5 4875 4969
 377 371.000  71.000  10  21 1116 1298
 378 439.000 156.000  10   2 2101 2225
 379 105.000 474.000  10  27 1883 2003
 380 366.000 288.000  10  29 2747 2843
 381 197.000 202.000  10  29 4784 4966
 382 442.000   5.000  10  16 1262 1421
 383  74.000 215.000  10  10  871 1080
 384 176.000 199.000  10  28  302  416
 385 215.000  79.000  10   5  860 1048
 386 433.000 447.000  10  20 3179 3294
 387 372.000  97.000  10  13  838  992
 388 344.000 203.000  10  14  708  751
 389  64.000   5.000  10  14 4493 4658
 390 398.000 210.000  10  31  606  621
 391  48.000 437.000  10   4 3166 3384
 392 211.000 248.000  10  26   69  243
 393 213.000 185.000  10  21  233  366
 394 172.000 292.000  10  17  370  485
 395 228.000 287.000  10  21   97  248
 396 374.000 232.000  10  33  457  546
 397  48.000 366.000  10  29 2966 3098
 398  44.000 311.000  10  27 1631 1749
 399 447.000 272.000  10  12 1559 1631
 400 132.000 477.000  10  25 1310 1429
 401 144.000 220.000  10  35  365  517
 402 473.000 491.000  10  23 1654 1772
 403 210.000 219.000  10   7  134  271
 404  91.000 427.000  10  14 3548 3633
 405 178.000  72.000  10  23 3035 3139
 406 132.000 151.000  10  22  516  716
 407 136.000 430.000  10  14 2828 2973
 408 292.000 104.000  10  26 1227 1324
 409 235.000  13.000  10  27 1412 1578
 410 166.000 440.000  10  12  772  890
 411 112.000 433.000  10  29  946 1055
 412  37.000 281.000  10  17 1940 2125
 413 475.000 352.000  10  33 1231 1367
 414  92.000  76.000  10   4 4598 4634
 415 124.000 111.000  10  15 3160 3275
 416 268.000 458.000  10  24 2100 2204
 417 398.000 329.000  10  17  646  697
 418 382.000   9.000  10  30 1118 1176
 419 279.000 355.000  10   9  695  756
 420 266.000 221.000  10   9   80  185
 421 359.000 287.000  10  24  396  524
 422 482.000 104.000  10  19 3240 3339
 423 284.000 457.000  10  17 6018 6090
 424  64.000 294.000  10  12 4402 4528
 425 211.000 411.000  10  15 4631 4662
 426 404.000 140.000  10   8 5063 5126
 427 436.000 467.000  10  12 2950 3059
 428 421.000 386.000  10  29 3310 3404
 429 110.000 251.000  10  23 2007 2095
 430  19.000  38.000  10  15 3376 3521
 431 308.000 199.000   0  14 5986 6201
 432 423.000 221.000  10   9 1022 1164
 433 313.000 391.000  10   5  600  716
 434 493.000 111.000  10  26 2162 2286
 435  13.000 394.000  10  15 1470 1630
 436 259.000 301.000  10  25  383  528
 437  65.000  62.000  10  15 3883 4048
 438 470.000 138.000  10  16 5531 5704
 439 190.000 267.000   0  36 7024 7126
 440 244.000 422.000  10  14 2134 2288
 441 406.000 408.000  10  15 5799 5971
 442 265.000 240.000  10   9   21  123
 443 130.000 186.000  10  16  513  656
 444 142.000  14.000  10  18 3349 3452
 445 352.000 487.000  10  27 3600 3735
 446 418.000 399.000  10  20 1739 1882
 447  66.000  31.000  10  25 4214 4293
 448 480.000 136.000  10  22  937 1116
 449  48.000 293.000  10  22 1120 1208
 450 257.000 133.000  10  19 3418 3600
 451  43.000 135.000  10  31  882 1013
 452  27.000 444.000  10  22 4290 4472
 453 357.000 290.000  10  24  359  554
 454  38.000  15.000  10   3 4314 4535
 455 291.000 251.000  10  20  129  200
 456 195.000 111.000  10  15 3991 4114
 457  53.000 466.000  10   9 1332 1468
 458 114.000 102.000  10  21 2058 2121
 459 350.000 199.000  10  21 4787 4945
 460 405.000 349.000  10  15 2084 2215
 461 472.000 248.000  10  11 3363 3432
 462 333.000 293.000  10  27 2494 2563
 463   2.000 264.000  10  40 2617 2739
 464   7.000  82.000  10  25 1643 1770
 465 158.000 179.000  10  37  373  557
 466 421.000 499.000  10  23 5363 5519
 467 345.000 431.000  10  12 1372 1507
 468  77.000 172.000  10  23 3160 3244
 469 468.000 352.000  10   9 3031 3235
 470 206.000 174.000  10  14 3201 3318
 471 209.000 212.000   0  18 6142 6200
 472 201.000 278.000  10  13  170  282
 473 206.000 172.000  10  29 3131 3293
 474 471.000  94.000  10  30 3994 4117
 475 219.000 215.000  10  32  116  259
 476  86.000 189.000  10  21  906 1028
 477 336.000 493.000  10  20 5960 6103
 478   7.000 194.000  10  29 3784 3947
 479 248.000 386.000  10  22 1510 1636
 480 463.000 406.000  10  23 3439 3540
 481 135.000  30.000  10  12 1883 2032
 482  63.000 155.000  10   7 3856 3981
 483  21.000 146.000  10  21 1941 2073
 484 410.000 399.000  10  25  983 1007
 485 405.000 187.000  10  34 4994 5131
 486 109.000  56.000  10  27  905 1013
 487 212.000  47.000  10  20 3234 3295
 488 479.000 387.000  10  13 1620 1680
 489 461.000 182.000  10  13 2540 2612
 490 277.000 428.000  10   7 1931 2112
 491 290.000 328.000  10   7  555  714
 492 136.000 265.000  10  12  390  530
 493 247.000 306.000  10  33  182  266
 494 241.000  38.000  10  16 2127 2246
 495 180.000 162.000  10   9  653  855
 496 413.000 391.000  10   8  876  981
 497 380.000 350.000  10  15 3462 3589
 498  86.000 199.000  10  23 1114 1228
 499 287.000 256.000  10  18   61  239
 500 203.000 211.000  10  20 5241 5330
 501  32.000 319.000  10  21 1621 1703
 502 167.000 445.000  10   7 5656 5761
 503 373.000 418.000  10   6 5034 5161
 504 320.000 211.000  10 -13 3985 4076
 505 212.000 186.000  10  -5 6893 6999
 506 286.000 244.000  10 -22 5150 5242
 507 240.000 362.000  10 -11 5665 5765
 508  80.000 251.000  10 -21 1215 1334
 509  13.000 214.000  10 -28 5428 5520
 510 366.000 390.000  10 -26 5266 5400
 511 140.000 108.000  10 -15 4280 4409
 512 371.000 427.000  10  -7 3811 3974
 513 450.000 194.000  10 -12 2495 2623
 514 307.000 249.000  10 -10 5511 5622
 515 262.000  97.000  10  -8 3785 3912
 516  84.000 453.000  10 -13 4911 4993
 517  21.000  70.000  10 -12 3065 3224
 518 272.000 234.000  10 -34 6353 6489
 519 385.000  17.000  10 -19 3186 3404
 520 394.000 310.000  10 -29 4410 4498
 521 261.000 138.000  10 -23 2491 2575
 522 269.000 112.000  10  -5 5041 5180
 523 398.000 476.000  10 -17 1676 1789
 524 368.000 311.000  10  -8 3709 3820
 525 161.000 276.000  10 -35  476  711
 526 163.000 472.000  10 -17 2611 2736
 527 214.000 274.000  10 -24 5490 5583
 528 146.000 188.000  10 -11 4960 5039
 529  49.000 118.000  10 -18 4297 4394
 530 117.000 110.000  10 -16 3898 4052
 531 246.000 314.000  10 -19 5773 5910
 532 105.000 137.000  10 -19 1799 1940
 533  98.000  29.000  10  -8 4209 4284
 534  60.000   5.000  10 -15 4166 4304
 535  43.000 360.000  10 -20 3339 3463
 536 142.000 360.000  10 -10 6124 6252
 537 153.000 235.000  10 -16  324  462
 538 328.000 491.000  10 -13 2702 2845
 539  94.000  40.000  10 -11 4278 4387
 540 441.000 177.000  10 -13 4022 4107
 541 488.000 173.000  10 -12 4836 4966
 542 432.000 199.000  10  -9 2551 2678
 543 256.000 441.000  10 -13  722  807
 544 490.000 276.000  10 -15  961 1061
 545 389.000  43.000  10 -14 1564 1721
 546  34.000 239.000  10  -5  896  975
 547 140.000 137.000  10 -17 2276 2401
 548 179.000  75.000  10 -25 2982 3057
 549 335.000  46.000  10 -21 5400 5453
 550 449.000 428.000  10 -14 4966 5129
 551 276.000  84.000  10 -22 2696 2874
 552 498.000 456.000  10  -5 5611 5757
 553  52.000 412.000  10  -8 5608 5758
 554  49.000 437.000  10  -1 1698 1842
 555 466.000 362.000  10 -27 4595 4744
 556 439.000 237.000  10  -8 3811 3817
 557   3.000 471.000  10 -18 2828 2979
 558 161.000 416.000  10 -13 4036 4173
 559 332.000   5.000  10 -14 4110 4272
 560 394.000 322.000  10 -15 4111 4207
 561 289.000 220.000  10 -21  145  248
 562  64.000 135.000  10 -23 3495 3571
 563 452.000 484.000  10 -17 5136 5212
 564  44.000 440.000  10  -8 3131 3298
 565 314.000 205.000  10 -25 6086 6249
 566 370.000 493.000  10  -7 2283 2407
 567  40.000 304.000  10 -32 4559 4718
 568 223.000 178.000  10 -15 4566 4645
 569  52.000  18.000  10  -8 3438 3537
 570 179.000 318.000  10 -36 4519 4567
 571 391.000 112.000  10 -28 4039 4084
 572  51.000 360.000  10 -18 4565 4712
 573  33.000 152.000  10  -1 5278 5403
 574 355.000 174.000  10 -31 2847 2996
 575 442.000 153.000  10 -20 4765 4865
 576 229.000 322.000  10 -14 6635 6767
 577  68.000 240.000  10 -20 3176 3300
 578 415.000 207.000  10 -25 3588 3731
 579 375.000 145.000  10  -3 3719 3836
 580 421.000 387.000  10 -20 3211 3318
 581 263.000 418.000  10 -18 1117 1230
 582 492.000 335.000  10  -9 3316 3430
 583  91.000 326.000  10  -4 3868 3958
 584 470.000 417.000  10 -16 2961 3053
 585 217.000 357.000  10 -35 5671 5808
 586  61.000 441.000  10  -9 2201 2268
 587  91.000  27.000  10  -8 4699 4874
 588 171.000 188.000  10 -24 2481 2604
 589 222.000 331.000  10 -19 2158 2279
 590  46.000 163.000  10  -8 3734 3795
 591 105.000 181.000  10 -22 6144 6225
 592 228.000 260.000  10 -16 6450 6514
 593 386.000 154.000  10 -30 4415 4513
 594 325.000 311.000  10 -27 5290 5409
 595 167.000 488.000  10 -24  972 1148
 596 271.000 128.000  10 -23 1378 1507
 597 243.000 408.000  10 -21 5720 5870
 598 413.000 493.000  10  -7 4894 4971
 599  59.000 388.000  10 -10 2650 2772
 600 100.000  66.000  10 -25 5543 5775
 601  35.000 344.000  10  -1 3418 3607
 602  23.000 235.000  10 -26 4086 4220
 603 352.000 481.000  10 -15 5136 5261
 604 175.000 352.000  10 -12 6652 6789
 605 291.000 213.000  10 -28 5018 5163
 606 377.000 432.000  10  -8 3343 3429
 607 439.000 222.000  10 -21 3929 4028
 608 409.000 155.000  10 -36  675  807
 609 278.000 450.000  10  -8 5504 5615
 610 415.000  95.000  10 -26 4708 4825
 611 349.000  76.000  10 -21 4121 4244
 612  77.000 465.000  10 -11 1029 1179
 613 210.000 379.000  10  -6 2834 2957
 614 388.000  44.000  10 -14 4519 4647
 615 255.000 487.000  10 -22 1556 1747
 616 339.000 113.000  10 -14 3050 3154
 617  80.000 117.000  10 -28 3328 3385
 618 104.000  28.000  10 -15 5877 6027
 619 447.000 267.000  10 -13 3910 4046
 620 172.000 314.000  10  -6 2169 2314
 621 332.000 382.000  10 -16 4037 4167
 622 311.000 422.000  10 -34 3970 4053
 623 374.000 346.000  10 -30 1700 1788
 624 274.000 261.000  10  -5 6817 6959
 625 413.000 127.000  10  -2 3326 3439
 626 371.000 315.000  10 -35 4679 4767
 627 466.000 149.000  10 -15 4761 4848
 628  11.000 403.000  10 -25 1416 1448
 629  87.000  51.000  10 -26 2052 2181
 630 297.000 283.000  10 -15 5386 5529
 631 487.000 320.000  10 -31 3448 3534
 632 489.000 338.000  10 -19 5551 5746
 633  20.000 480.000  10  -2 2297 2385
 634 230.000 487.000  10 -11 4552 4605
 635 171.000  24.000  10 -18 5575 5612
 636 283.000 454.000  10 -30 5107 5134
 637 237.000 420.000  10 -32 5311 5483
 638 162.000 301.000  10 -23 6423 6601
 639 460.000 117.000  10  -3 2083 2196
 640 210.000 133.000  10 -33 2767 2862
 641 178.000 420.000  10 -10 4290 4401
 642  33.000 286.000  10 -19 6225 6263
 643  53.000 204.000  10 -26 4206 4354
 644 181.000 441.000  10 -27 2177 2278
 645 149.000  98.000  10  -7 4664 4777
 646  65.000 343.000  10 -21  802  976
 647  46.000 248.000  10 -23 3237 3394
 648 273.000 255.000  10  -9 5968 6088
 649  29.000 462.000  10 -18 5256 5340
 650  10.000 237.000  10 -25 2463 2588
 651  95.000  64.000  10 -17 3083 3164
 652 149.000 458.000  10 -17 4634 4796
 653 428.000 202.000  10 -10 3627 3723
 654 253.000  74.000  10 -13 5375 5546
 655 134.000 194.000  10 -13 6631 6703
 656 455.000 168.000  10 -24 3501 3554
 657 157.000 269.000  10 -14 6317 6414
 658 330.000 371.000  10 -15 2213 2375
 659 414.000 378.000  10 -30 1961 2117
 660 313.000 493.000  10 -10 4784 4880
 661 182.000 480.000  10  -5 1457 1581
 662 164.000 332.000  10  -5 5107 5250
 663  16.000 287.000  10 -27 1102 1185
 664 383.000  17.000  10  -9 3765 3879
 665 213.000 283.000  10 -24 5885 6002
 666 174.000 122.000  10 -26 2376 2491
 667 240.000  34.000  10 -28 6247 6349
 668 226.000 175.000  10 -23 6798 6871
 669  94.000 497.000  10 -22 3132 3246
 670 429.000 169.000  10 -22 3607 3735
 671 177.000 486.000  10 -17 6397 6501
 672 257.000  57.000  10 -22 4913 5015
 673 216.000 341.000  10 -26 2613 2738
 674 364.000  71.000  10  -2 5374 5533
 675 449.000 190.000  10 -19 4533 4707
 676 396.000  83.000  10 -21 6362 6449
 677  28.000 180.000  10 -18 1551 1653
 678 311.000 203.000  10 -16 2892 3008
 679 458.000 213.000  10 -10 4509 4637
 680 178.000 135.000  10  -6 6044 6187
 681 195.000 273.000  10 -22  156  320
 682 206.000  97.000  10 -20 1785 1920
 683 478.000 300.000  10  -2 3589 3648
 684 381.000 328.000  10 -18 2868 2990
 685 331.000 134.000  10 -12 4479 4631
 686 418.000 269.000  10 -24 4835 4924
 687 405.000 454.000  10 -13 5178 5365
 688 390.000 120.000  10 -29 4036 4117
 689   5.000 445.000  10 -21 1230 1377
 690 242.000 106.000  10 -20 5097 5171
 691 241.000 180.000  10 -14 6789 6887
 692 215.000 282.000  10 -35 5764 5879
 693 285.000 247.000  10 -25 5063 5256
 694 443.000 167.000  10 -19 2211 2254
 695 384.000 149.000  10  -1 4777 4920
 696  69.000 266.000  10 -15 2997 3190
 697 282.000   1.000  10 -18 4184 4276
 698 208.000 488.000  10 -23 1934 2007
 699 407.000  35.000  10 -29 5177 5250
 700 359.000 246.000  10 -25 5725 5777
 701 108.000  37.000  10 -14 2192 2323
 702 328.000 458.000  10  -5 3099 3164
 703 164.000 320.000  10 -19 4355 4523
 704 137.000 377.000  10 -38  619  740
 705 185.000 434.000  10 -10 2326 2383
 706  84.000 255.000  10 -22 1096 1280
 707  56.000 268.000  10 -26 4268 4364
 708  57.000 183.000  10 -20 4375 4548
 709 482.000 184.000  10  -7 4437 4538
 710 371.000 163.000  10 -21 3328 3414
 711 110.000 122.000  10 -14 6000 6190
 712 352.000 241.000  10 -13 3178 3280
 713 374.000 260.000  10 -23 7081 7238
 714 432.000   2.000  10 -19 1848 2004
 715 199.000 438.000  10 -12 5429 5575
 716  33.000 278.000  10 -26 5910 6108
 717 404.000 207.000  10 -25 3634 3771
 718 187.000  61.000  10 -23 2155 2325
 719 370.000 262.000  10 -21 4371 4545
 720 404.000  59.000  10  -5 3656 3768
 721 248.000 214.000  10 -16 5955 5999
 722 333.000 163.000  10  -1 4973 5068
 723 195.000 464.000  10  -3 6160 6291
 724 426.000  38.000  10 -24 2439 2551
 725  39.000 153.000  10  -6 3203 3299
 726 303.000 186.000  10 -15 5422 5531
 727 382.000 360.000  10 -36  696  849
 728 167.000 291.000  10 -15 6546 6649
 729  26.000 221.000  10 -31 4016 4076
 730 267.000 174.000  10 -29 6470 6596
 731 232.000 101.000  10 -18 1405 1483
 732 351.000 148.000  10 -14 1838 1971
 733 441.000 100.000  10 -11 3496 3611
 734 240.000 255.000  10 -30 6404 6604
 735 429.000 389.000  10 -21 1700 1812
 736 341.000  72.000  10 -26 3243 3315
 737  93.000 413.000  10 -19  849  961
 738 218.000  12.000  10 -24 2204 2268
 739 318.000  99.000  10 -19 4854 4969
 740   5.000 281.000  10 -17 5478 5615
 741  84.000 377.000  10  -5 3699 3831
 742  39.000 162.000  10 -20 2269 2373
 743 174.000 347.000  10 -17 4047 4191
 744 191.000  84.000  10  -6 3472 3584
 745 157.000  38.000  10 -18 4186 4316
 746 244.000 368.000  10 -26 1648 1785
 747 259.000 498.000  10 -23 4294 4425
 748 377.000 385.000  10 -13 3486 3564
 749 366.000 334.000  10  -3 1650 1751
 750 142.000  30.000  10 -17 5002 5085
 751 263.000 153.000  10 -27 1628 1791
 752  64.000 437.000  10 -29 3686 3779
 753 440.000 436.000  10  -4 3549 3706
 754  88.000 484.000  10 -19 5963 6082
 755 420.000  80.000  10 -22 4372 4522
 756 235.000 108.000  10 -30 4307 4449
 757 392.000  87.000  10  -5 4730 4851
 758 413.000 345.000  10 -17 4872 4993
 759 151.000  81.000  10 -17 6262 6321
 760 471.000 427.000  10 -15 3256 3395
 761 492.000 326.000  10 -24 4863 4890
 762 306.000  42.000  10 -30 1944 1989
 763 495.000 199.000  10 -25 1363 1451
 764 103.000 464.000  10  -7 5092 5211
 765 352.000  63.000  10 -24 4718 4827
 766 322.000 406.000  10 -19 3294 3460
 767 186.000 135.000  10 -28 2849 3012
 768 230.000 320.000  10 -19 4770 4887
 769 481.000 207.000  10  -7 3447 3521
 770 376.000  92.000  10 -17 3959 4086
 771 325.000 210.000  10 -18 3717 3870
 772 498.000 171.000  10 -20 5048 5123
 773 400.000  71.000  10  -7 5522 5574
 774 351.000 233.000  10 -14 5692 5811
 775  79.000  80.000  10 -23 5527 5650
 776 347.000 184.000  10 -36 4316 4433
 777 142.000  80.000  10  -8 1980 2076
 778   7.000 382.000  10  -9 3053 3231
 779  80.000 458.000  10 -22 1515 1569
 780 368.000 452.000  10 -12 2673 2806
 781 448.000 495.000  10 -12 1519 1669
 782  89.000 322.000  10  -5 4099 4186
 783   9.000 101.000  10 -11 2678 2771
 784 323.000  34.000  10 -20 5244 5394
 785   0.000 188.000  10 -16 3709 3867
 786  30.000 155.000  10 -14 5129 5235
 787 395.000 474.000  10 -12 1545 1670
 788 122.000 422.000  10 -23 5871 5904
 789 284.000 319.000  10 -13 3270 3384
 790 347.000 192.000  10 -22 5930 6096
 791 481.000  84.000  10 -26 2011 2154
 792 438.000 488.000  10 -13 1304 1433
 793 321.000 149.000  10 -10 5683 5834
 794 342.000 481.000  10 -25 5769 5871
 795  44.000 140.000  10  -2 3464 3602
 796 215.000 434.000  10 -14  752  909
 797 424.000 288.000  10 -31 4261 4318
 798  69.000 414.000  10 -23 5007 5220
 799 379.000 486.000  10 -23 2679 2815
 800 174.000 376.000  10 -21 5671 5804
 801 451.000 305.000  10 -14  779  889
 802 224.000 320.000  10 -14 5187 5202
 803 261.000 201.000  10 -27 6060 6172
 804 389.000 156.000  10 -10 2851 2993
 805  24.000  71.000  10 -30 1394 1494
 806  26.000 342.000  10  -5 1298 1390
 807 188.000 151.000  10  -1 5223 5270
 808 265.000   0.000  10 -24 3570 3718
 809  63.000 420.000  10 -25 2071 2206
 810  45.000 166.000  10 -16 4063 4164
 811  58.000  39.000  10 -16 4615 4808
 812 153.000 362.000  10 -26 4647 4762
 813 162.000 388.000  10 -14 4545 4584
 814 120.000  37.000  10 -10 3087 3236
 815 440.000 294.000  10 -15 3836 3966
 816 418.000 251.000  10 -13 4770 4925
 817 293.000 228.000  10 -31  133  253
 818  51.000  89.000  10 -16 4833 4953
 819  83.000 169.000  10 -18 3115 3218
 820 472.000  57.000  10 -24 5178 5301
 821 436.000  25.000  10 -12 5113 5266
 822 176.000 470.000  10 -36 2181 2312
 823 111.000 392.000  10  -6 4693 4780
 824 435.000 180.000  10 -14  896 1020
 825 179.000 497.000  10 -20 5633 5775
 826 354.000 416.000  10 -28 2719 2836
 827   9.000 233.000  10 -27 1227 1343
 828 235.000  33.000  10 -30 5315 5501
 829 125.000  65.000  10  -2 3170 3257
 830  19.000 273.000  10  -7 4035 4218
 831 309.000  29.000  10 -11 5161 5310
 832  83.000 290.000  10 -15 2421 2560
 833  55.000 318.000  10 -16 1250 1365
 834 133.000 455.000  10  -4 3222 3362
 835 497.000  18.000  10 -14 4520 4641
 836  64.000 198.000  10 -23 4346 4482
 837 171.000  34.000  10 -26 4579 4685
 838 115.000 296.000  10 -10 6112 6239
 839 133.000 202.000  10 -21 1827 1978
 840 147.000  30.000  10 -18 4424 4565
 841 476.000  61.000  10  -5 1780 1930
 842 330.000 138.000  10 -13 4493 4504
 843 432.000  66.000  10  -5 4270 4419
 844 481.000 454.000  10  -9 1278 1406
 845  95.000 382.000  10 -18  929 1041
 846 272.000 420.000  10 -17 5515 5691
 847  50.000 383.000  10 -22 1056 1145
 848 461.000 195.000  10 -15 5597 5683
 849 401.000 314.000  10 -16 3875 4057
 850 248.000 176.000  10 -36 5579 5753
 851   6.000 196.000  10 -19 4772 4973
 852 231.000  29.000  10 -18 4896 5035
 853  60.000 231.000  10 -13 4124 4203
 854 456.000 113.000  10 -25 4922 5015
 855  67.000 190.000  10 -26 4722 4785
 856 398.000 341.000  10 -23 3775 3858
 857 480.000 119.000  10 -32 2515 2632
 858 268.000 288.000  10  -4 5075 5181
 859 485.000 428.000  10 -10 5977 6062
 860 221.000 269.000  10  -3 5064 5179
 861 397.000  57.000  10  -7 5876 6052
 862 448.000 414.000  10  -4 4924 4978
 863 428.000 302.000  10 -11 4064 4183
 864  90.000 496.000  10 -21 5617 5665
 865  36.000 451.000  10 -18 3538 3692
 866 148.000 462.000  10 -23 2906 3028
 867  65.000  82.000  10 -32 2966 3071
 868 244.000 277.000  10 -12 5204 5326
 869 456.000 157.000  10 -21 5788 5972
 870 273.000 149.000  10 -15 5987 6154
 871 231.000 410.000  10 -30 4917 5095
 872 491.000 369.000  10 -29 2891 3065
 873 260.000 472.000  10 -28 4143 4265
 874 270.000 337.000  10 -10 7160 7222
 875 371.000 488.000  10 -10 2285 2497
 876 343.000 205.000  10 -13 3081 3178
 877 210.000  29.000  10 -24 4213 4314
 878 228.000 399.000  10  -6 2329 2482
 879 171.000 303.000  10  -5 6334 6501
 880 437.000  98.000  10 -21 4480 4549
 881 457.000 280.000  10  -2 4013 4105
 882 152.000 476.000  10 -27 2112 2188
 883 307.000  52.000  10 -29 3703 3781
 884 217.000 207.000  10 -29 5538 5642
 885 392.000   1.000  10 -16 2419 2543
 886 262.000  92.000  10 -10 2507 2657
 887 148.000 208.000  10 -28 2095 2237
 888 387.000 394.000  10  -5 4357 4544
 889 448.000 397.000  10 -20 3482 3563
 890 392.000  95.000  10 -13 3060 3189
 891 339.000  41.000  10 -14 1793 1973
 892  60.000  29.000  10 -14 5461 5560
 893 447.000 184.000  10 -31 1699 1816
 894  97.000 288.000  10  -4 5142 5251
 895 174.000 397.000  10 -26 4978 5099
 896  98.000   2.000  10 -21 2361 2493
 897 287.000 397.000  10 -17 2262 2373
 898  78.000 406.000  10 -21 3818 3986
 899 436.000 123.000  10 -33  835  966
 900  34.000 329.000  10 -29 4172 4292
 901  59.000 276.000  10 -27 3548 3711
 902 423.000 170.000  10 -12 2022 2203
 903 180.000 283.000  10 -25 2963 3107
 904 295.000  89.000  10 -35 2983 3072
 905 469.000 489.000  10 -23 2211 2353
 906  71.000  12.000  10  -7 1177 1286
 907  68.000 160.000  10 -14 4579 4628
 908 156.000  65.000  10 -23 4143 4275
 909  44.000 115.000  10 -22  944 1027
 910 138.000 406.000  10 -14 4892 4956
 911 376.000 113.000  10 -26 2083 2150
 912 173.000  65.000  10 -27 1768 1940
 913  72.000 477.000  10 -12 1061 1246
 914 185.000 431.000  10 -29 1561 1656
 915  62.000 236.000  10 -17 2238 2345
 916 487.000 446.000  10 -33 5360 5482
 917 174.000  41.000  10  -4 5216 5331
 918 200.000  78.000  10 -15 3981 4080
 919 202.000 391.000  10 -24 2497 2611
 920 460.000 328.000  10 -17  872 1001
 921 438.000   5.000  10 -30 2201 2311
 922 247.000 443.000  10  -9 1302 1461
 923 365.000  28.000  10  -9 1100 1165
 924 433.000 319.000  10 -24 5509 5621
 925 437.000  19.000  10 -19 4047 4185
 926 294.000 421.000  10 -17 6292 6431
 927  80.000 337.000  10 -12 4483 4590
 928 208.000 445.000  10 -15 5314 5465
 929 461.000 186.000  10  -8 6054 6165
 930 257.000 391.000  10 -12 6547 6637
 931 434.000 359.000  10 -29 5585 5673
 932  58.000 391.000  10 -23 3528 3651
 933  25.000  53.000  10 -15 4088 4193
 934 308.000 199.000  10 -14 5986 6201
 935 492.000 188.000  10  -9 2904 2939
 936 340.000 416.000  10  -5 1293 1396
 937 440.000  77.000  10 -26 3649 3775
 938 318.000 497.000  10 -15 3428 3522
 939 404.000 439.000  10 -25  964 1067
 940   1.000 101.000  10 -15 5021 5158
 941 264.000 180.000  10 -16 6720 6845
 942 190.000 267.000  10 -36 7024 7126
 943 144.000 331.000  10 -14 3709 3860
 944 460.000 424.000  10 -15 5786 5970
 945 372.000 115.000  10  -9 1463 1567
 946 150.000  68.000  10 -16 1710 1793
 947 188.000 119.000  10 -18 3903 4016
 948 211.000 446.000  10 -27 4460 4647
 949 450.000 416.000  10 -20 2281 2453
 950  30.000   7.000  10 -25 4734 4895
 951 463.000 253.000  10 -22 4171 4325
 952 115.000 395.000  10 -22 3274 3368
 953 215.000 129.000  10 -19 4479 4589
 954 174.000  67.000  10 -31 5018 5180
 955  28.000 467.000  10 -22 5381 5480
 956 484.000 224.000  10 -24 1204 1312
 957 102.000   6.000  10  -3 5820 5968
 958 382.000 110.000  10 -20 4427 4592
 959 209.000  68.000  10 -15 6266 6398
 960  44.000 496.000  10  -9 1594 1740
 961  67.000  24.000  10 -21 4083 4184
 962 245.000 176.000  10 -21 4943 5055
 963 465.000 367.000  10 -15 4087 4248
 964 417.000 212.000  10 -11 3665 3736
 965 295.000 247.000  10 -27 5212 5335
 966 107.000 374.000  10 -40 3642 3792
 967  57.000  43.000  10 -25 4088 4219
 968  31.000 175.000  10 -37 1021 1071
 969 337.000 232.000  10 -23 6266 6418
 970 196.000 489.000  10 -12 4135 4226
 971  61.000 170.000  10 -23 4010 4156
 972 366.000 260.000  10  -9 6048 6234
 973 251.000  63.000  10 -14 3981 4039
 974 209.000 212.000  10 -18 6142 6200
 975 235.000 316.000  10 -13 2616 2751
 976 240.000 240.000  10 -29 6820 6897
 977 466.000  96.000  10 -30 5547 5639
 978 165.000  59.000  10 -32 3762 3901
 979 253.000 118.000  10 -21 2191 2307
 980 268.000 351.000  10 -20 6698 6822
 981  12.000 358.000  10 -29 4891 5024
 982 325.000 147.000  10 -22 4777 4836
 983 495.000 355.000  10 -23 4981 5084
 984 196.000  56.000  10 -12 2398 2597
 985 181.000 185.000  10  -7 6436 6594
 986  56.000  75.000  10 -21 5711 5910
 987 494.000 468.000  10 -25 1417 1523
 988 454.000 201.000  10 -34 5218 5342
 989   3.000  23.000  10 -27 1550 1702
 990 327.000 139.000  10 -20 5021 5158
 991 396.000 417.000  10 -13 3261 3340
 992 343.000 166.000  10 -13 3512 3616
 993 146.000 313.000  10  -7 4793 4890
 994 337.000  41.000  10  -7 4018 4121
 995 134.000 276.000  10 -12  538  648
 996 118.000 314.000  10 -33 1315 1505
 997 317.000  45.000  10 -16 2629 2757
 998 168.000 109.000  10  -9  810  944
 999 493.000 493.000  10  -8 3457 3515
1000 218.000 403.000  10 -15 5305 5368
1001 341.000  59.000  10 -23 3156 3282
1002 452.000 172.000  10 -18 2443 2542
1003 199.000 203.000  10 -20 5851 5928
1004 175.000 422.000  10 -21 5771 5920
1005 195.000 450.000  10  -7 5946 6061
1006 322.000 290.000  10  -6 5920 6031
1007 250.000 250.000   0   0    0 7697
