523 523 1000 200 1000
   0 250.000 250.000   0   0    0 1821
   1 440.000 436.000   0  18  877  937
   2 214.000 394.000  10  10  216  276
   3 476.000 483.000  10  10  340  400
   4 352.000 487.000   0  27  887  947
   5 230.000 197.000  10  40  107  167
   6 175.000 239.000  10  23   75  135
   7 133.000 202.000  10  33  446  506
   8  60.000 454.000  10  10  332  392
   9 102.000 264.000  10  10  148  208
  10 451.000  62.000  10   5  275  335
  11 409.000  90.000  10  20  243  303
  12 307.000 108.000  10  10  222  282
  13 371.000 332.000  10  14  515  575
  14 441.000 265.000  10  40  191  251
  15 130.000 140.000  10  17  179  239
  16  80.000 117.000  10  24  809  869
  17 391.000 202.000  10  14  148  208
  18  80.000 290.000  10  10  182  242
  19 439.000  15.000  10  20  328  388
  20 131.000  56.000   0  10  241  301
  21  41.000 232.000  10  16  209  269
  22  86.000 199.000  10  23  263  323
  23 314.000 124.000  10  20  216  276
  24 375.000 191.000  10  30  152  212
  25 242.000 106.000  10  28 1253 1313
  26 419.000 459.000  10  20  301  361
  27 389.000  11.000  10  20  308  368
  28  71.000 333.000  10  10  197  257
  29 105.000 474.000   0  27  456  516
  30  20.000 489.000  10  10  368  428
  31 388.000 331.000  10  20  160  220
  32 200.000 261.000  10  10  151  211
  33 400.000 288.000   0  30  154  214
  34 404.000 447.000  10  20  250  310
  35  30.000 302.000  10  10  252  312
  36  34.000 169.000  10  11  469  529
  37 407.000 280.000  10  10  194  254
  38 277.000 403.000  10  10  160  220
  39 384.000 491.000  10  20  333  393
  40 355.000 174.000  10  33  700  760
  41 334.000 403.000  10  26  174  234
  42 230.000 320.000  10   8 1177 1237
  43 273.000 300.000  10  30   55  115
  44   5.000 297.000  10  10  316  376
  45  38.000  15.000  10   3 1076 1136
  46 237.000 254.000  10  20   68  128
  47  54.000 445.000  10  10  293  353
  48 382.000 110.000  10  24 1097 1157
  49 438.000 488.000  10  18  312  372
  50 395.000 331.000  10  20  202  262
  51 249.000 407.000  10  10  159  219
  52 483.000  14.000  10  10  348  408
  53 356.000 256.000  10  19  106  166
  54  94.000 235.000  10  20  156  216
  55 474.000  96.000  10  30  271  331
  56 439.000 243.000  10  20  299  359
  57 210.000 185.000  10  20   76  136
  58 150.000  68.000  10  23  408  468
  59 201.000 270.000  10  10   52  112
  60   0.000 188.000  10  26  917  977
  61 325.000  56.000  10  13  781  841
  62 418.000  75.000  10  11  433  493
  63 460.000 328.000  10  13  224  284
  64 374.000 190.000  10  20  137  197
  65  97.000  93.000  10  20  225  285
  66  29.000 336.000  10  22  317  377
  67 294.000 421.000   0  26 1560 1620
  68 371.000 193.000  10  20  133  193
  69 142.000 372.000  10  18  162  222
  70 395.000 332.000  10  10  191  251
  71  93.000 413.000  10  17  226  286
  72 267.000 394.000   0  10  244  304
  73 249.000 258.000  10  30  112  172
  74 472.000 129.000  10  10  252  312
  75 386.000 154.000  10  31 1086 1146
  76  38.000 301.000  10  20  281  341
  77 192.000 265.000  10  10  109  169
  78 371.000 192.000   0  30  134  194
  79 437.000  12.000  10  20  315  375
  80 459.000  10.000  10  10  320  380
  81 274.000  48.000  10  10  203  263
  82 488.000 173.000  10  20  264  324
  83 398.000  97.000  10  10  212  272
  84 180.000 283.000  10  23  729  789
  85  71.000  12.000  10   2  297  357
  86 343.000  49.000  10  10  250  310
  87 248.000 251.000  10  20    2   62
  88 410.000 399.000  10  25  219  279
  89 398.000 103.000  10  30  263  323
  90 385.000 285.000  10  13  853  913
  91 179.000 497.000  10   1 1396 1456
  92 464.000  13.000  10  20  370  430
  93 492.000 335.000  10  10  813  873
  94 231.000  29.000   0  14 1211 1271
  95 439.000 268.000  10  10  283  343
  96 149.000 214.000   0   7  467  527
  97 448.000 404.000  10  15  584  644
  98 346.000 354.000  10   8  802  862
  99  17.000  65.000  10  20  312  372
 100 224.000 203.000  10  20   53  113
 101 426.000 231.000  10  24 1013 1073
 102 265.000   0.000  10  10  881  941
 103 391.000 293.000  10  20  211  271
 104 411.000 421.000  10  20  300  360
 105 132.000  30.000  10  20  311  371
 106 286.000 244.000   0  31 1269 1329
 107 436.000 237.000  10  20  186  246
 108 477.000 120.000  10  10  327  387
 109 145.000 434.000  10  20  218  278
 110 330.000 308.000   0  24 1155 1215
 111 246.000 398.000  10  40  148  208
 112 226.000 316.000  10  21   70  130
 113 110.000 459.000  10  30  333  393
 114 244.000 250.000  10  10    6   66
 115 458.000  16.000  10  20  313  373
 116 219.000 215.000  10  32   46  106
 117 326.000 118.000  10  10  152  212
 118 210.000 398.000  10  10  189  249
 119 403.000  93.000  10  10  326  386
 120  65.000  62.000  10  15  961 1021
 121 211.000 248.000  10  26   39   99
 122 484.000 174.000  10  10  250  310
 123 455.000 168.000  10  21  852  912
 124 224.000 191.000  10  20   66  126
 125 439.000 156.000  10   2  511  571
 126 234.000 246.000  10  10   50  110
 127 406.000 450.000  10  20  253  313
 128  75.000 118.000  10  21  394  454
 129 238.000 203.000  10  10   79  139
 130 405.000 455.000  10  40  326  386
 131 323.000 118.000   0  20  150  210
 132 406.000  96.000  10  20  219  279
 133 307.000 249.000   0  10 1362 1422
 134 178.000 135.000  10  21 1499 1559
 135 299.000 353.000  10  34  114  174
 136 236.000 213.000  10  20   39   99
 137 355.000 177.000   0  20  127  187
 138 394.000  23.000  10  20  389  449
 139 306.000 235.000  10  25   57  117
 140 150.000 484.000  10  16  610  670
 141 213.000 399.000  10  18  219  279
 142 391.000  18.000  10  10  363  423
 143 344.000 203.000  10  14  152  212
 144 483.000  27.000   0  20  443  503
 145 457.000 492.000  10   7  493  553
 146  94.000  40.000  10  24 1053 1113
 147 371.000 423.000  10  10  211  271
 148 417.000 217.000  10  30  174  234
 149 500.000 228.000  10   8  767  827
 150 412.000 214.000  10  10  165  225
 151 442.000 289.000  10  25  195  255
 152 440.000 241.000  10  10  286  346
 153 100.000 266.000  10  20  150  210
 154 111.000 178.000  10  18  156  216
 155  91.000 101.000  10  10  283  343
 156  25.000 307.000  10  10  234  294
 157  58.000 458.000   0  10  308  368
 158 133.000  26.000   0  10  297  357
 159 211.000 386.000  10  20  141  201
 160 208.000 184.000  10  20   78  138
 161 394.000 333.000   0  20  179  239
 162 355.000 180.000  10  30  126  186
 163  80.000 251.000  10  14  289  349
 164 406.000  94.000  10  10  220  280
 165 418.000 221.000   0  10  276  336
 166 274.000 441.000  10  12  680  740
 167 297.000 102.000  10  10  155  215
 168 250.000 405.000  10  20  155  215
 169  73.000 328.000  10  20  193  253
 170  50.000 438.000  10  20  322  382
 171 441.000   7.000  10  20  377  437
 172 462.000  14.000  10  20  382  442
 173  58.000 391.000   0  16  867  927
 174 410.000 285.000  10  20  178  238
 175  96.000  97.000  10  20  217  277
 176  21.000  64.000  10  20  337  397
 177 200.000 178.000  10  20   87  147
 178  48.000 437.000  10   4  789  849
 179 200.000 270.000  10  20   53  113
 180 400.000 286.000  10  10  154  214
 181 351.000 481.000  10  10  307  367
 182 270.000 400.000  10  10  151  211
 183  95.000 234.000  10  10  155  215
 184 133.000 455.000   0  25  793  853
 185 376.000 190.000  10  30  140  200
 186 266.000 405.000  10  20  202  262
 187 374.000 232.000  10  33  125  185
 188 398.000  20.000  10  20  273  333
 189 481.000  26.000  10  30  321  381
 190  89.000 290.000  10  20  165  225
 191 262.000 369.000  10  15  119  179
 192  89.000  65.000  10  16  705  765
 193 436.000 264.000  10  20  186  246
 194  15.000 457.000  10  20  313  373
 195 328.000 491.000  10  21  663  723
 196  63.000 336.000  10  20  251  311
 197   6.000 296.000  10  10  305  365
 198 146.000 376.000  10   8  219  279
 199 233.000 204.000  10  20   49  109
 200 142.000 360.000   0  20 1517 1577
 201 177.000 156.000  10  25  152  212
 202 315.000 287.000  10  30  133  193
 203 263.000 153.000   0  12  397  457
 204 320.000 283.000  10  30   96  156
 205  95.000 235.000  10  10  155  215
 206  16.000 497.000  10  20  411  471
 207 485.000 104.000  10  21  779  839
 208 443.000 237.000  10  20  193  253
 209 335.000  46.000  10  18 1327 1387
 210 381.000 495.000  10  20  307  367
 211 364.000 173.000  10  30  165  225
 212 214.000 245.000  10   8   36   96
 213  92.000 234.000  10  10  220  280
 214 120.000  37.000  10  28  760  820
 215  87.000 285.000  10  30  226  286
 216 390.000 294.000  10  20  222  282
 217  24.000  68.000  10  20  399  459
 218 209.000 212.000   0  18 1513 1573
 219   6.000 292.000  10  10  247  307
 220  91.000 268.000  10  10  230  290
 221 103.000 177.000  10  28  611  671
 222 367.000 178.000  10  20  165  225
 223 443.000 246.000  10  20  215  275
 224 470.000 405.000   0  17  911  971
 225 149.000 458.000  10  13 1149 1209
 226 257.000  57.000  10  18 1211 1271
 227 272.000 403.000  10  30  175  235
 228 221.000 291.000  10   9   50  110
 229 253.000  50.000  10  27  211  271
 230 250.000 441.000  10   5  741  801
 231 480.000 152.000   0  26 1007 1067
 232 476.000  94.000  10  20  274  334
 233  85.000 288.000  10  20  169  229
 234 228.000 287.000  10  21   43  103
 235 488.000   3.000  10   3  386  446
 236 407.000  88.000  10  10  309  369
 237 459.000  14.000  10  20  315  375
 238 120.000  17.000  10  30  266  326
 239  17.000 458.000  10  10  418  478
 240 199.000 268.000  10  20   56  116
 241 138.000 438.000  10  20  272  332
 242 494.000 468.000  10  31  337  397
 243  35.000 303.000  10  20  221  281
 244 423.000 221.000  10   9  243  303
 245 395.000 295.000  10  20  196  256
 246 413.000 417.000  10  10  341  401
 247 339.000  60.000  10  20  209  269
 248 277.000 428.000  10   7  475  535
 249 265.000 240.000  10   9   18   78
 250 133.000  53.000  10  20  264  324
 251 385.000 295.000  10  20  142  202
 252 491.000 369.000   0  28  715  775
 253  21.000 487.000  10  10  335  395
 254 324.000  99.000  10  10  323  383
 255 440.000 284.000  10  25  837  897
 256  13.000 314.000  10  14  245  305
 257  72.000 227.000  10  25  549  609
 258 477.000 478.000  10  20  377  437
 259 226.000 191.000  10  20   78  138
 260  60.000   5.000  10  18 1029 1089
 261 134.000 211.000  10  35  122  182
 262 146.000 313.000  10  22 1180 1240
 263  21.000 146.000  10  21  472  532
 264 416.000 417.000  10  20  328  388
 265  44.000 311.000   0  27  392  452
 266 361.000 181.000  10  20  182  242
 267 444.000 242.000  10  10  201  261
 268 444.000 271.000  10  10  231  291
 269 359.000 179.000  10  20  147  207
 270 388.000 334.000  10  20  161  221
 271 425.000 215.000  10  10  214  274
 272 407.000  98.000  10  10  218  278
 273  95.000  64.000   0   4  751  811
 274 273.000  55.000  10  20  196  256
 275 122.000  35.000  10  10  250  310
 276 390.000 301.000  10  10  150  210
 277 300.000 108.000  10  10  150  210
 278 166.000 247.000  10   1   84  144
 279 140.000 431.000  10  30  211  271
 280 253.000 118.000  10  19  532  592
 281 359.000 246.000   0  18 1408 1468
 282 321.000 277.000  10  10   75  135
 283 168.000  59.000  10   6  351  411
 284 406.000 285.000  10  20  164  224
 285 391.000 334.000  10  20  166  226
 286 201.000 278.000  10  13   56  116
 287 245.000 408.000  10  10  189  249
 288 107.000 374.000  10   8  899  959
 289 477.000  97.000  10  10  273  333
 290 346.000  57.000  10  20  293  353
 291  14.000 459.000  10  20  321  381
 292 359.000 287.000  10  24  115  175
 293 282.000   1.000  10  18 1027 1087
 294 125.000  29.000  10  30  268  328
 295 262.000  92.000   0  25  615  675
 296 277.000  50.000  10  10  201  261
 297 481.000  84.000   0  17  491  551
 298  21.000  68.000  10  20  386  446
 299   1.000 293.000  10  10  253  313
 300 236.000 126.000  10  23  124  184
 301 406.000  99.000  10  20  217  277
 302 225.000 369.000  10  38  121  181
 303 412.000 453.000  10  10  282  342
 304 173.000 182.000   0  25  102  162
 305  53.000 440.000  10  10  308  368
 306  69.000 336.000  10  20  203  263
 307 359.000 182.000  10  20  194  254
 308  13.000 459.000  10  20  332  392
 309 484.000 177.000  10  20  245  305
 310  22.000 483.000  10  30  325  385
 311  95.000  92.000  10  20  238  298
 312 368.000 311.000   0  14  911  971
 313 497.000 266.000  10  25  733  793
 314 401.000 281.000  10  20  246  306
 315 231.000 203.000  10  20   52  112
 316  21.000 488.000  10  10  346  406
 317 122.000 422.000  10   3 1442 1502
 318  65.000 453.000  10  30  274  334
 319 466.000 149.000  10  16 1171 1231
 320  90.000 274.000  10  20  164  224
 321  35.000 306.000  10  20  222  282
 322 437.000  15.000  10  30  340  400
 323 307.000 412.000  10   8  389  449
 324  79.000 291.000  10  10  194  254
 325 170.000 347.000  10  15  421  481
 326 117.000 467.000  10  10  254  314
 327 405.000 450.000  10  20  253  313
 328 125.000  61.000  10  26  597  657
 329  11.000 403.000  10  18  328  388
 330 304.000 102.000  10  30  182  242
 331 478.000 121.000  10  40  304  364
 332 408.000  84.000  10  10  269  329
 333 376.000 494.000  10  30  274  334
 334  20.000  73.000  10  10  290  350
 335 365.000 274.000  10  14  117  177
 336 132.000  55.000  10  10  252  312
 337 281.000  96.000  10   1 1111 1171
 338 333.000 293.000  10  27  602  662
 339 207.000 400.000  10  20  176  236
 340 469.000 489.000  10   4  540  600
 341 244.000 254.000  10  20   85  145
 342 233.000 207.000  10  10   46  106
 343 141.000 426.000  10  23  516  576
 344 112.000 433.000  10  29  229  289
 345 320.000 211.000   0  16  978 1038
 346 400.000 103.000  10  10  241  301
 347 408.000 453.000  10  10  268  328
 348 435.000 180.000  10  37  210  270
 349 478.000 102.000  10  10  309  369
 350 335.000  57.000  10  30  210  270
 351 385.000 239.000  10  21  771  831
 352 208.000 396.000  10  20  161  221
 353 380.000 498.000  10  10  282  342
 354 389.000 334.000  10  20  162  222
 355 241.000 205.000  10  30  103  163
 356  59.000 457.000  10  30  319  379
 357 442.000 243.000  10  10  274  334
 358 445.000 237.000  10  10  195  255
 359 441.000 273.000  10  20  267  327
 360 234.000 202.000  10  10   65  125
 361 165.000  59.000  10  27  928  988
 362 461.000   8.000  10  20  354  414
 363  55.000 449.000  10  20  278  338
 364 224.000 192.000  10  10   63  123
 365 313.000 126.000  10  10  228  288
 366 283.000 438.000  10   3  216  276
 367 479.000 127.000  10  20  259  319
 368 303.000  78.000  10  12  179  239
 369 344.000  62.000  10  10  331  391
 370 415.000 216.000  10  10  168  228
 371 293.000 228.000  10  19   48  108
 372 435.000  20.000   0  20  366  426
 373 417.000 218.000  10  10  263  323
 374 340.000  54.000   0  10  223  283
 375 132.000  57.000  10  20  229  289
 376 399.000 104.000  10  10  275  335
 377  95.000 277.000  10  20  259  319
 378  53.000 466.000  10   9  320  380
 379 112.000 465.000  10  10  284  344
 380 313.000 391.000  10   5  154  214
 381  93.000 235.000  10  10  231  291
 382 125.000  32.000  10  30  251  311
 383  26.000 490.000  10  10  460  520
 384 342.000  54.000  10  20  235  295
 385 109.000 463.000  10  30  319  379
 386 201.000 188.000  10  10  124  184
 387 399.000 301.000  10  30  179  239
 388 140.000 108.000  10  29 1056 1116
 389 228.000 199.000  10  10  119  179
 390 231.000 195.000  10  20   94  154
 391 450.000 265.000  10  10  201  261
 392 315.000 121.000  10  10  188  248
 393 420.000 213.000  10  10  189  249
 394 320.000 280.000  10  10   76  136
 395 472.000 481.000  10  20  320  380
 396 422.000 420.000  10  20  248  308
 397 470.000 125.000  10  20  253  313
 398 409.000 155.000  10  19  185  245
 399 243.000 248.000  10  30    9   69
 400 488.000  96.000  10  22 1051 1111
 401 341.000  72.000  10   9  790  850
 402 480.000 136.000  10  22  256  316
 403  47.000 208.000  10  30  211  271
 404 324.000 127.000  10  30  143  203
 405  87.000  96.000  10  30  267  327
 406  96.000 346.000  10  26  181  241
 407 245.000 251.000  10  10    5   65
 408 436.000 295.000  10  11  513  573
 409 274.000 261.000   0  20 1692 1752
 410 275.000  45.000  10  20  210  270
 411 422.000 409.000  10  10  234  294
 412 409.000 255.000   0  23 1507 1567
 413  88.000 287.000  10  30  248  308
 414 379.000 196.000  10  20  179  239
 415 435.000  11.000  10  40  302  362
 416 269.000  46.000  10  20  254  314
 417   7.000 292.000  10  10  246  306
 418 478.000  99.000  10  10  296  356
 419 391.000  99.000  10  20  206  266
 420 132.000 477.000  10  25  312  372
 421  24.000  65.000  10  10  350  410
 422 130.000 247.000  10  17  120  180
 423 133.000 273.000  10  20  119  179
 424 132.000 479.000  10  11  257  317
 425 366.000 334.000  10   5  395  455
 426 125.000  39.000  10  20  245  305
 427 419.000 422.000  10  20  261  321
 428 460.000   2.000  10  20  338  398
 429 448.000 414.000  10  23 1208 1268
 430  46.000 163.000   0   8  911  971
 431  77.000 465.000  10  11  275  335
 432 141.000 428.000  10  20  208  268
 433 204.000 269.000  10  30   49  109
 434 470.000 417.000  10  11  722  782
 435 404.000 103.000  10  20  227  287
 436   5.000 281.000  10  16 1357 1417
 437 398.000  23.000  10  10  270  330
 438  90.000 296.000  10  20  166  226
 439 115.000 465.000  10  10  253  313
 440 286.000 356.000  10  30  111  171
 441  15.000  69.000  10  10  296  356
 442 267.000  44.000  10  20  241  301
 443 243.000 399.000  10  10  220  280
 444 433.000  15.000  10  20  297  357
 445  12.000 463.000  10  20  346  406
 446 182.000 480.000  10  31  350  410
 447 409.000  88.000  10  20  255  315
 448 213.000 185.000  10  21   74  134
 449 319.000 124.000  10  20  163  223
 450 141.000 431.000  10  30  211  271
 451 198.000 264.000  10  20  125  185
 452  69.000 334.000  10  30  199  259
 453 299.000  98.000  10  30  159  219
 454 240.000 250.000  10  10   22   82
 455 477.000 179.000  10  20  237  297
 456 213.000 397.000  10  10  202  262
 457 269.000 402.000  10  20  188  248
 458  53.000 204.000  10   8 1040 1100
 459  15.000  68.000  10  10  297  357
 460 250.000 328.000  10  24  234  294
 461  91.000 231.000  10  30  185  245
 462 479.000 176.000  10  20  240  300
 463 420.000 224.000  10  10  414  474
 464 461.000 182.000  10  13  614  674
 465 419.000 418.000  10  10  238  298
 466 389.000 300.000  10  10  147  207
 467 109.000  56.000  10  27  239  299
 468  13.000 465.000  10  31  759  819
 469  92.000 232.000  10  10  162  222
 470 394.000  47.000  10   5  298  358
 471  16.000 287.000  10  12  256  316
 472 143.000 158.000  10  12  141  201
 473  18.000 484.000  10  10  329  389
 474 365.000  28.000  10   9  253  313
 475 433.000 447.000  10  20  779  839
 476 130.000 494.000  10   6  744  804
 477  23.000  67.000  10  30  374  434
 478 374.000 489.000  10  20  269  329
 479 112.000 467.000  10  10  261  321
 480  61.000 214.000  10   4  327  387
 481 166.000 440.000  10  12  207  267
 482 210.000 276.000  10   5   47  107
 483  17.000 459.000   0  10  407  467
 484  66.000 448.000  10  10  270  330
 485 352.000 176.000  10  20  126  186
 486 490.000 286.000  10  29  507  567
 487 247.000 219.000  10  17   31   91
 488 398.000 329.000  10  17  167  227
 489 272.000 402.000  10  10  153  213
 490 317.000 123.000   0  20  175  235
 491  35.000 304.000  10  30  221  281
 492  52.000  18.000  10  28  842  902
 493 195.000 185.000  10  20   97  157
 494  76.000 462.000  10  18  941 1001
 495 124.000  56.000  10  20  231  291
 496 481.000 454.000   0  14  308  368
 497 477.000 483.000  10  20  351  411
 498 481.000 124.000  10  10  268  328
 499 371.000 200.000  10  10  209  269
 500 153.000 235.000  10  10   98  158
 501 206.000 186.000   0  10  173  233
 502 468.000 475.000   0  10  313  373
 503 477.000 122.000  10  10  315  375
 504  12.000 451.000  10  20  311  371
 505 197.000 270.000  10  30   81  141
 506 311.000 422.000  10  29  973 1033
 507 489.000  17.000  10  10  365  425
 508 440.000 247.000  10  20  238  298
 509 388.000 325.000  10  10  248  308
 510   5.000 445.000  10  30  313  373
 511 480.000 131.000  10   5  673  733
 512 437.000  98.000  10  16 1099 1159
 513  49.000 437.000  10   7  412  472
 514 318.000 280.000  10  20   82  142
 515 154.000 392.000  10   9  171  231
 516  67.000 452.000  10  30  272  332
 517  34.000 239.000  10  16  216  276
 518 343.000 276.000  10  15   96  156
 519 393.000  12.000  10  10  294  354
 520 236.000 247.000  10  20   37   97
 521 340.000 291.000  10  22  455  515
 522 485.000  24.000  10  20  326  386
 523 341.000  58.000  10  10  212  272
 524 440.000 436.000  10 -18  877  937
 525 220.000 392.000  10 -10  243  303
 526 475.000 477.000  10 -10  390  450
 527 352.000 487.000  10 -27  887  947
 528 238.000 123.000  10 -40  766  826
 529  92.000 259.000  10 -23  384  444
 530  89.000 185.000  10 -33  585  645
 531 103.000 464.000  10 -10 1258 1318
 532  92.000 270.000  10 -10  242  302
 533 481.000  96.000  10  -5  282  342
 534 330.000 138.000  10 -20 1095 1155
 535 295.000  89.000  10 -10  727  787
 536 299.000 285.000  10 -14 1239 1299
 537 444.000 269.000  10 -40  219  279
 538  30.000  72.000  10 -17  417  477
 539  66.000  88.000  10 -24  815  875
 540 441.000 177.000  10 -14  986 1046
 541   0.000 297.000  10 -10  278  338
 542 337.000  41.000  10 -20  987 1047
 543 131.000  56.000  10 -10  241  301
 544  24.000 259.000  10 -16  355  415
 545 111.000 192.000  10 -23 1184 1244
 546 365.000  74.000  10 -20  833  893
 547 360.000 184.000  10 -30  206  266
 548 264.000 180.000  10 -28 1666 1726
 549 368.000 452.000  10 -20  655  715
 550 389.000  17.000  10 -20  351  411
 551  66.000 336.000  10 -10  238  298
 552 105.000 474.000  10 -27  456  516
 553   0.000 356.000  10 -10 1071 1131
 554 390.000 325.000  10 -20  236  296
 555 216.000 341.000  10 -10  639  699
 556 400.000 288.000  10 -30  154  214
 557 347.000 459.000  10 -20  464  524
 558  32.000 319.000  10 -10  386  446
 559  39.000 162.000  10 -11  550  610
 560 435.000 267.000  10 -10  308  368
 561 340.000 416.000  10 -10  306  366
 562 387.000 488.000  10 -20  347  407
 563 330.000 147.000  10 -33  833  893
 564 370.000 382.000  10 -26  869  929
 565 224.000 320.000  10  -8 1269 1329
 566 331.000 356.000  10 -30  697  757
 567  56.000 268.000  10 -10 1049 1109
 568  30.000   7.000  10  -3 1174 1234
 569 206.000 261.000  10 -20  167  227
 570  44.000 440.000  10 -10  774  834
 571 351.000 128.000  10 -24 1238 1298
 572 406.000 460.000  10 -18  704  764
 573 398.000 325.000  10 -20  218  278
 574 287.000 397.000  10 -10  549  609
 575 491.000  20.000  10 -10  379  439
 576 421.000 218.000  10 -19  239  299
 577   7.000 194.000  10 -20  936  996
 578 452.000 110.000  10 -30  325  385
 579 434.000 245.000  10 -20  327  387
 580 217.000 207.000  10 -20 1367 1427
 581 178.000  72.000  10 -23  742  802
 582 195.000 273.000  10 -10   59  119
 583  13.000 214.000  10 -26 1339 1399
 584 251.000  63.000  10 -13  972 1032
 585 436.000  25.000  10 -11 1267 1327
 586 453.000 318.000  10 -13  359  419
 587 314.000 205.000  10 -20 1512 1572
 588  88.000  95.000  10 -20  255  315
 589  52.000 303.000  10 -22  426  486
 590 294.000 421.000  10 -26 1560 1620
 591 376.000 195.000  10 -20  166  226
 592 102.000 422.000  10 -18  226  286
 593 330.000 281.000  10 -10 1315 1375
 594 154.000 374.000  10 -17  922  982
 595 267.000 394.000  10 -10  244  304
 596 104.000 349.000  10 -30  994 1054
 597 404.000 140.000  10 -10 1244 1304
 598 384.000 149.000  10 -31 1182 1242
 599  64.000 294.000  10 -20 1086 1146
 600  89.000 272.000  10 -10  177  237
 601 371.000 192.000  10 -30  134  194
 602 440.000   7.000  10 -20  308  368
 603 488.000  26.000  10 -10  418  478
 604 292.000  32.000  10 -10  222  282
 605 479.000 169.000  10 -20  294  354
 606 406.000  87.000  10 -10  298  358
 607 214.000 274.000  10 -23 1354 1414
 608  25.000  65.000  10  -2  361  421
 609 376.000  92.000  10 -10  976 1036
 610 115.000 395.000  10 -20  800  860
 611 489.000 437.000  10 -25  692  752
 612 399.000 106.000  10 -30  287  347
 613 371.000 315.000  10 -13 1151 1211
 614 195.000 464.000  10  -1 1526 1586
 615 491.000  25.000  10 -20  394  454
 616 487.000 320.000  10 -10  843  903
 617 231.000  29.000  10 -14 1211 1271
 618 435.000 268.000  10 -10  297  357
 619 149.000 214.000  10  -7  467  527
 620 450.000 416.000  10 -15  562  622
 621 297.000 283.000  10  -8 1334 1394
 622  18.000  63.000  10 -20  324  384
 623 186.000 135.000  10 -20  703  763
 624 418.000 251.000  10 -24 1182 1242
 625 235.000  33.000  10 -10 1322 1382
 626 468.000 352.000  10 -20  753  813
 627 413.000 421.000  10 -20  288  348
 628 132.000  32.000  10 -20  769  829
 629 286.000 244.000  10 -31 1269 1329
 630 374.000 306.000  10 -20  979 1039
 631 438.000 127.000  10 -10  926  986
 632 146.000 439.000  10 -20  244  304
 633 330.000 308.000  10 -24 1155 1215
 634 248.000 404.000  10 -40  154  214
 635 189.000 402.000  10 -21  521  581
 636 245.000 461.000  10 -30  634  694
 637 200.000 265.000  10 -10  137  197
 638 364.000  71.000  10 -20 1333 1393
 639 199.000 187.000  10 -32  112  172
 640 397.000  20.000  10 -10  272  332
 641 215.000 395.000  10 -10  227  287
 642 390.000 120.000  10 -10  989 1049
 643  66.000  31.000  10 -15 1033 1093
 644  96.000 270.000  10 -26  155  215
 645 482.000 184.000  10 -10 1092 1152
 646 350.000 199.000  10 -21 1186 1246
 647 204.000 187.000  10 -20  160  220
 648 429.000 169.000  10  -2  888  948
 649  86.000 268.000  10 -10  202  262
 650 408.000 452.000  10 -20  257  317
 651  92.000  76.000  10 -21 1124 1184
 652 238.000 204.000  10 -10   90  150
 653 429.000 389.000  10 -40  409  469
 654 323.000 118.000  10 -20  150  210
 655 472.000  57.000  10 -20 1280 1340
 656 307.000 249.000  10 -10 1362 1422
 657 226.000 175.000  10 -21 1673 1733
 658 329.000 456.000  10 -34  234  294
 659 231.000 204.000  10 -20  135  195
 660 355.000 177.000  10 -20  127  187
 661 390.000  34.000  10 -20 1045 1105
 662 452.000 172.000  10 -25  593  653
 663 196.000 489.000  10 -16 1015 1075
 664 210.000 379.000  10 -18  694  754
 665 393.000  20.000  10 -10  376  436
 666 390.000 249.000  10 -14  567  627
 667 483.000  27.000  10 -20  443  503
 668 412.000 478.000  10  -7  945 1005
 669  58.000  39.000  10 -24 1148 1208
 670 418.000 399.000  10 -10  423  483
 671 452.000 206.000  10 -30  477  537
 672 458.000 213.000  10  -8 1113 1173
 673 413.000 217.000  10 -10  166  226
 674 451.000 305.000  10 -25  208  268
 675 436.000 241.000  10 -10  312  372
 676  91.000 266.000  10 -20  218  278
 677  44.000 115.000  10 -18  246  306
 678 212.000 186.000  10 -10 1677 1737
 679  44.000 344.000  10 -10 1064 1124
 680  58.000 458.000  10 -10  308  368
 681 133.000  26.000  10 -10  297  357
 682 284.000 319.000  10 -20  802  862
 683 199.000 203.000  10 -20 1442 1502
 684 394.000 333.000  10 -20  179  239
 685 331.000 134.000  10 -30 1109 1169
 686  68.000 160.000  10 -14 1121 1181
 687 481.000  20.000  10 -10  332  392
 688 418.000 221.000  10 -10  276  336
 689 239.000 486.000  10 -12 1467 1527
 690 305.000 107.000  10 -10  210  270
 691 250.000 411.000  10 -20  173  233
 692  67.000 334.000  10 -20  216  276
 693  63.000 444.000  10 -20  365  425
 694 323.000  29.000  10 -20 1122 1182
 695 437.000  19.000  10 -20  999 1059
 696  58.000 391.000  10 -16  867  927
 697 421.000 387.000  10 -20  786  846
 698  94.000  97.000  10 -20  218  278
 699  87.000   3.000  10 -20 1418 1478
 700 188.000 151.000  10 -20 1282 1342
 701  64.000 437.000  10  -4  903  963
 702 198.000 271.000  10 -20   69  129
 703 489.000 274.000  10 -10  519  579
 704 272.000 420.000  10 -10 1371 1431
 705 270.000 401.000  10 -10  152  212
 706  90.000 232.000  10 -10  197  257
 707 133.000 455.000  10 -25  793  853
 708 358.000 183.000  10 -30  219  279
 709 243.000 408.000  10 -20 1419 1479
 710 423.000 214.000  10 -33  202  262
 711 435.000  16.000  10 -20  352  412
 712 483.000  22.000  10 -30  325  385
 713  71.000 282.000  10 -20  627  687
 714 267.000 400.000  10 -15  217  277
 715  57.000  43.000  10 -16 1008 1068
 716 439.000 266.000  10 -20  189  249
 717  18.000 462.000  10 -20  383  443
 718 318.000 497.000  10 -21  839  899
 719 149.000 341.000  10 -20  389  449
 720  37.000 281.000  10 -10  478  538
 721 135.000 400.000  10  -8  284  344
 722 271.000 128.000  10 -20  331  391
 723 142.000 360.000  10 -20 1517 1577
 724 188.000 119.000  10 -25  960 1020
 725 313.000 282.000  10 -30  148  208
 726 263.000 153.000  10 -12  397  457
 727 360.000 284.000  10 -30  652  712
 728   8.000 300.000  10 -10  341  401
 729   8.000 497.000  10 -20  393  453
 730 482.000 104.000  10 -21  792  852
 731 442.000 247.000  10 -20  226  286
 732 323.000  77.000  10 -18 1390 1450
 733 380.000 489.000  10 -20  364  424
 734 397.000 153.000  10 -30  867  927
 735 131.000 246.000  10  -8  817  877
 736  91.000 235.000  10 -10  254  314
 737 100.000  66.000  10 -28 1385 1445
 738  88.000 286.000  10 -30  237  297
 739 471.000 368.000  10 -20  413  473
 740   1.000 101.000  10 -20 1242 1302
 741 209.000 212.000  10 -18 1513 1573
 742   3.000 292.000  10 -10  250  310
 743 157.000 269.000  10 -10 1561 1621
 744 105.000 181.000  10 -28 1516 1576
 745 493.000 111.000  10 -20  526  586
 746 478.000 300.000  10 -20  875  935
 747 470.000 405.000  10 -17  911  971
 748 167.000 445.000  10 -13 1397 1457
 749 253.000  74.000  10 -18 1335 1395
 750 411.000 379.000  10 -30 1178 1238
 751 255.000 487.000  10  -9  383  443
 752 275.000  42.000  10 -27  223  283
 753 230.000 487.000  10  -5 1115 1175
 754 480.000 152.000  10 -26 1007 1067
 755 476.000  61.000  10 -20  434  494
 756  80.000 286.000  10 -20  209  269
 757 203.000 390.000  10 -21  147  207
 758 485.000  27.000  10  -3  431  491
 759 391.000 112.000  10 -10  985 1045
 760 460.000  13.000  10 -20  316  376
 761 129.000  27.000  10 -30  283  343
 762  69.000 414.000  10 -10 1248 1308
 763 225.000 269.000  10 -20 1256 1316
 764 218.000 403.000  10 -20 1304 1364
 765 475.000 480.000  10 -31  364  424
 766  97.000 288.000  10 -20 1269 1329
 767 291.000 213.000  10  -9 1243 1303
 768 479.000 387.000  10 -20  382  442
 769 414.000 378.000  10 -10  480  540
 770 346.000  60.000  10 -20  306  366
 771 235.000 316.000  10  -7  641  701
 772 357.000 181.000  10  -9  134  194
 773 179.000  75.000  10 -20  725  785
 774 402.000 284.000  10 -20  155  215
 775 491.000 369.000  10 -28  715  775
 776   0.000 422.000  10 -10  806  866
 777 352.000  63.000  10 -10 1163 1223
 778 440.000 292.000  10 -25  925  985
 779  13.000 394.000  10 -14  358  418
 780  60.000 231.000  10 -25 1011 1071
 781 473.000 475.000  10 -20  402  462
 782 187.000  73.000  10 -20  277  337
 783 102.000   6.000  10 -18 1443 1503
 784  43.000 135.000  10 -35  236  296
 785 215.000 282.000  10 -22 1425 1485
 786 203.000 211.000  10 -21 1291 1351
 787 417.000 417.000  10 -20  317  377
 788  44.000 311.000  10 -27  392  452
 789 389.000 156.000  10 -20  701  761
 790 441.000 244.000  10 -10  262  322
 791 443.000 272.000  10 -10  255  315
 792 297.000 131.000  10 -20 1150 1210
 793 413.000 391.000  10 -20  215  275
 794 432.000 199.000  10 -10  624  684
 795 411.000  95.000  10 -10  228  288
 796  95.000  64.000  10  -4  751  811
 797 307.000  52.000  10 -20  905  965
 798 151.000  81.000  10 -10 1543 1603
 799 393.000 301.000  10 -10  163  223
 800 304.000  97.000  10 -10  167  227
 801  31.000 175.000  10  -1  232  292
 802 147.000 435.000  10 -30  230  290
 803 241.000 180.000  10 -19 1680 1740
 804 359.000 246.000  10 -18 1408 1468
 805 321.000 280.000  10 -10   77  137
 806 224.000  56.000  10  -6 1171 1231
 807 377.000 385.000  10 -20  851  911
 808 425.000 448.000  10 -20  779  839
 809  13.000 455.000  10 -13  313  373
 810 241.000 403.000  10 -10  205  265
 811  84.000 377.000  10  -8  911  971
 812 365.000 190.000  10 -10 1462 1522
 813 347.000  62.000  10 -20  318  378
 814  16.000 463.000  10 -20  360  420
 815 402.000 281.000  10 -24  235  295
 816 240.000  34.000  10 -18 1535 1595
 817 142.000  14.000  10 -30  820  880
 818 262.000  92.000  10 -25  615  675
 819 341.000  59.000  10 -10  775  835
 820 481.000  84.000  10 -17  491  551
 821   6.000  53.000  10 -20  572  632
 822   0.000 293.000  10 -10  264  324
 823 239.000  15.000  10 -23  589  649
 824 459.000  53.000  10 -20 1107 1167
 825 210.000 391.000  10 -38  146  206
 826 379.000 486.000  10 -10  657  717
 827 173.000 182.000  10 -25  102  162
 828 111.000 392.000  10 -10 1154 1214
 829  62.000 326.000  10 -20  271  331
 830 303.000 186.000  10 -20 1339 1399
 831  16.000 460.000  10 -20  396  456
 832 498.000 171.000  10 -20 1241 1301
 833  20.000 488.000  10 -30  357  417
 834  93.000  96.000  10 -20  219  279
 835 368.000 311.000  10 -14  911  971
 836 475.000 267.000  10 -25  765  825
 837 405.000 276.000  10 -20  219  279
 838 204.000 185.000  10 -20  148  208
 839  12.000 358.000  10 -10 1209 1269
 840 175.000 352.000  10  -3 1625 1685
 841  59.000 459.000  10 -30  296  356
 842 405.000 187.000  10 -16 1236 1296
 843  89.000 270.000  10 -20  189  249
 844  40.000 304.000  10 -20 1130 1190
 845 351.000   5.000  10 -30  481  541
 846 257.000 391.000  10  -8 1610 1670
 847  30.000 301.000  10 -10  263  323
 848 172.000 314.000  10 -15  530  590
 849 111.000 467.000  10 -10  272  332
 850 399.000 450.000  10 -20  344  404
 851 195.000 111.000  10 -26  983 1043
 852   7.000 382.000  10 -18  755  815
 853 269.000 112.000  10 -30 1248 1308
 854 478.000 118.000  10 -40  339  399
 855 404.000  83.000  10 -10  283  343
 856 381.000 494.000  10 -30  318  378
 857  56.000  75.000  10 -10 1423 1483
 858 387.000 297.000  10 -14  144  204
 859 136.000  52.000  10 -10  278  338
 860 267.000 162.000  10  -1 1434 1494
 861 366.000 288.000  10 -27  669  729
 862 244.000 277.000  10 -20 1286 1346
 863 449.000 428.000  10  -4 1232 1292
 864 246.000 255.000  10 -20   98  158
 865 225.000 196.000  10 -10   59  119
 866 162.000 388.000  10 -23 1111 1171
 867 134.000 428.000  10 -29  293  353
 868 320.000 211.000  10 -16  978 1038
 869 374.000 116.000  10 -10  572  632
 870 398.000 476.000  10 -10  403  463
 871 447.000 184.000  10 -37  409  469
 872 476.000 102.000  10 -10  321  381
 873 343.000  47.000  10 -30  262  322
 874 352.000 241.000  10 -21  777  837
 875 226.000 423.000  10 -20  182  242
 876 382.000 498.000  10 -10  294  354
 877 421.000 415.000  10 -20  237  297
 878 238.000 210.000  10 -30  119  179
 879  67.000 451.000  10 -30 1201 1261
 880 440.000 244.000  10 -10  251  311
 881 360.000 294.000  10 -10 1403 1463
 882 370.000 262.000  10 -20 1084 1144
 883 233.000  87.000  10 -10  238  298
 884 200.000  78.000  10 -27  978 1038
 885 492.000  34.000  10 -20  796  856
 886  49.000 451.000  10 -20  284  344
 887 202.000 186.000  10 -10  136  196
 888 273.000 149.000  10 -10 1488 1548
 889 328.000 458.000  10  -3  753  813
 890 481.000 122.000  10 -20  280  340
 891 386.000  13.000  10 -12  322  382
 892 343.000  62.000  10 -10  342  402
 893 423.000 217.000  10 -10  227  287
 894 386.000 245.000  10 -19  464  524
 895 435.000  20.000  10 -20  366  426
 896 418.000 218.000  10 -10  252  312
 897 340.000  54.000  10 -10  223  283
 898 144.000  35.000  10 -20  239  299
 899 399.000 175.000  10 -10  732  792
 900 159.000 299.000  10 -20 1001 1061
 901  44.000 496.000  10  -9  387  447
 902 111.000 463.000  10 -10  307  367
 903 332.000 459.000  10  -5  354  414
 904  92.000 236.000  10 -10  243  303
 905 126.000  30.000  10 -30  257  317
 906  25.000 499.000  10 -10  430  490
 907 371.000  71.000  10 -20  272  332
 908 185.000 434.000  10 -30  559  619
 909 130.000  57.000  10 -10  227  287
 910 421.000 386.000  10 -30  809  869
 911 149.000  98.000  10 -29 1150 1210
 912 210.000  29.000  10 -10 1036 1096
 913 209.000  68.000  10 -20 1553 1613
 914 445.000 273.000  10 -10  243  303
 915 313.000 119.000  10 -10  201  261
 916 428.000 202.000  10 -10  889  949
 917 316.000 284.000  10 -10  110  170
 918 471.000 484.000  10 -20  325  385
 919 493.000 493.000  10 -20  841  901
 920 347.000 192.000  10 -20 1473 1533
 921 467.000 114.000  10 -19  361  421
 922 237.000 213.000  10 -30  132  192
 923 295.000 247.000  10 -22 1288 1348
 924 344.000  70.000  10  -9 1131 1191
 925 480.000 119.000  10 -22  613  673
 926  18.000 225.000  10 -30  676  736
 927 399.000 102.000  10 -30  252  312
 928 128.000 113.000  10 -30  348  408
 929  58.000 449.000  10 -26  348  408
 930 228.000 260.000  10 -10 1591 1651
 931 408.000 318.000  10 -11  628  688
 932 274.000 261.000  10 -20 1692 1752
 933 306.000  42.000  10 -20  462  522
 934 405.000 454.000  10 -10 1288 1348
 935 409.000 255.000  10 -23 1507 1567
 936 120.000 261.000  10 -30  778  838
 937 415.000 223.000  10 -20  290  350
 938 432.000   2.000  10 -40  452  512
 939 268.000  52.000  10 -20  291  351
 940   2.000 295.000  10 -10  291  351
 941 471.000  94.000  10 -10  984 1044
 942 401.000 164.000  10 -20  606  666
 943 163.000 472.000  10 -25  638  698
 944  21.000  70.000  10 -10  756  816
 945  19.000 273.000  10 -17 1002 1062
 946 118.000 314.000  10 -20  323  383
 947 116.000 466.000  10 -11  254  314
 948 330.000 371.000  10  -5  544  604
 949 157.000  38.000  10 -20 1033 1093
 950 416.000 420.000  10 -20  275  335
 951 489.000  27.000  10 -20  406  466
 952 498.000 456.000  10 -23 1391 1451
 953  46.000 163.000  10  -8  911  971
 954 111.000 459.000  10 -11  344  404
 955 144.000 439.000  10 -20  256  316
 956 179.000 286.000  10 -30  326  386
 957 434.000 359.000  10 -11 1377 1437
 958 432.000  66.000  10 -20 1056 1116
 959  33.000 278.000  10 -16 1472 1532
 960 397.000  18.000  10 -10  277  337
 961  83.000 300.000  10 -20  485  545
 962  90.000 477.000  10 -10  277  337
 963 377.000 432.000  10 -30  816  876
 964  16.000  68.000  10 -10  299  359
 965 269.000  48.000  10 -20  266  326
 966 263.000 418.000  10 -10  263  323
 967 459.000  17.000  10 -20  396  456
 968  16.000 462.000  10 -20  371  431
 969 313.000 493.000  10 -31 1178 1238
 970 325.000 147.000  10 -20 1172 1232
 971  92.000  18.000  10 -21 1109 1169
 972 347.000  54.000  10 -20  280  340
 973 260.000 472.000  10 -30 1021 1081
 974 246.000 314.000  10 -20 1430 1490
 975  67.000 335.000  10 -30  227  287
 976 307.000 102.000  10 -30  195  255
 977 197.000 267.000  10 -10   94  154
 978 476.000 174.000  10 -20  309  369
 979 244.000 368.000  10 -10  399  459
 980 268.000 400.000  10 -20  228  288
 981  30.000 155.000  10  -8 1265 1325
 982  26.000  67.000  10 -10 1302 1362
 983 348.000 348.000  10 -24  920  980
 984  92.000 233.000  10 -30  209  269
 985 484.000 171.000  10 -20  278  338
 986 463.000 253.000  10 -10 1032 1092
 987 306.000 229.000  10 -13 1305 1365
 988 470.000 475.000  10 -10  314  374
 989 489.000 338.000  10 -10 1382 1442
 990  60.000  29.000  10 -27 1348 1408
 991  28.000 467.000  10 -31 1328 1388
 992 146.000 188.000  10 -10 1220 1280
 993 397.000  57.000  10  -5 1461 1521
 994  33.000 286.000  10 -12 1531 1591
 995 140.000 137.000  10 -12  555  615
 996  21.000 485.000  10 -10  328  388
 997 385.000  17.000  10  -9  794  854
 998 394.000 322.000  10 -20 1010 1070
 999 175.000 422.000  10  -6 1431 1491
1000  18.000  24.000  10 -30  613  673
1001 378.000 493.000  10 -20  274  334
1002 111.000 464.000  10 -10  296  356
1003  57.000 183.000  10  -4 1085 1145
1004 336.000 493.000  10 -12 1478 1538
1005  95.000 382.000  10  -5  216  276
1006  17.000 459.000  10 -10  407  467
1007  62.000 453.000  10 -10  280  340
1008 272.000 234.000  10 -20 1575 1635
1009 499.000 316.000  10 -29  607  667
1010 270.000  49.000  10 -17  277  337
1011 380.000 350.000  10 -17  851  911
1012 420.000 383.000  10 -10  967 1027
1013 317.000 123.000  10 -20  175  235
1014  51.000 286.000  10 -30 1444 1504
1015  64.000   5.000  10 -28 1114 1174
1016 148.000 208.000  10 -20  511  571
1017  84.000 453.000  10 -18 1208 1268
1018  79.000  80.000  10 -20 1367 1427
1019 481.000 454.000  10 -14  308  368
1020 470.000 473.000  10 -20  416  476
1021 479.000 121.000  10 -10  293  353
1022 378.000 199.000  10 -10  192  252
1023  92.000 230.000  10 -10  174  234
1024 206.000 186.000  10 -10  173  233
1025 468.000 475.000  10 -10  313  373
1026 308.000 199.000  10 -10 1493 1553
1027  24.000 492.000  10 -20  447  507
1028  90.000 285.000  10 -30  261  321
1029 241.000 402.000  10 -29 1010 1070
1030 441.000  60.000  10 -10 1444 1504
1031 495.000 227.000  10 -20  329  389
1032 381.000 328.000  10 -10  702  762
1033  27.000 464.000  10 -30 1276 1336
1034 482.000 141.000  10  -5  996 1056
1035 415.000  95.000  10 -16 1162 1222
1036  59.000 388.000  10  -7  648  708
1037 316.000 286.000  10 -20  122  182
1038 176.000 470.000  10  -9  532  592
1039  51.000 447.000  10 -30  280  340
1040   7.000 300.000  10 -16  330  390
1041 408.000 279.000  10 -15  205  265
1042 384.000  16.000  10 -10  336  396
1043 176.000 199.000  10 -20   89  149
1044 322.000 290.000  10 -22 1464 1524
1045 429.000  67.000  10 -20  717  777
1046 335.000  99.000  10 -10 1203 1263
1047 250.000 250.000   0   0    0 1821
