527 527 1000 200 1000
   0 250.000 250.000   0   0    0 1821
   1 214.000 394.000  10  10  231  261
   2 352.000 487.000  10  27  902  932
   3 175.000 239.000  10  23   75  105
   4  25.000 499.000   0  10  445  475
   5 226.000 423.000  10  15  197  227
   6 313.000 282.000  10  20  163  193
   7  60.000 454.000  10  10  347  377
   8 102.000 264.000  10  10  148  178
   9 451.000  62.000  10   5  282  312
  10 203.000 390.000  10  40  159  189
  11 307.000 108.000  10  10  237  267
  12 347.000  54.000   0  10  295  325
  13 371.000 332.000  10  14  530  560
  14 116.000 466.000  10  20  254  284
  15 441.000 265.000  10  40  197  227
  16 130.000 140.000   0  17  194  224
  17  80.000 117.000  10  24  824  854
  18 391.000 202.000  10  14  148  178
  19  80.000 290.000  10  10  197  227
  20 439.000  15.000  10  20  343  373
  21  69.000 414.000  10   6 1263 1293
  22  41.000 232.000  10  16  209  239
  23  86.000 199.000  10  23  278  308
  24 314.000 124.000  10  20  231  261
  25 417.000 417.000  10  10  332  362
  26 389.000  11.000  10  20  323  353
  27 450.000 416.000  10  25  577  607
  28  71.000 333.000  10  10  197  227
  29  92.000 259.000  10   4  399  429
  30 200.000 261.000  10  10  166  196
  31 400.000 288.000  10  30  154  184
  32 378.000 199.000  10  10  207  237
  33 404.000 447.000  10  20  250  280
  34 358.000 183.000  10  20  234  264
  35  30.000 302.000  10  10  267  297
  36 176.000 470.000  10  14  547  577
  37  96.000 270.000  10  20  162  192
  38 407.000 280.000  10  10  209  239
  39 277.000 403.000  10  10  175  205
  40 334.000 403.000  10  26  174  204
  41  92.000  18.000  10   8 1124 1154
  42 273.000 300.000  10  30   55   85
  43 371.000  71.000  10  21  287  317
  44 237.000 254.000  10  20   83  113
  45  54.000 445.000  10  10  308  338
  46 438.000 488.000  10  18  327  357
  47 395.000 331.000  10  20  217  247
  48 249.000 407.000  10  10  174  204
  49 488.000  26.000  10  30  433  463
  50   0.000 422.000  10   8  821  851
  51 429.000  67.000  10  16  732  762
  52 356.000 256.000  10  19  106  136
  53  94.000 235.000   0  20  156  186
  54 474.000  96.000  10  30  271  301
  55   7.000 382.000  10  27  770  800
  56 439.000 243.000  10  20  314  344
  57 210.000 185.000  10  20   76  106
  58 150.000  68.000  10  23  423  453
  59 201.000 270.000  10  10   52   82
  60 325.000  56.000  10  13  796  826
  61 418.000  75.000  10  11  448  478
  62 460.000 328.000  10  13  224  254
  63 374.000 190.000  10  20  143  173
  64 463.000 253.000  10  23 1047 1077
  65  97.000  93.000  10  20  240  270
  66  84.000 453.000  10  19 1223 1253
  67 343.000  62.000  10  10  357  387
  68 371.000 193.000  10  20  133  163
  69 395.000 332.000  10  10  206  236
  70  93.000 413.000  10  17  226  256
  71 267.000 394.000  10  10  259  289
  72 472.000 129.000  10  10  252  282
  73  87.000   3.000   0  13 1433 1463
  74 241.000 402.000  10  11 1025 1055
  75  62.000 453.000  10  10  295  325
  76 386.000 154.000   0  31 1101 1131
  77  38.000 301.000  10  20  296  326
  78 371.000 192.000  10  30  134  164
  79  64.000 294.000  10  12 1101 1131
  80 381.000 494.000  10  10  333  363
  81 459.000  10.000  10  10  335  365
  82 274.000  48.000  10  10  211  241
  83 398.000  97.000  10  10  212  242
  84  71.000  12.000  10   2  297  327
  85 343.000  49.000  10  10  265  295
  86 248.000 251.000   0  20    2   32
  87   7.000 194.000  10  29  951  981
  88 410.000 399.000  10  25  234  264
  89 398.000 103.000  10  30  278  308
  90 464.000  13.000   0  20  385  415
  91  27.000 464.000  10  21 1291 1321
  92 187.000  73.000  10  18  292  322
  93  60.000 231.000  10  32 1026 1056
  94 481.000  20.000  10  20  347  377
  95 111.000 459.000   0  20  359  389
  96 389.000  17.000  10  10  366  396
  97 390.000 325.000  10  30  251  281
  98 346.000 354.000  10   8  817  847
  99  91.000 266.000  10  10  233  263
 100 224.000 203.000  10  20   53   83
 101 265.000   0.000  10  10  896  926
 102 391.000 293.000  10  20  226  256
 103 411.000 421.000  10  20  315  345
 104 436.000 237.000  10  20  186  216
 105 402.000 284.000  10  30  165  195
 106 287.000 397.000  10  12  564  594
 107 477.000 120.000  10  10  342  372
 108 145.000 434.000  10  20  233  263
 109  33.000 286.000   0  11 1546 1576
 110 370.000 262.000  10  15 1099 1129
 111 330.000 308.000  10  24 1170 1200
 112 246.000 398.000  10  40  148  178
 113 451.000 305.000  10  13  208  238
 114 226.000 316.000  10  21   70  100
 115 244.000 250.000  10  10   12   42
 116 458.000  16.000  10  20  313  343
 117 423.000 214.000  10  20  217  247
 118 219.000 215.000  10  32   46   76
 119 326.000 118.000  10  10  152  182
 120 210.000 398.000  10  10  204  234
 121 403.000  93.000  10  10  341  371
 122 248.000 404.000  10  30  154  184
 123 460.000  13.000  10  20  322  352
 124 211.000 248.000  10  26   39   69
 125 455.000 168.000  10  21  867  897
 126 118.000 314.000  10  26  338  368
 127 234.000 246.000  10  10   65   95
 128 406.000 450.000  10  20  259  289
 129 329.000 456.000  10  19  249  279
 130 149.000 341.000  10   6  404  434
 131 238.000 203.000  10  10   94  124
 132 405.000 455.000  10  40  341  371
 133 323.000 118.000  10  20  161  191
 134 330.000 371.000   0   1  559  589
 135 406.000  96.000  10  20  219  249
 136  49.000 451.000  10  20  284  314
 137 236.000 213.000  10  20   39   69
 138 355.000 177.000  10  20  127  157
 139 306.000 235.000  10  25   57   87
 140  90.000 477.000  10  18  277  307
 141 213.000 399.000  10  18  234  264
 142 391.000  18.000  10  10  378  408
 143 344.000 203.000  10  14  167  197
 144 225.000 196.000  10  10   59   89
 145  94.000  40.000  10  24 1068 1098
 146 297.000 283.000   0  28 1349 1379
 147 371.000 423.000  10  10  211  241
 148 417.000 217.000  10  30  189  219
 149 412.000 214.000  10  10  165  195
 150 442.000 289.000  10  25  195  225
 151 100.000 266.000  10  20  150  180
 152 111.000 178.000  10  18  156  186
 153  91.000 101.000  10  10  298  328
 154  25.000 307.000  10  10  249  279
 155 135.000 400.000  10  20  299  329
 156 211.000 386.000  10  20  141  171
 157  94.000  97.000  10  20  218  248
 158 208.000 184.000  10  20   78  108
 159 394.000 333.000  10  20  194  224
 160  21.000 485.000  10  30  338  368
 161 406.000  94.000  10  10  228  258
 162 274.000 441.000  10  12  695  725
 163 304.000  97.000  10  20  182  212
 164 297.000 102.000  10  10  155  185
 165 250.000 405.000  10  20  162  192
 166 480.000 119.000  10   7  628  658
 167  73.000 328.000  10  20  193  223
 168  50.000 438.000  10  20  337  367
 169 441.000   7.000  10  20  392  422
 170  58.000 391.000  10  16  882  912
 171 410.000 285.000  10  20  193  223
 172  96.000  97.000  10  20  217  247
 173  21.000  64.000  10  20  352  382
 174 238.000 210.000  10  30  134  164
 175 357.000 181.000  10  20  149  179
 176 400.000 286.000  10  10  154  184
 177 351.000 481.000  10  10  322  352
 178 270.000 400.000  10  10  151  181
 179 128.000 113.000  10  22  363  393
 180 133.000 455.000  10  25  808  838
 181 376.000 190.000  10  30  155  185
 182 481.000 122.000  10  30  295  325
 183 374.000 232.000  10  33  125  155
 184 398.000  20.000  10  20  273  303
 185 481.000  26.000  10  30  321  351
 186  89.000 290.000  10  20  168  198
 187 262.000 369.000  10  15  129  159
 188  89.000  65.000  10  16  720  750
 189 144.000  35.000  10  26  239  269
 190 436.000 264.000  10  20  186  216
 191  15.000 457.000  10  20  323  353
 192 397.000  20.000  10  20  280  310
 193 328.000 491.000  10  21  678  708
 194  63.000 336.000  10  20  266  296
 195   6.000 296.000  10  10  320  350
 196 315.000 287.000  10  30  148  178
 197 452.000 172.000  10   9  608  638
 198 263.000 153.000  10  12  412  442
 199 320.000 283.000  10  30  111  141
 200  64.000   5.000  10  14 1129 1159
 201  95.000 235.000  10  10  155  185
 202 203.000 211.000   0  20 1306 1336
 203 330.000 147.000  10  28  848  878
 204 443.000 237.000  10  20  193  223
 205 316.000 286.000  10  30  137  167
 206 381.000 495.000  10  20  322  352
 207 364.000 173.000   0  30  180  210
 208 214.000 245.000  10   8   36   66
 209  92.000 234.000  10  10  235  265
 210 397.000 153.000  10  29  882  912
 211  87.000 285.000  10  30  241  271
 212 132.000  32.000  10  18  784  814
 213  67.000 451.000  10   5 1216 1246
 214 146.000 439.000  10  10  259  289
 215   6.000 292.000  10  10  247  277
 216  18.000  63.000  10  10  339  369
 217  91.000 268.000  10  10  245  275
 218 443.000 246.000  10  20  230  260
 219 413.000 421.000  10  10  303  333
 220 149.000 458.000  10  13 1164 1194
 221 257.000  57.000  10  18 1226 1256
 222 272.000 403.000  10  30  190  220
 223 221.000 291.000  10   9   50   80
 224 253.000  50.000  10  27  226  256
 225 404.000  83.000  10  30  298  328
 226 476.000  94.000  10  20  274  304
 227  85.000 288.000  10  20  182  212
 228 228.000 287.000  10  21   43   73
 229 238.000 204.000  10  20  105  135
 230 459.000  14.000  10  20  315  345
 231 120.000  17.000  10  30  279  309
 232  17.000 458.000  10  10  433  463
 233 199.000 268.000  10  20   71  101
 234  35.000 303.000  10  20  221  251
 235 341.000  59.000  10  27  790  820
 236 423.000 221.000  10   9  258  288
 237 339.000  60.000  10  20  211  241
 238 277.000 428.000  10   7  490  520
 239 176.000 199.000  10  28   89  119
 240 265.000 240.000  10   9   18   48
 241 385.000 295.000  10  20  142  172
 242 491.000 369.000  10  28  730  760
 243 195.000 273.000  10  22   59   89
 244 313.000 493.000   0  20 1193 1223
 245 495.000 227.000  10  20  344  374
 246 453.000 318.000  10  30  374  404
 247 443.000 272.000  10  10  270  300
 248 447.000 184.000  10  27  424  454
 249 366.000 288.000  10  29  684  714
 250  72.000 227.000  10  25  564  594
 251 377.000 385.000   0   6  866  896
 252 477.000 478.000  10  20  392  422
 253 204.000 185.000  10  20  163  193
 254 226.000 191.000   0  20   93  123
 255 483.000  22.000  10  10  334  364
 256 189.000 402.000  10  10  536  566
 257 134.000 211.000  10  35  122  152
 258  21.000 146.000  10  21  487  517
 259  37.000 281.000   0  17  493  523
 260 361.000 181.000   0  20  197  227
 261 444.000 242.000  10  10  216  246
 262 444.000 271.000  10  10  246  276
 263 359.000 179.000  10  20  162  192
 264 388.000 334.000  10  20  161  191
 265 399.000 106.000  10  20  302  332
 266 425.000 215.000  10  10  229  259
 267  88.000  95.000  10  20  270  300
 268  95.000  64.000  10   4  766  796
 269 273.000  55.000  10  20  196  226
 270 384.000 149.000  10  18 1197 1227
 271 122.000  35.000  10  10  250  280
 272 300.000 108.000  10  10  150  180
 273 267.000 400.000  10  10  232  262
 274   8.000 300.000  10  10  356  386
 275 105.000 181.000   0  19 1531 1561
 276 166.000 247.000  10   1   84  114
 277 140.000 431.000  10  30  211  241
 278 253.000 118.000  10  19  547  577
 279 359.000 246.000  10  18 1423 1453
 280 321.000 277.000   0  10   75  105
 281 168.000  59.000  10   6  366  396
 282 406.000 285.000  10  20  179  209
 283 391.000 334.000  10  20  181  211
 284 201.000 278.000  10  13   56   86
 285 245.000 408.000  10  10  204  234
 286  16.000 462.000  10  10  386  416
 287 477.000  97.000  10  10  283  313
 288  14.000 459.000  10  20  336  366
 289 359.000 287.000  10  24  115  145
 290  21.000  70.000  10  15  771  801
 291 125.000  29.000  10  30  283  313
 292 292.000  32.000  10  14  229  259
 293  68.000 160.000  10  21 1136 1166
 294 405.000 276.000  10  20  234  264
 295 277.000  50.000  10  10  201  231
 296 481.000  84.000   0  17  506  536
 297  21.000  68.000   0  20  401  431
 298 441.000 244.000  10  10  277  307
 299  57.000  43.000  10  15 1023 1053
 300   1.000 293.000  10  10  268  298
 301 236.000 126.000  10  23  124  154
 302 406.000  99.000  10  20  227  257
 303 225.000 369.000   0  38  121  151
 304 412.000 453.000  10  10  297  327
 305 173.000 182.000  10  25  102  132
 306 111.000 464.000  10  10  311  341
 307  53.000 440.000  10  10  323  353
 308  69.000 336.000  10  20  218  248
 309 359.000 182.000  10  20  209  239
 310  13.000 459.000  10  20  347  377
 311 484.000 177.000  10  20  252  282
 312 452.000 206.000  10  31  492  522
 313  22.000 483.000  10  30  325  355
 314 452.000 110.000  10  14  340  370
 315 479.000 387.000  10  13  397  427
 316 231.000 203.000  10  20   67   97
 317  21.000 488.000  10  10  361  391
 318  65.000 453.000  10  30  282  312
 319 313.000 119.000  10  30  216  246
 320  90.000 274.000  10  20  179  209
 321  39.000 162.000  10  18  565  595
 322  35.000 306.000  10  20  229  259
 323 437.000  15.000  10  30  355  385
 324 307.000 412.000   0   8  404  434
 325 129.000  27.000  10  10  298  328
 326 196.000 489.000  10  23 1030 1060
 327  13.000 455.000  10  10  313  343
 328 170.000 347.000  10  15  436  466
 329  92.000 230.000  10  20  189  219
 330 117.000 467.000  10  10  254  284
 331 413.000 217.000  10  20  166  196
 332 405.000 450.000  10  20  253  283
 333 394.000 322.000   0  12 1025 1055
 334 125.000  61.000   0  26  612  642
 335 238.000 123.000  10  24  781  811
 336  11.000 403.000  10  18  343  373
 337 304.000 102.000  10  30  197  227
 338 478.000 121.000  10  40  319  349
 339 408.000  84.000   0  10  284  314
 340 376.000 494.000  10  30  274  304
 341  20.000  73.000  10  10  290  320
 342  95.000 382.000  10  19  231  261
 343 365.000 274.000  10  14  117  147
 344 197.000 267.000  10  10  109  139
 345 468.000 352.000  10   9  768  798
 346 489.000 437.000  10  29  707  737
 347 251.000  63.000  10  14  987 1017
 348 132.000  55.000   0  10  267  297
 349 281.000  96.000   0   1 1126 1156
 350 333.000 293.000  10  27  617  647
 351 255.000 487.000  10  19  398  428
 352 233.000 207.000  10  10   46   76
 353 178.000  72.000  10  23  757  787
 354  51.000 447.000  10  10  294  324
 355 478.000 118.000   0  20  354  384
 356 141.000 426.000   0  23  531  561
 357 400.000 103.000  10  10  256  286
 358 335.000  57.000  10  30  210  240
 359 208.000 396.000   0  20  176  206
 360 380.000 498.000  10  10  297  327
 361 440.000   7.000  10  20  314  344
 362  59.000 457.000   0  30  334  364
 363 402.000 281.000  10  20  250  280
 364 445.000 237.000   0  10  200  230
 365 179.000 286.000  10   8  341  371
 366 165.000  59.000  10  27  943  973
 367 421.000 415.000  10  30  237  267
 368  55.000 449.000  10  20  278  308
 369 491.000  20.000  10  20  394  424
 370 283.000 438.000  10   3  231  261
 371 442.000 247.000  10  10  241  271
 372 217.000 207.000   0  26 1382 1412
 373 413.000 391.000  10   8  217  247
 374 397.000  57.000   0  17 1476 1506
 375 293.000 228.000  10  19   48   78
 376 417.000 218.000  10  10  278  308
 377 340.000  54.000  10  10  238  268
 378 132.000  57.000  10  20  244  274
 379 228.000 260.000   0  12 1606 1636
 380 399.000 104.000  10  10  290  320
 381 360.000 284.000   0  19  667  697
 382  53.000 466.000  10   9  335  365
 383 112.000 465.000  10  10  299  329
 384 313.000 391.000  10   5  154  184
 385  93.000 235.000  10  10  246  276
 386 125.000  32.000  10  30  259  289
 387 134.000 428.000  10  20  308  338
 388  26.000 490.000  10  10  475  505
 389  44.000 115.000  10  24  246  276
 390 239.000  15.000  10   2  604  634
 391 199.000 187.000  10  20  127  157
 392 201.000 188.000  10  10  139  169
 393 399.000 301.000   0  30  194  224
 394 484.000 171.000  10  10  293  323
 395 228.000 199.000  10  10  134  164
 396 305.000 107.000   0  20  225  255
 397 231.000 195.000  10  20  109  139
 398 315.000 121.000  10  10  203  233
 399 420.000 213.000  10  10  204  234
 400 331.000 134.000  10  11 1124 1154
 401 320.000 280.000  10  10   85  115
 402 472.000 481.000  10  20  327  357
 403 422.000 420.000  10  20  263  293
 404 470.000 125.000  10  20  253  283
 405 435.000 268.000   0  10  312  342
 406 409.000 155.000  10  19  185  215
 407 243.000 248.000  10  30   24   54
 408  58.000 449.000  10  30  363  393
 409 480.000 136.000  10  22  256  286
 410  47.000 208.000  10  30  226  256
 411 324.000 127.000  10  30  143  173
 412  87.000  96.000  10  30  282  312
 413 321.000 280.000  10  30   77  107
 414 245.000 251.000  10  10    5   35
 415 271.000 128.000  10  12  346  376
 416 422.000 409.000  10  10  234  264
 417 449.000 428.000   0  25 1247 1277
 418  88.000 287.000   0  30  263  293
 419 368.000 452.000  10  16  670  700
 420 202.000 186.000  10  20  151  181
 421 435.000  11.000  10  40  302  332
 422 269.000  46.000  10  20  269  299
 423 478.000  99.000  10  10  311  341
 424 391.000  99.000  10  20  206  236
 425 133.000 273.000  10  20  119  149
 426 416.000 420.000  10  20  290  320
 427  67.000 334.000  10  20  231  261
 428  77.000 465.000  10  11  275  305
 429 240.000  34.000   0  28 1560 1590
 430 141.000 428.000  10  20  208  238
 431 204.000 269.000  10  30   49   79
 432 398.000  23.000  10  10  270  300
 433  90.000 296.000   0  20  166  196
 434 386.000  13.000   0  10  337  367
 435 115.000 465.000  10  10  262  292
 436 473.000 475.000  10  10  417  447
 437 275.000  42.000  10  30  238  268
 438 286.000 356.000  10  30  111  141
 439 210.000 391.000  10  30  146  176
 440 433.000  15.000  10  20  297  327
 441 237.000 213.000  10  10  147  177
 442 182.000 480.000  10  31  365  395
 443 381.000 328.000  10  12  717  747
 444 213.000 185.000  10  21   74  104
 445 319.000 124.000  10  20  178  208
 446 141.000 431.000  10  30  218  248
 447  69.000 334.000  10  30  206  236
 448 299.000  98.000  10  30  167  197
 449 459.000  17.000  10  20  411  441
 450 423.000 217.000  10  20  242  272
 451 477.000 179.000  10  20  237  267
 452 269.000 402.000  10  20  203  233
 453  53.000 204.000  10   8 1055 1085
 454  15.000  68.000  10  10  303  333
 455  56.000 268.000  10  28 1064 1094
 456 307.000 102.000  10  40  210  240
 457 130.000  57.000  10  40  232  262
 458  91.000 231.000  10  30  200  230
 459 479.000 176.000  10  20  240  270
 460 420.000 224.000  10  10  429  459
 461 461.000 182.000  10  13  629  659
 462 418.000 218.000  10  20  267  297
 463 476.000 102.000   0  20  336  366
 464 418.000 399.000  10  20  438  468
 465 109.000  56.000  10  27  239  269
 466  92.000 232.000  10  10  177  207
 467  16.000 287.000  10  12  271  301
 468 399.000 102.000  10  20  267  297
 469 143.000 158.000  10  12  141  171
 470  18.000 484.000  10  10  329  359
 471 250.000 411.000  10  30  188  218
 472  19.000 273.000  10  25 1017 1047
 473 365.000  28.000  10   9  268  298
 474 387.000 297.000  10  10  144  174
 475 214.000 274.000   0  24 1369 1399
 476  23.000  67.000  10  30  389  419
 477 126.000  30.000  10  10  272  302
 478 112.000 467.000  10  10  276  306
 479 166.000 440.000   0  12  207  237
 480 210.000 276.000  10   5   47   77
 481  17.000 459.000  10  10  422  452
 482  66.000 448.000   0  10  270  300
 483 490.000 286.000  10  29  522  552
 484 247.000 219.000  10  17   31   61
 485  86.000 268.000  10  10  217  247
 486 398.000 329.000  10  17  167  197
 487 272.000 402.000  10  10  160  190
 488 317.000 123.000  10  20  190  220
 489  35.000 304.000  10  30  221  251
 490 471.000  94.000  10  30  999 1029
 491 224.000  56.000   0  13 1186 1216
 492 343.000  47.000  10  20  277  307
 493  52.000  18.000  10  28  857  887
 494  16.000  68.000  10  20  314  344
 495 195.000 185.000  10  20  112  142
 496 124.000  56.000  10  20  231  261
 497 481.000 454.000  10  14  320  350
 498 477.000 483.000  10  20  366  396
 499 481.000 124.000  10  10  283  313
 500 389.000 156.000   0  27  716  746
 501 384.000  16.000  10  20  351  381
 502 492.000  34.000  10   5  811  841
 503 371.000 200.000  10  10  224  254
 504 153.000 235.000  10  10   98  128
 505 428.000 202.000  10  24  904  934
 506 393.000 301.000  10  30  178  208
 507 204.000 187.000   0  30  175  205
 508 468.000 475.000  10  10  313  343
 509 489.000  27.000  10  10  421  451
 510  12.000 451.000  10  20  311  341
 511 440.000 247.000  10  20  253  283
 512   5.000 445.000  10  30  313  343
 513 198.000 271.000  10  20   84  114
 514 480.000 131.000  10   5  688  718
 515  49.000 437.000  10   7  427  457
 516 270.000  49.000  10  30  292  322
 517 318.000 280.000  10  20   97  127
 518 154.000 392.000  10   9  171  201
 519 399.000 450.000  10  20  359  389
 520  67.000 452.000  10  30  272  302
 521  34.000 239.000  10  16  219  249
 522 343.000 276.000  10  15   96  126
 523 393.000  12.000  10  10  309  339
 524   3.000 292.000  10  20  256  286
 525 485.000  24.000  10  20  326  356
 526 470.000 475.000  10  30  314  344
 527 341.000  58.000  10  10  224  254
 528 216.000 341.000  10 -10  654  684
 529 311.000 422.000  10 -27  988 1018
 530 130.000 247.000  10 -23  120  150
 531  25.000 499.000  10 -10  445  475
 532 294.000 421.000  10 -15 1575 1605
 533 250.000 328.000  10 -20  249  279
 534 142.000 360.000  10 -10 1532 1562
 535  97.000 288.000  10 -10 1284 1314
 536 493.000 111.000  10  -5  541  571
 537 146.000 376.000  10 -40  234  264
 538 306.000  42.000  10 -10  477  507
 539 347.000  54.000  10 -10  295  325
 540 370.000 382.000  10 -14  884  914
 541 111.000 463.000  10 -20  322  352
 542 489.000 274.000  10 -40  534  564
 543 130.000 140.000  10 -17  194  224
 544  46.000 163.000  10 -24  926  956
 545 479.000 127.000  10 -14  270  300
 546  90.000 285.000  10 -10  276  306
 547 462.000  14.000  10 -20  397  427
 548 175.000 352.000  10  -6 1655 1685
 549 212.000 186.000  10 -16 1707 1737
 550  89.000 185.000  10 -23  600  630
 551 313.000 126.000  10 -20  243  273
 552 421.000 387.000  10 -10  801  831
 553 364.000  71.000  10 -20 1348 1378
 554 433.000 447.000  10 -25  794  824
 555  62.000 326.000  10 -10  286  316
 556 120.000 261.000  10  -4  793  823
 557 206.000 261.000  10 -10  182  212
 558 475.000 267.000  10 -30  780  810
 559 385.000 239.000  10 -10  786  816
 560 475.000 480.000  10 -20  379  409
 561 306.000 229.000  10 -20 1320 1350
 562  44.000 311.000  10 -10  407  437
 563 257.000 391.000  10 -14 1633 1663
 564  79.000 291.000  10 -20  209  239
 565 401.000 281.000  10 -10  261  291
 566 332.000 459.000  10 -10  369  399
 567 374.000 489.000  10 -26  269  299
 568 151.000  81.000  10  -8 1558 1588
 569 299.000 353.000  10 -30  114  144
 570 376.000  92.000  10 -21  991 1021
 571 244.000 254.000  10 -20  100  130
 572 162.000 388.000  10 -10 1126 1156
 573 425.000 448.000  10 -18  794  824
 574 360.000 294.000  10 -20 1418 1448
 575 243.000 399.000  10 -10  235  265
 576 404.000 140.000  10 -30 1259 1289
 577   0.000 356.000  10  -8 1086 1116
 578 432.000  66.000  10 -16 1071 1101
 579 442.000 243.000  10 -19  289  319
 580  94.000 235.000  10 -20  156  186
 581 481.000  96.000  10 -30  297  327
 582 146.000 313.000  10 -27 1195 1225
 583 436.000 241.000  10 -20  327  357
 584 200.000 178.000  10 -20   94  124
 585 188.000 151.000  10 -23 1297 1327
 586 200.000 265.000  10 -10  152  182
 587 307.000  52.000  10 -13  920  950
 588 415.000  95.000  10 -11 1177 1207
 589 448.000 404.000  10 -13  599  629
 590 376.000 195.000  10 -20  181  211
 591 409.000 255.000  10 -23 1522 1552
 592  26.000  67.000  10 -20 1317 1347
 593 103.000 464.000  10 -19 1273 1303
 594 365.000  74.000  10 -10  848  878
 595 379.000 196.000  10 -20  194  224
 596 408.000 318.000  10 -10  643  673
 597  13.000 394.000  10 -17  373  403
 598 244.000 368.000  10 -10  414  444
 599 480.000 152.000  10 -10 1022 1052
 600  87.000   3.000  10 -13 1433 1463
 601 218.000 403.000  10 -11 1319 1349
 602  59.000 459.000  10 -10  311  341
 603 386.000 154.000  10 -31 1101 1131
 604  32.000 319.000  10 -20  401  431
 605 399.000 175.000  10 -30  747  777
 606   5.000 281.000  10 -12 1372 1402
 607 384.000 491.000  10 -10  348  378
 608 460.000   2.000  10 -10  353  383
 609 335.000  46.000  10 -10 1342 1372
 610 409.000  88.000  10 -10  270  300
 611  24.000  68.000  10  -2  414  444
 612 335.000  99.000  10 -10 1218 1248
 613 248.000 251.000  10 -20    2   32
 614  13.000 214.000  10 -29 1354 1384
 615 494.000 468.000  10 -25  352  382
 616 390.000 120.000  10 -30 1004 1034
 617 464.000  13.000  10 -20  385  415
 618  28.000 467.000  10 -21 1343 1373
 619 241.000 180.000  10 -18 1695 1725
 620 209.000 212.000  10 -32 1528 1558
 621 483.000  27.000  10 -20  458  488
 622 111.000 459.000  10 -20  359  389
 623 437.000  19.000  10 -10 1014 1044
 624 366.000 334.000  10 -30  410  440
 625 380.000 350.000  10  -8  866  896
 626 225.000 269.000  10 -10 1271 1301
 627 224.000 192.000  10 -20   70  100
 628 273.000 149.000  10 -10 1503 1533
 629 390.000 294.000  10 -20  237  267
 630 411.000 379.000  10 -20 1193 1223
 631 489.000 338.000  10 -20 1397 1427
 632 408.000 279.000  10 -30  220  250
 633 284.000 319.000  10 -12  817  847
 634 482.000 141.000  10 -10 1011 1041
 635 144.000 439.000  10 -20  271  301
 636  33.000 286.000  10 -11 1546 1576
 637 307.000 249.000  10 -15 1377 1407
 638 299.000 285.000  10 -24 1254 1284
 639 263.000 418.000  10 -40  278  308
 640 471.000 368.000  10 -13  428  458
 641 111.000 467.000  10 -21  287  317
 642 236.000 247.000  10 -10   52   82
 643 436.000  25.000  10 -20 1282 1312
 644 421.000 218.000  10 -20  254  284
 645 224.000 191.000  10 -32   81  111
 646 374.000 116.000  10 -10  587  617
 647 213.000 397.000  10 -10  217  247
 648 320.000 211.000  10 -10  993 1023
 649 241.000 403.000  10 -30  220  250
 650 476.000  61.000  10 -20  449  479
 651  92.000 270.000  10 -26  257  287
 652 498.000 171.000  10 -21 1256 1286
 653 172.000 314.000  10 -26  545  575
 654 246.000 255.000  10 -10  113  143
 655 412.000 478.000  10 -20  960  990
 656 380.000 489.000  10 -19  379  409
 657 215.000 282.000  10  -6 1440 1470
 658 210.000  29.000  10 -10 1051 1081
 659 379.000 486.000  10 -40  672  702
 660 404.000 103.000  10 -20  242  272
 661 330.000 371.000  10  -1  559  589
 662 489.000  17.000  10 -20  380  410
 663  13.000 465.000  10 -20  774  804
 664 188.000 119.000  10 -20  975 1005
 665 355.000 180.000  10 -20  137  167
 666 415.000 223.000  10 -25  305  335
 667 109.000 463.000  10 -18  334  364
 668 215.000 395.000  10 -18  242  272
 669 393.000  20.000  10 -10  391  421
 670 386.000 245.000  10 -14  479  509
 671 136.000  52.000  10 -10  293  323
 672  92.000  76.000  10 -24 1139 1169
 673 297.000 283.000  10 -28 1349 1379
 674 470.000 473.000  10 -10  431  461
 675 435.000 180.000  10 -30  225  255
 676 476.000 174.000  10 -10  324  354
 677 444.000 269.000  10 -25  234  264
 678  89.000 270.000  10 -20  204  234
 679  43.000 135.000  10 -18  236  266
 680   1.000 101.000  10 -10 1257 1287
 681  13.000 314.000  10 -10  245  275
 682 163.000 472.000  10 -20  653  683
 683 207.000 400.000  10 -20  191  221
 684  93.000  96.000  10 -20  225  255
 685 177.000 156.000  10 -20  167  197
 686 371.000 315.000  10 -20 1166 1196
 687  21.000 487.000  10 -30  350  380
 688 411.000  95.000  10 -10  243  273
 689 272.000 420.000  10 -12 1386 1416
 690 269.000  48.000  10 -20  281  311
 691 303.000  78.000  10 -10  179  209
 692 260.000 472.000  10 -20 1036 1066
 693 482.000 104.000  10  -7  807  837
 694  30.000 301.000  10 -20  278  308
 695 154.000 374.000  10 -20  937  967
 696 351.000   5.000  10 -20  496  526
 697  84.000 377.000  10 -16  926  956
 698 441.000 273.000  10 -20  282  312
 699  57.000 183.000  10 -20 1100 1130
 700  24.000  65.000  10 -20  365  395
 701 195.000 111.000  10 -30  998 1028
 702 350.000 199.000  10 -20 1201 1231
 703 340.000 291.000  10 -10  470  500
 704 347.000 459.000  10 -10  479  509
 705 331.000 356.000  10 -10  712  742
 706 140.000 137.000  10 -22  570  600
 707 167.000 445.000  10 -25 1412 1442
 708 375.000 191.000  10 -30  167  197
 709 479.000 121.000  10 -30  308  338
 710 497.000 266.000  10 -33  748  778
 711 437.000  12.000  10 -20  330  360
 712 485.000  27.000  10 -30  446  476
 713   7.000 292.000  10 -20  246  276
 714 270.000 401.000  10 -15  152  182
 715 178.000 135.000  10 -16 1514 1544
 716 133.000  26.000  10 -26  312  342
 717 450.000 265.000  10 -20  216  246
 718  18.000 462.000  10 -20  398  428
 719 390.000  34.000  10 -20 1060 1090
 720 318.000 497.000  10 -21  854  884
 721  29.000 336.000  10 -20  332  362
 722   5.000 297.000  10 -10  331  361
 723 388.000 325.000  10 -30  263  293
 724 429.000 169.000  10  -9  903  933
 725 267.000 162.000  10 -12 1449 1479
 726 406.000 460.000  10 -30  719  749
 727 102.000   6.000  10 -14 1458 1488
 728  95.000 234.000  10 -10  163  193
 729 203.000 211.000  10 -20 1306 1336
 730 325.000 147.000  10 -28 1187 1217
 731 487.000 320.000  10 -20  858  888
 732 316.000 284.000  10 -30  125  155
 733 387.000 488.000  10 -20  362  392
 734 364.000 173.000  10 -30  180  210
 735  52.000 303.000  10  -8  441  471
 736  80.000 251.000  10 -10  304  334
 737 347.000 192.000  10 -29 1488 1518
 738  83.000 300.000  10 -30  500  530
 739 149.000  98.000  10 -18 1165 1195
 740 195.000 464.000  10  -5 1541 1571
 741 185.000 434.000  10 -10  574  604
 742   0.000 297.000  10 -10  293  323
 743  18.000  24.000  10 -10  628  658
 744  95.000 277.000  10 -10  274  304
 745 330.000 281.000  10 -20 1330 1360
 746 429.000 389.000  10 -10  424  454
 747 175.000 422.000  10 -13 1446 1476
 748 226.000 175.000  10 -18 1694 1724
 749 266.000 405.000  10 -30  217  247
 750 147.000 435.000  10  -9  245  275
 751 267.000  44.000  10 -27  256  286
 752 355.000 174.000  10 -30  715  745
 753 478.000 102.000  10 -20  324  354
 754  88.000 286.000  10 -20  252  282
 755 142.000 372.000  10 -21  162  192
 756 233.000  87.000  10 -20  253  283
 757 308.000 199.000  10 -20 1508 1538
 758 132.000  30.000  10 -30  326  356
 759 107.000 374.000  10 -10  914  944
 760 197.000 270.000  10 -20   96  126
 761  24.000 259.000  10 -20  370  400
 762 341.000  72.000  10 -27  805  835
 763 426.000 231.000  10  -9 1028 1058
 764 397.000  18.000  10 -20  292  322
 765 250.000 441.000  10  -7  756  786
 766  30.000  72.000  10 -28  432  462
 767 352.000 176.000  10  -9  126  156
 768 405.000 454.000  10 -20 1303 1333
 769 448.000 414.000  10 -28 1223 1253
 770  67.000 335.000  10 -22  242  272
 771 313.000 493.000  10 -20 1193 1223
 772 492.000 335.000  10 -20  828  858
 773 470.000 405.000  10 -30  926  956
 774 445.000 273.000  10 -10  258  288
 775 500.000 228.000  10 -27  782  812
 776 352.000 241.000  10 -29  792  822
 777 100.000  66.000  10 -25 1400 1430
 778 377.000 385.000  10  -6  866  896
 779 470.000 417.000  10 -20  737  767
 780 149.000 214.000  10 -20  482  512
 781 226.000 191.000  10 -20   93  123
 782 488.000   3.000  10 -10  401  431
 783 230.000 320.000  10 -10 1192 1222
 784  34.000 169.000  10 -35  484  514
 785  30.000 155.000  10 -21 1280 1310
 786  37.000 281.000  10 -17  493  523
 787 361.000 181.000  10 -20  197  227
 788 478.000 300.000  10 -10  890  920
 789 418.000 251.000  10 -10 1197 1227
 790 351.000 128.000  10 -20 1253 1283
 791 389.000 334.000  10 -20  169  199
 792 382.000 110.000  10 -20 1112 1142
 793 440.000 292.000  10 -10  940  970
 794  66.000  88.000  10 -20  830  860
 795  79.000  80.000  10  -4 1382 1412
 796 323.000  77.000  10 -20 1405 1435
 797 365.000 190.000  10 -18 1477 1507
 798  58.000  39.000  10 -10 1163 1193
 799 337.000  41.000  10 -10 1002 1032
 800 235.000 316.000  10 -10  656  686
 801  71.000 282.000  10 -10  642  672
 802 105.000 181.000  10 -19 1531 1561
 803  89.000 272.000  10  -1  192  222
 804 132.000 479.000  10 -30  257  287
 805 262.000  92.000  10 -19  630  660
 806 274.000 261.000  10 -18 1707 1737
 807 321.000 277.000  10 -10   75  105
 808 231.000  29.000  10  -6 1226 1256
 809 435.000 267.000  10 -20  323  353
 810 398.000 325.000  10 -20  233  263
 811  96.000 346.000  10 -13  185  215
 812 243.000 408.000  10 -10 1434 1464
 813  48.000 437.000  10 -10  804  834
 814 488.000  96.000  10 -10 1066 1096
 815  16.000 463.000  10 -20  375  405
 816 389.000 300.000  10 -24  154  184
 817  65.000  62.000  10 -15  976 1006
 818  60.000  29.000  10 -30 1363 1393
 819 253.000  74.000  10 -14 1350 1380
 820 146.000 188.000  10 -21 1235 1265
 821 385.000 285.000  10 -20  868  898
 822 275.000  45.000  10 -10  225  255
 823 481.000  84.000  10 -17  506  536
 824  21.000  68.000  10 -20  401  431
 825 440.000 241.000  10 -10  301  331
 826  30.000   7.000  10 -15 1189 1219
 827   0.000 293.000  10 -10  279  309
 828 179.000  75.000  10 -23  740  770
 829 407.000  98.000  10 -20  218  248
 830 225.000 369.000  10 -38  121  151
 831 419.000 459.000  10 -10  316  346
 832  95.000  92.000  10 -25  253  283
 833 110.000 459.000  10 -10  348  378
 834  59.000 388.000  10 -10  663  693
 835  66.000 336.000  10 -20  253  283
 836 360.000 184.000  10 -20  221  251
 837  12.000 463.000  10 -20  361  391
 838 488.000 173.000  10 -20  279  309
 839 432.000 199.000  10 -31  639  669
 840  16.000 497.000  10 -30  426  456
 841 467.000 114.000  10 -14  376  406
 842 414.000 378.000  10 -13  495  525
 843 234.000 202.000  10 -20   80  110
 844  20.000 489.000  10 -10  383  413
 845  44.000 496.000  10 -30  402  432
 846 330.000 138.000  10 -30 1110 1140
 847 159.000 299.000  10 -20 1016 1046
 848   0.000 188.000  10 -18  932  962
 849   7.000 300.000  10 -20  345  375
 850 435.000  16.000  10 -30  367  397
 851 307.000 412.000  10  -8  404  434
 852 142.000  14.000  10 -10  835  865
 853 230.000 487.000  10 -23 1130 1160
 854 122.000 422.000  10 -10 1457 1487
 855 224.000 320.000  10 -15 1284 1314
 856  92.000 236.000  10 -20  258  288
 857 210.000 379.000  10 -10  709  739
 858 415.000 216.000  10 -20  176  206
 859 408.000 452.000  10 -20  272  302
 860 394.000 322.000  10 -12 1025 1055
 861 125.000  61.000  10 -26  612  642
 862 269.000 112.000  10 -24 1263 1293
 863 104.000 349.000  10 -18 1009 1039
 864 324.000  99.000  10 -30  338  368
 865 439.000 156.000  10 -40  526  556
 866 408.000  84.000  10 -10  284  314
 867 378.000 493.000  10 -30  282  312
 868  15.000  69.000  10 -10  296  326
 869 130.000 494.000  10 -19  759  789
 870 439.000 266.000  10 -14  189  219
 871 192.000 265.000  10 -10  124  154
 872 434.000 359.000  10  -9 1392 1422
 873 440.000 436.000  10 -29  892  922
 874 209.000  68.000  10 -14 1568 1598
 875 132.000  55.000  10 -10  267  297
 876 281.000  96.000  10  -1 1126 1156
 877 322.000 290.000  10 -27 1479 1509
 878 336.000 493.000  10 -19 1493 1523
 879 233.000 204.000  10 -10   54   84
 880 242.000 106.000  10 -23 1268 1298
 881 246.000 314.000  10 -10 1445 1475
 882 478.000 118.000  10 -20  354  384
 883 141.000 426.000  10 -23  531  561
 884 406.000  87.000  10 -10  313  343
 885 394.000  47.000  10 -30  313  343
 886 208.000 396.000  10 -20  176  206
 887 382.000 498.000  10 -10  309  339
 888 295.000  89.000  10 -20  742  772
 889  59.000 457.000  10 -30  334  364
 890 368.000 311.000  10 -20  926  956
 891 445.000 237.000  10 -10  200  230
 892 180.000 283.000  10  -8  744  774
 893 235.000  33.000  10 -27 1337 1367
 894 457.000 492.000  10 -30  508  538
 895   8.000 497.000  10 -20  408  438
 896 491.000  25.000  10 -20  409  439
 897 340.000 416.000  10  -3  321  351
 898 440.000 244.000  10 -10  266  296
 899 217.000 207.000  10 -26 1382 1412
 900 419.000 422.000  10  -8  276  306
 901 397.000  57.000  10 -17 1476 1506
 902 367.000 178.000  10 -19  180  210
 903 418.000 221.000  10 -10  291  321
 904 342.000  54.000  10 -10  250  280
 905 133.000  53.000  10 -20  279  309
 906 228.000 260.000  10 -12 1606 1636
 907 391.000 112.000  10 -10 1000 1030
 908 360.000 284.000  10 -19  667  697
 909  24.000 492.000  10  -9  462  492
 910  76.000 462.000  10 -10  956  986
 911 377.000 432.000  10  -5  831  861
 912  91.000 235.000  10 -10  269  299
 913 157.000  38.000  10 -30 1048 1078
 914 150.000 484.000  10 -20  625  655
 915  12.000 358.000  10 -10 1224 1254
 916   6.000  53.000  10 -24  587  617
 917 323.000  29.000  10  -2 1137 1167
 918 133.000 202.000  10 -20  461  491
 919 148.000 208.000  10 -10  526  556
 920 399.000 301.000  10 -30  194  224
 921 441.000 177.000  10 -10 1001 1031
 922 231.000 204.000  10 -10  150  180
 923 305.000 107.000  10 -20  225  255
 924 230.000 197.000  10 -20  122  152
 925 303.000 186.000  10 -10 1354 1384
 926 440.000 284.000  10 -10  852  882
 927 291.000 213.000  10 -11 1258 1288
 928 408.000 453.000  10 -10  283  313
 929 471.000 484.000  10 -20  340  370
 930 416.000 417.000  10 -20  343  373
 931 466.000 149.000  10 -20 1186 1216
 932 435.000 268.000  10 -10  312  342
 933 459.000  53.000  10 -19 1122 1152
 934 249.000 258.000  10 -30  127  157
 935  63.000 444.000  10 -30  380  410
 936 482.000 184.000  10 -22 1107 1137
 937  31.000 175.000  10 -30  247  277
 938 346.000  60.000  10 -30  321  351
 939  56.000  75.000  10 -30 1438 1468
 940 388.000 331.000  10 -30  160  190
 941 240.000 250.000  10 -10   37   67
 942 264.000 180.000  10 -12 1681 1711
 943 419.000 418.000  10 -10  249  279
 944 449.000 428.000  10 -25 1247 1277
 945  88.000 287.000  10 -30  263  293
 946 328.000 458.000  10 -16  768  798
 947 206.000 186.000  10 -20  188  218
 948 461.000   8.000  10 -40  369  399
 949 200.000  78.000  10 -20  993 1023
 950 472.000  57.000  10 -10 1295 1325
 951 409.000  90.000  10 -20  258  288
 952  80.000 286.000  10 -20  224  254
 953 421.000 386.000  10 -20  824  854
 954  51.000 286.000  10 -20 1459 1489
 955  64.000 437.000  10 -11  918  948
 956 240.000  34.000  10 -28 1560 1590
 957 132.000 477.000  10 -20  327  357
 958 200.000 270.000  10 -30   59   89
 959 385.000  17.000  10 -10  809  839
 960  90.000 296.000  10 -20  166  196
 961 386.000  13.000  10 -10  337  367
 962 179.000 497.000  10 -10 1411 1441
 963 493.000 493.000  10 -10  856  886
 964 282.000   1.000  10 -30 1042 1072
 965 286.000 244.000  10 -30 1284 1314
 966 220.000 392.000  10 -30  258  288
 967 435.000  20.000  10 -20  381  411
 968 186.000 135.000  10 -10  718  748
 969 239.000 486.000  10 -31 1482 1512
 970 348.000 348.000  10 -12  935  965
 971 131.000  56.000  10 -21  256  286
 972 344.000  62.000  10 -20  346  376
 973 138.000 438.000  10 -30  287  317
 974  44.000 344.000  10 -30 1079 1109
 975 346.000  57.000  10 -30  308  338
 976 441.000  60.000  10 -20 1459 1489
 977 436.000 295.000  10 -20  528  558
 978 479.000 169.000  10 -20  309  339
 979 268.000 400.000  10 -20  243  273
 980 199.000 203.000  10  -8 1457 1487
 981  17.000  65.000  10 -10  327  357
 982  33.000 278.000  10 -28 1487 1517
 983 297.000 131.000  10 -40 1165 1195
 984 140.000 108.000  10 -40 1071 1101
 985  90.000 232.000  10 -30  212  242
 986 484.000 174.000  10 -20  265  295
 987 272.000 234.000  10 -10 1590 1620
 988 458.000 213.000  10 -13 1128 1158
 989 295.000 247.000  10 -20 1303 1333
 990 476.000 102.000  10 -20  336  366
 991 420.000 383.000  10 -20  982 1012
 992  66.000  31.000  10 -27 1048 1078
 993  92.000 233.000  10 -10  224  254
 994 111.000 192.000  10 -12 1199 1229
 995 407.000  88.000  10 -20  324  354
 996  75.000 118.000  10 -12  409  439
 997  20.000 488.000  10 -10  372  402
 998 245.000 461.000  10 -30  649  679
 999  40.000 304.000  10 -25 1145 1175
1000 432.000   2.000  10  -9  467  497
1001 390.000 301.000  10 -10  165  195
1002 214.000 274.000  10 -24 1369 1399
1003  38.000  15.000  10 -30 1091 1121
1004 120.000  37.000  10 -10  775  805
1005 105.000 474.000  10 -10  471  501
1006 166.000 440.000  10 -12  207  237
1007 102.000 422.000  10  -5  226  256
1008  44.000 440.000  10 -10  789  819
1009  66.000 448.000  10 -10  270  300
1010 499.000 316.000  10 -29  622  652
1011 241.000 205.000  10 -17  118  148
1012 157.000 269.000  10 -10 1576 1606
1013 413.000 417.000  10 -17  356  386
1014 244.000 277.000  10 -10 1301 1331
1015 347.000  62.000  10 -20  333  363
1016  18.000 225.000  10 -30  691  721
1017 437.000  98.000  10 -30 1114 1144
1018 224.000  56.000  10 -13 1186 1216
1019 344.000  70.000  10 -20 1146 1176
1020  60.000   5.000  10 -28 1044 1074
1021  25.000  65.000  10 -20  376  406
1022 103.000 177.000  10 -20  626  656
1023 125.000  39.000  10 -20  245  275
1024 475.000 477.000  10 -14  405  435
1025 469.000 489.000  10 -20  555  585
1026 477.000 122.000  10 -10  330  360
1027 389.000 156.000  10 -27  716  746
1028 314.000 205.000  10 -20 1527 1557
1029 438.000 127.000  10  -5  941  971
1030 390.000 249.000  10 -10  582  612
1031 131.000 246.000  10 -10  832  862
1032 405.000 187.000  10 -24 1251 1281
1033 395.000 295.000  10 -30  211  241
1034 204.000 187.000  10 -30  175  205
1035 498.000 456.000  10 -10 1406 1436
1036 401.000 164.000  10 -10  621  651
1037  16.000 460.000  10 -20  411  441
1038 434.000 245.000  10 -20  342  372
1039 111.000 392.000  10 -30 1169 1199
1040 198.000 264.000  10 -20  140  170
1041 485.000 104.000  10  -5  794  824
1042 115.000 395.000  10  -7  815  845
1043 268.000  52.000  10 -30  306  336
1044 374.000 306.000  10 -20  994 1024
1045 112.000 433.000  10  -9  235  265
1046 398.000 476.000  10 -20  418  448
1047  58.000 458.000  10 -30  323  353
1048  61.000 214.000  10 -16  342  372
1049 439.000 268.000  10 -15  298  328
1050 352.000  63.000  10 -10 1178 1208
1051   2.000 295.000  10 -20  306  336
1052 483.000  14.000  10 -20  363  393
1053 476.000 483.000  10 -30  355  385
1054 394.000  23.000  10 -10  404  434
1055 250.000 250.000   0   0    0 1821
