521 521 1000 200 1000
   0 250.000 250.000   0   0    0 1821
   1 440.000 436.000  10  18    0 1546
   2 476.000 483.000  10  10    0 1487
   3 230.000 197.000  10  40  122  152
   4 175.000 239.000   0  23    0 1736
   5 226.000 423.000  10  15    0 1637
   6 313.000 282.000  10  20    0 1741
   7  60.000 454.000  10  10  347  377
   8 239.000 486.000  10   3 1482 1512
   9 102.000 264.000  10  10    0 1663
  10 451.000  62.000  10   5    0 1536
  11 409.000  90.000  10  20    0 1586
  12 347.000  54.000  10  10    0 1593
  13 116.000 466.000  10  20  254  284
  14 441.000 265.000  10  40    0 1620
  15 130.000 140.000  10  17    0 1649
  16  80.000 117.000  10  24  824  854
  17  83.000 300.000  10  26  500  530
  18 136.000  52.000  10  10    0 1583
  19  18.000 462.000  10  20    0 1497
  20 390.000 120.000  10  24    0 1620
  21 440.000 292.000  10  24  940  970
  22 268.000 400.000  10  20    0 1660
  23 391.000 202.000  10  14    0 1663
  24  80.000 290.000  10  10    0 1637
  25 439.000  15.000  10  20    0 1510
  26 131.000  56.000  10  10    0 1584
  27  88.000 286.000  10  10    0 1646
  28  41.000 232.000  10  16    0 1602
  29 323.000  77.000  10  36 1405 1435
  30 340.000 416.000  10  36    0 1623
  31 314.000 124.000  10  20    0 1670
  32 226.000 175.000  10  23    0 1733
  33 417.000 417.000  10  10    0 1575
  34 389.000  11.000  10  20    0 1535
  35 450.000 416.000  10  25  577  607
  36 246.000 255.000  10  10    0 1805
  37 105.000 474.000  10  27    0 1545
  38 388.000 331.000  10  20  160  190
  39  92.000 259.000   0   4  399  429
  40 200.000 261.000  10  10  166  196
  41 299.000 285.000  10   3    0 1751
  42 325.000 147.000  10  14    0 1684
  43 404.000 447.000  10  20    0 1561
  44 412.000 478.000   0   7    0 1532
  45 176.000 470.000  10  14    0 1579
  46  96.000 270.000  10  20  162  192
  47  34.000 169.000  10  11  484  514
  48 498.000 456.000  10  27 1406 1436
  49 334.000 403.000  10  26    0 1637
  50 230.000 320.000  10   8    0 1739
  51 432.000 199.000  10   7    0 1622
  52 273.000 300.000  10  30   55   85
  53 429.000 389.000  10  18    0 1585
  54 371.000  71.000  10  21    0 1595
  55   5.000 297.000  10  10    0 1562
  56  38.000  15.000  10   3    0 1495
  57   2.000 295.000  10  30    0 1559
  58 237.000 254.000  10  20    0 1798
  59  54.000 445.000  10  10  308  338
  60 438.000 488.000  10  18    0 1508
  61 395.000 331.000  10  20  217  247
  62 488.000  26.000   0  30    0 1485
  63 151.000  81.000  10  28    0 1616
  64 356.000 256.000  10  19    0 1705
  65 264.000 180.000   0  33 1681 1711
  66  94.000 235.000  10  20    0 1655
  67 268.000  52.000  10  10    0 1613
  68  44.000 440.000  10  24    0 1531
  69   7.000 382.000  10  27    0 1535
  70 459.000  53.000   0  20    0 1524
  71 439.000 243.000  10  20    0 1622
  72 201.000 270.000  10  10   52   82
  73 472.000  57.000  10  17 1295 1325
  74 374.000 190.000  10  20    0 1674
  75 463.000 253.000  10  23    0 1598
  76  97.000  93.000  10  20    0 1592
  77 163.000 472.000  10   9  653  683
  78 343.000  62.000  10  10    0 1602
  79 371.000 193.000  10  20    0 1678
  80  66.000  88.000  10   2    0 1566
  81 267.000 394.000  10  10  259  289
  82 472.000 129.000  10  10    0 1559
  83 212.000 186.000  10  11 1707 1737
  84 439.000 266.000  10  10  189  219
  85  79.000  80.000  10  19    0 1570
  86  62.000 453.000  10  10    0 1535
  87 188.000 151.000  10   7    0 1695
  88 386.000 154.000  10  31    0 1645
  89 192.000 265.000  10  10    0 1752
  90 371.000 192.000  10  30  134  164
  91 437.000  12.000  10  20  330  360
  92 186.000 135.000   0  24    0 1680
  93 175.000 422.000  10  24 1446 1476
  94 274.000  48.000  10  10    0 1608
  95 343.000  49.000  10  10    0 1590
  96 248.000 251.000  10  20    2   32
  97 322.000 290.000  10  23 1479 1509
  98 410.000 399.000  10  25    0 1593
  99 179.000 497.000  10   1    0 1554
 100 464.000  13.000  10  20    0 1492
 101  27.000 464.000  10  21    0 1502
 102 231.000  29.000  10  14 1226 1256
 103 157.000  38.000  10   3 1048 1078
 104 439.000 268.000  10  10    0 1622
 105 187.000  73.000  10  18    0 1624
 106 436.000  25.000  10  19    0 1520
 107 389.000  17.000  10  10    0 1540
 108 148.000 208.000  10  22    0 1701
 109  17.000  65.000  10  20    0 1514
 110 391.000 293.000   0  20    0 1664
 111 411.000 421.000  10  20    0 1577
 112 475.000 480.000   0  30    0 1490
 113 436.000 237.000  10  20  186  216
 114 477.000 120.000  10  10    0 1550
 115 330.000 308.000  10  24    0 1713
 116 246.000 398.000  10  40  148  178
 117 451.000 305.000  10  13  208  238
 118 458.000  16.000  10  20  313  343
 119 390.000  34.000  10   7    0 1554
 120 423.000 214.000  10  20  217  247
 121 219.000 215.000  10  32   46   76
 122 326.000 118.000  10  10    0 1659
 123 331.000 356.000  10  13    0 1678
 124 210.000 398.000  10  10    0 1658
 125 248.000 404.000  10  30    0 1657
 126  65.000  62.000  10  15    0 1548
 127 460.000  13.000  10  20  322  352
 128 211.000 248.000   0  26   39   69
 129 484.000 174.000  10  10  265  295
 130 175.000 352.000   0  12    0 1685
 131 439.000 156.000  10   2    0 1600
 132 118.000 314.000  10  26    0 1665
 133 406.000 450.000  10  20    0 1558
 134  75.000 118.000  10  21    0 1592
 135 115.000 395.000  10  11  815  845
 136 253.000  74.000  10  20    0 1635
 137 238.000 203.000  10  10    0 1763
 138  49.000 451.000  10  20  284  314
 139 178.000 135.000  10  21 1514 1544
 140 236.000 213.000  10  20   39   69
 141 355.000 177.000  10  20    0 1684
 142 394.000  23.000  10  20    0 1543
 143 306.000 235.000  10  25    0 1754
 144  90.000 477.000  10  18  277  307
 145 435.000  16.000  10  10    0 1513
 146 213.000 399.000  10  18    0 1658
 147 111.000 392.000  10  18    0 1613
 148 344.000 203.000  10  14    0 1706
 149 346.000  60.000  10  10  321  351
 150 483.000  27.000  10  20    0 1489
 151 457.000 492.000  10   7    0 1493
 152 291.000 213.000  10  23    0 1756
 153 371.000 423.000  10  10    0 1600
 154 417.000 217.000  10  30  189  219
 155 500.000 228.000  10   8    0 1561
 156 412.000 214.000  10  10    0 1646
 157 111.000 178.000  10  18  156  186
 158  25.000 307.000  10  10    0 1579
 159 133.000  26.000  10  10    0 1559
 160  94.000  97.000  10  20  218  248
 161  30.000 155.000  10   9 1280 1310
 162  21.000 485.000  10  30    0 1483
 163 476.000  61.000  10  36    0 1517
 164 364.000  71.000  10   5    0 1599
 165 418.000 221.000  10  10  291  321
 166 304.000  97.000  10  20  182  212
 167 111.000 463.000  10  20    0 1557
 168 408.000 279.000  10  20    0 1651
 169 263.000 418.000  10  25    0 1643
 170 480.000 119.000  10   7    0 1547
 171 142.000  14.000  10  18    0 1552
 172  73.000 328.000  10  20  193  223
 173 441.000   7.000  10  20  392  422
 174 462.000  14.000  10  20    0 1494
 175 410.000 285.000  10  20    0 1648
 176  96.000  97.000  10  20    0 1594
 177 216.000 341.000  10  19    0 1714
 178 200.000 270.000  10  20    0 1758
 179 357.000 181.000  10  20  149  179
 180 270.000 400.000  10  10    0 1660
 181  95.000 234.000  10  10  163  193
 182  16.000 463.000  10  20    0 1495
 183  59.000 388.000  10  20  663  693
 184 481.000 122.000  10  30    0 1547
 185 266.000 405.000  10  20    0 1656
 186 374.000 232.000  10  33  125  155
 187 398.000  20.000  10  20    0 1538
 188 481.000  26.000  10  30    0 1490
 189  63.000 444.000  10  20    0 1542
 190  89.000 290.000  10  20    0 1646
 191 246.000 314.000  10  36 1445 1475
 192 262.000 369.000  10  15    0 1692
 193 436.000 264.000  10  20  186  216
 194  15.000 457.000  10  20  323  353
 195 397.000  20.000  10  20  280  310
 196 399.000 175.000  10  13    0 1645
 197 432.000   2.000   0  20  467  497
 198   6.000 296.000  10  10  320  350
 199 146.000 376.000  10   8    0 1648
 200 295.000 247.000  10  12    0 1766
 201 235.000  33.000  10  30    0 1594
 202 142.000 360.000   0  20 1532 1562
 203 452.000 172.000   0   9    0 1595
 204 263.000 153.000   0  12  412  442
 205  64.000   5.000  10  14    0 1504
 206 203.000 211.000  10  20    0 1750
 207 348.000 348.000   0  23    0 1673
 208 330.000 147.000  10  28    0 1681
 209 443.000 237.000  10  20  193  223
 210 335.000  46.000  10  18 1342 1372
 211 364.000 173.000   0  30  180  210
 212 214.000 245.000  10   8    0 1775
 213  92.000 234.000   0  10    0 1653
 214 120.000  37.000  10  28    0 1562
 215  87.000 285.000  10  30    0 1645
 216  67.000 451.000  10   5    0 1540
 217  24.000  68.000  10  20    0 1521
 218 146.000 439.000  10  10    0 1596
 219   6.000 292.000  10  10    0 1564
 220 149.000  98.000  10   4    0 1629
 221  91.000 268.000  10  10    0 1651
 222 103.000 177.000  10  28    0 1647
 223 367.000 178.000  10  20    0 1674
 224 443.000 246.000  10  20    0 1618
 225 374.000 306.000  10   4    0 1675
 226 413.000 421.000  10  10    0 1575
 227 257.000  57.000  10  18 1226 1256
 228 272.000 403.000  10  30  190  220
 229   1.000 101.000  10   8    0 1521
 230 332.000 459.000  10  35    0 1587
 231 250.000 441.000  10   5  756  786
 232 471.000 484.000  10  10  340  370
 233 404.000  83.000  10  30    0 1584
 234 215.000 395.000  10  20    0 1662
 235  85.000 288.000  10  20    0 1642
 236 228.000 287.000  10  21    0 1768
 237 238.000 204.000  10  20    0 1764
 238 407.000  88.000  10  10    0 1586
 239 318.000 497.000  10  21    0 1555
 240 199.000 268.000  10  20    0 1757
 241 138.000 438.000  10  20  287  317
 242 172.000 314.000   0   9    0 1711
 243 494.000 468.000  10  31    0 1484
 244  35.000 303.000  10  20    0 1590
 245 341.000  59.000  10  27    0 1600
 246 339.000  60.000  10  20    0 1602
 247 387.000 488.000  10  20    0 1537
 248 385.000 295.000  10  20    0 1669
 249 195.000 273.000  10  22    0 1752
 250 313.000 493.000  10  20    0 1560
 251  21.000 487.000  10  10  350  380
 252 453.000 318.000  10  30  374  404
 253 443.000 272.000  10  10    0 1617
 254 447.000 184.000  10  27    0 1604
 255 366.000 288.000  10  29    0 1689
 256 440.000 284.000   0  25    0 1618
 257  72.000 227.000  10  25    0 1632
 258 377.000 385.000  10   6    0 1626
 259 477.000 478.000  10  20  392  422
 260 226.000 191.000   0  20    0 1748
 261 483.000  22.000  10  10  334  364
 262  60.000   5.000  10  18    0 1501
 263 146.000 313.000  10  22    0 1690
 264 416.000 417.000  10  20    0 1576
 265  44.000 311.000  10  27    0 1597
 266 361.000 181.000  10  20    0 1681
 267 444.000 242.000  10  10  216  246
 268 388.000 334.000  10  20    0 1650
 269 401.000 164.000  10  13  621  651
 270 499.000 316.000  10  18  622  652
 271 425.000 215.000  10  10    0 1633
 272  88.000  95.000  10  20    0 1587
 273 273.000  55.000  10  20    0 1615
 274 122.000  35.000  10  10  250  280
 275 308.000 199.000  10  14    0 1734
 276 267.000 400.000  10  10    0 1661
 277 398.000 325.000  10  30  233  263
 278 166.000 247.000  10   1    0 1727
 279 253.000 118.000  10  19  547  577
 280 359.000 246.000  10  18 1423 1453
 281 391.000 334.000  10  20    0 1647
 282 437.000  19.000  10  15    0 1514
 283 201.000 278.000   0  13    0 1755
 284 245.000 408.000  10  10  204  234
 285  16.000 462.000  10  10    0 1496
 286 477.000  97.000  10  10    0 1538
 287 102.000   6.000  10   3    0 1526
 288 297.000 131.000  10  25    0 1684
 289  21.000  70.000  10  15    0 1520
 290 120.000 261.000  10   5    0 1681
 291 125.000  29.000  10  30  283  313
 292 292.000  32.000  10  14    0 1589
 293  32.000 319.000  10  21  401  431
 294 481.000  84.000  10  17  506  536
 295  21.000  68.000  10  20    0 1519
 296 441.000 244.000  10  10    0 1620
 297 481.000  96.000   0  20    0 1534
 298 471.000 368.000  10  19    0 1561
 299 406.000  99.000  10  20    0 1594
 300 225.000 369.000  10  38  121  151
 301 412.000 453.000  10  10  297  327
 302 173.000 182.000  10  25    0 1709
 303 359.000 182.000  10  20  209  239
 304  13.000 459.000  10  20    0 1496
 305 244.000 277.000  10  18    0 1784
 306 452.000 206.000   0  31  492  522
 307  22.000 483.000  10  30    0 1486
 308 452.000 110.000  10  14  340  370
 309 368.000 311.000  10  14    0 1679
 310 479.000 169.000  10  20    0 1569
 311 497.000 266.000  10  25    0 1564
 312  66.000 336.000  10  10    0 1608
 313 401.000 281.000  10  20  261  291
 314 122.000 422.000  10   3 1457 1487
 315  65.000 453.000  10  30  282  312
 316 313.000 119.000  10  30  216  246
 317  90.000 274.000   0  20    0 1650
 318  35.000 306.000  10  20    0 1589
 319  79.000 291.000  10  10    0 1636
 320  64.000 437.000  10  11    0 1548
 321 129.000  27.000  10  10  298  328
 322  20.000 488.000  10  10  372  402
 323  13.000 455.000  10  10    0 1498
 324 170.000 347.000  10  15  436  466
 325 394.000 322.000  10  12    0 1651
 326 238.000 123.000  10  24  781  811
 327 304.000 102.000  10  30    0 1654
 328 376.000 494.000  10  30    0 1537
 329  95.000 382.000  10  19    0 1608
 330 418.000 251.000  10  21    0 1643
 331 251.000  63.000   0  14    0 1624
 332 132.000  55.000  10  10  267  297
 333 333.000 293.000  10  27  617  647
 334 255.000 487.000  10  19    0 1574
 335 469.000 489.000  10   4    0 1487
 336 244.000 254.000  10  20  100  130
 337 233.000 207.000  10  10   46   76
 338 411.000 379.000  10  25 1193 1223
 339 178.000  72.000   0  23    0 1619
 340  51.000 447.000  10  10    0 1531
 341 141.000 426.000  10  23    0 1604
 342 112.000 433.000  10  29  235  265
 343 400.000 103.000  10  10    0 1601
 344 408.000 453.000  10  10    0 1554
 345 374.000 116.000  10   9    0 1629
 346 478.000 102.000  10  10    0 1540
 347 386.000 245.000  10  16    0 1675
 348 380.000 489.000  10  20    0 1539
 349 380.000 498.000  10  10    0 1531
 350 434.000 245.000  10  10  342  372
 351  90.000 232.000  10  10    0 1650
 352  18.000  24.000  10  32    0 1488
 353  57.000 183.000  10  15    0 1607
 354  59.000 457.000  10  30    0 1530
 355 402.000 281.000  10  20    0 1656
 356 445.000 237.000  10  10  200  230
 357  52.000 303.000  10  25  441  471
 358 179.000 286.000  10   8    0 1732
 359 165.000  59.000  10  27    0 1602
 360  24.000 492.000  10  10    0 1480
 361  55.000 449.000  10  20    0 1533
 362 491.000  20.000  10  20  394  424
 363 283.000 438.000  10   3    0 1621
 364 398.000 476.000   0  25    0 1541
 365 442.000 247.000  10  10    0 1619
 366 217.000 207.000  10  26    0 1757
 367 233.000  87.000  10  18  253  283
 368   6.000  53.000  10   8    0 1498
 369 478.000 300.000  10  12    0 1578
 370 378.000 493.000  10  30    0 1537
 371 413.000 391.000  10   8    0 1596
 372 397.000  57.000  10  17 1476 1506
 373   0.000 297.000  10  10    0 1557
 374 195.000 111.000  10  15    0 1662
 375 132.000  57.000  10  20    0 1585
 376 399.000 104.000  10  10    0 1603
 377 360.000 284.000  10  19    0 1696
 378 112.000 465.000  10  10    0 1556
 379 313.000 391.000  10   5    0 1657
 380  93.000 235.000  10  10    0 1654
 381 224.000 320.000  10  36    0 1737
 382  26.000 490.000  10  10    0 1483
 383 438.000 127.000  10   2    0 1587
 384 239.000  15.000  10   2  604  634
 385 109.000 463.000   0  30  334  364
 386 399.000 301.000  10  30  194  224
 387 484.000 171.000  10  10  293  323
 388 140.000 108.000  10  29    0 1632
 389 228.000 199.000  10  10    0 1756
 390 305.000 107.000  10  20    0 1658
 391 231.000 195.000  10  20  109  139
 392 450.000 265.000   0  10    0 1611
 393 273.000 149.000  10  14    0 1708
 394 315.000 121.000  10  10  203  233
 395 331.000 134.000  10  11    0 1670
 396  89.000 185.000  10  16  600  630
 397 475.000 267.000  10   7    0 1586
 398 243.000 248.000  10  30    0 1804
 399 341.000  72.000  10   9    0 1612
 400  47.000 208.000  10  30  226  256
 401 324.000 127.000  10  30    0 1668
 402 140.000 137.000  10  32    0 1654
 403 314.000 205.000  10  22    0 1733
 404 321.000 280.000  10  30    0 1734
 405 436.000 295.000  10  11    0 1620
 406 271.000 128.000   0  12  346  376
 407 422.000 409.000  10  10  234  264
 408 409.000 255.000  10  23    0 1652
 409 415.000  95.000  10  15    0 1585
 410  88.000 287.000  10  30    0 1645
 411 379.000 196.000  10  20  194  224
 412 368.000 452.000   0  16    0 1578
 413 202.000 186.000  10  20    0 1731
 414 478.000  99.000  10  10    0 1538
 415 132.000 477.000  10  25    0 1556
 416 130.000 247.000  10  17  120  150
 417 404.000 140.000  10   8    0 1622
 418  67.000 335.000  10  20    0 1610
 419  92.000 270.000  10  20  257  287
 420 132.000 479.000  10  11    0 1554
 421 419.000 422.000  10  20  276  306
 422  67.000 334.000  10  20    0 1610
 423  46.000 163.000  10   8    0 1590
 424 284.000 319.000   0  17  817  847
 425 102.000 422.000  10  23  226  256
 426 141.000 428.000  10  20  208  238
 427 204.000 269.000  10  30    0 1762
 428 470.000 417.000   0  11    0 1535
 429 404.000 103.000  10  20    0 1599
 430   5.000 281.000  10  16    0 1565
 431 398.000  23.000  10  10  270  300
 432 386.000  13.000  10  10    0 1538
 433 115.000 465.000  10  10    0 1558
 434 275.000  42.000  10  30    0 1602
 435  15.000  69.000  10  10  296  326
 436 243.000 399.000  10  10  235  265
 437 390.000 249.000   0  21    0 1671
 438 210.000 391.000  10  30    0 1665
 439  24.000 259.000  10  19    0 1585
 440 409.000  88.000  10  20    0 1585
 441 244.000 368.000  10  25    0 1693
 442 141.000 431.000  10  30    0 1600
 443 198.000 264.000  10  20    0 1758
 444  69.000 334.000  10  30    0 1612
 445 240.000 250.000  10  10   37   67
 446 459.000  17.000  10  20    0 1498
 447 477.000 179.000  10  20    0 1574
 448 213.000 397.000  10  10    0 1660
 449 405.000 187.000  10  34 1251 1281
 450 269.000 402.000   0  20    0 1658
 451  53.000 204.000  10   8 1055 1085
 452  13.000 394.000  10  15    0 1534
 453  15.000  68.000  10  10    0 1514
 454 360.000 184.000  10  10    0 1683
 455 130.000  57.000  10  40    0 1584
 456  91.000 231.000  10  30    0 1651
 457 479.000 176.000  10  20  240  270
 458 419.000 418.000  10  10    0 1573
 459 336.000 493.000  10  20    0 1554
 460 389.000 300.000  10  10    0 1664
 461 476.000 102.000  10  20    0 1541
 462 418.000 399.000  10  20    0 1587
 463 109.000  56.000   0  27    0 1572
 464  92.000 232.000  10  10  177  207
 465 394.000  47.000  10   5  313  343
 466  16.000 287.000  10  12    0 1575
 467 143.000 158.000  10  12    0 1670
 468  19.000 273.000   0  25    0 1579
 469 387.000 297.000  10  10  144  174
 470  23.000  67.000   0  30    0 1520
 471 374.000 489.000  10  20    0 1542
 472 126.000  30.000  10  10    0 1559
 473 112.000 467.000  10  10  276  306
 474 166.000 440.000  10  12  207  237
 475 210.000 276.000  10   5   47   77
 476  17.000 459.000  10  10    0 1498
 477 352.000 176.000  10  20  126  156
 478 490.000 286.000  10  29    0 1569
 479 247.000 219.000   0  17    0 1780
 480 408.000 318.000  10  15  643  673
 481  35.000 304.000  10  30    0 1590
 482 471.000  94.000  10  30    0 1541
 483 470.000 473.000  10  10    0 1498
 484 224.000  56.000  10  13    0 1616
 485  16.000  68.000  10  20    0 1515
 486  76.000 462.000  10  18    0 1537
 487 124.000  56.000  10  20    0 1580
 488 481.000 454.000  10  14    0 1503
 489 481.000 124.000  10  10    0 1548
 490 389.000 156.000  10  27    0 1644
 491 153.000 235.000  10  10    0 1713
 492 421.000 218.000  10  10    0 1638
 493 206.000 186.000  10  10    0 1734
 494 393.000 301.000  10  30    0 1660
 495 204.000 187.000  10  30    0 1733
 496 468.000 475.000  10  10  313  343
 497 477.000 122.000  10  10  330  360
 498 100.000  66.000  10  15    0 1574
 499 489.000  27.000  10  10    0 1485
 500  12.000 451.000  10  20    0 1500
 501 311.000 422.000  10  29    0 1629
 502 489.000  17.000  10  10    0 1478
 503 440.000 247.000  10  20    0 1621
 504 388.000 325.000  10  10    0 1654
 505   5.000 445.000  10  30    0 1498
 506 480.000 131.000  10   5    0 1553
 507 437.000  98.000  10  16    0 1571
 508 131.000 246.000  10  17    0 1692
 509 270.000  49.000  10  30    0 1610
 510 318.000 280.000  10  20    0 1737
 511 493.000 111.000  10  26    0 1532
 512 399.000 450.000  10  20    0 1562
 513  67.000 452.000  10  30    0 1539
 514 343.000 276.000   0  15   96  126
 515 236.000 247.000  10  20    0 1797
 516 340.000 291.000  10  22    0 1713
 517   3.000 292.000  10  20    0 1561
 518 209.000  68.000  10  27 1568 1598
 519  18.000 225.000  10   8    0 1578
 520 335.000  99.000  10  25    0 1638
 521 341.000  58.000   0  10  224  254
 522 479.000 387.000  10 -18    0 1545
 523 475.000 477.000  10 -10    0 1492
 524 225.000 196.000  10 -40    0 1752
 525 175.000 239.000  10 -23    0 1736
 526 250.000 328.000  10 -15    0 1733
 527 297.000 283.000  10 -20    0 1754
 528  69.000 414.000  10 -10    0 1567
 529 250.000 405.000  10  -3    0 1656
 530  91.000 266.000  10 -10    0 1652
 531 418.000  75.000  10  -5    0 1569
 532 391.000 112.000  10 -20 1000 1030
 533 323.000  29.000  10 -10    0 1579
 534 133.000 455.000  10 -20    0 1575
 535 482.000 184.000  10 -40    0 1570
 536 146.000 188.000  10 -17    0 1690
 537 134.000 211.000  10 -24    0 1689
 538  64.000 294.000  10 -26 1101 1131
 539 125.000  32.000  10 -10    0 1560
 540  12.000 463.000  10 -20  361  391
 541 406.000  96.000  10 -24  219  249
 542 435.000 268.000  10 -24    0 1626
 543 272.000 402.000  10 -20    0 1658
 544 441.000 177.000  10 -14    0 1607
 545  62.000 326.000  10 -10    0 1609
 546 351.000 128.000  10 -20 1253 1283
 547 179.000  75.000  10 -10    0 1623
 548 133.000 273.000  10 -10    0 1692
 549  56.000 268.000  10 -16    0 1617
 550 317.000 123.000  10 -36    0 1668
 551 287.000 397.000  10 -36  564  594
 552 323.000 118.000  10 -20    0 1661
 553 210.000 185.000  10 -23    0 1735
 554 413.000 417.000  10 -10    0 1578
 555 351.000   5.000  10 -20    0 1546
 556 448.000 404.000  10 -25    0 1561
 557 238.000 210.000  10 -10    0 1770
 558 111.000 464.000  10 -27    0 1556
 559 389.000 334.000  10 -20    0 1649
 560  92.000 259.000  10  -4  399  429
 561 244.000 250.000  10 -10    0 1805
 562 414.000 378.000  10  -3  495  525
 563 300.000 108.000  10 -14    0 1661
 564 408.000 452.000  10 -20    0 1555
 565 412.000 478.000  10  -7    0 1532
 566 196.000 489.000  10 -14    0 1566
 567  86.000 268.000  10 -20    0 1647
 568  44.000 115.000  10 -11    0 1565
 569 489.000 437.000  10 -27    0 1508
 570 328.000 458.000  10 -26    0 1589
 571 249.000 258.000  10  -8    0 1803
 572 423.000 217.000  10  -7    0 1635
 573 277.000 428.000  10 -30  490  520
 574 420.000 383.000  10 -18    0 1596
 575 347.000  62.000  10 -21    0 1600
 576   8.000 300.000  10 -10    0 1564
 577  52.000  18.000  10  -3    0 1506
 578   0.000 293.000  10 -30    0 1558
 579 245.000 251.000  10 -20    0 1806
 580 162.000 388.000  10 -10    0 1648
 581 405.000 455.000  10 -18    0 1554
 582 395.000 332.000  10 -20    0 1645
 583 488.000  26.000  10 -30    0 1485
 584 200.000  78.000  10 -28    0 1632
 585 370.000 262.000  10 -19 1099 1129
 586 264.000 180.000  10 -33 1681 1711
 587  92.000 233.000  10 -20    0 1653
 588 269.000  48.000  10 -10    0 1609
 589  93.000 413.000  10 -24    0 1585
 590  11.000 403.000  10 -27    0 1528
 591 459.000  53.000  10 -20    0 1524
 592 440.000 241.000  10 -20    0 1621
 593 197.000 270.000  10 -10    0 1755
 594 391.000  99.000  10 -17    0 1605
 595 320.000 211.000  10 -20    0 1731
 596 461.000 182.000  10 -23    0 1590
 597  87.000  96.000  10 -20    0 1587
 598 182.000 480.000  10  -9    0 1572
 599 335.000  57.000  10 -10    0 1601
 600 365.000 190.000  10 -20    0 1682
 601  58.000  39.000  10  -2 1163 1193
 602 230.000 487.000  10 -10 1130 1160
 603 479.000 127.000  10 -10  270  300
 604 237.000 213.000  10 -11    0 1772
 605 444.000 269.000  10 -10    0 1617
 606 128.000 113.000  10 -19    0 1628
 607  49.000 437.000  10 -10    0 1537
 608 188.000 119.000  10  -7    0 1667
 609 411.000  95.000  10 -31  243  273
 610 198.000 271.000  10 -10    0 1755
 611 378.000 199.000  10 -30  207  237
 612 365.000  74.000  10 -20    0 1601
 613 186.000 135.000  10 -24    0 1680
 614 203.000 390.000  10 -24    0 1664
 615 277.000  50.000  10 -10    0 1610
 616 343.000  47.000  10 -10    0 1588
 617 272.000 234.000  10 -20 1590 1620
 618 316.000 286.000  10 -23    0 1736
 619 421.000 386.000  10 -25    0 1593
 620 195.000 464.000  10  -1 1541 1571
 621 397.000  18.000  10 -20    0 1537
 622  28.000 467.000  10 -21    0 1501
 623 240.000  34.000  10 -14    0 1595
 624 168.000  59.000  10  -3    0 1604
 625 495.000 227.000  10 -10    0 1565
 626 210.000  29.000  10 -18    0 1587
 627 440.000   7.000  10 -19  314  344
 628 384.000  16.000  10 -10    0 1542
 629 149.000 214.000  10 -22    0 1704
 630  21.000  64.000  10 -20    0 1516
 631 391.000 293.000  10 -20    0 1664
 632 422.000 420.000  10 -20    0 1570
 633 475.000 480.000  10 -30    0 1490
 634 423.000 221.000  10 -20  258  288
 635 466.000 149.000  10 -10 1186 1216
 636 274.000 261.000  10 -24    0 1785
 637 241.000 402.000  10 -40    0 1659
 638 441.000 273.000  10 -13    0 1619
 639 459.000  14.000  10 -20  315  345
 640 393.000  20.000  10  -7    0 1541
 641 435.000 180.000  10 -20    0 1614
 642 199.000 187.000  10 -32    0 1730
 643 340.000  54.000  10 -10  238  268
 644 347.000 459.000  10 -13    0 1581
 645 207.000 400.000  10 -10    0 1655
 646 250.000 411.000  10 -30    0 1650
 647  56.000  75.000  10 -15 1438 1468
 648 460.000   2.000  10 -20    0 1487
 649 211.000 248.000  10 -26   39   69
 650 488.000 173.000  10 -10    0 1561
 651 175.000 352.000  10 -12    0 1685
 652 474.000  96.000  10  -2    0 1540
 653  90.000 296.000  10 -26  166  196
 654 419.000 459.000  10 -20    0 1543
 655 111.000 192.000  10 -21    0 1661
 656 135.000 400.000  10 -11    0 1622
 657 306.000  42.000  10 -20  477  507
 658 233.000 204.000  10 -10    0 1762
 659  66.000 448.000  10 -20    0 1541
 660 195.000 185.000  10 -21    0 1726
 661 224.000 192.000  10 -20    0 1748
 662 350.000 199.000  10 -20    0 1699
 663 365.000  28.000  10 -20    0 1561
 664 306.000 229.000  10 -25    0 1752
 665 117.000 467.000  10 -18    0 1557
 666 376.000  92.000  10 -10  991 1021
 667 159.000 299.000  10 -18    0 1708
 668 154.000 392.000  10 -18    0 1640
 669 347.000 192.000  10 -14 1488 1518
 670 344.000  62.000  10 -10    0 1601
 671 485.000  24.000  10 -20    0 1485
 672 470.000 475.000  10  -7    0 1497
 673 286.000 244.000  10 -23 1284 1314
 674 330.000 371.000  10 -10    0 1666
 675 429.000 169.000  10 -30    0 1615
 676 489.000 338.000  10  -8    0 1557
 677 455.000 168.000  10 -10    0 1591
 678  68.000 160.000  10 -18 1136 1166
 679  33.000 278.000  10 -10    0 1593
 680 125.000  39.000  10 -10    0 1566
 681  92.000  76.000  10 -20 1139 1169
 682  21.000 146.000  10  -9    0 1560
 683  20.000 489.000  10 -30    0 1480
 684 429.000  67.000  10 -36    0 1556
 685 393.000  12.000  10  -5    0 1534
 686 418.000 218.000  10 -10    0 1640
 687 303.000  78.000  10 -20    0 1632
 688 111.000 459.000  10 -20    0 1560
 689 405.000 276.000  10 -20    0 1654
 690 249.000 407.000  10 -25    0 1654
 691 470.000 125.000  10  -7    0 1558
 692 132.000  32.000  10 -18  784  814
 693  71.000 333.000  10 -20    0 1614
 694 437.000  15.000  10 -20    0 1511
 695 461.000   8.000  10 -20    0 1490
 696 307.000 249.000  10 -20    0 1754
 697  95.000  92.000  10 -20    0 1590
 698 110.000 459.000  10 -19    0 1560
 699 214.000 274.000  10 -20    0 1768
 700 316.000 284.000  10 -20    0 1737
 701 270.000 401.000  10 -10    0 1659
 702  61.000 214.000  10 -10  342  372
 703  13.000 465.000  10 -20    0 1492
 704  84.000 377.000  10 -20    0 1602
 705 480.000 136.000  10 -30    0 1555
 706 260.000 472.000  10 -20 1036 1066
 707 385.000 239.000  10 -33    0 1676
 708 435.000  20.000  10 -20    0 1516
 709 408.000  84.000  10 -30    0 1582
 710  58.000 449.000  10 -20    0 1535
 711  80.000 286.000  10 -20    0 1638
 712 299.000 353.000  10 -36    0 1697
 713 294.000 421.000  10 -15 1575 1605
 714 435.000 267.000  10 -20  323  353
 715  53.000 466.000  10 -20    0 1519
 716 307.000 108.000  10 -20    0 1658
 717 384.000 149.000  10 -13    0 1644
 718 432.000   2.000  10 -20  467  497
 719  13.000 314.000  10 -10    0 1566
 720 154.000 374.000  10  -8    0 1655
 721 436.000 241.000  10 -12  327  357
 722 269.000  46.000  10 -30    0 1607
 723 142.000 360.000  10 -20 1532 1562
 724 452.000 172.000  10  -9    0 1595
 725 263.000 153.000  10 -12  412  442
 726  66.000  31.000  10 -14 1048 1078
 727 209.000 212.000  10 -20    0 1756
 728 348.000 348.000  10 -23    0 1673
 729 330.000 138.000  10 -28    0 1674
 730 458.000 213.000  10 -20    0 1600
 731 337.000  41.000  10 -18    0 1585
 732 364.000 173.000  10 -30  180  210
 733   7.000 194.000  10  -8    0 1562
 734  92.000 234.000  10 -10    0 1653
 735 144.000  35.000  10 -28    0 1572
 736  90.000 285.000  10 -30    0 1648
 737  59.000 459.000  10  -5  311  341
 738  26.000  67.000  10 -20 1317 1347
 739 145.000 434.000  10 -10    0 1600
 740   7.000 300.000  10 -10    0 1563
 741  57.000  43.000  10  -4    0 1528
 742  92.000 236.000  10 -10    0 1653
 743 105.000 181.000  10 -28    0 1651
 744 409.000 155.000  10 -20  185  215
 745 415.000 216.000  10 -20    0 1643
 746 491.000 369.000  10  -4    0 1543
 747 449.000 428.000  10 -10    0 1545
 748 262.000  92.000  10 -18    0 1653
 749 277.000 403.000  10 -30    0 1656
 750  20.000  73.000  10  -8    0 1521
 751 329.000 456.000  10 -35    0 1591
 752 243.000 408.000  10  -5    0 1653
 753 472.000 481.000  10 -10    0 1491
 754 398.000  97.000  10 -30    0 1599
 755 220.000 392.000  10 -20  258  288
 756  71.000 282.000  10 -20    0 1630
 757 226.000 316.000  10 -21   70  100
 758 234.000 202.000  10 -20    0 1761
 759 406.000  87.000  10 -10    0 1586
 760 328.000 491.000  10 -21    0 1558
 761 197.000 267.000  10 -20  109  139
 762 103.000 464.000  10 -20    0 1552
 763 172.000 314.000  10  -9    0 1711
 764 470.000 405.000  10 -31    0 1542
 765  29.000 336.000  10 -20    0 1574
 766 346.000  57.000  10 -27  308  338
 767 325.000  56.000  10 -20    0 1604
 768 370.000 382.000  10 -20  884  914
 769 360.000 294.000  10 -20 1418 1448
 770 225.000 269.000  10 -22    0 1780
 771 352.000 487.000  10 -20    0 1553
 772  21.000 488.000  10 -10  361  391
 773 442.000 289.000  10 -30    0 1616
 774 444.000 271.000  10 -10    0 1616
 775 376.000 195.000  10 -27    0 1674
 776 400.000 286.000  10 -29  154  184
 777 440.000 284.000  10 -25    0 1618
 778  60.000 231.000  10 -25    0 1621
 779 405.000 450.000  10  -6    0 1558
 780 473.000 475.000  10 -20    0 1495
 781 226.000 191.000  10 -20    0 1748
 782 481.000  20.000  10 -10  347  377
 783  71.000  12.000  10 -18    0 1514
 784 215.000 282.000  10 -22 1440 1470
 785 416.000 420.000  10 -20    0 1574
 786  40.000 304.000  10 -27 1145 1175
 787 355.000 180.000  10 -20    0 1685
 788 442.000 243.000  10 -10    0 1619
 789 394.000 333.000  10 -20    0 1645
 790 397.000 153.000  10 -13  882  912
 791 492.000 335.000  10 -18  828  858
 792 417.000 218.000  10 -10    0 1641
 793  91.000 101.000  10 -20    0 1594
 794 269.000 112.000  10 -20    0 1672
 795  87.000   3.000  10 -10 1433 1463
 796 359.000 179.000  10 -14    0 1681
 797 245.000 461.000  10 -10  649  679
 798 390.000 294.000  10 -30    0 1665
 799  91.000 235.000  10  -1    0 1652
 800 208.000 184.000  10 -19    0 1733
 801 320.000 283.000  10 -18    0 1734
 802 380.000 350.000  10 -20    0 1647
 803 435.000  11.000  10 -15    0 1509
 804 201.000 278.000  10 -13    0 1755
 805 272.000 420.000  10 -10    0 1640
 806  16.000 460.000  10 -10  411  441
 807 485.000 104.000  10 -10    0 1535
 808  92.000  18.000  10  -3    0 1531
 809 299.000  98.000  10 -25    0 1652
 810  24.000  65.000  10 -15    0 1519
 811  38.000 301.000  10  -5  296  326
 812  94.000  40.000  10 -30    0 1550
 813 307.000  52.000  10 -14  920  950
 814   0.000 356.000  10 -21 1086 1116
 815 403.000  93.000  10 -17    0 1592
 816  43.000 135.000  10 -20    0 1575
 817 426.000 231.000  10 -10    0 1634
 818 481.000  96.000  10 -20    0 1534
 819 346.000 354.000  10 -19    0 1670
 820 382.000 110.000  10 -20    0 1619
 821 210.000 379.000  10 -38    0 1676
 822 433.000 447.000  10 -10  794  824
 823 177.000 156.000  10 -25    0 1692
 824 358.000 183.000  10 -20    0 1684
 825  14.000 459.000  10 -20  336  366
 826 286.000 356.000  10 -18    0 1700
 827 452.000 206.000  10 -31  492  522
 828  16.000 497.000  10 -30    0 1471
 829 441.000  60.000  10 -14 1459 1489
 830 371.000 315.000  10 -14    0 1674
 831 476.000 174.000  10 -20    0 1573
 832 489.000 274.000  10 -25  534  564
 833  63.000 336.000  10 -10    0 1606
 834 406.000 285.000  10 -20    0 1652
 835 221.000 291.000  10  -3    0 1761
 836  84.000 453.000  10 -30    0 1549
 837 324.000  99.000  10 -30    0 1643
 838  90.000 274.000  10 -20    0 1650
 839  12.000 358.000  10 -20    0 1550
 840  95.000 277.000  10 -10    0 1654
 841  50.000 438.000  10 -11    0 1537
 842 132.000  30.000  10 -10    0 1562
 843   8.000 497.000  10 -10    0 1466
 844   0.000 422.000  10 -10    0 1508
 845 149.000 341.000  10 -15    0 1676
 846 390.000 325.000  10 -12    0 1653
 847 213.000 185.000  10 -24    0 1737
 848 297.000 102.000  10 -30    0 1656
 849 384.000 491.000  10 -30  348  378
 850  58.000 391.000  10 -19    0 1573
 851 420.000 213.000  10 -21    0 1638
 852 251.000  63.000  10 -14    0 1624
 853 150.000  68.000  10 -10  423  453
 854 315.000 287.000  10 -27    0 1737
 855 257.000 391.000  10 -19    0 1670
 856 477.000 483.000  10  -4  366  396
 857 241.000 205.000  10 -20    0 1766
 858 231.000 203.000  10 -10    0 1761
 859 434.000 359.000  10 -25    0 1598
 860 178.000  72.000  10 -23    0 1619
 861 107.000 374.000  10 -10  914  944
 862 211.000 386.000  10 -23    0 1670
 863 144.000 439.000  10 -29    0 1595
 864 398.000 103.000  10 -10    0 1603
 865 421.000 415.000  10 -10    0 1574
 866 303.000 186.000  10  -9 1354 1384
 867 488.000  96.000  10 -10 1066 1096
 868 365.000 274.000  10 -16    0 1694
 869 406.000 460.000  10 -20    0 1550
 870 381.000 495.000  10 -10    0 1534
 871 413.000 217.000  10 -10    0 1645
 872  13.000 214.000  10 -10    0 1572
 873  30.000   7.000  10 -32    0 1484
 874  31.000 175.000  10 -15  247  277
 875  58.000 458.000  10 -30  323  353
 876 407.000 280.000  10 -20    0 1652
 877 428.000 202.000  10 -10  904  934
 878  30.000 301.000  10 -25    0 1586
 879 180.000 283.000  10  -8    0 1734
 880 241.000 180.000  10 -27    0 1741
 881  18.000 484.000  10 -10    0 1482
 882  48.000 437.000  10 -20    0 1536
 883 432.000  66.000  10 -20    0 1553
 884 274.000 441.000  10  -3  695  725
 885 398.000 476.000  10 -25    0 1541
 886 420.000 224.000  10 -10    0 1640
 887 201.000 188.000  10 -26    0 1732
 888 253.000  50.000  10 -18    0 1611
 889  60.000  29.000  10  -8    0 1520
 890 468.000 352.000  10 -12    0 1571
 891 382.000 498.000  10 -30    0 1531
 892 366.000 334.000  10  -8    0 1668
 893 352.000  63.000  10 -17    0 1598
 894   1.000 293.000  10 -10  268  298
 895 236.000 126.000  10 -15    0 1687
 896 125.000  61.000  10 -20    0 1585
 897 406.000  94.000  10 -10    0 1591
 898 359.000 287.000  10 -19    0 1696
 899 111.000 467.000  10 -10    0 1554
 900 379.000 486.000  10  -5    0 1543
 901 157.000 269.000  10 -10    0 1717
 902 208.000 396.000  10 -36  176  206
 903  25.000 499.000  10 -10    0 1476
 904 467.000 114.000  10  -2    0 1555
 905 265.000   0.000  10  -2    0 1561
 906 109.000 463.000  10 -30  334  364
 907 400.000 288.000  10 -30    0 1657
 908 480.000 152.000  10 -10    0 1561
 909 282.000   1.000  10 -29    0 1560
 910 231.000 204.000  10 -10    0 1762
 911 307.000 102.000  10 -20    0 1653
 912 224.000 191.000  10 -20    0 1747
 913 450.000 265.000  10 -10    0 1611
 914 224.000 203.000  10 -14    0 1758
 915 319.000 124.000  10 -10    0 1668
 916 313.000 126.000  10 -11  243  273
 917 133.000 202.000  10 -16    0 1685
 918 487.000 320.000  10  -7    0 1564
 919 206.000 261.000  10 -30    0 1766
 920 344.000  70.000  10  -9    0 1608
 921  80.000 251.000  10 -30    0 1641
 922 342.000  54.000  10 -30    0 1595
 923 267.000  44.000  10 -32    0 1605
 924 293.000 228.000  10 -22    0 1763
 925 320.000 280.000  10 -30    0 1735
 926 445.000 273.000  10 -11    0 1615
 927 271.000 128.000  10 -12  346  376
 928 398.000 329.000  10 -10    0 1644
 929 415.000 223.000  10 -23    0 1644
 930 399.000 102.000  10 -15    0 1601
 931  97.000 288.000  10 -30    0 1654
 932 375.000 191.000  10 -20    0 1673
 933 368.000 452.000  10 -16    0 1578
 934 204.000 185.000  10 -20    0 1732
 935 482.000 104.000  10 -10    0 1537
 936 130.000 494.000  10 -25    0 1540
 937  89.000 270.000  10 -17    0 1649
 938 479.000 121.000  10  -8    0 1549
 939 104.000 349.000  10 -20    0 1635
 940  89.000 272.000  10 -20    0 1649
 941 167.000 445.000  10 -11    0 1600
 942 448.000 414.000  10 -20    0 1554
 943  96.000 346.000  10 -20    0 1630
 944  39.000 162.000  10  -8    0 1583
 945 284.000 319.000  10 -17  817  847
 946 140.000 431.000  10 -23    0 1600
 947 147.000 435.000  10 -20  245  275
 948 228.000 260.000  10 -30    0 1787
 949 470.000 417.000  10 -11    0 1535
 950 399.000 106.000  10 -20    0 1604
 951  51.000 286.000  10 -16    0 1609
 952 433.000  15.000  10 -10    0 1514
 953 385.000  17.000  10 -10  809  839
 954 150.000 484.000  10 -10    0 1557
 955 281.000  96.000  10 -30    0 1654
 956  25.000  65.000  10 -10    0 1520
 957 241.000 403.000  10 -10  220  250
 958 390.000 249.000  10 -21    0 1671
 959 214.000 394.000  10 -30  231  261
 960  33.000 286.000  10 -19    0 1592
 961 407.000  98.000  10 -20    0 1593
 962 218.000 403.000  10 -25    0 1655
 963 189.000 402.000  10 -30  536  566
 964 200.000 265.000  10 -20    0 1759
 965  69.000 336.000  10 -30  218  248
 966 234.000 246.000  10 -10   65   95
 967 459.000  10.000  10 -20    0 1493
 968 484.000 177.000  10 -20    0 1566
 969 235.000 316.000  10 -10  656  686
 970 376.000 190.000  10 -34    0 1672
 971 269.000 402.000  10 -20    0 1658
 972   0.000 188.000  10  -8    0 1554
 973  44.000 344.000  10 -15    0 1585
 974  30.000  72.000  10 -10    0 1529
 975 371.000 200.000  10 -10  224  254
 976 133.000  53.000  10 -40    0 1582
 977 100.000 266.000  10 -30    0 1661
 978 498.000 171.000  10 -20    0 1551
 979 371.000 332.000  10 -10    0 1665
 980 351.000 481.000  10 -20  322  352
 981 395.000 295.000  10 -10    0 1660
 982 476.000  94.000  10 -20    0 1537
 983 421.000 387.000  10 -20  801  831
 984 109.000  56.000  10 -27    0 1572
 985  86.000 199.000  10 -10    0 1640
 986 391.000  18.000  10  -5    0 1540
 987  37.000 281.000  10 -12    0 1596
 988  93.000  96.000  10 -12  225  255
 989  19.000 273.000  10 -25    0 1579
 990 402.000 284.000  10 -10    0 1656
 991  23.000  67.000  10 -30    0 1520
 992 381.000 494.000  10 -20    0 1535
 993 120.000  17.000  10 -10    0 1545
 994 149.000 458.000  10 -10    0 1580
 995 185.000 434.000  10 -12    0 1616
 996 134.000 428.000  10  -5    0 1599
 997  17.000 458.000  10 -10  433  463
 998 355.000 174.000  10 -20    0 1682
 999 460.000 328.000  10 -29    0 1587
1000 247.000 219.000  10 -17    0 1780
1001 390.000 301.000  10 -15    0 1662
1002  30.000 302.000  10 -30    0 1585
1003 491.000  25.000  10 -30    0 1482
1004 425.000 448.000  10 -10    0 1547
1005 267.000 162.000  10 -13 1449 1479
1006  18.000  63.000  10 -20  339  369
1007  77.000 465.000  10 -18    0 1536
1008  95.000  64.000  10 -20  766  796
1009 405.000 454.000  10 -14    0 1555
1010 478.000 121.000  10 -10    0 1550
1011 265.000 240.000  10 -27    0 1793
1012  92.000 230.000  10 -10    0 1652
1013 352.000 241.000  10 -10    0 1709
1014 200.000 178.000  10 -10   94  124
1015 385.000 285.000  10 -30    0 1672
1016 199.000 203.000  10 -30 1457 1487
1017 493.000 493.000  10 -10    0 1468
1018 482.000 141.000  10 -10    0 1555
1019  89.000  65.000  10 -15    0 1566
1020 485.000  27.000  10 -10    0 1488
1021 142.000 372.000  10 -20    0 1649
1022 307.000 412.000  10 -29    0 1640
1023 483.000  14.000  10 -10    0 1480
1024 440.000 244.000  10 -20  266  296
1025 381.000 328.000  10 -10  717  747
1026  53.000 440.000  10 -30    0 1538
1027 492.000  34.000  10  -5    0 1487
1028 488.000   3.000  10 -16    0 1468
1029  95.000 235.000  10 -17  155  185
1030 275.000  45.000  10 -30    0 1605
1031 321.000 277.000  10 -20    0 1736
1032 478.000 118.000  10 -26    0 1548
1033 377.000 432.000  10 -20    0 1590
1034  44.000 496.000  10 -30    0 1491
1035 343.000 276.000  10 -15   96  126
1036 176.000 199.000  10 -20    0 1722
1037 330.000 281.000  10 -22 1330 1360
1038   7.000 292.000  10 -20    0 1565
1039 242.000 106.000  10 -27    0 1667
1040  34.000 239.000  10  -8    0 1595
1041 295.000  89.000  10 -25  742  772
1042 341.000  58.000  10 -10  224  254
1043 250.000 250.000   0   0    0 1821
