526 526 1000 200 1000
   0 250.000 250.000   0   0    0 1821
   1 230.000 197.000  10  40   94  179
   2 175.000 239.000  10  23   75  148
   3  25.000 499.000  10  10  431  489
   4 313.000 282.000  10  20  128  229
   5  60.000 454.000  10  10  329  396
   6 102.000 264.000  10  10  148  194
   7 451.000  62.000  10   5  275  388
   8 203.000 390.000  10  40  168  179
   9  92.000 233.000   0  10  179  298
  10 409.000  90.000  10  20  247  299
  11 371.000 332.000  10  14  480  609
  12 116.000 466.000  10  20  254  277
  13 441.000 265.000  10  40  191  269
  14 130.000 140.000  10  17  189  230
  15 421.000 387.000  10  15  768  865
  16  83.000 300.000  10  26  475  554
  17 136.000  52.000  10  10  302  313
  18 390.000 120.000   0  24 1014 1025
  19 467.000 114.000  10  10  388  393
  20 268.000 400.000  10  20  225  291
  21 391.000 202.000  10  14  148  187
  22  80.000 290.000  10  10  187  238
  23 307.000  52.000   0  23  891  980
  24 131.000  56.000  10  10  252  289
  25  41.000 232.000  10  16  209  298
  26 340.000 416.000  10  36  280  393
  27  86.000 199.000  10  23  246  340
  28 242.000 106.000  10  28 1278 1288
  29 419.000 459.000  10  20  276  387
  30 389.000  11.000  10  20  276  423
  31 246.000 255.000  10  10   97  159
  32  71.000 333.000  10  10  197  230
  33 105.000 474.000  10  27  449  522
  34 388.000 331.000  10  20  160  197
  35 400.000 288.000  10  30  154  308
  36 421.000 386.000   0  29  818  861
  37 404.000 447.000  10  20  250  313
  38  30.000 302.000  10  10  262  302
  39  96.000 270.000  10  20  155  211
  40  60.000  29.000  10  32 1351 1404
  41 277.000 403.000   0  10  155  256
  42 384.000 491.000  10  20  341  385
  43 355.000 174.000  10  33  677  784
  44  97.000 288.000   0  22 1262 1337
  45 334.000 403.000  10  26  174  204
  46 415.000 223.000  10  20  279  361
  47 432.000 199.000  10   7  635  672
  48 273.000 300.000  10  30   55  136
  49 414.000 378.000  10  23  494  525
  50  38.000  15.000   0   3 1048 1165
  51 237.000 254.000  10  20   67  129
  52  54.000 445.000  10  10  296  351
  53 488.000  26.000  10  30  407  488
  54 483.000  14.000  10  10  347  409
  55   0.000 422.000  10   8  813  860
  56 356.000 256.000  10  19  106  135
  57  94.000 235.000  10  20  156  228
  58 474.000  96.000   0  30  271  324
  59 268.000  52.000  10  10  292  350
  60 459.000  53.000   0  20 1099 1175
  61 210.000 185.000   0  20   76  159
  62 201.000 270.000  10  10   52  125
  63   0.000 188.000   0  26  904  990
  64 460.000 328.000  10  13  224  290
  65  89.000 270.000  10  10  190  247
  66 163.000 472.000  10   9  623  713
  67 371.000 193.000  10  20  133  157
  68 142.000 372.000  10  18  162  180
  69  66.000  88.000  10   2  832  858
  70 395.000 332.000  10  10  173  269
  71  93.000 413.000  10  17  226  299
  72 249.000 258.000  10  30  104  179
  73  62.000 326.000  10  20  259  343
  74 241.000 402.000  10  11 1008 1072
  75 439.000 266.000  10  10  189  232
  76 371.000 192.000  10  30  134  162
  77 381.000 494.000   0  10  310  386
  78 437.000  12.000  10  20  310  380
  79 274.000  48.000  10  10  217  236
  80 398.000  97.000  10  10  212  269
  81 180.000 283.000  10  23  753  764
  82  71.000  12.000  10   2  297  353
  83 343.000  49.000  10  10  237  323
  84 248.000 251.000  10  20    2   74
  85   7.000 194.000  10  29  939  993
  86 410.000 399.000  10  25  228  269
  87 149.000 214.000  10   7  467  528
  88  60.000 231.000  10  32 1014 1068
  89 481.000  20.000  10  20  346  377
  90 148.000 208.000   0  22  487  596
  91 346.000 354.000  10   8  800  864
  92  91.000 266.000  10  10  211  285
  93  17.000  65.000  10  20  339  344
  94 224.000 203.000  10  20   53  101
  95 260.000 472.000  10  33 1020 1082
  96 391.000 293.000  10  20  199  283
  97 411.000 421.000   0  20  289  370
  98 436.000 237.000  10  20  186  218
  99 402.000 284.000  10  30  155  254
 100 287.000 397.000  10  12  537  622
 101 145.000 434.000  10  20  211  298
 102  33.000 286.000  10  11 1499 1592
 103 370.000 262.000   0  15 1090 1138
 104 246.000 398.000  10  40  148  207
 105 451.000 305.000  10  13  208  262
 106 244.000 250.000  10  10    6  107
 107 458.000  16.000  10  20  313  418
 108 219.000 215.000  10  32   46  121
 109 326.000 118.000  10  10  152  265
 110 331.000 356.000  10  13  689  764
 111 210.000 398.000  10  10  181  258
 112 403.000  93.000  10  10  320  391
 113 248.000 404.000  10  30  154  219
 114 460.000  13.000  10  20  316  417
 115   0.000 293.000  10  30  263  325
 116 211.000 248.000  10  26   39   77
 117 484.000 174.000  10  10  254  305
 118 224.000 191.000  10  20   76  116
 119 118.000 314.000  10  26  328  377
 120 406.000 450.000  10  20  259  290
 121 115.000 395.000  10  11  808  852
 122 329.000 456.000  10  19  246  283
 123 218.000 403.000   0  15 1300 1369
 124 405.000 455.000  10  40  328  383
 125 330.000 371.000  10   1  547  600
 126  49.000 451.000  10  20  284  343
 127 307.000 249.000   0  10 1379 1405
 128 299.000 353.000  10  34  114  173
 129 236.000 213.000  10  20   39  129
 130 355.000 177.000  10  20  127  150
 131 306.000 235.000  10  25   57   92
 132  90.000 477.000   0  18  277  374
 133 379.000 486.000  10  22  633  740
 134 213.000 399.000  10  18  217  281
 135 391.000  18.000  10  10  350  436
 136 111.000 392.000  10  18 1144 1225
 137 346.000  60.000  10  10  307  365
 138 457.000 492.000  10   7  506  541
 139 291.000 213.000  10  23 1247 1298
 140 225.000 196.000  10  10   59  149
 141  94.000  40.000  10  24 1045 1121
 142 371.000 423.000  10  10  211  232
 143 417.000 217.000   0  30  186  222
 144 412.000 214.000  10  10  165  198
 145 442.000 289.000  10  25  195  241
 146 100.000 266.000  10  20  150  239
 147 111.000 178.000  10  18  156  200
 148  91.000 101.000  10  10  259  367
 149  58.000 458.000  10  10  300  376
 150 211.000 386.000  10  20  141  155
 151  94.000  97.000  10  20  224  234
 152  30.000 155.000  10   9 1280 1310
 153 208.000 184.000  10  20   78  103
 154 394.000 333.000  10  20  168  250
 155  80.000 251.000  10  14  299  338
 156 406.000  94.000  10  10  220  305
 157 418.000 221.000  10  10  277  335
 158 297.000 102.000  10  10  155  198
 159 408.000 279.000   0  20  185  284
 160 142.000  14.000  10  18  806  894
 161  73.000 328.000  10  20  193  232
 162  50.000 438.000  10  20  324  379
 163 410.000 285.000  10  20  196  219
 164  96.000  97.000   0  20  217  269
 165  21.000  64.000   0  20  331  403
 166 200.000 178.000  10  20   87  150
 167 200.000 270.000  10  20   53  140
 168 357.000 181.000  10  20  127  212
 169 476.000 174.000  10  30  308  370
 170 351.000 481.000   0  10  303  370
 171 270.000 400.000   0  10  151  199
 172  95.000 234.000  10  10  155  234
 173 133.000 455.000  10  25  759  887
 174  59.000 388.000  10  20  631  725
 175 376.000 190.000  10  30  139  211
 176 481.000 122.000  10  30  275  345
 177 266.000 405.000  10  20  219  245
 178 398.000  20.000  10  20  273  348
 179 481.000  26.000  10  30  321  381
 180  63.000 444.000  10  20  371  419
 181  89.000 290.000  10  20  166  199
 182 246.000 314.000   0  36 1451 1470
 183 262.000 369.000  10  15  119  205
 184 436.000 264.000  10  20  186  257
 185  15.000 457.000  10  20  313  420
 186 397.000  20.000  10  20  272  354
 187 328.000 491.000   0  21  659  728
 188 399.000 175.000  10  13  741  782
 189 432.000   2.000  10  20  448  516
 190  63.000 336.000  10  20  238  325
 191 295.000 247.000  10  12 1298 1339
 192 233.000 204.000  10  20   49  147
 193 142.000 360.000   0  20 1519 1574
 194 177.000 156.000  10  25  163  201
 195 315.000 287.000  10  30  126  201
 196 263.000 153.000  10  12  394  460
 197 320.000 283.000  10  30   95  157
 198 203.000 211.000  10  20 1283 1360
 199  16.000 497.000   0  20  382  500
 200 443.000 237.000  10  20  196  211
 201 267.000 162.000  10   6 1440 1488
 202 214.000 245.000  10   8   36   82
 203  92.000 234.000  10  10  219  280
 204 347.000 459.000  10  25  473  516
 205  87.000 285.000  10  30  249  264
 206 390.000 294.000  10  20  229  275
 207 209.000 212.000   0  18 1512 1574
 208   6.000 292.000  10  10  247  358
 209  18.000  63.000  10  10  324  385
 210 103.000 177.000  10  28  610  672
 211 367.000 178.000  10  20  155  235
 212 413.000 421.000  10  10  287  348
 213 257.000  57.000   0  18 1213 1269
 214 272.000 403.000  10  30  165  245
 215 221.000 291.000  10   9   50  116
 216 220.000 392.000  10  20  241  304
 217 253.000  50.000  10  27  200  317
 218 471.000 484.000  10  10  339  370
 219 404.000  83.000  10  30  296  330
 220 476.000  94.000  10  20  274  367
 221 228.000 287.000  10  21   43  108
 222 397.000  18.000  10  10  279  334
 223 488.000   3.000  10   3  402  429
 224 459.000  14.000  10  20  315  389
 225 120.000  17.000  10  30  277  312
 226  17.000 458.000   0  10  409  488
 227 111.000 467.000  10  20  292  311
 228  35.000 303.000  10  20  221  284
 229 341.000  59.000  10  27  786  823
 230 395.000 295.000  10  20  211  241
 231 339.000  60.000  10  20  209  317
 232 176.000 199.000  10  28   89  143
 233 265.000 240.000  10   9   18   93
 234 365.000 190.000  10  22 1465 1519
 235 385.000 295.000  10  20  142  205
 236 491.000 369.000  10  28  718  771
 237 495.000 227.000   0  20  339  378
 238 241.000 403.000  10  10  222  248
 239 324.000  99.000  10  10  305  401
 240 443.000 272.000  10  10  227  343
 241 440.000 284.000  10  25  827  907
 242  13.000 314.000  10  14  245  293
 243 477.000 478.000  10  20  397  417
 244 204.000 185.000  10  20  155  201
 245 483.000  22.000  10  10  325  424
 246  71.000 282.000  10  29  615  698
 247 134.000 211.000  10  35  122  227
 248 146.000 313.000  10  22 1175 1245
 249  21.000 146.000  10  21  470  534
 250 416.000 417.000  10  20  339  377
 251 361.000 181.000  10  20  169  256
 252 444.000 242.000  10  10  194  268
 253 444.000 271.000  10  10  239  283
 254 359.000 179.000  10  20  142  213
 255 388.000 334.000  10  20  165  182
 256 499.000 316.000  10  18  573  700
 257 399.000 106.000  10  20  298  336
 258  88.000  95.000   0  20  275  296
 259  95.000  64.000  10   4  758  804
 260 306.000 229.000  10  10 1310 1360
 261 273.000  55.000  10  20  196  203
 262 384.000 149.000   0  18 1183 1242
 263 122.000  35.000  10  10  250  326
 264 390.000 301.000  10  10  149  234
 265 300.000 108.000  10  10  150  256
 266   8.000 300.000  10  10  341  401
 267 166.000 247.000  10   1   84  188
 268 140.000 431.000  10  30  211  275
 269 253.000 118.000  10  19  538  586
 270 321.000 277.000  10  10   75  170
 271 168.000  59.000  10   6  368  394
 272 406.000 285.000  10  20  171  216
 273 201.000 278.000  10  13   56  102
 274  16.000 462.000  10  10  357  445
 275  14.000 459.000  10  20  330  372
 276 359.000 287.000  10  24  115  153
 277 297.000 131.000  10  25 1145 1215
 278 282.000   1.000  10  18 1021 1094
 279 440.000 244.000  10  10  238  325
 280 482.000 104.000  10  19  794  850
 281 120.000 261.000  10   5  777  839
 282 125.000  29.000  10  30  274  323
 283 405.000 276.000  10  20  241  257
 284 277.000  50.000  10  10  201  243
 285  32.000 319.000  10  21  402  430
 286  57.000  43.000  10  15  978 1099
 287   1.000 293.000  10  10  257  308
 288 236.000 126.000  10  23  124  135
 289 406.000  99.000  10  20  225  260
 290 225.000 369.000  10  38  121  164
 291 412.000 453.000  10  10  299  325
 292 104.000 349.000  10  20  984 1064
 293 173.000 182.000  10  25  102  179
 294 111.000 464.000  10  10  301  350
 295  69.000 336.000  10  20  215  252
 296 359.000 182.000  10  20  197  252
 297 244.000 277.000   0  18 1272 1360
 298  22.000 483.000  10  30  325  341
 299 452.000 110.000  10  14  322  389
 300  95.000  92.000  10  20  229  306
 301 479.000 387.000  10  13  383  442
 302 497.000 266.000  10  25  743  783
 303 376.000 195.000  10  10  160  231
 304 401.000 281.000  10  20  235  317
 305 441.000 177.000  10  23  994 1038
 306 231.000 203.000  10  20   50  119
 307  21.000 488.000  10  10  342  411
 308 231.000 204.000   0  20  142  188
 309  65.000 453.000  10  30  274  383
 310 313.000 119.000  10  30  198  264
 311  90.000 274.000  10  20  168  220
 312  35.000 306.000  10  20  225  263
 313 437.000  15.000  10  30  339  401
 314 307.000 412.000  10   8  398  440
 315  20.000 488.000  10  10  368  407
 316 170.000 347.000  10  15  418  483
 317 117.000 467.000  10  10  254  302
 318 413.000 217.000  10  20  166  244
 319 405.000 450.000  10  20  253  301
 320 394.000 322.000  10  12  995 1084
 321 125.000  61.000  10  26  612  641
 322 238.000 123.000   0  24  758  835
 323  11.000 403.000  10  18  331  385
 324 304.000 102.000  10  30  173  251
 325 478.000 121.000  10  40  295  373
 326 408.000  84.000  10  10  254  345
 327 376.000 494.000  10  30  274  353
 328  20.000  73.000  10  10  290  342
 329 352.000  63.000   0   6 1163 1224
 330 365.000 274.000  10  14  117  244
 331  30.000 301.000  10  10  270  316
 332 197.000 267.000  10  10   99  148
 333 489.000 437.000  10  29  699  744
 334 281.000  96.000   0   1 1107 1174
 335 255.000 487.000   0  19  401  425
 336 233.000 207.000  10  10   46  112
 337 441.000  60.000   0  21 1465 1482
 338 411.000 379.000  10  25 1161 1255
 339 478.000 118.000  10  20  329  410
 340 141.000 426.000   0  23  513  580
 341 112.000 433.000  10  29  229  304
 342 400.000 103.000   0  10  234  307
 343 408.000 453.000  10  10  268  329
 344 435.000 180.000  10  37  229  250
 345 335.000  57.000  10  30  210  253
 346 385.000 239.000  10  21  769  833
 347 386.000 245.000   0  16  465  523
 348 208.000 396.000   0  20  171  211
 349 380.000 498.000  10  10  280  357
 350 440.000   7.000  10  20  308  371
 351 434.000 245.000  10  10  341  372
 352 389.000 334.000  10  20  162  221
 353  57.000 183.000  10  15 1095 1135
 354  59.000 457.000   0  30  343  356
 355 402.000 281.000  10  20  225  305
 356 234.000 202.000  10  10   66  123
 357 269.000  48.000  10  20  283  309
 358 165.000  59.000  10  27  919  997
 359 461.000   8.000  10  20  368  401
 360 421.000 415.000  10  30  237  315
 361  59.000 459.000  10  20  298  355
 362  24.000 492.000  10  10  447  507
 363  55.000 449.000  10  20  278  329
 364 224.000 192.000  10  10   63  130
 365 491.000  20.000  10  20  398  419
 366 313.000 126.000  10  10  219  298
 367 283.000 438.000  10   3  208  284
 368 398.000 476.000  10  25  390  476
 369 442.000 247.000  10  10  223  289
 370 233.000  87.000  10  18  246  289
 371 479.000 127.000  10  20  259  367
 372 303.000  78.000  10  12  179  260
 373 200.000  78.000   0  31  972 1044
 374 413.000 391.000  10   8  226  239
 375 415.000 216.000  10  10  168  235
 376 293.000 228.000  10  19   48  144
 377 435.000  20.000  10  20  385  407
 378 417.000 218.000  10  10  284  303
 379 132.000  57.000  10  20  226  309
 380 399.000 104.000  10  10  279  331
 381 360.000 284.000  10  19  657  707
 382 125.000  32.000  10  30  251  345
 383 224.000 320.000  10  36 1266 1331
 384  44.000 115.000  10  24  246  300
 385 438.000 127.000  10   2  932  980
 386 342.000  54.000  10  20  240  289
 387 201.000 188.000  10  10  136  172
 388 484.000 171.000  10  10  281  335
 389 228.000 199.000  10  10  103  196
 390 245.000 461.000   0   8  623  705
 391 231.000 195.000  10  20   82  166
 392 450.000 265.000  10  10  200  267
 393 315.000 121.000  10  10  195  242
 394 420.000 213.000  10  10  173  279
 395 320.000 280.000  10  10   89  110
 396 472.000 481.000  10  20  320  371
 397 422.000 420.000  10  20  254  302
 398 470.000 125.000  10  20  253  306
 399 409.000 155.000  10  19  185  207
 400 243.000 248.000  10  30    7   72
 401 341.000  72.000  10   9  804  836
 402  58.000 449.000  10  30  356  399
 403 480.000 136.000  10  22  256  290
 404 162.000 388.000   0  11 1092 1191
 405  47.000 208.000  10  30  213  270
 406 324.000 127.000  10  30  143  225
 407  87.000  96.000  10  30  284  310
 408 140.000 137.000  10  32  548  621
 409  96.000 346.000  10  26  181  271
 410 321.000 280.000  10  30   77  120
 411 245.000 251.000  10  10    5   81
 412 436.000 295.000  10  11  519  568
 413 271.000 128.000  10  12  326  395
 414 275.000  45.000  10  20  206  306
 415 422.000 409.000  10  10  234  258
 416  93.000  96.000  10  20  232  248
 417 449.000 428.000  10  25 1227 1297
 418 379.000 196.000  10  20  177  241
 419 368.000 452.000  10  16  672  697
 420 202.000 186.000  10  20  155  178
 421 269.000  46.000  10  20  237  330
 422   7.000 292.000  10  10  246  275
 423  44.000 496.000  10  32  369  464
 424 478.000  99.000  10  10  286  367
 425 391.000  99.000  10  20  206  281
 426 132.000 477.000  10  25  292  392
 427  24.000  65.000  10  10  350  411
 428 130.000 247.000  10  17  120  163
 429 133.000 273.000  10  20  119  135
 430 411.000  95.000  10  30  223  295
 431 132.000 479.000  10  11  257  277
 432 125.000  39.000  10  20  245  267
 433 419.000 422.000  10  20  259  324
 434  77.000 465.000  10  11  275  364
 435 102.000 422.000  10  23  230  253
 436 141.000 428.000  10  20  208  246
 437 144.000 439.000  10  30  270  303
 438 470.000 417.000   0  11  739  764
 439 398.000  23.000  10  10  270  362
 440  90.000 296.000  10  20  166  231
 441 115.000 465.000  10  10  260  294
 442 275.000  42.000  10  30  225  280
 443 286.000 356.000  10  30  111  210
 444  15.000  69.000  10  10  296  358
 445 210.000 391.000  10  30  146  246
 446 433.000  15.000  10  20  297  394
 447 182.000 480.000  10  31  357  403
 448 409.000  88.000  10  20  271  299
 449 244.000 368.000  10  25  381  478
 450 381.000 328.000  10  12  699  766
 451 319.000 124.000  10  20  155  230
 452 141.000 431.000  10  30  211  276
 453 198.000 264.000  10  20  118  193
 454  69.000 334.000  10  30  199  257
 455 299.000  98.000  10  30  159  214
 456 240.000 250.000  10  10   21   83
 457 423.000 217.000  10  20  227  287
 458 477.000 179.000  10  20  237  320
 459 213.000 397.000  10  10  215  250
 460  13.000 394.000  10  15  338  438
 461  56.000 268.000  10  28 1049 1108
 462 360.000 184.000  10  10  207  265
 463 307.000 102.000  10  40  173  277
 464 250.000 328.000  10  24  230  298
 465  91.000 231.000  10  30  173  257
 466 479.000 176.000  10  20  240  285
 467 461.000 182.000  10  13  595  693
 468 389.000 300.000  10  10  147  230
 469  92.000  76.000   0   4 1133 1175
 470 476.000 102.000  10  20  346  357
 471 418.000 399.000  10  20  436  469
 472  13.000 465.000   0  31  736  841
 473  92.000 232.000  10  10  159  246
 474 394.000  47.000  10   5  285  371
 475  16.000 287.000  10  12  236  341
 476 143.000 158.000  10  12  141  201
 477  18.000 484.000  10  10  329  391
 478 250.000 411.000  10  30  164  242
 479 387.000 297.000  10  10  144  177
 480 214.000 274.000  10  24 1356 1413
 481 130.000 494.000  10   6  757  791
 482  23.000  67.000  10  30  352  457
 483 374.000 489.000  10  20  269  334
 484 126.000  30.000  10  10  265  309
 485 112.000 467.000  10  10  263  319
 486 166.000 440.000  10  12  207  262
 487 210.000 276.000  10   5   47   75
 488  80.000 286.000  10  10  197  281
 489  66.000 448.000  10  10  270  287
 490 352.000 176.000  10  20  126  182
 491 247.000 219.000  10  17   31   54
 492  86.000 268.000  10  10  213  251
 493 272.000 402.000  10  10  153  207
 494 317.000 123.000  10  20  195  216
 495  35.000 304.000  10  30  226  239
 496 470.000 473.000  10  10  406  486
 497 224.000  56.000  10  13 1150 1253
 498 343.000  47.000  10  20  240  344
 499  52.000  18.000  10  28  833  910
 500 195.000 185.000  10  20   99  156
 501  92.000 236.000  10  20  222  323
 502 124.000  56.000  10  20  231  279
 503 481.000 454.000  10  14  308  365
 504 384.000  16.000  10  20  332  399
 505 371.000 200.000  10  10  210  268
 506 153.000 235.000  10  10   98  135
 507 206.000 186.000  10  10  163  242
 508 468.000 475.000  10  10  313  401
 509 100.000  66.000  10  15 1380 1449
 510  12.000 451.000  10  20  311  329
 511 489.000  17.000  10  10  359  431
 512 440.000 247.000  10  20  220  317
 513 270.000 401.000  10  20  152  257
 514   5.000 445.000  10  30  313  371
 515 198.000 271.000  10  20   56  170
 516 480.000 131.000  10   5  676  729
 517 437.000  98.000  10  16 1110 1147
 518  49.000 437.000  10   7  436  449
 519 318.000 280.000  10  20   82  142
 520  67.000 452.000  10  30  272  328
 521 343.000 276.000  10  15   96  166
 522 393.000  12.000  10  10  286  363
 523 236.000 247.000  10  20   41   93
 524   3.000 292.000  10  20  256  286
 525 147.000 435.000  10  20  211  313
 526 470.000 475.000  10  30  314  417
 527 238.000 204.000  10 -40   76  164
 528  95.000 235.000  10 -23  155  235
 529 107.000 374.000  10 -10  908  951
 530 316.000 284.000  10 -20   95  184
 531 185.000 434.000  10 -10  572  605
 532  89.000 272.000  10 -10  200  213
 533 485.000  24.000  10  -5  326  417
 534 189.000 402.000  10 -40  531  571
 535  92.000 233.000  10 -10  179  298
 536 407.000  88.000  10 -20  297  381
 537 333.000 293.000  10 -14  597  667
 538 111.000 459.000  10 -20  337  410
 539 439.000 268.000  10 -40  287  339
 540 128.000 113.000  10 -17  338  417
 541 405.000 454.000  10 -15 1301 1335
 542 195.000 111.000  10 -26  997 1030
 543 120.000  37.000  10 -10  768  813
 544 390.000 120.000  10 -24 1014 1025
 545 471.000  94.000  10 -10  969 1059
 546 366.000 334.000  10 -20  408  443
 547 452.000 206.000  10 -14  470  544
 548  85.000 288.000  10 -10  169  243
 549 307.000  52.000  10 -23  891  980
 550 133.000 202.000  10 -10  468  483
 551  53.000 204.000  10 -16 1023 1117
 552 380.000 489.000  10 -36  386  402
 553  46.000 163.000  10 -23  909  973
 554 253.000  74.000  10 -28 1327 1404
 555 476.000 483.000  10 -20  324  432
 556 351.000   5.000  10 -20  493  529
 557 308.000 199.000  10 -10 1502 1544
 558  38.000 301.000  10 -10  295  326
 559 176.000 470.000  10 -27  528  596
 560 371.000 315.000  10 -20 1164 1198
 561 400.000 286.000  10 -30  163  170
 562 421.000 386.000  10 -29  818  861
 563 475.000 477.000  10 -20  413  427
 564  29.000 336.000  10 -10  299  394
 565  90.000 285.000  10 -20  221  362
 566 102.000   6.000  10 -32 1441 1505
 567 277.000 403.000  10 -10  155  256
 568 377.000 432.000  10 -20  808  885
 569 330.000 138.000  10 -33 1108 1141
 570  97.000 288.000  10 -22 1262 1337
 571 412.000 478.000  10 -26  952  998
 572 409.000 255.000  10 -20 1525 1549
 573 426.000 231.000  10  -7 1001 1086
 574 273.000 149.000  10 -30 1485 1551
 575 420.000 383.000  10 -23  975 1019
 576  38.000  15.000  10  -3 1048 1165
 577 244.000 254.000  10 -20   88  143
 578  84.000 453.000  10 -10 1180 1295
 579 483.000  27.000  10 -30  437  509
 580 485.000  27.000  10 -10  441  481
 581  58.000 391.000  10  -8  892  903
 582 368.000 311.000  10 -19  900  982
 583  93.000 235.000  10 -20  221  302
 584 474.000  96.000  10 -30  271  324
 585 239.000  15.000  10 -10  567  670
 586 459.000  53.000  10 -20 1099 1175
 587 210.000 185.000  10 -20   76  159
 588 204.000 269.000  10 -10   49  110
 589   0.000 188.000  10 -26  904  990
 590 471.000 368.000  10 -13  401  486
 591  95.000 277.000  10 -10  268  311
 592 150.000 484.000  10  -9  623  657
 593 439.000 243.000  10 -20  302  355
 594 154.000 392.000  10 -18  171  246
 595 151.000  81.000  10  -2 1559 1587
 596 398.000 325.000  10 -10  223  273
 597  16.000 460.000  10 -17  393  459
 598 234.000 246.000  10 -30   16  146
 599  92.000 259.000  10 -20  402  427
 600 230.000 320.000  10 -11 1169 1246
 601 445.000 273.000  10 -10  234  312
 602 378.000 199.000  10 -30  205  239
 603 381.000 494.000  10 -10  310  386
 604 462.000  14.000  10 -20  391  433
 605 295.000  89.000  10 -10  710  804
 606 406.000  96.000  10 -10  219  295
 607 217.000 207.000  10 -23 1342 1453
 608   6.000  53.000  10  -2  575  629
 609 386.000  13.000  10 -10  315  388
 610 316.000 286.000  10 -20  135  168
 611  26.000  67.000  10 -29 1294 1369
 612 408.000 452.000  10 -25  265  310
 613 105.000 181.000  10  -7 1513 1579
 614 111.000 192.000  10 -32 1196 1232
 615 492.000  34.000  10 -20  780  872
 616 148.000 208.000  10 -22  487  596
 617 243.000 408.000  10  -8 1436 1462
 618  91.000 268.000  10 -10  250  270
 619  21.000  70.000  10 -20  750  822
 620 144.000  35.000  10 -20  239  370
 621 272.000 420.000  10 -33 1375 1426
 622 390.000 325.000  10 -20  221  311
 623 411.000 421.000  10 -20  289  370
 624 441.000 244.000  10 -20  274  311
 625 352.000 241.000  10 -30  776  839
 626 294.000 421.000  10 -12 1556 1625
 627 239.000 486.000  10 -20 1486 1508
 628  33.000 278.000  10 -11 1478 1526
 629 370.000 262.000  10 -15 1090 1138
 630 250.000 405.000  10 -40  155  212
 631 468.000 352.000  10 -13  755  812
 632 374.000 190.000  10 -10  137  216
 633 464.000  13.000  10 -20  323  476
 634 200.000 261.000  10 -32  148  215
 635 270.000  49.000  10 -10  292  323
 636 311.000 422.000  10 -13  977 1029
 637 215.000 395.000  10 -10  229  284
 638 397.000  57.000  10 -10 1472 1510
 639 249.000 407.000  10 -30  157  245
 640 459.000  10.000  10 -20  318  385
 641   0.000 297.000  10 -30  267  349
 642 199.000 268.000  10 -26   63  110
 643 479.000 169.000  10 -10  288  360
 644 199.000 187.000  10 -20   92  192
 645 284.000 319.000  10 -26  806  858
 646 348.000 348.000  10 -20  928  971
 647 154.000 374.000  10 -11  898 1005
 648 313.000 493.000  10 -19 1177 1239
 649 218.000 403.000  10 -15 1300 1369
 650 380.000 350.000  10 -40  847  916
 651 370.000 382.000  10  -1  865  933
 652  21.000 485.000  10 -20  340  367
 653 307.000 249.000  10 -10 1379 1405
 654 313.000 391.000  10 -34  154  239
 655 228.000 260.000  10 -20 1580 1662
 656 481.000 124.000  10 -20  290  306
 657 374.000 232.000  10 -25  125  166
 658  90.000 477.000  10 -18  277  374
 659 433.000 447.000  10 -22  739  880
 660 214.000 394.000  10 -18  221  271
 661 437.000  19.000  10 -10 1019 1038
 662 103.000 464.000  10 -18 1242 1334
 663 347.000  62.000  10 -10  321  375
 664 440.000 436.000  10  -7  882  932
 665 303.000 186.000  10 -23 1325 1413
 666 213.000 185.000  10 -10   74  194
 667  87.000   3.000  10 -24 1441 1456
 668 378.000 493.000  10 -10  274  331
 669 417.000 217.000  10 -30  186  222
 670 421.000 218.000  10 -10  244  295
 671 487.000 320.000  10 -25  818  927
 672 216.000 341.000  10 -20  649  689
 673  43.000 135.000  10 -18  236  338
 674  64.000 294.000  10 -10 1090 1142
 675 122.000 422.000  10 -10 1435 1509
 676 245.000 408.000  10 -20  183  254
 677  65.000  62.000  10 -20  961 1021
 678  13.000 214.000  10  -9 1317 1421
 679 132.000  55.000  10 -20  248  317
 680 395.000 331.000  10 -20  209  255
 681 149.000 341.000  10 -14  398  440
 682 459.000  17.000  10 -10  390  463
 683 436.000 241.000  10 -10  324  360
 684 371.000  71.000  10 -10  274  329
 685 408.000 279.000  10 -20  185  284
 686 209.000  68.000  10 -18 1562 1605
 687  67.000 334.000  10 -20  226  265
 688 186.000 135.000  10 -20  689  777
 689 390.000 249.000  10 -20  549  645
 690  96.000  97.000  10 -20  217  269
 691  21.000  64.000  10 -20  331  403
 692 130.000  57.000  10 -20  227  290
 693 197.000 270.000  10 -20   56  171
 694 355.000 180.000  10 -20  138  167
 695 498.000 171.000  10 -30 1231 1311
 696 351.000 481.000  10 -10  303  370
 697 270.000 400.000  10 -10  151  199
 698  92.000 230.000  10 -10  191  216
 699 196.000 489.000  10 -25  994 1097
 700  84.000 377.000  10 -20  915  968
 701 331.000 134.000  10 -30 1130 1148
 702 482.000 141.000  10 -30  987 1065
 703 263.000 418.000  10 -20  272  315
 704 435.000  16.000  10 -20  342  423
 705 491.000  25.000  10 -30  401  447
 706  67.000 451.000  10 -20 1211 1250
 707  66.000 336.000  10 -20  203  339
 708 246.000 314.000  10 -36 1451 1470
 709 230.000 487.000  10 -15 1122 1168
 710 444.000 269.000  10 -20  197  300
 711  13.000 459.000  10 -20  335  388
 712 429.000  67.000  10 -20  704  790
 713 328.000 491.000  10 -21  659  728
 714 382.000 110.000  10 -13 1110 1145
 715 390.000  34.000  10 -20 1037 1114
 716   5.000 281.000  10 -20 1365 1409
 717 274.000 261.000  10 -12 1696 1747
 718 238.000 203.000  10 -20   63  155
 719 142.000 360.000  10 -20 1519 1574
 720 132.000  32.000  10 -25  773  826
 721 340.000 291.000  10 -30  477  493
 722 314.000 205.000  10 -12 1504 1580
 723 386.000 154.000  10 -30 1088 1144
 724 272.000 234.000  10 -20 1587 1624
 725  16.000 497.000  10 -20  382  500
 726 445.000 237.000  10 -20  199  232
 727 264.000 180.000  10  -6 1602 1740
 728 215.000 282.000  10  -8 1405 1506
 729  80.000 117.000  10 -10  808  871
 730 328.000 458.000  10 -25  755  810
 731  88.000 286.000  10 -30  233  301
 732 388.000 325.000  10 -20  252  304
 733 209.000 212.000  10 -18 1512 1574
 734  52.000 303.000  10 -10  429  483
 735  21.000  68.000  10 -10  364  468
 736 140.000 108.000  10 -28 1049 1123
 737 364.000 173.000  10 -20  166  225
 738 413.000 417.000  10 -10  330  412
 739 257.000  57.000  10 -18 1213 1269
 740 269.000 402.000  10 -30  188  248
 741 226.000 316.000  10  -9   70   91
 742 336.000 493.000  10 -20 1488 1528
 743 262.000  92.000  10 -27  607  684
 744 425.000 448.000  10 -10  759  859
 745 406.000  87.000  10 -30  309  347
 746 477.000  97.000  10 -20  273  343
 747 226.000 175.000  10 -21 1678 1733
 748 439.000  15.000  10 -10  330  387
 749 472.000  57.000  10  -3 1254 1366
 750 476.000  61.000  10 -20  434  493
 751  60.000   5.000  10 -30 1032 1085
 752  17.000 458.000  10 -10  409  488
 753 188.000 119.000  10 -20  955 1024
 754   6.000 296.000  10 -20  303  367
 755 376.000  92.000  10 -27  957 1055
 756 463.000 253.000  10 -20 1046 1078
 757 389.000  17.000  10 -20  347  415
 758 149.000  98.000  10 -28 1152 1208
 759 397.000 153.000  10  -9  872  922
 760 347.000 192.000  10 -22 1478 1529
 761 393.000 301.000  10 -20  177  210
 762 478.000 300.000  10 -28  897  912
 763 495.000 227.000  10 -20  339  378
 764 352.000 487.000  10 -10  905  928
 765 265.000   0.000  10 -10  869  953
 766 489.000 274.000  10 -10  529  569
 767 440.000 292.000  10 -25  919  991
 768  72.000 227.000  10 -14  526  631
 769 299.000 285.000  10 -20 1247 1290
 770 204.000 187.000  10 -20  162  219
 771 489.000  27.000  10 -10  410  462
 772 167.000 445.000  10 -29 1399 1455
 773  34.000 169.000  10 -35  475  523
 774 199.000 203.000  10 -22 1440 1504
 775   1.000 101.000  10 -21 1249 1295
 776 429.000 389.000  10 -20  409  469
 777 344.000  70.000  10 -20 1121 1200
 778 443.000 246.000  10 -10  215  274
 779 435.000 268.000  10 -10  309  345
 780 398.000 103.000  10 -20  274  312
 781 448.000 404.000  10 -20  574  654
 782 492.000 335.000  10 -18  818  868
 783 391.000 112.000  10 -20  981 1050
 784  88.000  95.000  10 -20  275  296
 785  58.000  39.000  10  -4 1136 1219
 786 241.000 180.000  10 -10 1696 1724
 787 365.000  74.000  10 -20  831  896
 788 384.000 149.000  10 -18 1183 1242
 789 133.000  26.000  10 -10  322  331
 790 453.000 318.000  10 -10  354  423
 791 347.000  54.000  10 -10  270  350
 792  12.000 358.000  10 -10 1208 1271
 793 146.000 188.000  10  -1 1222 1278
 794 112.000 465.000  10 -30  303  325
 795 178.000  72.000  10 -19  737  806
 796 407.000 280.000  10 -10  198  249
 797 157.000  38.000  10  -6 1043 1083
 798 420.000 224.000  10 -20  414  473
 799 146.000 376.000  10 -13  221  278
 800  18.000 462.000  10 -10  397  429
 801  12.000 463.000  10 -20  341  410
 802 398.000 329.000  10 -24  167  186
 803 325.000 147.000  10 -25 1173 1230
 804 323.000  29.000  10 -18 1099 1205
 805 359.000 246.000  10 -10 1406 1470
 806 488.000  96.000  10 -19 1063 1099
 807 131.000 246.000  10  -5  821  874
 808 129.000  27.000  10 -30  302  323
 809 320.000 211.000  10 -20  985 1031
 810 343.000  62.000  10 -10  356  388
 811   0.000 356.000  10 -21 1057 1146
 812  66.000  31.000  10 -15 1021 1106
 813 172.000 314.000  10 -10  520  600
 814 267.000  44.000  10 -23  265  276
 815 407.000  98.000  10 -20  218  281
 816 207.000 400.000  10 -38  186  226
 817 399.000 450.000  10 -10  306  442
 818 175.000 422.000  10 -20 1426 1496
 819  18.000 225.000  10 -25  680  733
 820 149.000 458.000  10 -10 1151 1207
 821  51.000 286.000  10 -20 1455 1493
 822 401.000 164.000  10 -20  603  669
 823 244.000 277.000  10 -18 1272 1360
 824  21.000 487.000  10 -30  348  382
 825 452.000 172.000  10 -14  611  635
 826  92.000  18.000  10 -20 1101 1177
 827 489.000 338.000  10 -13 1381 1443
 828 475.000 267.000  10 -25  742  848
 829 440.000 241.000  10 -10  269  363
 830 435.000 267.000  10 -20  305  371
 831 466.000 149.000  10 -23 1162 1240
 832 206.000 261.000  10 -20  177  218
 833  20.000 489.000  10 -10  371  426
 834 231.000 204.000  10 -20  142  188
 835  28.000 467.000  10 -30 1306 1409
 836 269.000 112.000  10 -30 1234 1322
 837  88.000 287.000  10 -20  261  295
 838  25.000 307.000  10 -20  232  300
 839 441.000   7.000  10 -30  370  443
 840 195.000 464.000  10  -8 1519 1591
 841   8.000 497.000  10 -10  378  467
 842 210.000 379.000  10 -15  714  733
 843 110.000 459.000  10 -10  298  427
 844 423.000 214.000  10 -20  182  281
 845 438.000 488.000  10 -20  326  358
 846 330.000 308.000  10 -12 1129 1241
 847  89.000  65.000  10 -26  705  766
 848 238.000 123.000  10 -24  758  835
 849 159.000 299.000  10 -18  993 1069
 850 344.000  62.000  10 -30  303  419
 851 477.000 120.000  10 -40  315  399
 852 418.000  75.000  10 -10  449  476
 853 387.000 488.000  10 -30  350  403
 854  16.000  68.000  10 -10  296  391
 855 352.000  63.000  10  -6 1163 1224
 856 490.000 286.000  10 -14  500  575
 857   7.000 300.000  10 -10  328  392
 858 192.000 265.000  10 -10  100  179
 859 434.000 359.000  10 -29 1390 1425
 860 281.000  96.000  10  -1 1107 1174
 861 255.000 487.000  10 -19  401  425
 862 179.000 286.000  10 -10  316  396
 863 441.000  60.000  10 -21 1465 1482
 864 498.000 456.000  10 -25 1395 1447
 865 480.000 152.000  10 -20 1024 1049
 866 141.000 426.000  10 -23  513  580
 867  53.000 440.000  10 -29  330  347
 868 400.000 103.000  10 -10  234  307
 869 469.000 489.000  10 -10  542  599
 870 455.000 168.000  10 -37  847  916
 871 340.000  54.000  10 -30  227  279
 872 428.000 202.000  10 -21  893  945
 873 386.000 245.000  10 -16  465  523
 874 208.000 396.000  10 -20  171  211
 875 381.000 495.000  10 -10  307  367
 876 374.000 116.000  10 -20  581  624
 877 366.000 288.000  10 -10  684  714
 878 391.000 334.000  10 -20  169  223
 879  68.000 160.000  10 -15 1125 1177
 880  59.000 457.000  10 -30  343  356
 881 441.000 273.000  10 -20  281  313
 882 157.000 269.000  10 -10 1577 1606
 883 251.000  63.000  10 -20  974 1030
 884 210.000  29.000  10 -27 1029 1103
 885 460.000   2.000  10 -20  328  407
 886 473.000 475.000  10 -30  390  475
 887  27.000 464.000  10 -20 1259 1354
 888  26.000 490.000  10 -10  481  499
 889  17.000 459.000  10 -20  404  471
 890 231.000  29.000  10 -10 1203 1280
 891 493.000 111.000  10 -20  527  585
 892 314.000 124.000  10 -10  231  261
 893 332.000 459.000  10  -3  351  416
 894 377.000 385.000  10 -25  846  917
 895 442.000 243.000  10 -10  284  324
 896 187.000  73.000  10 -18  268  346
 897 479.000 121.000  10 -20  307  338
 898 341.000  58.000  10 -12  223  254
 899 200.000  78.000  10 -31  972 1044
 900 416.000 420.000  10  -8  274  335
 901 425.000 215.000  10 -10  183  305
 902 335.000  46.000  10 -19 1321 1392
 903 364.000  71.000  10 -20 1324 1402
 904 418.000 218.000  10 -10  250  314
 905 132.000  30.000  10 -20  323  359
 906 350.000 199.000  10 -10 1195 1238
 907 405.000 187.000  10 -19 1238 1293
 908  30.000   7.000  10 -30 1152 1256
 909 297.000 283.000  10 -36 1333 1396
 910  15.000  68.000  10 -24  297  347
 911 404.000 140.000  10  -2 1249 1298
 912 394.000  23.000  10 -20  392  446
 913  79.000  80.000  10 -10 1383 1412
 914 482.000 184.000  10 -10 1108 1136
 915 241.000 205.000  10 -10   92  173
 916 245.000 461.000  10  -8  623  705
 917 226.000 191.000  10 -20   73  143
 918 360.000 294.000  10 -10 1422 1443
 919 307.000 108.000  10 -10  238  267
 920 447.000 184.000  10 -10  395  483
 921 358.000 183.000  10 -10  213  284
 922 477.000 483.000  10 -20  343  418
 923 494.000 468.000  10 -20  339  395
 924 481.000  96.000  10 -20  277  370
 925 439.000 156.000  10 -19  525  557
 926 225.000 269.000  10 -30 1272 1300
 927 351.000 128.000  10  -9 1245 1291
 928  76.000 462.000  10 -30  958  984
 929 472.000 129.000  10 -22  252  334
 930 162.000 388.000  10 -11 1092 1191
 931  31.000 175.000  10 -30  243  281
 932 404.000 103.000  10 -30  239  274
 933  39.000 162.000  10 -30  533  628
 934 179.000  75.000  10 -32  729  781
 935  95.000 382.000  10 -26  224  268
 936 389.000 156.000  10 -30  707  755
 937 375.000 191.000  10 -10  164  200
 938 408.000 318.000  10 -11  623  694
 939 240.000  34.000  10 -12 1557 1592
 940 306.000  42.000  10 -20  474  509
 941 419.000 418.000  10 -10  238  357
 942  97.000  93.000  10 -20  237  274
 943 448.000 414.000  10 -25 1208 1268
 944 423.000 221.000  10 -20  263  284
 945 406.000 460.000  10 -16  697  771
 946 178.000 135.000  10 -20 1490 1568
 947 335.000  99.000  10 -20 1202 1264
 948   5.000 297.000  10 -10  325  367
 949  48.000 437.000  10 -32  795  842
 950 478.000 102.000  10 -10  298  380
 951 399.000 102.000  10 -20  243  321
 952 179.000 497.000  10 -25 1385 1467
 953  25.000  65.000  10 -10  365  417
 954  91.000 235.000  10 -17  254  314
 955 135.000 400.000  10 -20  280  348
 956 432.000  66.000  10 -30 1076 1096
 957  89.000 185.000  10 -11  552  678
 958 150.000  68.000  10 -20  409  466
 959 417.000 417.000  10 -20  337  358
 960  69.000 414.000  10 -11 1259 1298
 961  53.000 466.000  10 -23  312  388
 962 138.000 438.000  10 -20  273  331
 963 134.000 428.000  10 -30  305  342
 964 470.000 417.000  10 -11  739  764
 965 481.000  84.000  10 -10  465  577
 966  19.000 273.000  10 -20  974 1090
 967 175.000 352.000  10 -10 1572 1685
 968 292.000  32.000  10 -30  222  276
 969 267.000 400.000  10 -30  233  261
 970  24.000  68.000  10 -10  392  466
 971 243.000 399.000  10 -30  218  282
 972 435.000  11.000  10 -20  302  374
 973 274.000 441.000  10 -31  657  762
 974 436.000  25.000  10 -20 1251 1343
 975 277.000 428.000  10 -25  483  528
 976 330.000 281.000  10 -12 1327 1364
 977 323.000 118.000  10 -20  150  233
 978 146.000 439.000  10 -30  237  312
 979 322.000 290.000  10 -20 1480 1507
 980  44.000 311.000  10 -30  395  450
 981 346.000  57.000  10 -30  314  332
 982 237.000 213.000  10 -10  130  194
 983 418.000 251.000  10 -20 1183 1241
 984 484.000 177.000  10 -20  245  322
 985 235.000 316.000  10 -10  649  693
 986  37.000 281.000  10 -15  476  541
 987  40.000 304.000  10 -28 1133 1187
 988 323.000  77.000  10 -10 1400 1441
 989 304.000  97.000  10 -40  162  231
 990 286.000 244.000  10 -24 1252 1345
 991  61.000 214.000  10 -30  321  393
 992 488.000 173.000  10 -20  264  324
 993 429.000 169.000  10 -13  890  945
 994 399.000 301.000  10 -10  158  260
 995  92.000  76.000  10  -4 1133 1175
 996 477.000 122.000  10 -20  286  405
 997 374.000 306.000  10 -20  993 1025
 998  13.000 465.000  10 -31  736  841
 999  90.000 232.000  10 -10  198  256
1000 393.000  20.000  10  -5  348  464
1001  24.000 259.000  10 -12  368  403
1002  75.000 118.000  10 -12  419  430
1003  44.000 440.000  10 -10  790  817
1004 226.000 423.000  10 -30  174  259
1005 385.000 285.000  10 -10  877  888
1006 257.000 391.000  10 -24 1603 1670
1007  64.000 437.000  10  -6  903  963
1008  30.000  72.000  10 -30  418  476
1009 382.000 498.000  10 -20  289  360
1010  18.000  24.000  10 -10  598  688
1011 109.000 463.000  10 -10  308  389
1012 250.000 441.000  10 -12  732  809
1013  67.000 335.000  10  -5  223  291
1014  79.000 291.000  10 -10  175  286
1015  62.000 453.000  10 -10  297  322
1016 325.000  56.000  10 -20  751  872
1017 238.000 210.000  10 -17  142  156
1018  92.000 270.000  10 -10  236  308
1019 318.000 497.000  10 -10  836  901
1020 305.000 107.000  10 -20  214  266
1021  44.000 344.000  10 -30 1072 1117
1022 450.000 416.000  10 -10  581  602
1023 235.000  33.000  10 -13 1329 1375
1024 365.000  28.000  10 -20  250  338
1025  64.000   5.000  10 -28 1120 1167
1026 133.000  53.000  10 -20  258  330
1027 212.000 186.000  10 -20 1663 1737
1028 109.000  56.000  10 -20  239  283
1029 470.000 405.000  10 -14  913  969
1030 337.000  41.000  10 -20  971 1063
1031 330.000 147.000  10 -10  848  879
1032  34.000 239.000  10 -10  216  295
1033 188.000 151.000  10 -10 1261 1363
1034 493.000 493.000  10 -10  843  900
1035  56.000  75.000  10 -15 1414 1491
1036  16.000 463.000  10 -20  367  413
1037 480.000 119.000  10 -10  619  668
1038 458.000 213.000  10 -20 1130 1156
1039 267.000 394.000  10 -20  211  338
1040  13.000 455.000  10 -30  313  371
1041 195.000 273.000  10 -20   59  156
1042 485.000 104.000  10  -5  766  853
1043 415.000  95.000  10 -16 1158 1225
1044   7.000 382.000  10  -7  746  824
1045 344.000 203.000  10 -20  141  223
1046  51.000 447.000  10 -30  286  333
1047 500.000 228.000  10 -15  758  835
1048 385.000  17.000  10 -10  792  856
1049 200.000 265.000  10 -20  155  180
1050   2.000 295.000  10 -20  314  327
1051 111.000 463.000  10 -20  322  351
1052 475.000 480.000  10 -30  378  411
1053 250.000 250.000   0   0    0 1821
