523 523 1000 200 1000
   0 250.000 250.000   0   0    0 1821
   1 440.000 436.000  10  18  862  951
   2 214.000 394.000  10  10  200  291
   3 476.000 483.000  10  10  337  403
   4 352.000 487.000  10  27  888  945
   5 230.000 197.000  10  40  100  173
   6 175.000 239.000  10  23   75  169
   7 313.000 282.000   0  20  152  204
   8 239.000 486.000   0   3 1433 1562
   9 102.000 264.000  10  10  148  257
  10 408.000 452.000  10  10  260  314
  11 451.000  62.000  10   5  275  355
  12 203.000 390.000  10  40  147  257
  13   7.000 300.000  10  30  315  404
  14 347.000  54.000  10  10  276  345
  15 406.000  87.000  10  10  301  355
  16 441.000 265.000  10  40  191  300
  17 130.000 140.000  10  17  183  235
  18 467.000 114.000   0  10  338  443
  19 440.000 292.000   0  24  888 1022
  20 268.000 400.000  10  20  208  308
  21 391.000 202.000  10  14  148  323
  22 439.000  15.000  10  20  309  408
  23 131.000  56.000  10  10  229  313
  24  41.000 232.000  10  16  209  272
  25 340.000 416.000  10  36  296  376
  26 314.000 124.000  10  20  221  270
  27 417.000 417.000  10  10  313  381
  28 450.000 416.000  10  25  541  643
  29 246.000 255.000  10  10   57  199
  30  71.000 333.000  10  10  197  294
  31 105.000 474.000  10  27  465  506
  32 388.000 331.000  10  20  160  277
  33 200.000 261.000  10  10  106  257
  34 400.000 288.000  10  30  154  262
  35 378.000 199.000  10  10  180  265
  36 325.000 147.000   0  14 1163 1241
  37 404.000 447.000  10  20  250  352
  38 358.000 183.000  10  20  203  294
  39  30.000 302.000  10  10  226  372
  40  96.000 270.000  10  20  155  272
  41  60.000  29.000   0  32 1322 1433
  42  34.000 169.000   0  11  427  571
  43 277.000 403.000  10  10  155  245
  44 334.000 403.000  10  26  174  298
  45 415.000 223.000  10  20  286  354
  46 432.000 199.000  10   7  636  672
  47 273.000 300.000  10  30   55  123
  48 269.000 112.000  10  19 1228 1328
  49 429.000 389.000  10  18  385  494
  50 371.000  71.000  10  21  241  362
  51 237.000 254.000  10  20   33  163
  52  54.000 445.000  10  10  283  364
  53 438.000 488.000  10  18  303  384
  54 230.000 487.000  10  20 1072 1218
  55 356.000 256.000  10  19  106  172
  56 474.000  96.000  10  30  271  365
  57 439.000 243.000  10  20  305  352
  58 210.000 185.000  10  20   76  189
  59   0.000 188.000   0  26  890 1005
  60 418.000  75.000  10  11  395  530
  61 460.000 328.000  10  13  224  346
  62  97.000  93.000  10  20  219  303
  63  29.000 336.000  10  22  300  393
  64 343.000  62.000  10  10  320  424
  65 371.000 193.000  10  20  133  217
  66 142.000 372.000  10  18  162  213
  67 395.000 332.000  10  10  189  253
  68  93.000 413.000  10  17  226  249
  69 267.000 394.000  10  10  220  328
  70 249.000 258.000  10  30  107  176
  71 472.000 129.000  10  10  254  281
  72  62.000 326.000  10  20  259  343
  73 212.000 186.000   0  11 1615 1737
  74 439.000 266.000  10  10  189  295
  75  62.000 453.000  10  10  276  368
  76 192.000 265.000  10  10  103  176
  77 371.000 192.000  10  30  134  277
  78  64.000 294.000  10  12 1068 1165
  79 381.000 494.000  10  10  283  414
  80 437.000  12.000  10  20  325  365
  81 274.000  48.000  10  10  203  279
  82 488.000 173.000  10  20  265  322
  83 398.000  97.000  10  10  212  284
  84 180.000 283.000  10  23  719  798
  85  71.000  12.000  10   2  297  369
  86 343.000  49.000  10  10  249  310
  87 248.000 251.000  10  20    2   72
  88 410.000 399.000  10  25  218  314
  89 398.000 103.000  10  30  269  318
  90 464.000  13.000  10  20  349  450
  91 439.000 268.000  10  10  271  354
  92 149.000 214.000  10   7  429  565
  93  60.000 231.000  10  32  998 1083
  94 448.000 404.000  10  15  545  683
  95 481.000  20.000  10  20  325  405
  96 111.000 459.000  10  20  302  445
  97 389.000  17.000  10  10  341  421
  98 148.000 208.000  10  22  502  580
  99 390.000 325.000   0  30  192  340
 100  91.000 266.000  10  10  191  304
 101  17.000  65.000   0  20  315  369
 102 391.000 293.000  10  20  206  276
 103 411.000 421.000   0  20  283  377
 104 475.000 480.000  10  30  347  442
 105 436.000 237.000  10  20  186  268
 106 402.000 284.000  10  30  155  207
 107 145.000 434.000  10  20  211  322
 108 393.000  20.000  10  20  365  447
 109 330.000 308.000  10  24 1141 1229
 110 246.000 398.000  10  40  148  209
 111 451.000 305.000  10  13  208  306
 112 226.000 316.000  10  21   70  172
 113 458.000  16.000  10  20  313  390
 114 219.000 215.000   0  32   46  177
 115 326.000 118.000  10  10  152  264
 116 365.000  74.000   0  24  858  868
 117 248.000 404.000  10  30  154  266
 118 460.000  13.000  10  20  316  395
 119   0.000 293.000  10  30  253  361
 120 211.000 248.000  10  26   39  117
 121 175.000 352.000   0  12 1619 1685
 122 224.000 191.000  10  20   72  120
 123 406.000 450.000  10  20  253  349
 124 253.000  74.000  10  20 1297 1433
 125 436.000 241.000  10  20  275  410
 126 238.000 203.000  10  10   71  147
 127 405.000 455.000  10  40  281  430
 128 485.000  27.000  10  10  414  508
 129 323.000 118.000  10  20  150  242
 130  25.000  65.000  10  10  336  446
 131 406.000  96.000  10  20  219  339
 132  49.000 451.000  10  20  284  350
 133 299.000 353.000  10  34  114  151
 134 236.000 213.000  10  20   39  127
 135 306.000 235.000  10  25   57  148
 136  90.000 477.000   0  18  277  376
 137 213.000 399.000   0  18  177  321
 138 330.000 281.000   0  14 1298 1393
 139 291.000 213.000  10  23 1221 1324
 140 154.000 374.000  10  36  909  995
 141 225.000 196.000  10  10   59  145
 142  94.000  40.000  10  24 1013 1153
 143   0.000 356.000  10  13 1066 1137
 144 371.000 423.000  10  10  211  290
 145 417.000 217.000  10  30  186  222
 146 500.000 228.000  10   8  768  826
 147 412.000 214.000  10  10  165  216
 148 440.000 241.000   0  10  277  355
 149 111.000 178.000  10  18  156  251
 150  91.000 101.000  10  10  263  364
 151  25.000 307.000  10  10  239  290
 152 135.000 400.000  10  20  294  333
 153  58.000 458.000  10  10  283  432
 154 211.000 386.000  10  20  141  233
 155 208.000 184.000   0  20   78  167
 156 394.000 333.000  10  20  166  284
 157 355.000 180.000  10  30  126  203
 158  21.000 485.000  10  30  328  439
 159  80.000 251.000  10  14  264  374
 160 476.000  61.000   0  36  392  536
 161 406.000  94.000  10  10  220  355
 162 274.000 441.000   0  12  683  736
 163 304.000  97.000  10  20  162  233
 164 297.000 102.000  10  10  155  281
 165 408.000 279.000  10  20  193  277
 166  73.000 328.000  10  20  193  270
 167 441.000   7.000  10  20  377  437
 168 462.000  14.000  10  20  388  436
 169  58.000  39.000  10  12 1153 1202
 170  58.000 391.000  10  16  860  934
 171 410.000 285.000  10  20  163  273
 172  96.000  97.000  10  20  217  331
 173 216.000 341.000  10  19  611  726
 174  48.000 437.000   0   4  796  841
 175 357.000 181.000  10  20  127  237
 176 400.000 286.000  10  10  154  270
 177 351.000 481.000   0  10  296  377
 178  95.000 234.000  10  10  155  249
 179  59.000 388.000  10  20  641  715
 180 376.000 190.000  10  30  139  244
 181 374.000 232.000  10  33  125  268
 182 398.000  20.000  10  20  273  393
 183 481.000  26.000  10  30  321  419
 184  89.000 290.000  10  20  165  240
 185 246.000 314.000  10  36 1422 1499
 186 262.000 369.000  10  15  119  179
 187 144.000  35.000  10  26  239  323
 188 436.000 264.000  10  20  186  294
 189  15.000 457.000  10  20  313  408
 190 397.000  20.000  10  20  275  315
 191  63.000 336.000   0  20  223  340
 192   6.000 296.000  10  10  326  343
 193 146.000 376.000  10   8  238  261
 194 235.000  33.000  10  30 1306 1397
 195 177.000 156.000  10  25  147  217
 196 315.000 287.000  10  30  136  191
 197 452.000 172.000  10   9  572  675
 198 443.000 237.000  10  20  193  309
 199 316.000 286.000  10  30  104  199
 200 381.000 495.000  10  20  304  371
 201 364.000 173.000  10  30  173  218
 202 267.000 162.000   0   6 1427 1502
 203 214.000 245.000  10   8   36  129
 204  92.000 234.000  10  10  197  302
 205 347.000 459.000  10  25  433  556
 206 397.000 153.000   0  29  851  944
 207  87.000 285.000  10  30  191  322
 208 390.000 294.000  10  20  222  282
 209 146.000 439.000  10  10  249  299
 210   6.000 292.000  10  10  247  358
 211  18.000  63.000  10  10  310  399
 212 367.000 178.000  10  20  154  237
 213 443.000 246.000  10  20  203  287
 214 306.000  42.000  10  11  476  508
 215 470.000 405.000  10  17  883  998
 216 221.000 291.000   0   9   50  201
 217   1.000 101.000  10   8 1237 1307
 218 220.000 392.000  10  20  246  299
 219 253.000  50.000  10  27  209  272
 220 250.000 441.000  10   5  721  820
 221 476.000  94.000  10  20  274  395
 222 458.000 213.000  10  22 1112 1175
 223  85.000 288.000  10  20  169  286
 224 179.000  75.000  10  13  699  811
 225 228.000 287.000  10  21   43  125
 226 397.000  18.000  10  10  274  399
 227 488.000   3.000  10   3  356  475
 228 120.000  17.000  10  30  266  345
 229 370.000 382.000  10  11  855  942
 230  43.000 135.000  10  31  236  297
 231 318.000 497.000  10  21  814  924
 232 199.000 268.000  10  20   54  140
 233 111.000 467.000  10  20  257  366
 234 138.000 438.000  10  20  261  344
 235 413.000 417.000   0  10  341  401
 236 339.000  60.000  10  20  209  269
 237 277.000 428.000  10   7  447  564
 238 176.000 199.000  10  28   89  186
 239 265.000 240.000  10   9   18  145
 240 133.000  53.000  10  20  229  363
 241 387.000 488.000  10  20  324  429
 242 385.000 295.000  10  20  142  289
 243 491.000 369.000  10  28  698  792
 244 495.000 227.000  10  20  317  400
 245  21.000 487.000  10  10  329  439
 246 447.000 184.000  10  27  380  498
 247  13.000 314.000  10  14  245  296
 248  72.000 227.000  10  25  532  626
 249 477.000 478.000  10  20  362  453
 250 226.000 191.000  10  20   74  142
 251 483.000  22.000  10  10  325  436
 252 189.000 402.000   0  10  480  622
 253  21.000 146.000  10  21  457  547
 254  37.000 281.000  10  17  478  539
 255 444.000 242.000  10  10  194  302
 256 444.000 271.000  10  10  216  305
 257 359.000 179.000  10  20  133  222
 258 388.000 334.000  10  20  161  272
 259 401.000 164.000  10  13  601  672
 260 499.000 316.000  10  18  611  663
 261 407.000  98.000  10  10  218  296
 262 406.000 460.000  10   2  715  753
 263  95.000  64.000  10   4  760  802
 264 273.000  55.000  10  20  196  306
 265 122.000  35.000  10  10  250  327
 266 390.000 301.000  10  10  149  254
 267 300.000 108.000  10  10  150  215
 268 398.000 325.000  10  30  208  289
 269 166.000 247.000  10   1   84  215
 270 321.000 277.000  10  10   75  221
 271 168.000  59.000  10   6  343  420
 272 437.000  19.000  10  15  998 1060
 273 201.000 278.000  10  13   56  151
 274 435.000 267.000  10  20  278  397
 275 245.000 408.000  10  10  164  273
 276  16.000 462.000  10  10  335  467
 277 102.000   6.000  10   3 1406 1526
 278 359.000 287.000  10  24  115  190
 279 297.000 131.000  10  25 1128 1232
 280 282.000   1.000  10  18  995 1120
 281 125.000  29.000  10  30  255  342
 282 277.000  50.000  10  10  201  346
 283  32.000 319.000  10  21  370  462
 284 441.000 244.000  10  10  235  350
 285  57.000  43.000  10  15  994 1082
 286 481.000  96.000  10  20  284  339
 287 236.000 126.000  10  23  124  274
 288 406.000  99.000  10  20  226  258
 289 225.000 369.000  10  38  121  204
 290 104.000 349.000  10  20  979 1069
 291 173.000 182.000  10  25  102  220
 292 111.000 464.000  10  10  274  378
 293  53.000 440.000  10  10  300  376
 294 359.000 182.000  10  20  177  272
 295  13.000 459.000  10  20  315  430
 296 452.000 206.000  10  31  464  550
 297  22.000 483.000  10  30  325  418
 298 452.000 110.000  10  14  311  400
 299  95.000  92.000  10  20  235  300
 300 479.000 169.000  10  20  266  382
 301  66.000 336.000  10  10  211  325
 302 376.000 195.000  10  10  189  203
 303 401.000 281.000  10  20  259  293
 304 441.000 177.000  10  23  980 1052
 305 231.000 203.000  10  20   50  177
 306  21.000 488.000  10  10  346  406
 307 231.000 204.000  10  20  127  203
 308  65.000 453.000  10  30  277  317
 309 466.000 149.000   0  16 1166 1236
 310  39.000 162.000  10  18  541  620
 311  35.000 306.000  10  20  222  278
 312 437.000  15.000  10  30  325  415
 313  79.000 291.000  10  10  215  233
 314  64.000 437.000  10  11  866 1001
 315  20.000 488.000  10  10  339  435
 316 170.000 347.000  10  15  409  492
 317  92.000 230.000  10  20  167  240
 318 117.000 467.000  10  10  254  348
 319 413.000 217.000  10  20  166  237
 320 238.000 123.000  10  24  739  854
 321  89.000 272.000  10  10  180  234
 322 304.000 102.000  10  30  170  254
 323 478.000 121.000  10  40  267  400
 324 376.000 494.000  10  30  274  376
 325  20.000  73.000  10  10  290  392
 326  95.000 382.000  10  19  226  267
 327 365.000 274.000  10  14  117  198
 328 351.000   5.000  10  12  479  543
 329 197.000 267.000  10  10   69  178
 330 251.000  63.000  10  14  960 1044
 331 333.000 293.000  10  27  583  681
 332 255.000 487.000  10  19  358  467
 333 207.000 400.000  10  20  156  304
 334 244.000 254.000  10  20   55  175
 335 233.000 207.000  10  10   46   99
 336 178.000  72.000  10  23  733  811
 337 112.000 433.000  10  29  229  348
 338 320.000 211.000   0  16  946 1070
 339 400.000 103.000  10  10  220  321
 340 408.000 453.000  10  10  257  340
 341 435.000 180.000  10  37  207  272
 342 478.000 102.000  10  10  293  385
 343 335.000  57.000  10  30  210  338
 344 385.000 239.000  10  21  763  838
 345 386.000 245.000  10  16  464  524
 346 208.000 396.000  10  20  151  283
 347 380.000 498.000  10  10  289  336
 348  90.000 232.000  10  10  161  308
 349 241.000 205.000  10  30   81  184
 350  18.000  24.000  10  32  609  678
 351  59.000 457.000  10  30  281  424
 352 402.000 281.000  10  20  224  307
 353 441.000 273.000   0  20  283  311
 354  31.000 175.000  10  24  240  284
 355 234.000 202.000  10  10   50  202
 356 179.000 286.000   0   8  328  385
 357 165.000  59.000  10  27  915 1001
 358  24.000 492.000  10  10  442  512
 359 224.000 192.000  10  10   63  173
 360 444.000 269.000  10  20  206  292
 361 491.000  20.000  10  20  402  415
 362 313.000 126.000   0  10  235  282
 363 398.000 476.000  10  25  355  512
 364 217.000 207.000   0  26 1349 1446
 365 479.000 127.000  10  20  259  326
 366   6.000  53.000  10   8  578  625
 367 478.000 300.000  10  12  852  958
 368 303.000  78.000  10  12  179  317
 369 344.000  62.000  10  10  337  385
 370 413.000 391.000  10   8  215  320
 371 415.000 216.000  10  10  168  261
 372 293.000 228.000  10  19   48  198
 373   0.000 297.000  10  10  264  352
 374 435.000  20.000  10  20  346  446
 375 195.000 111.000  10  15  955 1071
 376 340.000  54.000  10  10  249  256
 377 132.000  57.000  10  20  226  339
 378 399.000 104.000  10  10  285  324
 379  53.000 466.000  10   9  318  382
 380 112.000 465.000  10  10  272  357
 381 313.000 391.000  10   5  154  222
 382  93.000 235.000  10  10  248  274
 383 125.000  32.000  10  30  251  335
 384  26.000 490.000  10  10  461  518
 385  44.000 115.000  10  24  246  342
 386 109.000 463.000  10  30  319  379
 387 199.000 187.000  10  20   81  209
 388  12.000 358.000  10   7 1191 1287
 389 315.000 121.000  10  10  166  270
 390 320.000 280.000  10  10   76  174
 391 472.000 481.000  10  20  320  407
 392 422.000 420.000  10  20  253  303
 393 470.000 125.000  10  20  253  372
 394 243.000 248.000  10  30    7  126
 395 488.000  96.000  10  22 1030 1133
 396  16.000 460.000  10  20  375  476
 397 480.000 136.000  10  22  256  341
 398  47.000 208.000  10  30  207  300
 399 324.000 127.000  10  30  143  238
 400 321.000 280.000  10  30   77  190
 401 245.000 251.000  10  10    5   73
 402 436.000 295.000  10  11  505  581
 403 275.000  45.000  10  20  206  298
 404 422.000 409.000  10  10  234  363
 405 146.000 188.000   0   6 1204 1295
 406  93.000  96.000  10  20  219  318
 407 449.000 428.000  10  25 1216 1307
 408  88.000 287.000  10  30  253  303
 409 379.000 196.000  10  20  153  266
 410 368.000 452.000  10  16  627  743
 411 202.000 186.000  10  20  150  182
 412 435.000  11.000  10  40  302  341
 413 269.000  46.000  10  20  205  362
 414 478.000  99.000  10  10  306  347
 415 132.000 477.000  10  25  310  374
 416  24.000  65.000  10  10  338  423
 417 130.000 247.000  10  17  120  187
 418 133.000 273.000  10  20  119  206
 419  67.000 335.000  10  20  222  291
 420  92.000 270.000  10  20  203  340
 421 411.000  95.000  10  30  223  296
 422 132.000 479.000  10  11  257  342
 423 366.000 334.000  10   5  378  473
 424 125.000  39.000  10  20  245  316
 425 419.000 422.000  10  20  251  332
 426 460.000   2.000  10  20  332  403
 427  77.000 465.000  10  11  275  385
 428 102.000 422.000  10  23  226  392
 429 204.000 269.000  10  30   49  144
 430 404.000 103.000  10  20  226  288
 431 398.000  23.000  10  10  270  371
 432  90.000 296.000  10  20  166  255
 433 115.000 465.000  10  10  253  330
 434 473.000 475.000   0  10  383  481
 435 286.000 356.000  10  30  111  214
 436  15.000  69.000  10  10  296  356
 437 267.000  44.000  10  20  233  309
 438 243.000 399.000  10  10  210  289
 439 210.000 391.000  10  30  146  249
 440 433.000  15.000  10  20  297  375
 441  12.000 463.000  10  20  334  418
 442 319.000 124.000  10  20  143  255
 443 141.000 431.000  10  30  211  337
 444 198.000 264.000  10  20  123  187
 445  69.000 334.000  10  30  199  252
 446 240.000 250.000  10  10   19   85
 447 199.000 203.000  10  20 1458 1487
 448 423.000 217.000  10  20  217  297
 449 477.000 179.000  10  20  237  381
 450 405.000 187.000  10  34 1214 1318
 451 269.000 402.000  10  20  153  320
 452  13.000 394.000  10  15  357  418
 453  15.000  68.000  10  10  297  373
 454 360.000 184.000  10  10  198  274
 455 130.000  57.000  10  40  227  366
 456  91.000 231.000  10  30  179  252
 457 479.000 176.000  10  20  240  320
 458 461.000 182.000  10  13  608  680
 459 419.000 418.000  10  10  238  297
 460 389.000 300.000  10  10  147  221
 461 476.000 102.000  10  20  314  388
 462 109.000  56.000  10  27  239  359
 463  92.000 232.000  10  10  159  250
 464 394.000  47.000   0   5  290  366
 465  16.000 287.000  10  12  240  331
 466 399.000 102.000  10  20  231  334
 467  18.000 484.000  10  10  329  381
 468 250.000 411.000  10  30  172  234
 469  19.000 273.000   0  25  949 1115
 470 365.000  28.000  10   9  254  313
 471 214.000 274.000  10  24 1331 1438
 472 130.000 494.000  10   6  759  789
 473 374.000 489.000  10  20  269  407
 474 126.000  30.000  10  10  252  358
 475 489.000 274.000  10  31  490  608
 476 166.000 440.000  10  12  207  286
 477 210.000 276.000  10   5   47  116
 478  80.000 286.000  10  10  173  307
 479  17.000 459.000  10  10  375  500
 480  66.000 448.000  10  10  270  382
 481 352.000 176.000  10  20  126  228
 482 247.000 219.000  10  17   31  128
 483 398.000 329.000  10  17  167  302
 484 272.000 402.000  10  10  153  216
 485 408.000 318.000  10  15  605  712
 486  35.000 304.000   0  30  221  310
 487 224.000  56.000  10  13 1168 1235
 488 343.000  47.000  10  20  263  321
 489  52.000  18.000  10  28  851  893
 490 195.000 185.000  10  20  113  141
 491  92.000 236.000  10  20  227  318
 492 124.000  56.000  10  20  231  322
 493 481.000 454.000  10  14  308  438
 494 477.000 483.000  10  20  337  424
 495 481.000 124.000  10  10  263  352
 496 389.000 156.000  10  27  692  770
 497 384.000  16.000   0  20  318  413
 498 153.000 235.000  10  10   98  174
 499 428.000 202.000   0  24  857  981
 500 257.000 391.000   0  22 1535 1670
 501 421.000 218.000  10  10  235  303
 502 393.000 301.000  10  30  167  220
 503 468.000 475.000  10  10  313  405
 504 197.000 270.000  10  30   80  142
 505 311.000 422.000  10  29  948 1057
 506 489.000  17.000  10  10  370  419
 507 440.000 247.000  10  20  222  314
 508 270.000 401.000  10  20  152  241
 509   5.000 445.000  10  30  313  394
 510 437.000  98.000  10  16 1076 1182
 511  49.000 437.000   0   7  397  488
 512 270.000  49.000  10  30  270  344
 513 318.000 280.000  10  20   74  196
 514 154.000 392.000  10   9  171  263
 515 493.000 111.000  10  26  500  613
 516  67.000 452.000  10  30  272  383
 517  34.000 239.000  10  16  216  264
 518 343.000 276.000  10  15   96  237
 519 393.000  12.000  10  10  283  366
 520 209.000  68.000   0  27 1463 1625
 521 147.000 435.000  10  20  211  308
 522 470.000 475.000  10  30  314  396
 523 341.000  58.000  10  10  212  335
 524 360.000 294.000  10 -18 1389 1476
 525 210.000 379.000  10 -10  698  750
 526 493.000 493.000  10 -10  832  910
 527 313.000 493.000  10 -27 1168 1249
 528 238.000 210.000  10 -40   95  202
 529 100.000 266.000  10 -23  150  197
 530 313.000 282.000  10 -20  152  204
 531 239.000 486.000  10  -3 1433 1562
 532  89.000 270.000  10 -10  184  253
 533 405.000 454.000  10 -10 1274 1361
 534 491.000  25.000  10  -5  363  485
 535 226.000 423.000  10 -40  174  276
 536   8.000 300.000  10 -30  342  400
 537 346.000  60.000  10 -10  273  399
 538 408.000  84.000  10 -10  256  342
 539 440.000 284.000  10 -40  808  926
 540 128.000 113.000  10 -17  365  391
 541 467.000 114.000  10 -10  338  443
 542 440.000 292.000  10 -24  888 1022
 543 331.000 356.000  10 -20  697  756
 544 423.000 214.000  10 -14  209  255
 545 432.000   2.000  10 -20  427  537
 546 125.000  61.000  10 -10  577  676
 547   7.000 292.000  10 -16  246  365
 548 328.000 491.000  10 -36  663  723
 549 271.000 128.000  10 -20  325  397
 550 413.000 421.000  10 -10  262  373
 551 498.000 456.000  10 -25 1387 1455
 552 244.000 368.000  10 -10  371  487
 553 118.000 314.000  10 -10  276  429
 554 133.000 455.000  10 -27  765  881
 555 391.000 334.000  10 -20  164  264
 556 225.000 269.000  10 -10 1262 1309
 557 407.000 280.000  10 -30  186  262
 558 429.000 169.000  10 -10  881  954
 559 325.000 147.000  10 -14 1163 1241
 560 405.000 450.000  10 -20  253  350
 561 306.000 229.000  10 -20 1287 1383
 562  44.000 311.000  10 -10  382  462
 563  91.000 268.000  10 -20  220  300
 564  60.000  29.000  10 -32 1322 1433
 565  34.000 169.000  10 -11  427  571
 566 307.000 412.000  10 -10  374  464
 567 328.000 458.000  10 -26  754  811
 568 420.000 224.000  10 -20  381  506
 569 350.000 199.000  10  -7 1174 1258
 570 320.000 283.000  10 -30   92  159
 571 273.000 149.000  10 -19 1493 1542
 572 421.000 387.000  10 -18  744  889
 573 376.000  92.000  10 -21  944 1068
 574 201.000 270.000  10 -20   52  172
 575  50.000 438.000  10 -10  289  415
 576 489.000 437.000  10 -18  669  775
 577 260.000 472.000  10 -20  980 1121
 578 445.000 237.000  10 -19  195  285
 579 477.000  97.000  10 -30  273  342
 580 434.000 245.000  10 -20  317  396
 581 201.000 188.000  10 -20   98  209
 582   0.000 188.000  10 -26  890 1005
 583 303.000 186.000  10 -11 1338 1400
 584 479.000 387.000  10 -13  362  463
 585 188.000 151.000  10 -20 1281 1342
 586  11.000 403.000  10 -22  316  399
 587 341.000  59.000  10 -10  776  833
 588 361.000 181.000  10 -20  178  246
 589 107.000 374.000  10 -18  890  969
 590 395.000 331.000  10 -10  193  270
 591  51.000 447.000  10 -17  280  363
 592 267.000 400.000  10 -10  188  306
 593 250.000 328.000  10 -30  215  313
 594 479.000 121.000  10 -10  265  380
 595  33.000 278.000  10 -20 1473 1532
 596 212.000 186.000  10 -11 1615 1737
 597 450.000 265.000  10 -10  200  290
 598  60.000 454.000  10 -10  313  412
 599  90.000 285.000  10 -10  245  338
 600 375.000 191.000  10 -30  149  215
 601 157.000 269.000  10 -12 1546 1636
 602 384.000 491.000  10 -10  281  444
 603 440.000   7.000  10 -20  308  370
 604 231.000  29.000  10 -10 1201 1281
 605 484.000 171.000  10 -20  274  343
 606 403.000  93.000  10 -10  281  431
 607 215.000 282.000  10 -23 1383 1527
 608  66.000  31.000  10  -2 1018 1109
 609 323.000  77.000  10 -10 1352 1488
 610  97.000 288.000  10 -20 1243 1355
 611 399.000 450.000  10 -25  345  403
 612 390.000 120.000  10 -30  976 1063
 613 364.000  71.000  10 -20 1327 1400
 614 492.000 335.000  10 -10  808  878
 615 140.000 137.000  10  -7  531  638
 616  57.000 183.000  10 -32 1096 1135
 617 470.000 417.000  10 -15  679  825
 618 483.000  14.000  10 -20  349  408
 619 163.000 472.000  10 -20  607  730
 620 325.000  56.000  10 -10  779  843
 621 186.000 135.000  10 -22  710  755
 622 390.000 325.000  10 -30  192  340
 623  92.000 259.000  10 -10  383  445
 624  17.000  65.000  10 -20  315  369
 625 371.000 332.000  10 -20  506  584
 626 411.000 421.000  10 -20  283  377
 627 457.000 492.000  10 -30  485  562
 628 497.000 266.000  10 -20  696  829
 629 406.000 285.000  10 -30  159  229
 630 218.000 403.000  10 -20 1302 1367
 631 394.000  23.000  10 -20  357  480
 632 297.000 283.000  10 -24 1316 1412
 633 263.000 418.000  10 -40  255  332
 634 453.000 318.000  10 -13  353  424
 635 140.000 431.000  10 -21  211  277
 636 459.000  14.000  10 -20  315  442
 637 219.000 215.000  10 -32   46  177
 638 305.000 107.000  10 -10  186  294
 639 365.000  74.000  10 -24  858  868
 640 249.000 407.000  10 -30  157  232
 641 459.000  10.000  10 -20  318  390
 642   1.000 293.000  10 -30  252  353
 643 200.000 265.000  10 -26  107  228
 644 175.000 352.000  10 -12 1619 1685
 645 206.000 186.000  10 -20  149  257
 646 425.000 448.000  10 -20  759  860
 647 226.000 175.000  10 -20 1618 1733
 648 359.000 246.000  10 -20 1382 1493
 649 233.000 204.000  10 -10   49  126
 650 419.000 459.000  10 -40  273  389
 651 459.000  53.000  10 -10 1075 1199
 652 307.000 108.000  10 -20  225  280
 653  26.000  67.000  10 -10 1290 1373
 654 404.000  83.000  10 -20  272  354
 655  55.000 449.000  10 -20  278  382
 656 329.000 456.000  10 -34  237  292
 657 231.000 195.000  10 -20   91  157
 658 482.000 141.000  10 -25  991 1061
 659  90.000 477.000  10 -18  277  376
 660 213.000 399.000  10 -18  177  321
 661 330.000 281.000  10 -14 1298 1393
 662 272.000 234.000  10 -23 1583 1627
 663 224.000 320.000  10 -36 1256 1341
 664 213.000 185.000  10 -10   74  200
 665  87.000   3.000  10 -24 1396 1501
 666   5.000 281.000  10 -13 1336 1438
 667 420.000 383.000  10 -10  966 1028
 668 418.000 221.000  10 -30  273  340
 669 463.000 253.000  10  -8 1000 1124
 670 420.000 213.000  10 -10  183  255
 671 440.000 241.000  10 -10  277  355
 672 133.000 202.000  10 -18  438  513
 673  80.000 117.000  10 -10  782  897
 674  30.000 301.000  10 -10  243  343
 675  40.000 304.000  10 -20 1098 1221
 676  59.000 459.000  10 -10  294  359
 677 213.000 397.000  10 -20  202  262
 678 208.000 184.000  10 -20   78  167
 679 411.000 379.000  10 -20 1156 1260
 680 253.000 118.000  10 -30  508  616
 681   0.000 422.000  10 -30  772  900
 682 131.000 246.000  10 -14  815  879
 683 476.000  61.000  10 -36  392  536
 684 407.000  88.000  10 -10  272  406
 685 274.000 441.000  10 -12  683  736
 686 281.000  96.000  10 -20 1086 1195
 687 299.000  98.000  10 -10  159  248
 688 307.000 249.000  10 -20 1328 1455
 689  67.000 334.000  10 -20  201  326
 690 435.000  16.000  10 -20  310  455
 691 459.000  17.000  10 -20  364  488
 692  79.000  80.000  10 -12 1343 1451
 693 111.000 392.000  10 -16 1134 1234
 694 442.000 289.000  10 -20  195  236
 695  87.000  96.000  10 -20  227  367
 696 235.000 316.000  10 -19  608  734
 697  48.000 437.000  10  -4  796  841
 698 330.000 147.000  10 -20  802  925
 699 385.000 285.000  10 -10  854  911
 700 351.000 481.000  10 -10  296  377
 701  86.000 199.000  10 -10  230  355
 702 142.000 360.000  10 -20 1490 1603
 703 374.000 190.000  10 -30  137  190
 704 386.000 154.000  10 -33 1053 1179
 705 436.000  25.000  10 -20 1240 1354
 706 488.000  26.000  10 -30  385  511
 707  95.000 277.000  10 -20  223  356
 708 274.000 261.000  10 -36 1683 1760
 709 250.000 405.000  10 -15  155  266
 710 120.000  37.000  10 -26  737  843
 711 475.000 267.000  10 -20  756  833
 712  17.000 458.000  10 -20  410  487
 713 389.000  11.000  10 -20  293  383
 714  63.000 336.000  10 -20  223  340
 715   5.000 297.000  10 -10  306  386
 716 115.000 395.000  10  -8  804  857
 717 240.000  34.000  10 -30 1501 1595
 718 188.000 119.000  10 -25  945 1035
 719 286.000 244.000  10 -30 1259 1339
 720 498.000 171.000  10  -9 1237 1305
 721 418.000 251.000  10 -20 1146 1278
 722 316.000 284.000  10 -30   97  182
 723 330.000 371.000  10 -20  541  606
 724 330.000 138.000  10 -30 1085 1165
 725 267.000 162.000  10  -6 1427 1502
 726  94.000 235.000  10  -8  156  227
 727  30.000 155.000  10 -10 1249 1341
 728 377.000 432.000  10 -25  816  877
 729 397.000 153.000  10 -29  851  944
 730  38.000 301.000  10 -30  279  343
 731 387.000 297.000  10 -20  144  250
 732 144.000 439.000  10 -10  226  347
 733   7.000 194.000  10 -10  926 1006
 734  21.000  64.000  10 -10  335  400
 735 391.000  99.000  10 -20  206  266
 736 440.000 244.000  10 -20  261  302
 737 307.000  52.000  10 -11  882  989
 738 434.000 359.000  10 -17 1358 1457
 739 221.000 291.000  10  -9   50  201
 740  56.000  75.000  10  -8 1430 1476
 741 230.000 320.000  10 -20 1158 1256
 742 292.000  32.000  10 -27  222  327
 743 243.000 408.000  10  -5 1413 1484
 744 485.000 104.000  10 -20  760  858
 745 314.000 205.000  10 -22 1485 1598
 746 120.000 261.000  10 -20  775  842
 747 140.000 108.000  10 -13 1039 1134
 748 134.000 428.000  10 -21  264  383
 749 341.000  72.000  10 -10  778  861
 750 404.000 140.000  10  -3 1239 1309
 751 129.000  27.000  10 -30  285  341
 752 348.000 348.000  10 -11  894 1005
 753  24.000  68.000  10 -31  372  486
 754 336.000 493.000  10 -21 1470 1546
 755 162.000 388.000  10 -20 1090 1193
 756 179.000 497.000  10 -20 1367 1486
 757 112.000 467.000  10 -20  257  351
 758 413.000 417.000  10 -10  341  401
 759 342.000  54.000  10 -20  224  306
 760 284.000 319.000  10  -7  791  872
 761 134.000 211.000  10 -28  122  198
 762 344.000 203.000  10  -9  130  234
 763 136.000  52.000  10 -20  278  338
 764 346.000 354.000  10 -20  799  866
 765 368.000 311.000  10 -20  906  976
 766 468.000 352.000  10 -28  751  815
 767 409.000 255.000  10 -20 1487 1587
 768  20.000 489.000  10 -10  358  438
 769 439.000 156.000  10 -27  481  600
 770   2.000 295.000  10 -14  276  366
 771  53.000 204.000  10 -25 1044 1096
 772 475.000 477.000  10 -20  368  471
 773 187.000  73.000  10 -20  294  320
 774 485.000  24.000  10 -10  326  449
 775 189.000 402.000  10 -10  480  622
 776  46.000 163.000  10 -21  896  987
 777 146.000 313.000  10 -17 1160 1260
 778 442.000 243.000  10 -10  256  351
 779 445.000 273.000  10 -10  248  297
 780 331.000 134.000  10 -20 1100 1177
 781 389.000 334.000  10 -20  162  248
 782 384.000 149.000  10 -13 1156 1269
 783 487.000 320.000  10 -18  826  920
 784 409.000  88.000  10 -10  247  324
 785 433.000 447.000  10  -2  784  835
 786 100.000  66.000  10  -4 1363 1466
 787 239.000  15.000  10 -20  552  686
 788 142.000  14.000  10 -10  796  905
 789 471.000 368.000  10 -10  389  498
 790 295.000  89.000  10 -10  724  790
 791 381.000 328.000  10 -30  697  768
 792  95.000 235.000  10  -1  155  230
 793 299.000 285.000  10 -10 1228 1310
 794 150.000  68.000  10  -6  378  498
 795 390.000  34.000  10 -15 1031 1120
 796  51.000 286.000  10 -13 1435 1513
 797 435.000 268.000  10 -20  290  364
 798 241.000 402.000  10 -10  990 1090
 799  14.000 459.000  10 -10  315  399
 800 151.000  81.000  10  -3 1562 1583
 801 380.000 350.000  10 -24  855  908
 802 264.000 180.000  10 -25 1645 1740
 803 210.000  29.000  10 -18 1016 1116
 804 132.000  30.000  10 -30  276  406
 805 268.000  52.000  10 -10  280  362
 806  52.000 303.000  10 -21  432  481
 807 426.000 231.000  10 -10 1034 1053
 808  60.000   5.000  10 -15 1040 1078
 809 482.000 104.000  10 -20  774  871
 810 233.000  87.000  10 -23  221  315
 811 374.000 116.000  10 -20  570  634
 812 210.000 398.000  10 -38  178  261
 813  44.000 344.000  10 -20 1065 1124
 814 143.000 158.000  10 -25  141  239
 815 111.000 463.000  10 -10  313  360
 816  84.000 377.000  10 -10  907  975
 817 355.000 177.000  10 -20  127  244
 818  27.000 464.000  10 -20 1270 1342
 819 480.000 152.000  10 -31  971 1102
 820  13.000 465.000  10 -30  759  819
 821 432.000  66.000  10 -14 1029 1144
 822  94.000  97.000  10 -20  218  379
 823 476.000 174.000  10 -20  300  379
 824 172.000 314.000  10 -10  501  619
 825 409.000 155.000  10 -10  185  314
 826 295.000 247.000  10 -20 1259 1377
 827 347.000 192.000  10 -23 1461 1545
 828 203.000 211.000  10 -20 1259 1384
 829   8.000 497.000  10 -10  390  455
 830 228.000 199.000  10 -20  113  186
 831  58.000 449.000  10 -30  341  414
 832 466.000 149.000  10 -16 1166 1236
 833  68.000 160.000  10 -18 1115 1187
 834 159.000 299.000  10 -20  980 1082
 835 397.000  57.000  10 -30 1444 1538
 836  80.000 290.000  10 -10  174  265
 837  69.000 414.000  10 -11 1226 1330
 838  16.000 497.000  10 -10  389  493
 839 244.000 277.000  10 -15 1281 1352
 840 111.000 192.000  10 -20 1159 1269
 841 182.000 480.000  10 -10  320  440
 842 417.000 218.000  10 -20  247  339
 843 241.000 180.000  10 -24 1666 1741
 844  86.000 268.000  10 -10  190  274
 845 307.000 102.000  10 -30  186  264
 846 481.000 122.000  10 -40  270  351
 847 380.000 489.000  10 -30  359  429
 848  21.000  70.000  10 -10  747  825
 849  12.000 451.000  10 -19  311  428
 850 405.000 276.000  10 -14  202  296
 851 352.000  63.000  10 -12 1148 1238
 852  88.000 286.000  10 -10  221  313
 853 257.000  57.000  10 -14 1167 1314
 854 366.000 288.000  10 -27  660  737
 855 245.000 461.000  10 -19  609  720
 856 196.000 489.000  10 -20  996 1094
 857 198.000 271.000  10 -20   56  172
 858 262.000  92.000  10 -10  594  697
 859 149.000  98.000  10 -23 1151 1210
 860 149.000 458.000  10 -29 1137 1220
 861 320.000 211.000  10 -16  946 1070
 862 399.000 106.000  10 -10  285  349
 863 412.000 453.000  10 -10  259  375
 864 455.000 168.000  10 -37  827  936
 865 480.000 131.000  10 -10  656  749
 866 347.000  62.000  10 -30  310  386
 867 352.000 241.000  10 -21  776  839
 868 390.000 249.000  10 -16  572  621
 869 272.000 420.000  10 -20 1340 1461
 870 382.000 498.000  10 -10  280  405
 871  61.000 214.000  10 -10  323  390
 872 224.000 203.000  10 -30   53  178
 873  30.000   7.000  10 -32 1167 1240
 874  25.000 499.000  10 -30  403  516
 875 370.000 262.000  10 -20 1059 1169
 876 441.000 273.000  10 -20  283  311
 877  65.000  62.000  10 -24  911 1071
 878 237.000 213.000  10 -10  114  210
 879 179.000 286.000  10  -8  328  385
 880 178.000 135.000  10 -27 1491 1567
 881 122.000 422.000  10 -10 1428 1516
 882 204.000 185.000  10 -10  142  215
 883 443.000 272.000  10 -20  218  353
 884 472.000  57.000  10 -20 1255 1364
 885 313.000 126.000  10 -10  235  282
 886 379.000 486.000  10 -25  637  736
 887 217.000 207.000  10 -26 1349 1446
 888 477.000 120.000  10 -20  322  393
 889  64.000   5.000  10  -8 1117 1170
 890 489.000 338.000  10 -12 1347 1478
 891 344.000  70.000  10 -12 1105 1216
 892 335.000  99.000  10 -10 1217 1249
 893 416.000 417.000  10  -8  296  420
 894 418.000 218.000  10 -10  238  326
 895 371.000 200.000  10 -19  217  262
 896   3.000 292.000  10 -10  250  359
 897 441.000  60.000  10 -20 1411 1537
 898 200.000  78.000  10 -15  942 1073
 899 346.000  57.000  10 -10  288  359
 900 132.000  55.000  10 -20  244  321
 901 351.000 128.000  10 -10 1214 1322
 902  76.000 462.000  10  -9  930 1011
 903 150.000 484.000  10 -10  603  677
 904 332.000 459.000  10  -5  362  406
 905 105.000 181.000  10 -10 1499 1593
 906 133.000  26.000  10 -30  277  377
 907 103.000 464.000  10 -10 1209 1366
 908  66.000  88.000  10 -24  793  896
 909 110.000 459.000  10 -30  305  421
 910 200.000 178.000  10 -20   87  207
 911  33.000 286.000  10  -7 1528 1592
 912 313.000 119.000  10 -10  175  287
 913 371.000 315.000  10 -10 1133 1228
 914 469.000 489.000  10 -20  540  601
 915 421.000 386.000  10 -20  802  876
 916 478.000 118.000  10 -20  314  425
 917 236.000 247.000  10 -30   14  146
 918 471.000  94.000  10 -22  969 1059
 919  18.000 462.000  10 -20  377  448
 920 477.000 122.000  10 -22  281  410
 921  24.000 259.000  10 -30  332  439
 922 324.000  99.000  10 -30  302  404
 923 340.000 291.000  10 -30  449  521
 924 244.000 250.000  10 -10    6   79
 925 394.000 322.000  10 -11  987 1092
 926 275.000  42.000  10 -20  209  326
 927 421.000 415.000  10 -10  237  303
 928 146.000 188.000  10  -6 1204 1295
 929  88.000  95.000  10 -20  254  317
 930 448.000 414.000  10 -25 1201 1275
 931  83.000 300.000  10 -30  433  597
 932 399.000 175.000  10 -20  708  816
 933 377.000 385.000  10 -16  837  925
 934 204.000 187.000  10 -20  136  244
 935 483.000  27.000  10 -40  438  508
 936 323.000  29.000  10 -20 1093 1212
 937 481.000  84.000  10 -10  473  569
 938 176.000 470.000  10 -25  503  620
 939  21.000  68.000  10 -10  384  448
 940  92.000 233.000  10 -17  198  279
 941  71.000 282.000  10 -20  587  726
 942 149.000 341.000  10 -20  357  480
 943  90.000 274.000  10 -20  161  292
 944 409.000  90.000  10 -30  225  371
 945 195.000 464.000  10 -11 1531 1581
 946 322.000 290.000  10  -5 1451 1537
 947 132.000  32.000  10 -20  770  828
 948 416.000 420.000  10 -20  289  321
 949 461.000   8.000  10 -20  357  412
 950  44.000 496.000  10 -11  381  453
 951  63.000 444.000  10 -23  344  445
 952 200.000 270.000  10 -30   53  206
 953 391.000 112.000  10 -20  982 1048
 954 386.000  13.000  10 -10  301  403
 955  56.000 268.000  10 -20 1031 1126
 956 116.000 466.000  10 -10  254  330
 957 473.000 475.000  10 -10  383  481
 958 270.000 400.000  10 -30  151  211
 959  23.000  67.000  10 -10  351  458
 960 269.000  48.000  10 -20  238  353
 961 241.000 403.000  10 -10  185  285
 962 215.000 395.000  10 -30  215  299
 963 492.000  34.000  10 -20  781  871
 964  28.000 467.000  10 -20 1299 1417
 965 263.000 153.000  10 -20  410  445
 966 141.000 428.000  10 -30  208  368
 967 206.000 261.000  10 -20  161  234
 968  69.000 336.000  10 -30  200  301
 969 234.000 246.000  10 -10   26  133
 970 209.000 212.000  10 -20 1511 1575
 971 425.000 215.000  10 -20  201  287
 972 484.000 174.000  10 -20  246  314
 973 365.000 190.000  10 -34 1432 1552
 974 287.000 397.000  10 -20  552  606
 975   7.000 382.000  10 -15  755  816
 976  16.000  68.000  10 -10  296  403
 977 355.000 174.000  10 -10  665  796
 978  92.000  76.000  10 -40 1117 1191
 979 103.000 177.000  10 -30  617  665
 980 484.000 177.000  10 -20  245  394
 981 482.000 184.000  10 -13 1082 1161
 982 418.000 399.000  10 -10  412  493
 983 399.000 301.000  10 -10  180  238
 984 438.000 127.000  10 -20  919  993
 985  92.000  18.000  10 -27 1132 1146
 986  89.000 185.000  10 -10  577  652
 987 394.000  47.000  10  -5  290  366
 988  13.000 214.000  10 -12 1341 1396
 989 382.000 110.000  10 -20 1101 1153
 990  16.000 463.000  10 -10  334  446
 991 283.000 438.000  10 -30  212  281
 992  19.000 273.000  10 -25  949 1115
 993 337.000  41.000  10  -9  976 1058
 994 228.000 260.000  10 -24 1546 1696
 995 167.000 445.000  10  -6 1392 1462
 996 378.000 493.000  10 -20  274  390
 997 157.000  38.000  10 -10 1033 1092
 998 490.000 286.000  10 -31  496  579
 999 185.000 434.000  10 -12  547  631
1000  96.000 346.000  10  -5  181  267
1001  35.000 303.000  10 -10  221  313
1002  44.000 440.000  10 -10  749  858
1003  67.000 451.000  10 -10 1166 1296
1004 317.000 123.000  10 -20  177  233
1005 238.000 204.000  10 -17   81  159
1006 414.000 378.000  10 -17  459  561
1007 266.000 405.000  10 -10  200  265
1008 374.000 306.000  10 -15  958 1060
1009  35.000 304.000  10 -30  221  310
1010 242.000 106.000  10 -13 1244 1322
1011 385.000  17.000  10 -20  794  854
1012  38.000  15.000  10 -28 1036 1176
1013  75.000 118.000  10 -20  381  468
1014  91.000 235.000  10 -20  254  314
1015  89.000  65.000  10 -20  694  776
1016 470.000 473.000  10 -14  422  469
1017 471.000 484.000  10 -20  321  414
1018 429.000  67.000  10 -10  716  779
1019 308.000 199.000  10 -27 1484 1562
1020 384.000  16.000  10 -20  318  413
1021  30.000  72.000  10 -10  429  464
1022 428.000 202.000  10 -24  857  981
1023 257.000 391.000  10 -22 1535 1670
1024 423.000 221.000  10 -10  219  327
1025 388.000 325.000  10 -30  221  335
1026 494.000 468.000  10 -10  327  419
1027 195.000 273.000  10 -30   59  137
1028 294.000 421.000  10 -29 1557 1624
1029 489.000  27.000  10 -10  402  470
1030 442.000 247.000  10 -20  227  285
1031 272.000 403.000  10 -20  154  300
1032  13.000 455.000  10 -30  313  414
1033 415.000  95.000  10 -16 1142 1242
1034  49.000 437.000  10  -7  397  488
1035 265.000   0.000  10 -30  868  954
1036 360.000 284.000  10 -20  635  728
1037 175.000 422.000  10  -9 1419 1504
1038 480.000 119.000  10 -26  604  683
1039  84.000 453.000  10 -30 1193 1282
1040  18.000 225.000  10 -16  670  743
1041 395.000 295.000  10 -15  151  303
1042 391.000  18.000  10 -10  356  430
1043 209.000  68.000  10 -27 1463 1625
1044 141.000 426.000  10 -20  517  575
1045 412.000 478.000  10 -30  928 1022
1046 335.000  46.000  10 -10 1300 1413
1047 250.000 250.000   0   0    0 1821
