524 524 1000 200 1000
   0 250.000 250.000   0   0    0 1821
   1 214.000 394.000  10  10  186  306
   2 476.000 483.000   0  10  324  444
   3 230.000 197.000   0  40   77  197
   4 175.000 239.000  10  23   75  195
   5 328.000 458.000  10  17  723  843
   6  25.000 499.000  10  10  400  520
   7 226.000 423.000  10  15  174  294
   8 313.000 282.000  10  20  118  238
   9  60.000 454.000  10  10  302  422
  10 102.000 264.000  10  10  148  268
  11 408.000 452.000  10  10  256  376
  12 451.000  62.000  10   5  275  395
  13 203.000 390.000   0  40  147  267
  14  92.000 233.000   0  10  179  299
  15   7.000 300.000  10  30  300  420
  16 409.000  90.000  10  20  225  345
  17 307.000 108.000  10  10  192  312
  18 347.000  54.000  10  10  250  370
  19 371.000 332.000  10  14  485  605
  20 116.000 466.000  10  20  254  374
  21 441.000 265.000   0  40  191  311
  22 130.000 140.000   0  17  162  282
  23 136.000  52.000  10  10  248  368
  24  18.000 462.000  10  20  353  473
  25 390.000 120.000  10  24  959 1079
  26 188.000 119.000   0  44  930 1050
  27 467.000 114.000  10  10  331  451
  28 268.000 400.000  10  20  198  318
  29 391.000 202.000  10  14  148  268
  30 377.000 432.000   0  20  786  906
  31 439.000  15.000   0  20  301  421
  32 131.000  56.000  10  10  227  347
  33  88.000 286.000  10  10  207  327
  34  41.000 232.000  10  16  209  329
  35 375.000 191.000  10  30  138  258
  36 417.000 417.000  10  10  287  407
  37 419.000 459.000   0  20  271  391
  38 389.000  11.000  10  20  278  398
  39 450.000 416.000  10  25  532  652
  40 246.000 255.000  10  10   68  188
  41  71.000 333.000  10  10  197  317
  42  92.000 259.000  10   4  354  474
  43 200.000 261.000  10  10  121  241
  44 400.000 288.000  10  30  154  274
  45 378.000 199.000  10  10  162  282
  46 404.000 447.000  10  20  250  370
  47  30.000 302.000  10  10  226  346
  48  96.000 270.000  10  20  155  275
  49  34.000 169.000  10  11  439  559
  50 355.000 174.000  10  33  670  790
  51 334.000 403.000  10  26  174  294
  52 230.000 320.000  10   8 1147 1267
  53 273.000 300.000  10  30   55  175
  54 269.000 112.000  10  19 1218 1338
  55 429.000 389.000  10  18  379  499
  56   5.000 297.000  10  10  286  406
  57   2.000 295.000  10  30  261  381
  58 237.000 254.000  10  20   38  158
  59  54.000 445.000  10  10  276  396
  60 438.000 488.000  10  18  303  423
  61 395.000 331.000   0  20  172  292
  62 249.000 407.000  10  10  157  277
  63   0.000 422.000  10   8  776  896
  64 356.000 256.000  10  19  106  226
  65  94.000 235.000  10  20  156  276
  66 268.000  52.000  10  10  261  381
  67   7.000 382.000   0  27  725  845
  68 459.000  53.000  10  20 1077 1197
  69 439.000 243.000  10  20  269  389
  70 210.000 185.000  10  20   76  196
  71  44.000 344.000  10  12 1034 1154
  72 418.000  75.000  10  11  403  523
  73 460.000 328.000  10  13  224  344
  74 374.000 190.000   0  20  137  257
  75  97.000  93.000  10  20  219  339
  76 163.000 472.000  10   9  608  728
  77 142.000 372.000  10  18  162  282
  78 395.000 332.000  10  10  166  286
  79  93.000 413.000  10  17  226  346
  80 267.000 394.000  10  10  214  334
  81 472.000 129.000  10  10  252  372
  82  87.000   3.000  10  13 1388 1508
  83  62.000 326.000  10  20  241  361
  84 241.000 402.000  10  11  980 1100
  85 439.000 266.000  10  10  189  309
  86 188.000 151.000  10   7 1252 1372
  87 192.000 265.000  10  10   79  199
  88 371.000 192.000  10  30  134  254
  89 459.000  10.000  10  10  318  438
  90 488.000 173.000  10  20  250  370
  91 398.000  97.000  10  10  212  332
  92 180.000 283.000  10  23  699  819
  93  71.000  12.000  10   2  297  417
  94 248.000 251.000  10  20    2  122
  95   7.000 194.000  10  29  906 1026
  96 410.000 399.000  10  25  218  338
  97 398.000 103.000  10  30  233  353
  98 385.000 285.000  10  13  823  943
  99 179.000 497.000  10   1 1366 1486
 100 464.000  13.000  10  20  340  460
 101 157.000  38.000   0   3 1003 1123
 102 439.000 268.000  10  10  253  373
 103 187.000  73.000  10  18  247  367
 104 429.000 169.000   0   8  858  978
 105 448.000 404.000  10  15  554  674
 106 481.000  20.000  10  20  325  445
 107 111.000 459.000  10  20  314  434
 108 389.000  17.000   0  10  321  441
 109  17.000  65.000  10  20  297  417
 110 391.000 112.000  10  24  955 1075
 111 224.000 203.000  10  20   53  173
 112 265.000   0.000  10  10  851  971
 113 391.000 293.000   0  20  181  301
 114 411.000 421.000  10  20  270  390
 115 286.000 244.000  10  31 1239 1359
 116 402.000 284.000  10  30  155  275
 117 330.000 308.000  10  24 1125 1245
 118 246.000 398.000  10  40  148  268
 119 482.000 184.000  10  14 1062 1182
 120 226.000 316.000  10  21   70  190
 121 244.000 250.000  10  10    6  126
 122 458.000  16.000  10  20  313  433
 123 365.000  74.000  10  24  803  923
 124 331.000 356.000   0  13  667  787
 125 210.000 398.000  10  10  159  279
 126 248.000 404.000  10  30  154  274
 127 484.000 174.000  10  10  246  366
 128 406.000 450.000  10  20  253  373
 129  75.000 118.000  10  21  364  484
 130 329.000 456.000  10  19  220  340
 131 238.000 203.000  10  10   49  169
 132 405.000 455.000  10  40  296  416
 133 323.000 118.000  10  20  150  270
 134 330.000 371.000  10   1  514  634
 135 406.000  96.000  10  20  219  339
 136  49.000 451.000  10  20  284  404
 137 299.000 353.000  10  34  114  234
 138 236.000 213.000  10  20   39  159
 139 306.000 235.000  10  25   57  177
 140  90.000 477.000  10  18  277  397
 141 379.000 486.000  10  22  627  747
 142   8.000 497.000  10  40  363  483
 143 213.000 399.000  10  18  189  309
 144 391.000  18.000  10  10  333  453
 145 111.000 392.000   0  18 1124 1244
 146 344.000 203.000  10  14  122  242
 147 291.000 213.000   0  23 1213 1333
 148 154.000 374.000  10  36  892 1012
 149 225.000 196.000  10  10   59  179
 150 371.000 423.000  10  10  211  331
 151 417.000 217.000  10  30  170  290
 152 412.000 214.000   0  10  165  285
 153 442.000 289.000  10  25  195  315
 154 157.000 269.000  10  31 1531 1651
 155 440.000 241.000  10  10  256  376
 156  25.000 307.000   0  10  232  352
 157 135.000 400.000  10  20  254  374
 158  58.000 458.000  10  10  283  403
 159 133.000  26.000  10  10  267  387
 160 211.000 386.000  10  20  141  261
 161  30.000 155.000   0   9 1235 1355
 162 355.000 180.000  10  30  126  246
 163 476.000  61.000  10  36  404  524
 164 406.000  94.000  10  10  220  340
 165 418.000 221.000  10  10  246  366
 166 274.000 441.000  10  12  650  770
 167 304.000  97.000  10  20  162  282
 168 297.000 102.000  10  10  155  275
 169 250.000 405.000  10  20  155  275
 170 408.000 279.000  10  20  175  295
 171 480.000 119.000  10   7  583  703
 172 420.000 383.000  10  27  937 1057
 173  50.000 438.000  10  20  292  412
 174 441.000   7.000  10  20  347  467
 175  58.000  39.000  10  12 1118 1238
 176 410.000 285.000  10  20  163  283
 177  96.000  97.000  10  20  217  337
 178  21.000  64.000  10  20  307  427
 179 238.000 210.000  10  30   89  209
 180 479.000 121.000  10  10  262  382
 181 200.000 178.000  10  20   87  207
 182 216.000 341.000  10  19  609  729
 183  48.000 437.000  10   4  759  879
 184 200.000 270.000  10  20   53  173
 185 357.000 181.000  10  20  127  247
 186 400.000 286.000  10  10  154  274
 187 351.000 481.000  10  10  277  397
 188  95.000 234.000  10  10  155  275
 189 128.000 113.000  10  22  318  438
 190  16.000 463.000  10  20  330  450
 191  59.000 388.000  10  20  618  738
 192 376.000 190.000  10  30  139  259
 193 481.000 122.000  10  30  264  384
 194 266.000 405.000  10  20  172  292
 195 398.000  20.000  10  20  273  393
 196  40.000 304.000  10  16 1100 1220
 197 262.000 369.000  10  15  119  239
 198 144.000  35.000  10  26  239  359
 199 200.000 265.000  10  10  107  227
 200  15.000 457.000  10  20  313  433
 201  63.000 336.000  10  20  221  341
 202 233.000 204.000  10  20   49  169
 203 177.000 156.000  10  25  122  242
 204 263.000 153.000  10  12  367  487
 205 320.000 283.000  10  30   77  197
 206  95.000 235.000  10  10  155  275
 207  16.000 497.000  10  20  381  501
 208 348.000 348.000  10  23  890 1010
 209 443.000 237.000  10  20  193  313
 210 316.000 286.000  10  30   92  212
 211 214.000 245.000  10   8   36  156
 212 347.000 459.000  10  25  434  554
 213 120.000  37.000  10  28  730  850
 214 397.000 153.000  10  29  837  957
 215 210.000  29.000  10  13 1006 1126
 216  87.000 285.000  10  30  196  316
 217  18.000  63.000  10  10  297  417
 218  91.000 268.000  10  10  200  320
 219 367.000 178.000  10  20  137  257
 220 470.000 405.000  10  17  881 1001
 221 272.000 403.000  10  30  154  274
 222 221.000 291.000  10   9   50  170
 223   1.000 101.000  10   8 1212 1332
 224 332.000 459.000  10  35  324  444
 225 220.000 392.000  10  20  213  333
 226 253.000  50.000  10  27  200  320
 227 471.000 484.000  10  10  321  441
 228 480.000 152.000  10  26  977 1097
 229 215.000 395.000  10  20  197  317
 230  85.000 288.000  10  20  169  289
 231 179.000  75.000  10  13  695  815
 232 228.000 287.000  10  21   43  163
 233 238.000 204.000  10  20   60  180
 234 488.000   3.000  10   3  356  476
 235 407.000  88.000  10  10  279  399
 236 459.000  14.000  10  20  315  435
 237 120.000  17.000  10  30  266  386
 238 138.000 438.000  10  20  242  362
 239 494.000 468.000  10  31  327  447
 240  35.000 303.000   0  20  221  341
 241 341.000  59.000   0  27  745  865
 242 423.000 221.000  10   9  213  333
 243 339.000  60.000  10  20  209  329
 244 277.000 428.000  10   7  445  565
 245 176.000 199.000   0  28   89  209
 246 265.000 240.000  10   9   18  138
 247 133.000  53.000  10  20  234  354
 248 385.000 295.000  10  20  142  262
 249 445.000 273.000  10  20  213  333
 250 195.000 273.000  10  22   59  179
 251 241.000 403.000  10  10  175  295
 252  21.000 487.000  10  10  329  449
 253 324.000  99.000  10  10  293  413
 254 453.000 318.000  10  30  329  449
 255 443.000 272.000  10  10  225  345
 256 447.000 184.000  10  27  379  499
 257 366.000 288.000   0  29  639  759
 258 477.000 478.000  10  20  347  467
 259 226.000 191.000  10  20   63  183
 260 483.000  22.000  10  10  325  445
 261  60.000   5.000  10  18  999 1119
 262 146.000 313.000   0  22 1150 1270
 263 444.000 242.000  10  10  194  314
 264 359.000 179.000   0  20  130  250
 265 388.000 334.000  10  20  161  281
 266 401.000 164.000  10  13  576  696
 267 499.000 316.000   0  18  577  697
 268 425.000 215.000  10  10  184  304
 269 407.000  98.000  10  10  218  338
 270  88.000  95.000  10  20  225  345
 271  95.000  64.000  10   4  721  841
 272 306.000 229.000  10  10 1275 1395
 273 273.000  55.000  10  20  196  316
 274 390.000 301.000  10  10  149  269
 275 300.000 108.000  10  10  150  270
 276 267.000 400.000  10  10  187  307
 277 398.000 325.000  10  30  188  308
 278 166.000 247.000  10   1   84  204
 279 253.000 118.000  10  19  502  622
 280 321.000 277.000  10  10   75  195
 281 406.000 285.000  10  20  159  279
 282 391.000 334.000  10  20  164  284
 283 437.000  19.000   0  15  969 1089
 284 201.000 278.000  10  13   56  176
 285  16.000 462.000  10  10  341  461
 286 477.000  97.000  10  10  273  393
 287 359.000 287.000  10  24  115  235
 288 297.000 131.000  10  25 1120 1240
 289  21.000  70.000  10  15  726  846
 290 440.000 244.000  10  10  221  341
 291 125.000  29.000  10  30  253  373
 292 262.000  92.000  10  25  585  705
 293 277.000  50.000  10  10  201  321
 294 344.000  70.000  10  24 1101 1221
 295 481.000  84.000   0  17  461  581
 296  21.000  68.000  10  20  356  476
 297 441.000 244.000  10  10  232  352
 298  57.000  43.000  10  15  978 1098
 299 471.000 368.000  10  19  383  503
 300 236.000 126.000  10  23  124  244
 301 225.000 369.000  10  38  121  241
 302 173.000 182.000  10  25  102  222
 303  53.000 440.000  10  10  278  398
 304 359.000 182.000  10  20  164  284
 305  13.000 459.000  10  20  315  435
 306 452.000 206.000  10  31  447  567
 307 452.000 110.000   0  14  295  415
 308 479.000 387.000  10  13  352  472
 309 479.000 169.000  10  20  264  384
 310  66.000 336.000  10  10  208  328
 311 376.000 195.000  10  10  137  257
 312 401.000 281.000  10  20  216  336
 313 206.000 261.000  10  10  137  257
 314 313.000 119.000   0  30  171  291
 315  90.000 274.000  10  20  161  281
 316  39.000 162.000  10  18  520  640
 317  35.000 306.000  10  20  222  342
 318 437.000  15.000  10  30  310  430
 319  79.000 291.000  10  10  175  295
 320  20.000 488.000  10  10  330  450
 321  13.000 455.000  10  10  313  433
 322 170.000 347.000  10  15  391  511
 323 117.000 467.000  10  10  254  374
 324 413.000 217.000  10  20  166  286
 325 405.000 450.000  10  20  253  373
 326 238.000 123.000  10  24  736  856
 327 304.000 102.000  10  30  157  277
 328 478.000 121.000  10  40  274  394
 329 376.000 494.000  10  30  274  394
 330  20.000  73.000  10  10  290  410
 331  95.000 382.000  10  19  203  323
 332  30.000 301.000  10  10  233  353
 333 468.000 352.000  10   9  723  843
 334 418.000 251.000  10  21 1152 1272
 335 281.000  96.000  10   1 1081 1201
 336 255.000 487.000  10  19  353  473
 337 207.000 400.000  10  20  156  276
 338 469.000 489.000  10   4  510  630
 339 244.000 254.000  10  20   55  175
 340 233.000 207.000   0  10   46  166
 341 178.000  72.000  10  23  712  832
 342  51.000 447.000  10  10  280  400
 343 141.000 426.000  10  23  486  606
 344 112.000 433.000  10  29  229  349
 345 400.000 103.000  10  10  211  331
 346 408.000 453.000   0  10  257  377
 347 435.000 180.000  10  37  197  317
 348 374.000 116.000  10   9  542  662
 349 478.000 102.000  10  10  279  399
 350 208.000 396.000  10  20  151  271
 351 380.000 489.000   0  20  334  454
 352 380.000 498.000  10  10  280  400
 353 440.000   7.000  10  20  308  428
 354 434.000 245.000   0  10  297  417
 355  90.000 232.000  10  10  167  287
 356  59.000 457.000  10  30  289  409
 357 442.000 243.000  10  10  244  364
 358 445.000 237.000   0  10  195  315
 359  31.000 175.000  10  24  231  351
 360 234.000 202.000  10  10   50  170
 361 269.000  48.000  10  20  236  356
 362 165.000  59.000  10  27  898 1018
 363 421.000 415.000  10  30  237  357
 364 224.000 192.000  10  10   63  183
 365 444.000 269.000  10  20  194  314
 366 442.000 247.000  10  10  196  316
 367 233.000  87.000  10  18  208  328
 368 378.000 493.000  10  30  274  394
 369 303.000  78.000  10  12  179  299
 370 344.000  62.000  10  10  301  421
 371 200.000  78.000  10  31  948 1068
 372 413.000 391.000  10   8  215  335
 373 415.000 216.000  10  10  168  288
 374 293.000 228.000  10  19   48  168
 375   0.000 297.000  10  10  254  374
 376 435.000  20.000  10  20  336  456
 377 340.000  54.000  10  10  215  335
 378 132.000  57.000  10  20  226  346
 379 399.000 104.000  10  10  245  365
 380  95.000 277.000  10  20  229  349
 381  53.000 466.000  10   9  292  412
 382 112.000 465.000  10  10  255  375
 383 313.000 391.000  10   5  154  274
 384 134.000 428.000   0  20  263  383
 385 342.000  54.000  10  20  216  336
 386 201.000 188.000  10  10   94  214
 387 399.000 301.000  10  30  157  277
 388 140.000 108.000  10  29 1026 1146
 389 231.000 195.000  10  20   64  184
 390 420.000 213.000  10  10  173  293
 391 320.000 280.000  10  10   76  196
 392  89.000 185.000  10  16  555  675
 393 472.000 481.000  10  20  320  440
 394 422.000 420.000   0  20  241  361
 395 470.000 125.000  10  20  253  373
 396 409.000 155.000  10  19  185  305
 397 243.000 248.000  10  30    7  127
 398 480.000 136.000  10  22  256  376
 399 162.000 388.000  10  11 1081 1201
 400  47.000 208.000  10  30  207  327
 401  87.000  96.000  10  30  237  357
 402  96.000 346.000  10  26  181  301
 403 321.000 280.000  10  30   77  197
 404 245.000 251.000  10  10    5  125
 405 436.000 295.000  10  11  483  603
 406 274.000 261.000   0  20 1662 1782
 407 275.000  45.000  10  20  206  326
 408 422.000 409.000  10  10  234  354
 409  90.000 285.000  10  40  231  351
 410 415.000  95.000  10  15 1132 1252
 411 202.000 186.000   0  20  106  226
 412 435.000  11.000  10  40  302  422
 413 269.000  46.000  10  20  224  344
 414  44.000 496.000  10  32  357  477
 415 478.000  99.000  10  10  273  393
 416 391.000  99.000  10  20  206  326
 417 132.000 477.000  10  25  282  402
 418  24.000  65.000  10  10  320  440
 419 130.000 247.000  10  17  120  240
 420 133.000 273.000  10  20  119  239
 421 347.000  62.000  10  10  288  408
 422 416.000 420.000  10  20  245  365
 423  67.000 335.000  10  20  201  321
 424  92.000 270.000  10  20  212  332
 425 125.000  39.000  10  20  245  365
 426  67.000 334.000  10  20  201  321
 427  77.000 465.000  10  11  275  395
 428 141.000 428.000  10  20  208  328
 429 204.000 269.000  10  30   49  169
 430 144.000 439.000  10  30  226  346
 431 404.000 103.000  10  20  212  332
 432 487.000 320.000  10  21  813  933
 433 398.000  23.000  10  10  270  390
 434  90.000 296.000  10  20  166  286
 435 386.000  13.000  10  10  292  412
 436 115.000 465.000  10  10  253  373
 437 286.000 356.000  10  30  111  231
 438 267.000  44.000  10  20  211  331
 439 243.000 399.000  10  10  190  310
 440 390.000 249.000  10  21  537  657
 441 210.000 391.000  10  30  146  266
 442 433.000  15.000  10  20  297  417
 443  12.000 463.000  10  20  319  439
 444 237.000 213.000  10  10  102  222
 445 182.000 480.000  10  31  320  440
 446 409.000  88.000  10  20  226  346
 447 381.000 328.000  10  12  672  792
 448 213.000 185.000  10  21   74  194
 449 319.000 124.000  10  20  143  263
 450 141.000 431.000  10  30  211  331
 451 198.000 264.000  10  20   95  215
 452  69.000 334.000  10  30  199  319
 453 299.000  98.000  10  30  159  279
 454 240.000 250.000  10  10   10  130
 455 477.000 179.000  10  20  237  357
 456  56.000 268.000  10  28 1019 1139
 457 360.000 184.000  10  10  176  296
 458 130.000  57.000  10  40  227  347
 459 250.000 328.000  10  24  204  324
 460  91.000 231.000  10  30  160  280
 461 479.000 176.000  10  20  240  360
 462 336.000 493.000   0  20 1434 1554
 463 389.000 300.000  10  10  147  267
 464  92.000  76.000   0   4 1094 1214
 465 476.000 102.000  10  20  291  411
 466  92.000 232.000  10  10  159  279
 467  16.000 287.000  10  12  236  356
 468 143.000 158.000  10  12  141  261
 469  18.000 484.000  10  10  329  449
 470 365.000  28.000  10   9  250  370
 471 387.000 297.000  10  10  144  264
 472 433.000 447.000  10  20  749  869
 473 374.000 489.000  10  20  269  389
 474 126.000  30.000  10  10  252  372
 475 112.000 467.000  10  10  257  377
 476  61.000 214.000  10   4  297  417
 477 166.000 440.000  10  12  207  327
 478  56.000  75.000   0  24 1393 1513
 479 210.000 276.000  10   5   47  167
 480  80.000 286.000  10  10  179  299
 481 351.000 128.000  10  15 1208 1328
 482 352.000 176.000  10  20  126  246
 483 490.000 286.000  10  29  477  597
 484 247.000 219.000  10  17   31  151
 485 398.000 329.000  10  17  167  287
 486 317.000 123.000  10  20  145  265
 487  66.000  31.000  10  25 1003 1123
 488  35.000 304.000  10  30  221  341
 489 343.000  47.000  10  20  232  352
 490  52.000  18.000  10  28  812  932
 491  16.000  68.000  10  20  296  416
 492  92.000 236.000  10  20  213  333
 493 124.000  56.000  10  20  231  351
 494 481.000 454.000  10  14  308  428
 495 481.000 124.000  10  10  263  383
 496 492.000  34.000  10   5  766  886
 497 371.000 200.000  10  10  179  299
 498 153.000 235.000  10  10   98  218
 499 421.000 218.000  10  10  209  329
 500 393.000 301.000  10  30  151  271
 501 468.000 475.000  10  10  313  433
 502 489.000  27.000   0  10  376  496
 503 197.000 270.000  10  30   56  176
 504 311.000 422.000  10  29  943 1063
 505 489.000  17.000  10  10  335  455
 506 440.000 247.000  10  20  208  328
 507 270.000 401.000  10  20  152  272
 508   5.000 445.000  10  30  313  433
 509 480.000 131.000  10   5  643  763
 510 131.000 246.000  10  17  787  907
 511 337.000  41.000  10   8  957 1077
 512 318.000 280.000  10  20   74  194
 513 154.000 392.000  10   9  171  291
 514  67.000 452.000  10  30  272  392
 515  34.000 239.000  10  16  216  336
 516 343.000 276.000  10  15   96  216
 517 393.000  12.000  10  10  277  397
 518 236.000 247.000   0  20   14  134
 519   3.000 292.000  10  20  250  370
 520  18.000 225.000  10   8  646  766
 521 147.000 435.000  10  20  211  331
 522 485.000  24.000  10  20  326  446
 523 470.000 475.000  10  30  314  434
 524 341.000  58.000  10  10  212  332
 525 295.000 247.000  10 -10 1258 1378
 526 476.000 483.000  10 -10  324  444
 527 230.000 197.000  10 -40   77  197
 528 134.000 211.000  10 -23  122  242
 529 377.000 385.000  10 -17  821  941
 530  26.000 490.000  10 -10  430  550
 531 189.000 402.000  10 -15  491  611
 532 340.000 291.000  10 -20  425  545
 533  65.000 453.000  10 -10  274  394
 534  89.000 270.000  10 -10  162  282
 535 399.000 450.000  10 -10  314  434
 536 491.000  25.000  10  -5  364  484
 537 203.000 390.000  10 -40  147  267
 538  92.000 233.000  10 -10  179  299
 539   5.000 281.000  10 -30 1327 1447
 540 432.000  66.000  10 -20 1026 1146
 541 307.000 102.000  10 -10  165  285
 542 351.000   5.000  10 -10  451  571
 543 370.000 262.000  10 -14 1054 1174
 544 111.000 463.000  10 -20  277  397
 545 441.000 265.000  10 -40  191  311
 546 130.000 140.000  10 -17  162  282
 547 142.000  14.000  10 -10  790  910
 548  17.000 459.000  10 -20  377  497
 549 347.000 192.000  10 -24 1443 1563
 550 188.000 119.000  10 -44  930 1050
 551 477.000 120.000  10 -10  297  417
 552 283.000 438.000  10 -20  190  310
 553 385.000 239.000  10 -14  741  861
 554 377.000 432.000  10 -20  786  906
 555 439.000  15.000  10 -20  301  421
 556 151.000  81.000  10 -10 1496 1616
 557  83.000 300.000  10 -10  455  575
 558   7.000 292.000  10 -16  246  366
 559 364.000 173.000  10 -30  137  257
 560 419.000 422.000  10 -10  241  361
 561 419.000 459.000  10 -20  271  391
 562 364.000  71.000  10 -20 1303 1423
 563 498.000 456.000  10 -25 1361 1481
 564 249.000 258.000  10 -10   82  202
 565  17.000 458.000  10 -10  388  508
 566  60.000 231.000  10  -4  981 1101
 567 149.000 214.000  10 -10  437  557
 568 435.000 267.000  10 -30  278  398
 569 415.000 223.000  10 -10  260  380
 570 406.000 460.000  10 -20  674  794
 571   6.000 296.000  10 -10  275  395
 572  91.000 266.000  10 -20  188  308
 573  21.000 146.000  10 -11  442  562
 574 330.000 147.000  10 -33  803  923
 575 340.000 416.000  10 -26  276  396
 576 246.000 314.000  10  -8 1400 1520
 577 315.000 287.000  10 -30  103  223
 578 273.000 149.000  10 -19 1458 1578
 579 421.000 386.000  10 -18  779  899
 580   1.000 293.000  10 -10  252  372
 581   0.000 293.000  10 -30  253  373
 582 148.000 208.000  10 -20  481  601
 583  58.000 449.000  10 -10  318  438
 584 457.000 492.000  10 -18  463  583
 585 395.000 331.000  10 -20  172  292
 586 272.000 402.000  10 -10  153  273
 587  12.000 358.000  10  -8 1179 1299
 588 388.000 331.000  10 -19  160  280
 589  91.000 235.000  10 -20  224  344
 590 274.000  48.000  10 -10  203  323
 591   7.000 382.000  10 -27  725  845
 592 441.000  60.000  10 -20 1414 1534
 593 426.000 231.000  10 -20  983 1103
 594 206.000 186.000  10 -20  143  263
 595  33.000 286.000  10 -12 1472 1592
 596 397.000  57.000  10 -11 1431 1551
 597 492.000 335.000  10 -13  783  903
 598 374.000 190.000  10 -20  137  257
 599  93.000  96.000  10 -20  219  339
 600 195.000 464.000  10  -9 1471 1591
 601 115.000 395.000  10 -18  770  890
 602 389.000 334.000  10 -10  162  282
 603  63.000 444.000  10 -17  335  455
 604 307.000 412.000  10 -10  359  479
 605 476.000  94.000  10 -10  274  394
 606 102.000   6.000  10 -13 1406 1526
 607  37.000 281.000  10 -20  448  568
 608 257.000 391.000  10 -11 1550 1670
 609 441.000 273.000  10 -10  237  357
 610 199.000 203.000  10  -7 1412 1532
 611 100.000 266.000  10 -10  150  270
 612 371.000 193.000  10 -30  133  253
 613 461.000   8.000  10 -10  324  444
 614 498.000 171.000  10 -20 1211 1331
 615 408.000  84.000  10 -10  239  359
 616 215.000 282.000  10 -23 1395 1515
 617  18.000  24.000  10  -2  583  703
 618 308.000 199.000  10 -20 1463 1583
 619   0.000 188.000  10 -29  887 1007
 620 416.000 417.000  10 -25  298  418
 621 411.000  95.000  10 -30  223  343
 622 359.000 246.000  10 -13 1378 1498
 623 239.000 486.000  10  -1 1437 1557
 624 481.000  26.000  10 -20  321  441
 625 157.000  38.000  10  -3 1003 1123
 626 491.000 369.000  10 -10  685  805
 627 168.000  59.000  10 -18  321  441
 628 429.000 169.000  10  -8  858  978
 629 421.000 387.000  10 -15  756  876
 630 483.000  27.000  10 -20  413  533
 631 105.000 474.000  10 -20  426  546
 632 389.000  17.000  10 -10  321  441
 633  25.000  65.000  10 -20  331  451
 634 303.000 186.000  10 -24 1309 1429
 635 204.000 185.000  10 -20  118  238
 636 282.000   1.000  10 -10  997 1117
 637 391.000 293.000  10 -20  181  301
 638 272.000 420.000  10 -20 1341 1461
 639 272.000 234.000  10 -31 1545 1665
 640 435.000 268.000  10 -30  267  387
 641 330.000 281.000  10 -24 1285 1405
 642 185.000 434.000  10 -40  529  649
 643 466.000 149.000  10 -14 1141 1261
 644 307.000 249.000  10 -21 1332 1452
 645 231.000 204.000  10 -10  105  225
 646 460.000   2.000  10 -20  324  444
 647 376.000  92.000  10 -24  946 1066
 648 331.000 356.000  10 -13  667  787
 649  76.000 462.000  10 -10  911 1031
 650 270.000 400.000  10 -30  151  271
 651 404.000 140.000  10 -10 1214 1334
 652 405.000 454.000  10 -20 1258 1378
 653  65.000  62.000  10 -21  931 1051
 654 328.000 491.000  10 -19  633  753
 655 271.000 128.000  10 -10  301  421
 656 412.000 478.000  10 -40  915 1035
 657 315.000 121.000  10 -20  158  278
 658 360.000 294.000  10  -1 1373 1493
 659 437.000  98.000  10 -20 1069 1189
 660  55.000 449.000  10 -20  278  398
 661 346.000 354.000  10 -34  772  892
 662 219.000 215.000  10 -20   46  166
 663 326.000 118.000  10 -25  152  272
 664 149.000 458.000  10 -18 1119 1239
 665 352.000 487.000  10 -22  857  977
 666  24.000 492.000  10 -40  417  537
 667 297.000 283.000  10 -18 1304 1424
 668 397.000  18.000  10 -10  274  394
 669 111.000 392.000  10 -18 1124 1244
 670 324.000 127.000  10 -14  143  263
 671 291.000 213.000  10 -23 1213 1333
 672 175.000 422.000  10 -36 1401 1521
 673 224.000 191.000  10 -10   64  184
 674 368.000 452.000  10 -10  625  745
 675 418.000 218.000  10 -30  222  342
 676 412.000 214.000  10 -10  165  285
 677 451.000 305.000  10 -25  208  328
 678 228.000 260.000  10 -31 1561 1681
 679 475.000 267.000  10 -10  735  855
 680  25.000 307.000  10 -10  232  352
 681  64.000 437.000  10 -20  873  993
 682  59.000 459.000  10 -10  283  403
 683 132.000  32.000  10 -10  739  859
 684 213.000 397.000  10 -20  172  292
 685  30.000 155.000  10  -9 1235 1355
 686 355.000 177.000  10 -30  127  247
 687 439.000 156.000  10 -36  481  601
 688 371.000  71.000  10 -10  242  362
 689 423.000 217.000  10 -10  197  317
 690 250.000 441.000  10 -12  711  831
 691 295.000  89.000  10 -20  697  817
 692 275.000  42.000  10 -10  209  329
 693 277.000 403.000  10 -20  155  275
 694 405.000 276.000  10 -20  189  309
 695 438.000 127.000  10  -7  896 1016
 696 411.000 379.000  10 -27 1148 1268
 697 130.000 494.000  10 -20  714  834
 698 436.000  25.000  10 -20 1237 1357
 699  60.000  29.000  10 -12 1318 1438
 700 436.000 264.000  10 -20  186  306
 701  94.000  97.000  10 -20  218  338
 702  24.000  68.000  10 -20  369  489
 703 175.000 352.000  10 -30 1565 1685
 704 485.000 104.000  10 -10  749  869
 705 195.000 185.000  10 -20   85  205
 706 235.000 316.000  10 -19  611  731
 707  69.000 414.000  10  -4 1218 1338
 708 198.000 271.000  10 -20   56  176
 709 389.000 156.000  10 -20  671  791
 710 436.000 237.000  10 -10  186  306
 711 387.000 488.000  10 -10  317  437
 712  68.000 160.000  10 -10 1091 1211
 713  79.000  80.000  10 -22 1337 1457
 714  28.000 467.000  10 -20 1298 1418
 715 107.000 374.000  10 -20  869  989
 716 358.000 183.000  10 -30  189  309
 717 493.000 111.000  10 -30  496  616
 718 243.000 408.000  10 -20 1389 1509
 719 394.000  23.000  10 -20  359  479
 720  51.000 286.000  10 -16 1414 1534
 721 370.000 382.000  10 -15  839  959
 722 132.000  30.000  10 -26  281  401
 723 199.000 268.000  10 -10   54  174
 724  49.000 437.000  10 -20  382  502
 725  11.000 403.000  10 -20  298  418
 726 231.000 203.000  10 -20   50  170
 727  66.000  88.000  10 -25  785  905
 728 231.000  29.000  10 -12 1181 1301
 729 244.000 277.000  10 -30 1256 1376
 730 103.000 177.000  10 -10  581  701
 731  67.000 451.000  10 -20 1171 1291
 732 368.000 311.000  10 -23  881 1001
 733 497.000 266.000  10 -20  703  823
 734 316.000 284.000  10 -30   80  200
 735 140.000 137.000  10  -8  525  645
 736 318.000 497.000  10 -25  809  929
 737  94.000  40.000  10 -28 1023 1143
 738 350.000 199.000  10 -29 1156 1276
 739 253.000  74.000  10 -13 1305 1425
 740  69.000 336.000  10 -30  200  320
 741   6.000  53.000  10 -10  542  662
 742  80.000 251.000  10 -10  259  379
 743 361.000 181.000  10 -20  152  272
 744 434.000 359.000  10 -17 1347 1467
 745 287.000 397.000  10 -30  519  639
 746 146.000 439.000  10  -9  215  335
 747  13.000 214.000  10  -8 1309 1429
 748 313.000 493.000  10 -35 1148 1268
 749 244.000 368.000  10 -20  369  489
 750 150.000  68.000  10 -27  378  498
 751 473.000 475.000  10 -10  372  492
 752 441.000 177.000  10 -26  956 1076
 753 299.000 285.000  10 -20 1209 1329
 754  80.000 290.000  10 -20  174  294
 755 241.000 180.000  10 -13 1621 1741
 756 214.000 274.000  10 -21 1324 1444
 757 241.000 205.000  10 -20   73  193
 758 491.000  20.000  10  -3  349  469
 759 406.000  87.000  10 -10  268  388
 760 460.000  13.000  10 -20  316  436
 761  92.000  18.000  10 -30 1079 1199
 762 110.000 459.000  10 -20  303  423
 763 470.000 473.000  10 -31  386  506
 764  35.000 303.000  10 -20  221  341
 765 341.000  59.000  10 -27  745  865
 766 455.000 168.000  10  -9  822  942
 767 346.000  60.000  10 -20  276  396
 768 260.000 472.000  10  -7  991 1111
 769 176.000 199.000  10 -28   89  209
 770 331.000 134.000  10  -9 1079 1199
 771 209.000  68.000  10 -20 1505 1625
 772 390.000 294.000  10 -20  192  312
 773 489.000 274.000  10 -20  489  609
 774 179.000 286.000  10 -22  296  416
 775 245.000 408.000  10 -10  159  279
 776  21.000 488.000  10 -10  330  450
 777 325.000  56.000  10 -10  751  871
 778 440.000 292.000  10 -30  895 1015
 779 444.000 271.000  10 -10  201  321
 780 452.000 172.000  10 -27  563  683
 781 366.000 288.000  10 -29  639  759
 782 475.000 480.000  10 -20  334  454
 783 204.000 187.000  10 -20  130  250
 784 483.000  14.000  10 -10  331  451
 785  38.000  15.000  10 -18 1046 1166
 786 146.000 313.000  10 -22 1150 1270
 787 495.000 227.000  10 -10  299  419
 788 359.000 179.000  10 -20  130  250
 789 414.000 378.000  10 -20  450  570
 790 405.000 187.000  10 -13 1206 1326
 791 499.000 316.000  10 -18  577  697
 792 458.000 213.000  10 -10 1083 1203
 793 404.000  83.000  10 -10  253  373
 794  80.000 117.000  10 -20  779  899
 795  89.000  65.000  10  -4  675  795
 796 314.000 205.000  10 -10 1482 1602
 797 270.000  49.000  10 -20  247  367
 798 388.000 325.000  10 -10  218  338
 799 335.000  57.000  10 -10  210  330
 800 263.000 418.000  10 -10  233  353
 801 366.000 334.000  10 -30  365  485
 802  53.000 204.000  10  -1 1010 1130
 803 224.000  56.000  10 -19 1141 1261
 804 365.000 190.000  10 -10 1432 1552
 805 407.000 280.000  10 -20  164  284
 806 380.000 350.000  10 -20  821  941
 807 437.000  19.000  10 -15  969 1089
 808  72.000 227.000  10 -13  519  639
 809  14.000 459.000  10 -10  315  435
 810 471.000  94.000  10 -10  954 1074
 811 360.000 284.000  10 -24  622  742
 812 264.000 180.000  10 -25 1620 1740
 813  33.000 278.000  10 -15 1442 1562
 814 500.000 228.000  10 -10  737  857
 815 122.000  35.000  10 -30  250  370
 816 257.000  57.000  10 -25 1181 1301
 817 306.000  42.000  10 -10  432  552
 818 323.000  77.000  10 -24 1360 1480
 819 481.000  84.000  10 -17  461  581
 820  15.000  69.000  10 -20  296  416
 821 463.000 253.000  10 -10 1002 1122
 822 212.000 186.000  10 -15 1617 1737
 823 449.000 428.000  10 -19 1202 1322
 824 125.000  61.000  10 -23  567  687
 825 224.000 320.000  10 -38 1239 1359
 826 186.000 135.000  10 -25  673  793
 827  66.000 448.000  10 -10  270  390
 828 399.000 175.000  10 -20  702  822
 829  44.000 440.000  10 -20  744  864
 830 461.000 182.000  10 -31  584  704
 831 452.000 110.000  10 -14  295  415
 832 440.000 436.000  10 -13  847  967
 833 484.000 177.000  10 -20  245  365
 834  13.000 394.000  10 -10  328  448
 835 386.000 245.000  10 -10  434  554
 836 402.000 281.000  10 -20  205  325
 837 133.000 202.000  10 -10  416  536
 838 313.000 119.000  10 -30  171  291
 839  86.000 268.000  10 -20  172  292
 840 111.000 192.000  10 -18 1154 1274
 841  32.000 319.000  10 -20  356  476
 842 462.000  14.000  10 -30  352  472
 843  73.000 328.000  10 -10  193  313
 844  20.000 489.000  10 -10  338  458
 845   0.000 356.000  10 -10 1041 1161
 846 172.000 314.000  10 -15  500  620
 847 111.000 467.000  10 -10  257  377
 848 417.000 218.000  10 -20  233  353
 849 398.000 476.000  10 -20  373  493
 850 251.000  63.000  10 -24  942 1062
 851 341.000  72.000  10 -30  760  880
 852 478.000 118.000  10 -40  309  429
 853 382.000 498.000  10 -30  280  400
 854  23.000  67.000  10 -10  344  464
 855 102.000 422.000  10 -19  226  346
 856  13.000 314.000  10 -10  245  365
 857 448.000 414.000  10  -9 1178 1298
 858 409.000 255.000  10 -21 1477 1597
 859 267.000 162.000  10  -1 1404 1524
 860 245.000 461.000  10 -19  604  724
 861 146.000 376.000  10 -20  189  309
 862 470.000 417.000  10  -4  692  812
 863 159.000 299.000  10 -20  971 1091
 864 233.000 207.000  10 -10   46  166
 865 242.000 106.000  10 -23 1223 1343
 866  62.000 453.000  10 -10  276  396
 867  84.000 453.000  10 -23 1178 1298
 868  84.000 377.000  10 -29  881 1001
 869 403.000  93.000  10 -10  296  416
 870 408.000 453.000  10 -10  257  377
 871 477.000 122.000  10 -37  285  405
 872 386.000 154.000  10  -9 1056 1176
 873 488.000  96.000  10 -10 1021 1141
 874 103.000 464.000  10 -20 1228 1348
 875 380.000 489.000  10 -20  334  454
 876 381.000 495.000  10 -10  277  397
 877 432.000   2.000  10 -20  422  542
 878 434.000 245.000  10 -10  297  417
 879  44.000 115.000  10 -10  246  366
 880  22.000 483.000  10 -30  325  445
 881 432.000 199.000  10 -10  594  714
 882 445.000 237.000  10 -10  195  315
 883  43.000 135.000  10 -24  236  356
 884 209.000 212.000  10 -10 1483 1603
 885 235.000  33.000  10 -20 1292 1412
 886 226.000 175.000  10 -27 1613 1733
 887 413.000 417.000  10 -30  311  431
 888 199.000 187.000  10 -10   82  202
 889 450.000 265.000  10 -20  200  320
 890 443.000 246.000  10 -10  193  313
 891 149.000  98.000  10 -18 1120 1240
 892 384.000 491.000  10 -30  303  423
 893 292.000  32.000  10 -12  222  342
 894 323.000  29.000  10 -10 1092 1212
 895 195.000 111.000  10 -31  953 1073
 896 413.000 421.000  10  -8  258  378
 897 428.000 202.000  10 -10  859  979
 898 330.000 138.000  10 -19 1065 1185
 899   8.000 300.000  10 -10  311  431
 900 435.000  16.000  10 -20  322  442
 901 335.000  99.000  10 -10 1173 1293
 902 132.000  55.000  10 -20  227  347
 903 399.000 102.000  10 -10  222  342
 904  88.000 287.000  10 -20  218  338
 905  16.000 460.000  10  -9  366  486
 906 111.000 464.000  10 -10  266  386
 907 412.000 453.000  10  -5  259  379
 908 134.000 428.000  10 -20  263  383
 909 343.000  49.000  10 -20  221  341
 910 217.000 207.000  10 -10 1337 1457
 911 408.000 318.000  10 -30  598  718
 912 178.000 135.000  10 -29 1469 1589
 913 208.000 184.000  10 -20   78  198
 914 423.000 214.000  10 -10  176  296
 915 374.000 232.000  10 -10  125  245
 916 105.000 181.000  10 -16 1486 1606
 917 477.000 483.000  10 -20  325  445
 918 422.000 420.000  10 -20  241  361
 919 384.000 149.000  10 -20 1152 1272
 920 399.000 106.000  10 -19  257  377
 921 228.000 199.000  10 -30   89  209
 922 482.000 141.000  10 -22  966 1086
 923 142.000 360.000  10 -11 1487 1607
 924  30.000  72.000  10 -30  387  507
 925  91.000 101.000  10 -30  253  373
 926  58.000 391.000  10 -26  837  957
 927 322.000 290.000  10 -30 1434 1554
 928 234.000 246.000  10 -10   20  140
 929 440.000 284.000  10 -11  807  927
 930 274.000 261.000  10 -20 1662 1782
 931 335.000  46.000  10 -20 1297 1417
 932 418.000 399.000  10 -10  393  513
 933  71.000 282.000  10 -40  597  717
 934 382.000 110.000  10 -15 1067 1187
 935 202.000 186.000  10 -20  106  226
 936 459.000  17.000  10 -40  366  486
 937 240.000  34.000  10 -20 1475 1595
 938  21.000 485.000  10 -32  328  448
 939 474.000  96.000  10 -10  271  391
 940 394.000  47.000  10 -20  268  388
 941 150.000 484.000  10 -25  580  700
 942  26.000  67.000  10 -10 1272 1392
 943  93.000 235.000  10 -17  201  321
 944  97.000 288.000  10 -20 1239 1359
 945 346.000  57.000  10 -10  263  383
 946 419.000 418.000  10 -20  238  358
 947  19.000 273.000  10 -20  972 1092
 948  89.000 272.000  10 -20  162  282
 949 125.000  32.000  10 -20  251  371
 950  52.000 303.000  10 -20  396  516
 951 167.000 445.000  10 -11 1367 1487
 952 140.000 431.000  10 -20  211  331
 953 201.000 270.000  10 -30   52  172
 954 132.000 479.000  10 -30  257  377
 955 406.000  99.000  10 -20  217  337
 956 489.000 338.000  10 -21 1352 1472
 957 384.000  16.000  10 -10  306  426
 958  89.000 290.000  10 -20  165  285
 959 385.000  17.000  10 -10  764  884
 960 122.000 422.000  10 -10 1412 1532
 961 371.000 315.000  10 -30 1121 1241
 962 239.000  15.000  10 -20  559  679
 963 250.000 411.000  10 -10  161  281
 964 352.000 241.000  10 -21  747  867
 965 210.000 379.000  10 -30  664  784
 966 437.000  12.000  10 -20  302  422
 967  27.000 464.000  10 -20 1246 1366
 968 118.000 314.000  10 -10  293  413
 969 218.000 403.000  10 -31 1274 1394
 970 429.000  67.000  10 -20  687  807
 971 394.000 322.000  10 -12  980 1100
 972 203.000 211.000  10 -21 1261 1381
 973 314.000 124.000  10 -20  186  306
 974 230.000 487.000  10 -30 1085 1205
 975 197.000 267.000  10 -20   64  184
 976 104.000 349.000  10 -30  964 1084
 977 307.000  52.000  10 -30  875  995
 978 211.000 248.000  10 -10   39  159
 979 476.000 174.000  10 -20  279  399
 980  64.000 294.000  10 -28 1056 1176
 981 320.000 211.000  10 -10  948 1068
 982 109.000  56.000  10 -40  239  359
 983 284.000 319.000  10 -24  772  892
 984  86.000 199.000  10 -30  233  353
 985 484.000 171.000  10 -20  248  368
 986 336.000 493.000  10 -20 1434 1554
 987 374.000 306.000  10 -10  949 1069
 988  92.000  76.000  10  -4 1094 1214
 989 481.000  96.000  10 -20  277  397
 990  92.000 230.000  10 -10  159  279
 991   6.000 292.000  10 -12  247  367
 992  95.000  92.000  10 -12  221  341
 993  13.000 465.000  10 -10  729  849
 994 393.000  20.000  10  -9  346  466
 995 395.000 295.000  10 -10  166  286
 996 425.000 448.000  10 -20  749  869
 997 381.000 494.000  10 -20  288  408
 998 129.000  27.000  10 -10  253  373
 999 109.000 463.000  10 -10  289  409
1000 146.000 188.000  10  -4 1190 1310
1001 176.000 470.000  10 -12  502  622
1002  56.000  75.000  10 -24 1393 1513
1003  44.000 311.000  10  -5  362  482
1004  38.000 301.000  10 -10  251  371
1005 325.000 147.000  10 -15 1142 1262
1006 313.000 126.000  10 -20  198  318
1007 478.000 300.000  10 -29  845  965
1008 149.000 341.000  10 -17  359  479
1009 394.000 333.000  10 -17  166  286
1010 305.000 107.000  10 -20  180  300
1011  30.000   7.000  10 -25 1144 1264
1012  29.000 336.000  10 -30  287  407
1013 390.000  34.000  10 -20 1015 1135
1014  64.000   5.000  10 -28 1084 1204
1015  15.000  68.000  10 -20  297  417
1016  92.000 234.000  10 -20  190  310
1017 100.000  66.000  10 -20 1355 1475
1018 489.000 437.000  10 -14  662  782
1019 479.000 127.000  10 -10  259  379
1020 472.000  57.000  10  -5 1250 1370
1021 379.000 196.000  10 -10  149  269
1022 111.000 178.000  10 -10  156  276
1023 420.000 224.000  10 -10  384  504
1024 390.000 325.000  10 -30  206  326
1025 493.000 493.000  10 -10  811  931
1026 489.000  27.000  10 -10  376  496
1027 225.000 269.000  10 -30 1226 1346
1028 294.000 421.000  10 -29 1515 1635
1029 485.000  27.000  10 -10  401  521
1030 436.000 241.000  10 -20  282  402
1031 269.000 402.000  10 -20  158  278
1032  12.000 451.000  10 -30  311  431
1033 482.000 104.000  10  -5  762  882
1034 120.000 261.000  10 -17  748  868
1035 352.000  63.000  10  -8 1133 1253
1036 333.000 293.000  10 -20  572  692
1037 196.000 489.000  10  -9  985 1105
1038 133.000 455.000  10 -30  763  883
1039  24.000 259.000  10 -16  325  445
1040 365.000 274.000  10 -15  117  237
1041 397.000  20.000  10 -10  272  392
1042 236.000 247.000  10 -20   14  134
1043  46.000 163.000  10 -20  881 1001
1044  57.000 183.000  10  -8 1055 1175
1045 145.000 434.000  10 -20  211  331
1046 488.000  26.000  10 -20  388  508
1047 475.000 477.000  10 -30  360  480
1048 343.000  62.000  10 -10  312  432
1049 250.000 250.000   0   0    0 1821
