524 524 1000 200 1000
   0 250.000 250.000   0   0    0 1821
   1 440.000 436.000  10  18    0 1546
   2 352.000 487.000   0  27    0 1553
   3 175.000 239.000  10  23    0 1736
   4 133.000 202.000  10  33    0 1685
   5 328.000 458.000  10  17    0 1589
   6  60.000 454.000  10  10  347  377
   7 102.000 264.000  10  10  148  178
   8 451.000  62.000  10   5    0 1536
   9 203.000 390.000  10  40    0 1664
  10   7.000 300.000  10  30  345  375
  11 307.000 108.000  10  10  237  267
  12 406.000  87.000  10  10    0 1586
  13 116.000 466.000  10  20  254  284
  14 130.000 140.000  10  17  194  224
  15  83.000 300.000  10  26  500  530
  16  18.000 462.000  10  20  398  428
  17 188.000 119.000  10  44  975 1005
  18 391.000 202.000  10  14  148  178
  19 377.000 432.000  10  20    0 1590
  20  80.000 290.000  10  10  197  227
  21  88.000 286.000  10  10    0 1646
  22  41.000 232.000  10  16    0 1602
  23 340.000 416.000  10  36  321  351
  24 314.000 124.000  10  20  231  261
  25 375.000 191.000  10  30    0 1673
  26 419.000 459.000  10  20    0 1543
  27 246.000 255.000  10  10    0 1805
  28  71.000 333.000  10  10  197  227
  29 388.000 331.000  10  20  160  190
  30 200.000 261.000  10  10  166  196
  31 400.000 288.000  10  30    0 1657
  32 325.000 147.000  10  14    0 1684
  33 421.000 386.000  10  29  824  854
  34 404.000 447.000  10  20    0 1561
  35 412.000 478.000  10   7    0 1532
  36  26.000  67.000  10  15 1317 1347
  37  30.000 302.000  10  10  267  297
  38 407.000 280.000  10  10    0 1652
  39 277.000 403.000  10  10  175  205
  40 498.000 456.000  10  27 1406 1436
  41 384.000 491.000  10  20  348  378
  42 355.000 174.000  10  33    0 1682
  43  97.000 288.000  10  22    0 1654
  44 334.000 403.000  10  26  174  204
  45 415.000 223.000  10  20  305  335
  46 273.000 300.000  10  30   55   85
  47 269.000 112.000  10  19    0 1672
  48 429.000 389.000   0  18  424  454
  49 414.000 378.000  10  23  495  525
  50  38.000  15.000  10   3    0 1495
  51   2.000 295.000  10  30    0 1559
  52 382.000 110.000  10  24    0 1619
  53 438.000 488.000  10  18    0 1508
  54 395.000 331.000  10  20  217  247
  55 249.000 407.000  10  10  174  204
  56 151.000  81.000  10  28    0 1616
  57 483.000  14.000  10  10    0 1480
  58 429.000  67.000  10  16  732  762
  59 195.000 464.000  10  20 1541 1571
  60 356.000 256.000  10  19  106  136
  61  94.000 235.000  10  20  156  186
  62 474.000  96.000  10  30    0 1540
  63  44.000 440.000  10  24    0 1531
  64   7.000 382.000  10  27    0 1535
  65 491.000  25.000  10  10  409  439
  66 201.000 270.000  10  10   52   82
  67  44.000 344.000  10  12 1079 1109
  68 418.000  75.000  10  11  448  478
  69 343.000  62.000  10  10  357  387
  70 371.000 193.000  10  20    0 1678
  71  66.000  88.000  10   2    0 1566
  72 395.000 332.000  10  10    0 1645
  73 472.000 129.000   0  10    0 1559
  74  87.000   3.000  10  13 1433 1463
  75  79.000  80.000  10  19    0 1570
  76  62.000 453.000  10  10    0 1535
  77 188.000 151.000  10   7    0 1695
  78 192.000 265.000   0  10    0 1752
  79 274.000  48.000  10  10    0 1608
  80 343.000  49.000  10  10    0 1590
  81 248.000 251.000  10  20    2   32
  82   7.000 194.000   0  29    0 1562
  83 410.000 399.000  10  25    0 1593
  84 398.000 103.000  10  30    0 1603
  85 385.000 285.000  10  13    0 1672
  86 492.000 335.000  10  10  828  858
  87  27.000 464.000  10  21    0 1502
  88 157.000  38.000  10   3 1048 1078
  89 439.000 268.000   0  10  298  328
  90 429.000 169.000  10   8    0 1615
  91  60.000 231.000  10  32    0 1621
  92 481.000  20.000  10  20  347  377
  93 436.000  25.000   0  19    0 1520
  94 111.000 459.000   0  20  359  389
  95 389.000  17.000  10  10    0 1540
  96  91.000 266.000  10  10    0 1652
  97  17.000  65.000  10  20    0 1514
  98 391.000 112.000  10  24 1000 1030
  99 224.000 203.000  10  20    0 1758
 100 426.000 231.000   0  24 1028 1058
 101 260.000 472.000  10  33 1036 1066
 102 391.000 293.000   0  20    0 1664
 103 132.000  30.000  10  20    0 1562
 104 436.000 237.000  10  20  186  216
 105 287.000 397.000   0  12  564  594
 106 272.000 420.000  10   7    0 1640
 107 477.000 120.000  10  10    0 1550
 108 145.000 434.000  10  20  233  263
 109 393.000  20.000  10  20    0 1541
 110 246.000 398.000  10  40  148  178
 111 226.000 316.000  10  21   70  100
 112 244.000 250.000  10  10   12   42
 113 458.000  16.000  10  20  313  343
 114 423.000 214.000  10  20  217  247
 115 219.000 215.000  10  32   46   76
 116 326.000 118.000  10  10    0 1659
 117 248.000 404.000  10  30  154  184
 118  65.000  62.000  10  15  976 1006
 119 460.000  13.000  10  20  322  352
 120   0.000 293.000  10  30  279  309
 121 211.000 248.000  10  26   39   69
 122 484.000 174.000  10  10  265  295
 123 175.000 352.000  10  12    0 1685
 124 455.000 168.000  10  21    0 1591
 125 224.000 191.000  10  20   81  111
 126 439.000 156.000   0   2  526  556
 127 434.000 359.000  10  13    0 1598
 128 234.000 246.000  10  10   65   95
 129 329.000 456.000  10  19  249  279
 130  25.000  65.000  10  10    0 1520
 131 406.000  96.000  10  20  219  249
 132  49.000 451.000  10  20  284  314
 133 299.000 353.000  10  34  114  144
 134 236.000 213.000  10  20   39   69
 135 355.000 177.000  10  20    0 1684
 136 435.000  16.000  10  10  367  397
 137 213.000 399.000  10  18    0 1658
 138 111.000 392.000   0  18 1169 1199
 139 344.000 203.000   0  14    0 1706
 140 483.000  27.000  10  20    0 1489
 141 291.000 213.000  10  23    0 1756
 142 154.000 374.000  10  36    0 1655
 143 225.000 196.000  10  10    0 1752
 144 297.000 283.000  10  28 1349 1379
 145 371.000 423.000  10  10    0 1600
 146 417.000 217.000  10  30  189  219
 147 442.000 289.000  10  25  195  225
 148 100.000 266.000  10  20    0 1661
 149 111.000 178.000  10  18  156  186
 150  91.000 101.000   0  10    0 1594
 151 135.000 400.000  10  20  299  329
 152 133.000  26.000  10  10    0 1559
 153 211.000 386.000  10  20    0 1670
 154  94.000  97.000  10  20  218  248
 155 208.000 184.000  10  20    0 1733
 156 394.000 333.000  10  20  194  224
 157 355.000 180.000  10  30    0 1685
 158 241.000 180.000  10  13    0 1741
 159  21.000 485.000  10  30    0 1483
 160  80.000 251.000   0  14    0 1641
 161 406.000  94.000  10  10    0 1591
 162 364.000  71.000  10   5    0 1599
 163 274.000 441.000  10  12  695  725
 164 304.000  97.000  10  20  182  212
 165 297.000 102.000  10  10  155  185
 166 250.000 405.000  10  20  162  192
 167 111.000 463.000  10  20    0 1557
 168 263.000 418.000  10  25    0 1643
 169  73.000 328.000  10  20  193  223
 170  58.000  39.000  10  12 1163 1193
 171  96.000  97.000  10  20    0 1594
 172  21.000  64.000  10  20    0 1516
 173 238.000 210.000  10  30  134  164
 174 479.000 121.000  10  10  308  338
 175 216.000 341.000  10  19    0 1714
 176  48.000 437.000  10   4    0 1536
 177 200.000 270.000  10  20   59   89
 178 476.000 174.000  10  30  324  354
 179 400.000 286.000  10  10  154  184
 180 351.000 481.000  10  10  322  352
 181  95.000 234.000  10  10  163  193
 182 128.000 113.000  10  22  363  393
 183 133.000 455.000  10  25  808  838
 184  59.000 388.000  10  20  663  693
 185 266.000 405.000  10  20    0 1656
 186 374.000 232.000  10  33  125  155
 187 398.000  20.000  10  20    0 1538
 188 481.000  26.000  10  30    0 1490
 189  63.000 444.000  10  20    0 1542
 190 262.000 369.000  10  15    0 1692
 191 323.000  29.000  10   7    0 1579
 192  89.000  65.000  10  16  720  750
 193 144.000  35.000  10  26    0 1572
 194 200.000 265.000  10  10    0 1759
 195 436.000 264.000  10  20  186  216
 196  15.000 457.000  10  20  323  353
 197 397.000  20.000  10  20  280  310
 198 328.000 491.000  10  21    0 1558
 199   6.000 296.000  10  10  320  350
 200 233.000 204.000  10  20   54   84
 201 315.000 287.000  10  30  148  178
 202 320.000 283.000   0  30    0 1734
 203  95.000 235.000  10  10  155  185
 204  16.000 497.000  10  20    0 1471
 205 485.000 104.000  10  21  794  824
 206 330.000 147.000  10  28    0 1681
 207 443.000 237.000  10  20  193  223
 208 381.000 495.000  10  20    0 1534
 209 364.000 173.000  10  30  180  210
 210 214.000 245.000  10   8    0 1775
 211 347.000 459.000  10  25    0 1581
 212  87.000 285.000  10  30  241  271
 213   6.000 292.000   0  10    0 1564
 214  18.000  63.000  10  10  339  369
 215 149.000  98.000  10   4    0 1629
 216 103.000 177.000   0  28  626  656
 217 367.000 178.000  10  20  180  210
 218 306.000  42.000  10  11  477  507
 219 470.000 405.000  10  17    0 1542
 220  33.000 278.000   0  18 1487 1517
 221 257.000  57.000  10  18 1226 1256
 222 221.000 291.000  10   9   50   80
 223 471.000 484.000  10  10  340  370
 224 476.000  94.000  10  20    0 1537
 225 458.000 213.000  10  22    0 1600
 226  85.000 288.000  10  20  182  212
 227 228.000 287.000  10  21   43   73
 228 397.000  18.000  10  10    0 1537
 229 238.000 204.000  10  20    0 1764
 230 488.000   3.000  10   3  401  431
 231 459.000  14.000  10  20  315  345
 232 370.000 382.000   0  11  884  914
 233 405.000 454.000  10  11 1303 1333
 234 138.000 438.000  10  20  287  317
 235 494.000 468.000  10  31    0 1484
 236  35.000 303.000  10  20  221  251
 237 341.000  59.000  10  27    0 1600
 238 339.000  60.000  10  20  211  241
 239 176.000 199.000  10  28    0 1722
 240 365.000 190.000  10  22    0 1682
 241 133.000  53.000  10  20    0 1582
 242 387.000 488.000  10  20  362  392
 243 385.000 295.000  10  20    0 1669
 244 491.000 369.000  10  28  730  760
 245 241.000 403.000  10  10  220  250
 246  30.000  72.000  10  10    0 1529
 247  21.000 487.000  10  10  350  380
 248 324.000  99.000  10  10    0 1643
 249 453.000 318.000  10  30  374  404
 250 443.000 272.000  10  10    0 1617
 251 447.000 184.000  10  27    0 1604
 252 440.000 284.000  10  25    0 1618
 253 377.000 385.000  10   6    0 1626
 254 477.000 478.000  10  20  392  422
 255 226.000 191.000  10  20    0 1748
 256  71.000 282.000  10  29    0 1630
 257 189.000 402.000  10  10  536  566
 258 134.000 211.000  10  35  122  152
 259  21.000 146.000  10  21  487  517
 260  44.000 311.000  10  27    0 1597
 261 444.000 242.000  10  10  216  246
 262 388.000 334.000  10  20    0 1650
 263 401.000 164.000  10  13  621  651
 264  88.000  95.000  10  20  270  300
 265 306.000 229.000  10  10    0 1752
 266 273.000  55.000  10  20    0 1615
 267 384.000 149.000  10  18    0 1644
 268 122.000  35.000  10  10  250  280
 269 308.000 199.000   0  14    0 1734
 270 267.000 400.000  10  10  232  262
 271   8.000 300.000  10  10    0 1564
 272 105.000 181.000  10  19    0 1651
 273 398.000 325.000  10  30  233  263
 274 140.000 431.000  10  30  211  241
 275 253.000 118.000  10  19  547  577
 276 321.000 277.000  10  10    0 1736
 277 406.000 285.000  10  20    0 1652
 278 391.000 334.000  10  20    0 1647
 279 201.000 278.000  10  13   56   86
 280 435.000 267.000  10  20  323  353
 281  16.000 462.000  10  10    0 1496
 282 477.000  97.000  10  10    0 1538
 283 346.000  57.000  10  20  308  338
 284 282.000   1.000  10  18    0 1560
 285 125.000  29.000  10  30  283  313
 286  32.000 319.000  10  21  401  431
 287 344.000  70.000   0  24 1146 1176
 288 481.000  84.000  10  17  506  536
 289 441.000 244.000  10  10  277  307
 290   1.000 293.000  10  10  268  298
 291 481.000  96.000   0  20    0 1534
 292 236.000 126.000  10  23  124  154
 293 225.000 369.000  10  38  121  151
 294 412.000 453.000  10  10  297  327
 295 173.000 182.000  10  25    0 1709
 296 111.000 464.000  10  10    0 1556
 297  69.000 336.000  10  20  218  248
 298 359.000 182.000  10  20  209  239
 299  13.000 459.000  10  20    0 1496
 300 244.000 277.000  10  18    0 1784
 301 484.000 177.000  10  20    0 1566
 302  22.000 483.000  10  30  325  355
 303  95.000  92.000  10  20    0 1590
 304 376.000 195.000  10  10    0 1674
 305 441.000 177.000  10  23    0 1607
 306 231.000 203.000  10  20   67   97
 307  21.000 488.000  10  10  361  391
 308  65.000 453.000  10  30  282  312
 309  90.000 274.000  10  20    0 1650
 310  39.000 162.000  10  18  565  595
 311 437.000  15.000  10  30    0 1511
 312 307.000 412.000  10   8    0 1640
 313  79.000 291.000  10  10    0 1636
 314  64.000 437.000   0  11  918  948
 315 129.000  27.000  10  10  298  328
 316 170.000 347.000  10  15  436  466
 317  92.000 230.000  10  20    0 1652
 318 413.000 217.000  10  20    0 1645
 319 125.000  61.000  10  26  612  642
 320 478.000 121.000  10  40    0 1550
 321 408.000  84.000  10  10  284  314
 322 376.000 494.000  10  30    0 1537
 323  20.000  73.000  10  10  290  320
 324  95.000 382.000  10  19  231  261
 325 352.000  63.000  10   6    0 1598
 326 365.000 274.000  10  14    0 1694
 327  30.000 301.000  10  10  278  308
 328 197.000 267.000  10  10  109  139
 329 468.000 352.000  10   9    0 1571
 330 418.000 251.000   0  21    0 1643
 331 251.000  63.000  10  14    0 1624
 332 132.000  55.000  10  10  267  297
 333 469.000 489.000  10   4  555  585
 334 441.000  60.000   0  21 1459 1489
 335 178.000  72.000  10  23  757  787
 336  51.000 447.000  10  10  294  324
 337 478.000 118.000  10  20    0 1548
 338 141.000 426.000  10  23    0 1604
 339 295.000  89.000  10  23  742  772
 340 112.000 433.000  10  29  235  265
 341 320.000 211.000  10  16    0 1731
 342 408.000 453.000  10  10  283  313
 343 432.000  66.000  10  30    0 1553
 344 335.000  57.000  10  30  210  240
 345 440.000   7.000  10  20  314  344
 346  90.000 232.000  10  10  212  242
 347 241.000 205.000  10  30    0 1766
 348  57.000 183.000  10  15    0 1607
 349 442.000 243.000  10  10    0 1619
 350 402.000 281.000   0  20    0 1656
 351 445.000 237.000  10  10  200  230
 352 441.000 273.000  10  20  282  312
 353  31.000 175.000  10  24  247  277
 354  52.000 303.000  10  25  441  471
 355 167.000 445.000  10   7 1412 1442
 356 179.000 286.000  10   8    0 1732
 357 421.000 415.000  10  30    0 1574
 358  59.000 459.000  10  20  311  341
 359  55.000 449.000  10  20  278  308
 360 444.000 269.000  10  20  234  264
 361 313.000 126.000  10  10  243  273
 362 398.000 476.000  10  25    0 1541
 363 217.000 207.000   0  26 1382 1412
 364 233.000  87.000   0  18  253  283
 365   6.000  53.000  10   8  587  617
 366 378.000 493.000  10  30  282  312
 367 371.000 315.000  10  18    0 1674
 368 200.000  78.000  10  31    0 1632
 369 413.000 391.000   0   8  217  247
 370 415.000 216.000  10  10  176  206
 371 397.000  57.000   0  17 1476 1506
 372   0.000 297.000  10  10    0 1557
 373 435.000  20.000  10  20  381  411
 374 132.000  57.000   0  20    0 1585
 375 228.000 260.000  10  12    0 1787
 376 399.000 104.000  10  10    0 1603
 377  95.000 277.000  10  20  274  304
 378 112.000 465.000  10  10  299  329
 379 313.000 391.000  10   5  154  184
 380 224.000 320.000  10  36    0 1737
 381 134.000 428.000  10  20  308  338
 382 438.000 127.000  10   2    0 1587
 383 239.000  15.000  10   2  604  634
 384 342.000  54.000  10  20  250  280
 385 109.000 463.000  10  30  334  364
 386 201.000 188.000  10  10    0 1732
 387 399.000 301.000  10  30  194  224
 388 484.000 171.000  10  10  293  323
 389 380.000 350.000  10  15    0 1647
 390 228.000 199.000  10  10    0 1756
 391 245.000 461.000  10   8  649  679
 392 315.000 121.000  10  10  203  233
 393 420.000 213.000  10  10  204  234
 394 331.000 134.000  10  11    0 1670
 395  84.000 377.000  10  10    0 1602
 396 320.000 280.000   0  10    0 1735
 397 475.000 267.000  10   7  780  810
 398 470.000 125.000  10  20    0 1558
 399 435.000 268.000  10  10  312  342
 400 409.000 155.000  10  19  185  215
 401 341.000  72.000  10   9    0 1612
 402  16.000 460.000  10  20  411  441
 403 480.000 136.000  10  22  256  286
 404 162.000 388.000  10  11    0 1648
 405  47.000 208.000  10  30  226  256
 406 324.000 127.000  10  30  143  173
 407 314.000 205.000  10  22    0 1733
 408  96.000 346.000   0  26    0 1630
 409 321.000 280.000  10  30   77  107
 410 245.000 251.000  10  10    0 1806
 411 436.000 295.000   0  11    0 1620
 412 271.000 128.000  10  12  346  376
 413 275.000  45.000  10  20  225  255
 414 422.000 409.000  10  10  234  264
 415  93.000  96.000  10  20  225  255
 416 409.000 255.000  10  23    0 1652
 417 449.000 428.000  10  25    0 1545
 418 415.000  95.000  10  15    0 1585
 419 379.000 196.000  10  20  194  224
 420 202.000 186.000  10  20  151  181
 421  44.000 496.000   0  32    0 1491
 422 132.000 477.000  10  25    0 1556
 423  24.000  65.000  10  10    0 1519
 424 130.000 247.000  10  17  120  150
 425 133.000 273.000  10  20  119  149
 426 347.000  62.000  10  10    0 1600
 427 416.000 420.000  10  20    0 1574
 428  92.000 270.000  10  20  257  287
 429 366.000 334.000  10   5  410  440
 430 460.000   2.000  10  20    0 1487
 431  67.000 334.000  10  20  231  261
 432  46.000 163.000  10   8    0 1590
 433  77.000 465.000  10  11  275  305
 434 284.000 319.000  10  17  817  847
 435 102.000 422.000  10  23  226  256
 436 240.000  34.000  10  28    0 1595
 437 404.000 103.000  10  20  242  272
 438 398.000  23.000  10  10  270  300
 439  90.000 296.000  10  20  166  196
 440 275.000  42.000  10  30  238  268
 441  15.000  69.000  10  10  296  326
 442 390.000 249.000  10  21    0 1671
 443 210.000 391.000  10  30  146  176
 444 433.000  15.000  10  20  297  327
 445  12.000 463.000  10  20  361  391
 446 237.000 213.000  10  10    0 1772
 447 182.000 480.000  10  31    0 1572
 448 409.000  88.000  10  20    0 1585
 449 244.000 368.000   0  25  414  444
 450 482.000 141.000   0  14    0 1555
 451 319.000 124.000  10  20    0 1668
 452 141.000 431.000  10  30    0 1600
 453  69.000 334.000  10  30    0 1612
 454 299.000  98.000  10  30    0 1652
 455 459.000  17.000  10  20  411  441
 456 423.000 217.000   0  20    0 1635
 457 213.000 397.000  10  10    0 1660
 458 269.000 402.000   0  20    0 1658
 459  13.000 394.000  10  15    0 1534
 460 250.000 328.000   0  24  249  279
 461  91.000 231.000  10  30    0 1651
 462 479.000 176.000  10  20  240  270
 463 420.000 224.000  10  10    0 1640
 464 461.000 182.000  10  13    0 1590
 465 418.000 218.000  10  20    0 1640
 466 419.000 418.000  10  10  249  279
 467 389.000 300.000  10  10    0 1664
 468  92.000  76.000  10   4 1139 1169
 469 476.000 102.000  10  20  336  366
 470 418.000 399.000  10  20    0 1587
 471  13.000 465.000  10  31  774  804
 472  92.000 232.000  10  10  177  207
 473 394.000  47.000  10   5  313  343
 474  16.000 287.000   0  12    0 1575
 475 399.000 102.000  10  20    0 1601
 476 143.000 158.000  10  12  141  171
 477  18.000 484.000  10  10  329  359
 478 250.000 411.000  10  30    0 1650
 479 365.000  28.000  10   9  268  298
 480 387.000 297.000  10  10  144  174
 481 374.000 489.000  10  20  269  299
 482 112.000 467.000  10  10  276  306
 483 166.000 440.000  10  12  207  237
 484 210.000 276.000  10   5   47   77
 485  17.000 459.000  10  10    0 1498
 486  66.000 448.000  10  10  270  300
 487 351.000 128.000   0  15 1253 1283
 488 352.000 176.000  10  20  126  156
 489 490.000 286.000  10  29    0 1569
 490 247.000 219.000  10  17    0 1780
 491  86.000 268.000  10  10  217  247
 492 408.000 318.000  10  15  643  673
 493  66.000  31.000   0  25 1048 1078
 494  35.000 304.000  10  30    0 1590
 495 470.000 473.000  10  10  431  461
 496 224.000  56.000  10  13 1186 1216
 497 343.000  47.000  10  20    0 1588
 498  52.000  18.000  10  28    0 1506
 499 195.000 185.000  10  20    0 1726
 500 477.000 483.000  10  20  366  396
 501 153.000 235.000  10  10    0 1713
 502 257.000 391.000  10  22    0 1670
 503 468.000 475.000  10  10  313  343
 504 100.000  66.000  10  15    0 1574
 505  12.000 451.000  10  20  311  341
 506 311.000 422.000  10  29    0 1629
 507 489.000  17.000  10  10  380  410
 508  13.000 214.000  10  21    0 1572
 509 440.000 247.000  10  20    0 1621
 510 388.000 325.000  10  10    0 1654
 511 198.000 271.000   0  20    0 1755
 512 480.000 131.000  10   5    0 1553
 513 437.000  98.000  10  16    0 1571
 514 131.000 246.000  10  17  832  862
 515  49.000 437.000  10   7    0 1537
 516 337.000  41.000  10   8    0 1585
 517 318.000 280.000  10  20    0 1737
 518 399.000 450.000  10  20  359  389
 519 343.000 276.000  10  15   96  126
 520 393.000  12.000  10  10    0 1534
 521 236.000 247.000   0  20    0 1797
 522 335.000  99.000   0  25    0 1638
 523 485.000  24.000  10  20  326  356
 524 341.000  58.000  10  10  224  254
 525 346.000 354.000  10 -18    0 1670
 526 352.000 487.000  10 -27    0 1553
 527 157.000 269.000  10 -23 1576 1606
 528  18.000 225.000  10 -33    0 1578
 529 286.000 356.000  10 -17    0 1700
 530 107.000 374.000  10 -10  914  944
 531 111.000 192.000  10 -10 1199 1229
 532 492.000  34.000  10  -5    0 1487
 533 208.000 396.000  10 -40  176  206
 534  19.000 273.000  10 -30 1017 1047
 535 297.000 131.000  10 -10 1165 1195
 536 371.000  71.000  10 -10    0 1595
 537 111.000 467.000  10 -20    0 1554
 538 109.000  56.000  10 -17    0 1572
 539 104.000 349.000  10 -26 1009 1039
 540   0.000 422.000  10 -20  821  851
 541 186.000 135.000  10 -44    0 1680
 542 418.000 221.000  10 -14  291  321
 543 405.000 455.000  10 -20    0 1554
 544  92.000 259.000  10 -10  399  429
 545  25.000 307.000  10 -10  249  279
 546  72.000 227.000  10 -16    0 1632
 547 330.000 308.000  10 -36    0 1713
 548 428.000 202.000  10 -20  904  934
 549 421.000 218.000  10 -30    0 1638
 550 413.000 421.000  10 -20    0 1575
 551 249.000 258.000  10 -10    0 1803
 552  40.000 304.000  10 -10 1145 1175
 553 390.000 325.000  10 -20    0 1653
 554 206.000 261.000  10 -10  182  212
 555 370.000 262.000  10 -30 1099 1129
 556 238.000 123.000  10 -14  781  811
 557 420.000 383.000  10 -29    0 1596
 558 406.000 450.000  10 -20    0 1558
 559 425.000 448.000  10  -7    0 1547
 560   1.000 101.000  10 -15    0 1521
 561  13.000 314.000  10 -10    0 1566
 562 405.000 276.000  10 -10    0 1654
 563 272.000 402.000  10 -10    0 1658
 564 481.000 454.000  10 -27    0 1503
 565 379.000 486.000  10 -20    0 1543
 566 306.000 235.000  10 -33    0 1754
 567  80.000 286.000  10 -22    0 1638
 568 348.000 348.000  10 -26    0 1673
 569 352.000 241.000  10 -20  792  822
 570 207.000 400.000  10 -30    0 1655
 571 277.000  50.000  10 -19  201  231
 572 429.000 389.000  10 -18  424  454
 573 374.000 306.000  10 -23    0 1675
 574  60.000  29.000  10  -3    0 1520
 575   3.000 292.000  10 -30    0 1561
 576 411.000  95.000  10 -24  243  273
 577 473.000 475.000  10 -18  417  447
 578 394.000 322.000  10 -20    0 1651
 579 283.000 438.000  10 -10    0 1621
 580 179.000  75.000  10 -28  740  770
 581 491.000  20.000  10 -10  394  424
 582 400.000 103.000  10 -16    0 1601
 583 210.000 379.000  10 -20    0 1676
 584 366.000 288.000  10 -19    0 1689
 585  92.000 236.000  10 -20    0 1653
 586 399.000 175.000  10 -30    0 1645
 587  17.000 458.000  10 -24  433  463
 588  11.000 403.000  10 -27    0 1528
 589 489.000  27.000  10 -10  421  451
 590 199.000 268.000  10 -10   71  101
 591  66.000 336.000  10 -12    0 1608
 592 480.000 152.000  10 -11    0 1561
 593 300.000 108.000  10 -10    0 1661
 594 378.000 199.000  10 -20  207  237
 595  23.000  67.000  10  -2  389  419
 596 398.000 329.000  10 -10    0 1644
 597 472.000 129.000  10 -10    0 1559
 598 142.000  14.000  10 -13    0 1552
 599 102.000   6.000  10 -19    0 1526
 600  67.000 452.000  10 -10    0 1539
 601 131.000  56.000  10  -7    0 1584
 602 192.000 265.000  10 -10    0 1752
 603 269.000  46.000  10 -10    0 1607
 604 267.000 162.000  10 -10 1449 1479
 605 243.000 248.000  10 -20    0 1804
 606   7.000 194.000  10 -29    0 1562
 607 411.000 379.000  10 -25 1193 1223
 608 391.000  99.000  10 -30    0 1605
 609 340.000 291.000  10 -13  470  500
 610 460.000 328.000  10 -10    0 1587
 611 149.000 341.000  10 -21    0 1676
 612 212.000 186.000  10  -3 1707 1737
 613 439.000 268.000  10 -10  298  328
 614 359.000 246.000  10  -8 1423 1453
 615 166.000 247.000  10 -32    0 1727
 616 464.000  13.000  10 -20    0 1492
 617 436.000  25.000  10 -19    0 1520
 618 111.000 459.000  10 -20  359  389
 619 385.000  17.000  10 -10  809  839
 620  91.000 268.000  10 -10    0 1651
 621  21.000  68.000  10 -20  401  431
 622 386.000 154.000  10 -24 1101 1131
 623 206.000 186.000  10 -20    0 1734
 624 426.000 231.000  10 -24 1028 1058
 625 255.000 487.000  10 -33    0 1574
 626 391.000 293.000  10 -20    0 1664
 627 168.000  59.000  10 -20  366  396
 628 440.000 244.000  10 -20  266  296
 629 287.000 397.000  10 -12  564  594
 630 226.000 423.000  10  -7    0 1637
 631 467.000 114.000  10 -10    0 1555
 632 147.000 435.000  10 -20  245  275
 633 384.000  16.000  10 -20    0 1542
 634 243.000 408.000  10 -40    0 1653
 635 268.000 400.000  10 -21  243  273
 636 237.000 254.000  10 -10   83  113
 637 441.000   7.000  10 -20  392  422
 638 452.000 206.000  10 -20  492  522
 639 210.000 185.000  10 -32   76  106
 640 317.000 123.000  10 -10    0 1668
 641 246.000 314.000  10 -30 1445 1475
 642  56.000  75.000  10 -15 1438 1468
 643 459.000  10.000  10 -20    0 1493
 644   7.000 292.000  10 -30    0 1565
 645  89.000 272.000  10 -26    0 1649
 646 482.000 184.000  10 -10    0 1570
 647  67.000 335.000  10 -12    0 1610
 648 452.000 110.000  10 -21  340  370
 649 224.000 192.000  10 -20    0 1748
 650 439.000 156.000  10  -2  526  556
 651 471.000 368.000  10 -13    0 1561
 652 244.000 254.000  10 -10  100  130
 653 433.000 447.000  10 -19  794  824
 654  24.000  68.000  10 -10    0 1521
 655 409.000  90.000  10 -20    0 1586
 656  93.000 413.000  10 -20    0 1585
 657 272.000 403.000  10 -34  190  220
 658 233.000 207.000  10 -20   46   76
 659 293.000 228.000  10 -20    0 1763
 660 391.000  18.000  10 -10    0 1540
 661 142.000 360.000  10 -18 1532 1562
 662 111.000 392.000  10 -18 1169 1199
 663 344.000 203.000  10 -14    0 1706
 664 488.000  26.000  10 -20    0 1485
 665 360.000 184.000  10 -23    0 1683
 666 142.000 372.000  10 -36  162  192
 667 204.000 187.000  10 -10    0 1733
 668 307.000 249.000  10 -28 1377 1407
 669 470.000 475.000  10 -10    0 1497
 670 425.000 215.000  10 -30  229  259
 671 487.000 320.000  10 -25    0 1564
 672  89.000 270.000  10 -20    0 1649
 673  80.000 117.000  10 -18  824  854
 674  91.000 101.000  10 -10    0 1594
 675 185.000 434.000  10 -20  574  604
 676 125.000  39.000  10 -10    0 1566
 677 214.000 394.000  10 -20  231  261
 678 120.000  17.000  10 -20    0 1545
 679 200.000 178.000  10 -20   94  124
 680 368.000 311.000  10 -20    0 1679
 681 357.000 181.000  10 -30  149  179
 682 263.000 153.000  10 -13  412  442
 683  20.000 488.000  10 -30  372  402
 684  80.000 251.000  10 -14    0 1641
 685 398.000  97.000  10 -10    0 1599
 686 365.000  74.000  10  -5  848  878
 687 239.000 486.000  10 -12 1482 1512
 688 304.000 102.000  10 -20    0 1654
 689 307.000 102.000  10 -10  210  240
 690 243.000 399.000  10 -20  235  265
 691 110.000 459.000  10 -20  348  378
 692 250.000 441.000  10 -25  756  786
 693  33.000 286.000  10 -20 1546 1576
 694  44.000 115.000  10 -12    0 1565
 695 177.000 156.000  10 -20    0 1692
 696  30.000   7.000  10 -20 1189 1219
 697 231.000 204.000  10 -30    0 1762
 698 477.000 122.000  10 -10  330  360
 699 154.000 392.000  10 -19    0 1640
 700  84.000 453.000  10  -4    0 1549
 701 225.000 269.000  10 -20    0 1780
 702 477.000 179.000  10 -30    0 1574
 703 410.000 285.000  10 -10    0 1648
 704 336.000 493.000  10 -10 1493 1523
 705  89.000 290.000  10 -10    0 1646
 706  97.000  93.000  10 -22    0 1592
 707 122.000 422.000  10 -25 1457 1487
 708 117.000 467.000  10 -20    0 1557
 709 331.000 356.000  10 -20  712  742
 710 390.000 294.000  10 -33    0 1665
 711 351.000   5.000  10 -20  496  526
 712 472.000  57.000  10 -30 1295 1325
 713  67.000 451.000  10 -20 1216 1246
 714 230.000 487.000  10 -15 1130 1160
 715 235.000  33.000  10  -7    0 1594
 716  57.000  43.000  10 -16    0 1528
 717 150.000  68.000  10 -26  423  453
 718 214.000 274.000  10 -10    0 1768
 719 439.000 266.000  10 -20  189  219
 720  16.000 463.000  10 -20    0 1495
 721 265.000   0.000  10 -20  896  926
 722 318.000 497.000  10 -21    0 1555
 723   5.000 281.000  10 -10 1372 1402
 724 234.000 202.000  10 -20   80  110
 725 274.000 261.000  10 -30    0 1785
 726 320.000 283.000  10 -30    0 1734
 727 146.000 313.000  10 -10 1195 1225
 728  26.000 490.000  10 -20  475  505
 729 480.000 119.000  10 -21    0 1547
 730 330.000 138.000  10 -28    0 1674
 731 442.000 247.000  10 -20  241  271
 732 330.000 371.000  10 -20  559  589
 733 358.000 183.000  10 -30    0 1684
 734  86.000 199.000  10  -8    0 1640
 735 313.000 493.000  10 -25    0 1560
 736  88.000 287.000  10 -30  263  293
 737   6.000 292.000  10 -10    0 1564
 738  18.000  24.000  10 -10    0 1488
 739 124.000  56.000  10  -4    0 1580
 740 103.000 177.000  10 -28  626  656
 741 389.000 156.000  10 -20  716  746
 742 292.000  32.000  10 -11    0 1589
 743 448.000 414.000  10 -17    0 1554
 744  33.000 278.000  10 -18 1487 1517
 745 253.000  74.000  10 -18 1350 1380
 746 245.000 408.000  10  -9  204  234
 747 470.000 417.000  10 -10    0 1535
 748 471.000  94.000  10 -20    0 1541
 749 450.000 265.000  10 -22    0 1611
 750  56.000 268.000  10 -20    0 1617
 751 270.000 401.000  10 -21    0 1659
 752 394.000  23.000  10 -10    0 1543
 753 238.000 203.000  10 -20   94  124
 754 439.000  15.000  10  -3    0 1510
 755 485.000  27.000  10 -20    0 1488
 756 370.000 382.000  10 -11  884  914
 757 368.000 452.000  10 -11    0 1578
 758 146.000 376.000  10 -20    0 1648
 759 489.000 437.000  10 -31  707  737
 760  24.000 259.000  10 -20    0 1585
 761 344.000  62.000  10 -27    0 1601
 762 340.000  54.000  10 -20  238  268
 763 203.000 211.000  10 -28 1306 1336
 764 374.000 190.000  10 -22    0 1674
 765 130.000  57.000  10 -20    0 1584
 766 380.000 489.000  10 -20    0 1539
 767 359.000 287.000  10 -20    0 1696
 768 489.000 338.000  10 -28    0 1557
 769 241.000 402.000  10 -10    0 1659
 770  64.000   5.000  10 -10    0 1504
 771   8.000 497.000  10 -10    0 1466
 772 346.000  60.000  10 -10  321  351
 773 499.000 316.000  10 -30  622  652
 774 489.000 274.000  10 -10  534  564
 775 435.000 180.000  10 -27    0 1614
 776 451.000 305.000  10 -25  208  238
 777 472.000 481.000  10  -6    0 1491
 778 299.000 285.000  10 -20    0 1751
 779 213.000 185.000  10 -20    0 1737
 780  51.000 286.000  10 -29    0 1609
 781 215.000 395.000  10 -10    0 1662
 782  91.000 235.000  10 -35  269  299
 783  75.000 118.000  10 -21    0 1592
 784   0.000 356.000  10 -27 1086 1116
 785 443.000 246.000  10 -10    0 1618
 786 389.000 334.000  10 -20  169  199
 787 286.000 244.000  10 -13 1284 1314
 788  95.000  64.000  10 -20  766  796
 789 412.000 214.000  10 -10    0 1646
 790 269.000  48.000  10 -20  281  311
 791 359.000 179.000  10 -18    0 1681
 792 125.000  32.000  10 -10  259  289
 793 308.000 199.000  10 -14    0 1734
 794 267.000 394.000  10 -10  259  289
 795  34.000 239.000  10 -10    0 1595
 796  43.000 135.000  10 -19    0 1575
 797 448.000 404.000  10 -30  599  629
 798 146.000 439.000  10 -30  259  289
 799 273.000 149.000  10 -19    0 1708
 800 316.000 284.000  10 -10  125  155
 801 408.000 279.000  10 -20    0 1651
 802 360.000 294.000  10 -20 1418 1448
 803 215.000 282.000  10 -13 1440 1470
 804 444.000 271.000  10 -20    0 1616
 805  58.000 391.000  10 -10    0 1573
 806 481.000 124.000  10 -10    0 1548
 807 325.000  56.000  10 -20    0 1604
 808 267.000  44.000  10 -18    0 1605
 809 126.000  30.000  10 -30  272  302
 810  29.000 336.000  10 -21    0 1574
 811 344.000  70.000  10 -24 1146 1176
 812 488.000  96.000  10 -17 1066 1096
 813 439.000 243.000  10 -10    0 1622
 814   5.000 297.000  10 -10    0 1562
 815 481.000  96.000  10 -20    0 1534
 816 165.000  59.000  10 -23  943  973
 817 210.000 398.000  10 -38    0 1658
 818 405.000 450.000  10 -10    0 1558
 819 195.000 111.000  10 -25  998 1028
 820 150.000 484.000  10 -10    0 1557
 821  63.000 336.000  10 -20    0 1606
 822 361.000 181.000  10 -20  197  227
 823  53.000 440.000  10 -20    0 1538
 824 295.000 247.000  10 -18    0 1766
 825 479.000 169.000  10 -20    0 1569
 826  20.000 489.000  10 -30  383  413
 827  92.000  18.000  10 -20 1124 1154
 828 371.000 200.000  10 -10  224  254
 829 405.000 187.000  10 -23 1251 1281
 830 230.000 197.000  10 -20  122  152
 831  24.000 492.000  10 -10    0 1480
 832  53.000 466.000  10 -30    0 1519
 833  90.000 285.000  10 -20    0 1648
 834  30.000 155.000  10 -18 1280 1310
 835 390.000  34.000  10 -30 1060 1090
 836 294.000 421.000  10  -8 1575 1605
 837 149.000 214.000  10 -10  482  512
 838  64.000 437.000  10 -11  918  948
 839 120.000  37.000  10 -10    0 1562
 840 218.000 403.000  10 -15 1319 1349
 841  89.000 185.000  10 -20  600  630
 842 423.000 221.000  10 -20  258  288
 843 132.000  32.000  10 -26  784  814
 844 478.000  99.000  10 -40  311  341
 845 404.000  83.000  10 -10  298  328
 846 381.000 494.000  10 -30    0 1535
 847  15.000  68.000  10 -10  303  333
 848 159.000 299.000  10 -19    0 1708
 849 493.000 111.000  10  -6    0 1532
 850 402.000 284.000  10 -14    0 1656
 851  38.000 301.000  10 -10  296  326
 852 198.000 264.000  10 -10    0 1758
 853 479.000 387.000  10  -9  397  427
 854 418.000 251.000  10 -21    0 1643
 855 226.000 175.000  10 -14 1694 1724
 856 136.000  52.000  10 -10  293  323
 857 493.000 493.000  10  -4  856  886
 858 441.000  60.000  10 -21 1459 1489
 859 210.000  29.000  10 -23 1051 1081
 860  54.000 445.000  10 -10  308  338
 861 478.000 102.000  10 -20  324  354
 862 141.000 428.000  10 -23  208  238
 863 264.000 180.000  10 -23 1681 1711
 864 130.000 494.000  10 -29  759  789
 865 466.000 149.000  10 -16 1186 1216
 866 408.000 452.000  10 -10    0 1555
 867 399.000 106.000  10 -30    0 1604
 868 347.000  54.000  10 -30    0 1593
 869 462.000  14.000  10 -20  397  427
 870  92.000 233.000  10 -10    0 1653
 871 262.000  92.000  10 -30  630  660
 872  68.000 160.000  10 -15 1136 1166
 873 436.000 241.000  10 -10  327  357
 874 402.000 281.000  10 -20    0 1656
 875 440.000 241.000  10 -10  301  331
 876 333.000 293.000  10 -20  617  647
 877  87.000  96.000  10 -24    0 1587
 878  37.000 281.000  10 -25    0 1596
 879 175.000 422.000  10  -7 1446 1476
 880 180.000 283.000  10  -8    0 1734
 881 417.000 417.000  10 -30    0 1575
 882  58.000 458.000  10 -20  323  353
 883  58.000 449.000  10 -20  363  393
 884 393.000 301.000  10 -20    0 1660
 885 403.000  93.000  10 -10    0 1592
 886 475.000 477.000  10 -25    0 1492
 887 217.000 207.000  10 -26 1382 1412
 888 233.000  87.000  10 -18  253  283
 889  60.000   5.000  10  -8    0 1501
 890 382.000 498.000  10 -30    0 1531
 891 322.000 290.000  10 -18 1479 1509
 892 187.000  73.000  10 -31  292  322
 893 413.000 391.000  10  -8  217  247
 894 445.000 273.000  10 -10    0 1615
 895 397.000  57.000  10 -17 1476 1506
 896  64.000 294.000  10 -10 1101 1131
 897 432.000   2.000  10 -20  467  497
 898 132.000  57.000  10 -20    0 1585
 899 272.000 234.000  10 -12 1590 1620
 900 406.000  99.000  10 -10  227  257
 901 120.000 261.000  10 -20  793  823
 902 132.000 479.000  10 -10    0 1554
 903 380.000 498.000  10  -5    0 1531
 904 230.000 320.000  10 -36    0 1739
 905 144.000 439.000  10 -20    0 1595
 906 481.000 122.000  10  -2    0 1547
 907 231.000  29.000  10  -2 1226 1256
 908 281.000  96.000  10 -20 1126 1156
 909 163.000 472.000  10 -30  653  683
 910 209.000 212.000  10 -10    0 1756
 911 395.000 295.000  10 -30  211  241
 912 495.000 227.000  10 -10    0 1565
 913 413.000 417.000  10 -15  356  386
 914 231.000 195.000  10 -10  109  139
 915 179.000 497.000  10  -8    0 1554
 916 313.000 119.000  10 -10  216  246
 917 440.000 292.000  10 -10  940  970
 918 374.000 116.000  10 -11  587  617
 919  50.000 438.000  10 -10    0 1537
 920 320.000 280.000  10 -10    0 1735
 921 463.000 253.000  10  -7 1047 1077
 922 452.000 172.000  10 -20    0 1595
 923 478.000 300.000  10 -10    0 1578
 924 397.000 153.000  10 -19  882  912
 925 323.000  77.000  10  -9 1405 1435
 926  13.000 455.000  10 -20    0 1498
 927 479.000 127.000  10 -22  270  300
 928 172.000 314.000  10 -11    0 1711
 929   0.000 188.000  10 -30    0 1554
 930 323.000 118.000  10 -30    0 1661
 931 371.000 192.000  10 -22  134  164
 932  96.000 346.000  10 -26    0 1630
 933 316.000 286.000  10 -30    0 1736
 934 240.000 250.000  10 -10   37   67
 935 436.000 295.000  10 -11    0 1620
 936 242.000 106.000  10 -12    0 1667
 937 270.000  49.000  10 -20  292  322
 938 416.000 417.000  10 -10    0 1576
 939  94.000  40.000  10 -20    0 1550
 940 441.000 265.000  10 -23    0 1620
 941 450.000 416.000  10 -25  577  607
 942 303.000 186.000  10 -15 1354 1384
 943 350.000 199.000  10 -20 1201 1231
 944 199.000 203.000  10 -20 1457 1487
 945  44.000 496.000  10 -32    0 1491
 946 149.000 458.000  10 -25 1164 1194
 947  21.000  70.000  10 -10    0 1520
 948 204.000 269.000  10 -17    0 1762
 949  96.000 270.000  10 -20  162  192
 950 303.000  78.000  10 -10    0 1632
 951 411.000 421.000  10 -20    0 1577
 952  61.000 214.000  10 -20  342  372
 953 371.000 332.000  10  -5  530  560
 954 461.000   8.000  10 -20    0 1490
 955  62.000 326.000  10 -20    0 1609
 956 146.000 188.000  10  -8    0 1690
 957  90.000 477.000  10 -11  277  307
 958 265.000 240.000  10 -17    0 1793
 959  59.000 457.000  10 -23  334  364
 960 253.000  50.000  10 -28    0 1611
 961 407.000  98.000  10 -20    0 1593
 962 435.000  11.000  10 -10  302  332
 963 148.000 208.000  10 -20  526  556
 964 268.000  52.000  10 -30  306  336
 965  16.000  68.000  10 -10    0 1515
 966 386.000 245.000  10 -21  479  509
 967 220.000 392.000  10 -30  258  288
 968 437.000  12.000  10 -20  330  360
 969  28.000 467.000  10 -20    0 1501
 970 204.000 185.000  10 -10  163  193
 971 176.000 470.000  10 -31    0 1579
 972 407.000  88.000  10 -20    0 1586
 973 244.000 368.000  10 -25  414  444
 974 482.000 141.000  10 -14    0 1555
 975 488.000 173.000  10 -20    0 1561
 976 115.000 395.000  10 -30  815  845
 977 118.000 314.000  10 -30    0 1665
 978 305.000 107.000  10 -30    0 1658
 979 437.000  19.000  10 -20    0 1514
 980 423.000 217.000  10 -20    0 1635
 981 235.000 316.000  10 -10  656  686
 982 269.000 402.000  10 -20    0 1658
 983 103.000 464.000  10 -15    0 1552
 984 250.000 328.000  10 -24  249  279
 985  92.000 234.000  10 -30    0 1653
 986 500.000 228.000  10 -20  782  812
 987 385.000 239.000  10 -10    0 1676
 988 432.000 199.000  10 -13    0 1622
 989 417.000 218.000  10 -20  278  308
 990 419.000 422.000  10 -10  276  306
 991 390.000 301.000  10 -10    0 1662
 992 178.000 135.000  10  -4 1514 1544
 993 482.000 104.000  10 -20    0 1537
 994 421.000 387.000  10 -20  801  831
 995  69.000 414.000  10 -31 1263 1293
 996  93.000 235.000  10 -10  246  276
 997 476.000  61.000  10  -5    0 1517
 998  16.000 287.000  10 -12    0 1575
 999 376.000  92.000  10 -20  991 1021
1000 140.000 137.000  10 -12    0 1654
1001  25.000 499.000  10 -10    0 1476
1002 270.000 400.000  10 -30    0 1660
1003 459.000  53.000  10  -9    0 1524
1004 401.000 281.000  10 -10  261  291
1005 332.000 459.000  10 -20    0 1587
1006 105.000 474.000  10 -10  471  501
1007 196.000 489.000  10 -12    0 1566
1008  35.000 306.000  10  -5  229  259
1009   5.000 445.000  10 -10    0 1498
1010  76.000 462.000  10 -10    0 1537
1011 351.000 128.000  10 -15 1253 1283
1012 347.000 192.000  10 -20 1488 1518
1013 497.000 266.000  10 -29    0 1564
1014 390.000 120.000  10 -17 1004 1034
1015  53.000 204.000  10 -10 1055 1085
1016 330.000 281.000  10 -15 1330 1360
1017  66.000  31.000  10 -25 1048 1078
1018  12.000 358.000  10 -30 1224 1254
1019 457.000 492.000  10 -10  508  538
1020 209.000  68.000  10 -13 1568 1598
1021 389.000  11.000  10 -20    0 1535
1022  71.000  12.000  10 -28    0 1514
1023 199.000 187.000  10 -20  127  157
1024 475.000 480.000  10 -20  379  409
1025 197.000 270.000  10 -10    0 1755
1026 277.000 428.000  10 -22  490  520
1027 476.000 483.000  10 -10    0 1487
1028 140.000 108.000  10 -15    0 1632
1029  14.000 459.000  10 -20  336  366
1030 422.000 420.000  10 -29    0 1570
1031 404.000 140.000  10 -10    0 1622
1032  34.000 169.000  10 -21  484  514
1033 434.000 245.000  10 -20  342  372
1034 381.000 328.000  10 -10  717  747
1035 198.000 271.000  10 -20    0 1755
1036 376.000 190.000  10  -5    0 1672
1037 498.000 171.000  10 -16    0 1551
1038 195.000 273.000  10 -17    0 1752
1039 115.000 465.000  10  -7    0 1558
1040 307.000  52.000  10  -8  920  950
1041 313.000 282.000  10 -20  163  193
1042 406.000 460.000  10 -20    0 1550
1043 360.000 284.000  10 -15    0 1696
1044 386.000  13.000  10 -10    0 1538
1045 236.000 247.000  10 -20    0 1797
1046 335.000  99.000  10 -25    0 1638
1047 483.000  22.000  10 -20  334  364
1048 335.000  46.000  10 -10 1342 1372
1049 250.000 250.000   0   0    0 1821
