507 507 1000 1000 1000
   0 250.000 250.000   0   0    0 7284
   1 440.000 436.000  10  18 3568 3688
   2 214.000 394.000  10  10  922 1042
   3 230.000 197.000  10  40  486  606
   4 175.000 239.000  10  23  243  363
   5 133.000 202.000  10  33 1842 1962
   6 328.000 458.000   0  17 3071 3191
   7 313.000 282.000  10  20  654  774
   8  60.000 454.000  10  10 1389 1509
   9 408.000 452.000  10  10 1088 1208
  10 451.000  62.000  10   5 1129 1249
  11 203.000 390.000  10  40  635  755
  12   7.000 300.000  10  30 1379 1499
  13 307.000 108.000  10  10  950 1070
  14 347.000  54.000  10  10 1180 1300
  15 441.000 265.000  10  40  789  909
  16 130.000 140.000  10  17  776  896
  17 421.000 387.000  10  15 3205 3325
  18  83.000 300.000  10  26 1999 2119
  19 136.000  52.000  10  10 1171 1291
  20 390.000 120.000  10  24 4017 4137
  21 188.000 119.000  10  44 3899 4019
  22 467.000 114.000  10  10 1504 1624
  23 391.000 202.000  10  14  536  656
  24  80.000 290.000  10  10  790  910
  25 307.000  52.000  10  23 3682 3802
  26  88.000 286.000  10  10 1010 1130
  27  69.000 414.000  10   6 5053 5173
  28 323.000  77.000   0  36 5620 5740
  29 340.000 416.000  10  36 1284 1404
  30  86.000 199.000  10  23 1111 1231
  31 314.000 124.000  10  20  924 1044
  32 375.000 191.000  10  30  667  787
  33 417.000 417.000  10  10 1328 1448
  34 246.000 255.000  10  10  450  570
  35  71.000 333.000  10  10  775  895
  36  92.000 259.000  10   4 1598 1718
  37 200.000 261.000  10  10  666  786
  38 325.000 147.000  10  14 4747 4867
  39 421.000 386.000  10  29 3297 3417
  40 404.000 447.000  10  20  940 1060
  41 412.000 478.000  10   7 3839 3959
  42 358.000 183.000  10  20  935 1055
  43  30.000 302.000  10  10 1066 1186
  44  96.000 270.000  10  20  649  769
  45  60.000  29.000  10  32 5451 5571
  46  34.000 169.000  10  11 1938 2058
  47 277.000 403.000  10  10  699  819
  48 384.000 491.000  10  20 1391 1511
  49 316.000 284.000  10  20  499  619
  50 334.000 403.000  10  26  638  758
  51 432.000 199.000  10   7 2554 2674
  52 273.000 300.000  10  30  160  280
  53 371.000  71.000  10  21 1147 1267
  54   5.000 297.000  10  10 1325 1445
  55 414.000 378.000  10  23 1979 2099
  56  38.000  15.000  10   3 4364 4484
  57 237.000 254.000  10  20  333  453
  58  54.000 445.000  10  10 1232 1352
  59 395.000 331.000  10  20  866  986
  60 249.000 407.000  10  10  695  815
  61 151.000  81.000  10  28 6232 6352
  62 483.000  14.000  10  10 1453 1573
  63   0.000 422.000  10   8 3284 3404
  64 356.000 256.000  10  19  365  485
  65  94.000 235.000  10  20  607  727
  66 474.000  96.000  10  30 1027 1147
  67   7.000 382.000  10  27 3082 3202
  68 491.000  25.000  10  10 1634 1754
  69 439.000 243.000  10  20 1254 1374
  70 210.000 185.000  10  20  245  365
  71 201.000 270.000  10  10  192  312
  72 325.000  56.000  10  13 3186 3306
  73  97.000  93.000  10  20  962 1082
  74  29.000 336.000  10  22 1326 1446
  75 371.000 193.000  10  20  475  595
  76 142.000 372.000  10  18  592  712
  77 395.000 332.000  10  10  822  942
  78  93.000 413.000  10  17  845  965
  79 249.000 258.000  10  30  507  627
  80 472.000 129.000  10  10 1010 1130
  81  62.000 326.000  10  20 1145 1265
  82 386.000 154.000  10  31 4404 4524
  83 192.000 265.000  10  10  497  617
  84 371.000 192.000  10  30  519  639
  85 437.000  12.000  10  20 1318 1438
  86 459.000  10.000  10  10 1340 1460
  87 274.000  48.000  10  10  845  965
  88 488.000 173.000  10  20 1115 1235
  89 398.000  97.000  10  10  836  956
  90 385.000  17.000  10  40 3235 3355
  91  71.000  12.000  10   2 1172 1292
  92 343.000  49.000  10  10 1060 1180
  93 248.000 251.000  10  20    2  122
  94   7.000 194.000  10  29 3805 3925
  95 492.000 335.000  10  10 3313 3433
  96 448.000 404.000  10  15 2396 2516
  97  91.000 266.000  10  10  930 1050
  98 391.000 112.000  10  24 4001 4121
  99 224.000 203.000  10  20  155  275
 100 260.000 472.000   0  33 4144 4264
 101 411.000 421.000  10  20 1260 1380
 102 132.000  30.000  10  20 1303 1423
 103 436.000 237.000  10  20  686  806
 104 402.000 284.000  10  30  658  778
 105 145.000 434.000  10  20  932 1052
 106 393.000  20.000  10  20 1563 1683
 107 246.000 398.000  10  40  532  652
 108 482.000 184.000  10  14 4427 4547
 109 451.000 305.000  10  13  774  894
 110 110.000 459.000  10  30 1391 1511
 111 244.000 250.000  10  10   47  167
 112 423.000 214.000  10  20  867  987
 113 219.000 215.000  10  32  127  247
 114 326.000 118.000  10  10  591  711
 115 248.000 404.000  10  30  598  718
 116 460.000  13.000  10  20 1287 1407
 117   0.000 293.000  10  30 1115 1235
 118 484.000 174.000  10  10 1058 1178
 119 175.000 352.000   0  12 6660 6780
 120 224.000 191.000  10  20  324  444
 121 234.000 246.000  10  10  259  379
 122 406.000 450.000  10  20 1037 1157
 123 115.000 395.000  10  11 3261 3381
 124 329.000 456.000  10  19  996 1116
 125 253.000  74.000  10  20 5400 5520
 126 436.000 241.000  10  20 1309 1429
 127 238.000 203.000  10  10  375  495
 128 323.000 118.000  10  20  643  763
 129  25.000  65.000  10  10 1505 1625
 130 406.000  96.000  10  20  863  983
 131  49.000 451.000  10  20 1120 1240
 132 299.000 353.000  10  34  396  516
 133 236.000 213.000  10  20   98  218
 134 355.000 177.000  10  20  497  617
 135 306.000 235.000  10  25  172  292
 136  90.000 477.000  10  18 1051 1171
 137 379.000 486.000  10  22 2687 2807
 138   8.000 497.000  10  40 1631 1751
 139 150.000 484.000  10  16 2501 2621
 140 213.000 399.000  10  18  936 1056
 141 391.000  18.000  10  10 1511 1631
 142 344.000 203.000  10  14  669  789
 143  91.000 235.000  10  10 1076 1196
 144 483.000  27.000  10  20 1832 1952
 145 382.000 498.000  10  10 1237 1357
 146 225.000 196.000  10  10  223  343
 147 371.000 423.000  10  10  784  904
 148 417.000 217.000  10  30  754  874
 149 412.000 214.000  10  10  604  724
 150 442.000 289.000  10  25  764  884
 151  58.000 458.000  10  10 1291 1411
 152 211.000 386.000  10  20  506  626
 153  94.000  97.000  10  20  856  976
 154  30.000 155.000  10   9 5122 5242
 155 208.000 184.000  10  20  294  414
 156 394.000 333.000  10  20  777  897
 157 355.000 180.000  10  30  549  669
 158  21.000 485.000  10  30 1353 1473
 159 406.000  94.000  10  10  911 1031
 160 418.000 221.000  10  10 1165 1285
 161 274.000 441.000  10  12 2778 2898
 162 304.000  97.000  10  20  727  847
 163 297.000 102.000  10  10  609  729
 164 250.000 405.000  10  20  646  766
 165 111.000 463.000  10  20 1286 1406
 166 408.000 279.000  10  20  880 1000
 167 142.000  14.000  10  18 3341 3461
 168  73.000 328.000  10  20  714  834
 169 462.000  14.000  10  20 1588 1708
 170 410.000 285.000  10  20  771  891
 171  21.000  64.000  10  20 1409 1529
 172 238.000 210.000  10  30  535  655
 173 479.000 121.000  10  10 1231 1351
 174 200.000 178.000  10  20  374  494
 175 216.000 341.000  10  19 2616 2736
 176 200.000 270.000  10  20  236  356
 177 357.000 181.000  10  20  598  718
 178 476.000 174.000  10  30 1297 1417
 179 400.000 286.000  10  10  607  727
 180 270.000 400.000  10  10  545  665
 181  95.000 234.000  10  10  653  773
 182 128.000 113.000  10  22 1451 1571
 183 133.000 455.000  10  25 3232 3352
 184  16.000 463.000  10  20 1499 1619
 185  59.000 388.000  10  20 2651 2771
 186 376.000 190.000  10  30  621  741
 187 374.000 232.000  10  33  441  561
 188 481.000  26.000  10  30 1227 1347
 189  63.000 444.000  10  20 1519 1639
 190 262.000 369.000  10  15  517  637
 191 144.000  35.000  10  26  899 1019
 192 436.000 264.000  10  20  686  806
 193  15.000 457.000  10  20 1294 1414
 194  63.000 336.000  10  20 1065 1185
 195 233.000 204.000  10  20  217  337
 196 177.000 156.000  10  25  669  789
 197 315.000 287.000  10  30  592  712
 198 320.000 283.000  10  30  442  562
 199  95.000 235.000  10  10  563  683
 200  16.000 497.000  10  20 1703 1823
 201 330.000 147.000  10  28 3394 3514
 202 443.000 237.000  10  20  754  874
 203 316.000 286.000  10  30  547  667
 204 381.000 495.000  10  20 1290 1410
 205 364.000 173.000  10  30  721  841
 206 214.000 245.000  10   8   85  205
 207 120.000  37.000  10  28 3101 3221
 208 132.000  32.000  10  18 3138 3258
 209 390.000 294.000  10  20  949 1069
 210   6.000 292.000  10  10  970 1090
 211  18.000  63.000  10  10 1356 1476
 212 149.000  98.000  10   4 4660 4780
 213 103.000 177.000  10  28 2506 2626
 214 443.000 246.000  10  20  919 1039
 215 272.000 403.000  10  30  759  879
 216 221.000 291.000  10   9  184  304
 217 404.000  83.000  10  30 1194 1314
 218  85.000 288.000  10  20  728  848
 219 228.000 287.000  10  21  112  232
 220 238.000 204.000  10  20  419  539
 221 488.000   3.000  10   3 1602 1722
 222 407.000  88.000  10  10 1298 1418
 223 459.000  14.000  10  20 1241 1361
 224 370.000 382.000  10  11 3535 3655
 225  43.000 135.000  10  31  887 1007
 226 199.000 268.000  10  20  285  405
 227 111.000 467.000  10  20 1148 1268
 228 138.000 438.000  10  20 1149 1269
 229 494.000 468.000  10  31 1410 1530
 230  35.000 303.000  10  20  826  946
 231 395.000 295.000  10  20  845  965
 232 339.000  60.000  10  20  844  964
 233 265.000 240.000  10   9   18  138
 234 387.000 488.000  10  20 1448 1568
 235 195.000 273.000  10  22  178  298
 236 241.000 403.000  10  10  881 1001
 237 324.000  99.000  10  10 1352 1472
 238 453.000 318.000  10  30 1495 1615
 239 443.000 272.000  10  10 1080 1200
 240 447.000 184.000  10  27 1698 1818
 241  13.000 314.000  10  14  975 1095
 242 204.000 185.000  10  20  653  773
 243 226.000 191.000  10  20  372  492
 244 483.000  22.000  10  10 1336 1456
 245 189.000 402.000  10  10 2144 2264
 246 134.000 211.000  10  35  482  602
 247 146.000 313.000  10  22 4781 4901
 248  21.000 146.000  10  21 1947 2067
 249 361.000 181.000  10  20  788  908
 250 444.000 242.000  10  10  862  982
 251 388.000 334.000  10  20  632  752
 252 401.000 164.000   0  13 2485 2605
 253 499.000 316.000  10  18 2487 2607
 254 407.000  98.000  10  10  814  934
 255  95.000  64.000  10   4 3064 3184
 256 122.000  35.000  10  10  981 1101
 257 390.000 301.000  10  10  661  781
 258 300.000 108.000  10  10  542  662
 259 166.000 247.000  10   1  276  396
 260 140.000 431.000  10  30  828  948
 261 359.000 246.000   0  18 5691 5811
 262 321.000 277.000  10  10  244  364
 263 168.000  59.000  10   6 1464 1584
 264 406.000 285.000  10  20  715  835
 265 391.000 334.000  10  20  724  844
 266 201.000 278.000  10  13  166  286
 267 245.000 408.000  10  10  815  935
 268 107.000 374.000  10   8 3657 3777
 269 477.000  97.000  10  10 1131 1251
 270 102.000   6.000  10   3 5834 5954
 271 359.000 287.000  10  24  400  520
 272 292.000  32.000  10  14  917 1037
 273 262.000  92.000  10  25 2522 2642
 274 277.000  50.000  10  10  791  911
 275 344.000  70.000  10  24 4583 4703
 276 481.000  84.000  10  17 2022 2142
 277  21.000  68.000  10  20 1606 1726
 278 441.000 244.000  10  10 1108 1228
 279   1.000 293.000  10  10 1071 1191
 280 471.000 368.000  10  19 1712 1832
 281 406.000  99.000   0  20  908 1028
 282 303.000 186.000   0  10 5417 5537
 283 225.000 369.000  10  38  426  546
 284 173.000 182.000  10  25  351  471
 285 359.000 182.000  10  20  837  957
 286  13.000 459.000  10  20 1387 1507
 287 484.000 177.000  10  20 1006 1126
 288 452.000 206.000  10  31 1969 2089
 289  22.000 483.000  10  30 1244 1364
 290 452.000 110.000  10  14 1361 1481
 291 368.000 311.000  10  14 3704 3824
 292 479.000 387.000  10  13 1590 1710
 293 479.000 169.000  10  20 1234 1354
 294 497.000 266.000  10  25 2990 3110
 295  66.000 336.000  10  10 1013 1133
 296 376.000 195.000  10  10  724  844
 297 401.000 281.000  10  20 1044 1164
 298 231.000 203.000  10  20  266  386
 299  21.000 488.000  10  10 1445 1565
 300 231.000 204.000  10  20  601  721
 301  65.000 453.000  10  30 1127 1247
 302 206.000 261.000  10  10  730  850
 303 466.000 149.000  10  16 4744 4864
 304 313.000 119.000  10  30  863  983
 305  90.000 274.000  10  20  717  837
 306  39.000 162.000  10  18 2261 2381
 307  35.000 306.000  10  20  918 1038
 308  92.000 230.000  10  20  755  875
 309 117.000 467.000  10  10  958 1078
 310 413.000 217.000  10  20  656  776
 311 405.000 450.000  10  20  993 1113
 312 238.000 123.000   0  24 3124 3244
 313  11.000 403.000  10  18 1372 1492
 314  89.000 272.000  10  10  766  886
 315 304.000 102.000  10  30  787  907
 316 408.000  84.000  10  10 1137 1257
 317 376.000 494.000  10  30 1079 1199
 318  20.000  73.000  10  10 1101 1221
 319 365.000 274.000  10  14  410  530
 320 197.000 267.000  10  10  435  555
 321 468.000 352.000  10   9 3073 3193
 322 418.000 251.000   0  21 4787 4907
 323 489.000 437.000  10  29 2827 2947
 324 251.000  63.000  10  14 3950 4070
 325 132.000  55.000  10  10 1069 1189
 326 281.000  96.000  10   1 4503 4623
 327 255.000 487.000  10  19 1592 1712
 328 207.000 400.000  10  20  762  882
 329 244.000 254.000  10  20  401  521
 330 233.000 207.000  10  10  165  285
 331 441.000  60.000  10  21 5835 5955
 332  51.000 447.000  10  10 1178 1298
 333 295.000  89.000  10  23 2968 3088
 334 408.000 453.000  10  10 1132 1252
 335 435.000 180.000  10  37  898 1018
 336 478.000 102.000  10  10 1297 1417
 337 335.000  57.000  10  30  784  904
 338 208.000 396.000  10  20  706  826
 339 380.000 489.000  10  20 1516 1636
 340 380.000 498.000  10  10 1189 1309
 341 440.000   7.000  10  20 1255 1375
 342 434.000 245.000  10  10 1367 1487
 343 389.000 334.000  10  20  676  796
 344 445.000 237.000  10  10  802  922
 345  31.000 175.000  10  24  986 1106
 346 234.000 202.000  10  10  319  439
 347  52.000 303.000  10  25 1765 1885
 348 421.000 415.000  10  30  941 1061
 349  55.000 449.000  10  20 1054 1174
 350 224.000 192.000  10  10  280  400
 351 444.000 269.000  10  20  934 1054
 352 283.000 438.000  10   3  926 1046
 353 398.000 476.000  10  25 1672 1792
 354 233.000  87.000  10  18 1010 1130
 355   6.000  53.000  10   8 2348 2468
 356 378.000 493.000  10  30 1127 1247
 357 303.000  78.000  10  12  660  780
 358 371.000 315.000  10  18 4663 4783
 359 200.000  78.000  10  31 3971 4091
 360 413.000 391.000  10   8  868  988
 361 293.000 228.000  10  19  133  253
 362 340.000  54.000  10  10  951 1071
 363 132.000  57.000  10  20  978 1098
 364 210.000 379.000  10  12 2835 2955
 365 228.000 260.000   0  12 6422 6542
 366  95.000 277.000  10  20 1098 1218
 367 112.000 465.000  10  10 1197 1317
 368  93.000 235.000  10  10  985 1105
 369 134.000 428.000  10  20 1232 1352
 370  44.000 115.000  10  24  925 1045
 371 438.000 127.000  10   2 3764 3884
 372 239.000  15.000  10   2 2415 2535
 373 199.000 187.000  10  20  507  627
 374 201.000 188.000  10  10  555  675
 375 399.000 301.000  10  30  777  897
 376 484.000 171.000  10  10 1173 1293
 377 380.000 350.000  10  15 3466 3586
 378 228.000 199.000  10  10  537  657
 379 245.000 461.000  10   8 2597 2717
 380 305.000 107.000  10  20  901 1021
 381 231.000 195.000  10  20  437  557
 382 450.000 265.000  10  10  865  985
 383 315.000 121.000  10  10  812  932
 384 420.000 213.000  10  10  814  934
 385 331.000 134.000  10  11 4495 4615
 386  84.000 377.000  10  10 3705 3825
 387 320.000 280.000  10  10  340  460
 388 422.000 420.000  10  20 1050 1170
 389 475.000 267.000  10   7 3118 3238
 390 409.000 155.000  10  19  681  801
 391 243.000 248.000  10  30   96  216
 392 341.000  72.000  10   9 3219 3339
 393 324.000 127.000  10  30  514  634
 394  87.000  96.000  10  30 1127 1247
 395 140.000 137.000  10  32 2279 2399
 396  96.000 346.000  10  26  741  861
 397 321.000 280.000  10  30  296  416
 398 245.000 251.000  10  10    5  125
 399 274.000 261.000   0  20 6828 6948
 400 275.000  45.000  10  20  898 1018
 401 422.000 409.000  10  10  877  997
 402  93.000  96.000  10  20  902 1022
 403 409.000 255.000   0  23 6090 6210
 404 415.000  95.000  10  15 4707 4827
 405 368.000 452.000  10  16 2680 2800
 406 202.000 186.000  10  20  604  724
 407 269.000  46.000  10  20 1074 1194
 408   7.000 292.000  10  10  926 1046
 409 391.000  99.000  10  20  766  886
 410 130.000 247.000  10  17  420  540
 411 133.000 273.000  10  20  417  537
 412  92.000 270.000  10  20 1027 1147
 413 366.000 334.000   0   5 1641 1761
 414 125.000  39.000  10  20  921 1041
 415 419.000 422.000  10  20 1105 1225
 416 448.000 414.000  10  23 4891 5011
 417  77.000 465.000  10  11 1044 1164
 418 284.000 319.000  10  17 3267 3387
 419 141.000 428.000  10  20  775  895
 420 144.000 439.000  10  30 1085 1205
 421 398.000  23.000  10  10 1024 1144
 422  90.000 296.000  10  20  606  726
 423 386.000  13.000  10  10 1348 1468
 424 115.000 465.000  10  10 1049 1169
 425 473.000 475.000  10  10 1669 1789
 426 275.000  42.000  10  30  950 1070
 427 286.000 356.000  10  30  388  508
 428 267.000  44.000  10  20 1023 1143
 429 243.000 399.000  10  10  939 1059
 430 433.000  15.000  10  20 1131 1251
 431 237.000 213.000  10  10  588  708
 432 409.000  88.000  10  20 1081 1201
 433 244.000 368.000  10  25 1656 1776
 434 482.000 141.000  10  14 4043 4163
 435 319.000 124.000  10  20  712  832
 436 141.000 431.000  10  30  872  992
 437 198.000 264.000  10  20  561  681
 438  69.000 334.000  10  30  824  944
 439 240.000 250.000  10  10  150  270
 440 477.000 179.000  10  20  891 1011
 441 213.000 397.000  10  10  869  989
 442  53.000 204.000  10   8 4220 4340
 443  15.000  68.000  10  10 1211 1331
 444 360.000 184.000  10  10  886 1006
 445 307.000 102.000  10  40  839  959
 446 130.000  57.000  10  40  930 1050
 447  91.000 231.000  10  30  801  921
 448 479.000 176.000  10  20  946 1066
 449 461.000 182.000  10  13 2516 2636
 450 418.000 218.000  10  20 1068 1188
 451 336.000 493.000  10  20 5972 6092
 452 389.000 300.000  10  10  615  735
 453 418.000 399.000  10  20 1751 1871
 454 109.000  56.000  10  27  899 1019
 455  92.000 232.000  10  10  707  827
 456  16.000 287.000  10  12 1083 1203
 457 399.000 102.000  10  20 1068 1188
 458 143.000 158.000  10  12  550  670
 459 250.000 411.000  10  30  752  872
 460  19.000 273.000  10  25 4066 4186
 461 365.000  28.000  10   9 1073 1193
 462 433.000 447.000  10  20 3177 3297
 463 214.000 274.000  10  24 5476 5596
 464  23.000  67.000  10  30 1557 1677
 465  61.000 214.000  10   4 1367 1487
 466 166.000 440.000  10  12  771  891
 467 210.000 276.000  10   5  131  251
 468  80.000 286.000  10  10  896 1016
 469  17.000 459.000  10  10 1688 1808
 470  66.000 448.000  10  10 1021 1141
 471 352.000 176.000  10  20  444  564
 472 247.000 219.000  10  17   65  185
 473  86.000 268.000  10  10  869  989
 474 272.000 402.000  10  10  638  758
 475 425.000 448.000  10   9 3178 3298
 476 471.000  94.000  10  30 3995 4115
 477 470.000 473.000  10  10 1724 1844
 478  52.000  18.000  10  28 3428 3548
 479  16.000  68.000  10  20 1255 1375
 480  76.000 462.000  10  18 3824 3944
 481 481.000 454.000  10  14 1282 1402
 482 477.000 483.000  10  20 1463 1583
 483 389.000 156.000  10  27 2862 2982
 484 153.000 235.000  10  10  333  453
 485 421.000 218.000  10  10 1016 1136
 486 393.000 301.000  10  30  713  833
 487 468.000 475.000  10  10 1193 1313
 488 489.000  27.000  10  10 1685 1805
 489 197.000 270.000  10  30  383  503
 490 489.000  17.000  10  10 1520 1640
 491 440.000 247.000  10  20 1012 1132
 492 388.000 325.000  10  10 1053 1173
 493 270.000 401.000  10  20  589  709
 494 198.000 271.000  10  20  337  457
 495 131.000 246.000  10  17 3328 3448
 496  49.000 437.000  10   7 1710 1830
 497 318.000 280.000  10  20  388  508
 498 154.000 392.000  10   9  626  746
 499 399.000 450.000  10  20 1435 1555
 500  67.000 452.000  10  30 1078 1198
 501  34.000 239.000  10  16  876  996
 502 343.000 276.000  10  15  326  446
 503 393.000  12.000  10  10 1237 1357
 504 236.000 247.000  10  20  210  330
 505 340.000 291.000  10  22 1882 2002
 506 147.000 435.000  10  20  980 1100
 507 341.000  58.000  10  10  895 1015
 508 241.000 402.000  10 -18 4099 4219
 509 366.000 288.000  10 -10 2735 2855
 510 178.000  72.000  10 -40 3027 3147
 511 172.000 314.000  10 -23 2182 2302
 512  64.000 294.000  10 -33 4405 4525
 513 328.000 458.000  10 -17 3071 3191
 514 445.000 273.000  10 -20 1031 1151
 515  16.000 462.000  10 -10 1543 1663
 516 411.000 379.000  10 -10 4773 4893
 517 477.000 120.000  10  -5 1368 1488
 518 112.000 467.000  10 -40 1104 1224
 519   0.000 188.000  10 -30 3728 3848
 520 187.000  73.000  10 -10 1168 1288
 521 347.000  62.000  10 -10 1334 1454
 522 423.000 217.000  10 -40  967 1087
 523 150.000  68.000  10 -17 1691 1811
 524 311.000 422.000  10 -15 3952 4072
 525 167.000 445.000  10 -26 5648 5768
 526 125.000  29.000  10 -10 1133 1253
 527 498.000 171.000  10 -24 5026 5146
 528 195.000 111.000  10 -44 3992 4112
 529 330.000 138.000  10 -10 4438 4558
 530 476.000  94.000  10 -14 1079 1199
 531   3.000 292.000  10 -10 1022 1142
 532 235.000  33.000  10 -23 5348 5468
 533 118.000 314.000  10 -10 1350 1470
 534 179.000 497.000  10  -6 5644 5764
 535 323.000  77.000  10 -36 5620 5740
 536 385.000 285.000  10 -36 3472 3592
 537  24.000 259.000  10 -23 1480 1600
 538 263.000 153.000  10 -20 1650 1770
 539 394.000  47.000  10 -30 1252 1372
 540  84.000 453.000  10 -10 4892 5012
 541  79.000 291.000  10 -10  835  955
 542 217.000 207.000  10 -10 5530 5650
 543  40.000 304.000  10  -4 4579 4699
 544 220.000 392.000  10 -10 1031 1151
 545 350.000 199.000  10 -14 4806 4926
 546 243.000 408.000  10 -29 5735 5855
 547 405.000 455.000  10 -20 1363 1483
 548 218.000 403.000  10  -7 5277 5397
 549 495.000 227.000  10 -20 1376 1496
 550   0.000 297.000  10 -10 1171 1291
 551  60.000 231.000  10 -20 4104 4224
 552 212.000 186.000  10 -32 6886 7006
 553 157.000 269.000  10 -11 6305 6425
 554 267.000 400.000  10 -10  929 1049
 555 330.000 371.000  10 -20 2234 2354
 556 440.000 284.000  10 -20 3407 3527
 557 410.000 399.000  10 -26  935 1055
 558 307.000 249.000  10  -7 5506 5626
 559 416.000 420.000  10 -30 1159 1279
 560 432.000  66.000  10 -21 4285 4405
 561  13.000 465.000  10 -10 3094 3214
 562 360.000 294.000  10 -23 5671 5791
 563 100.000  66.000  10  -3 5599 5719
 564  35.000 304.000  10 -20  870  990
 565 141.000 426.000  10 -10 2126 2246
 566 386.000 245.000  10 -20 1916 2036
 567 472.000 481.000  10 -10 1306 1426
 568 209.000  68.000  10 -28 6272 6392
 569 493.000 111.000  10 -10 2164 2284
 570 142.000 360.000  10  -8 6128 6248
 571 399.000 104.000  10 -19 1159 1279
 572  92.000 233.000  10 -20  895 1015
 573 399.000 175.000  10 -30 2988 3108
 574 122.000 422.000  10 -27 5827 5947
 575 437.000  19.000  10 -10 4056 4176
 576 322.000 290.000  10 -20 5916 6036
 577  17.000  65.000  10 -20 1307 1427
 578  95.000 382.000  10 -10  925 1045
 579 337.000  41.000  10 -13 4009 4129
 580 129.000  27.000  10 -20 1190 1310
 581  44.000 344.000  10 -22 4318 4438
 582 415.000 216.000  10 -20  705  825
 583  20.000 488.000  10 -18 1489 1609
 584 390.000 325.000  10 -10 1005 1125
 585  26.000 490.000  10 -17 1899 2019
 586 269.000 402.000  10 -30  811  931
 587 478.000  99.000  10 -10 1245 1365
 588 120.000 261.000  10 -20 3173 3293
 589 382.000 110.000  10 -31 4450 4570
 590 100.000 266.000  10 -10  586  706
 591 374.000 190.000  10 -30  573  693
 592 432.000   2.000  10 -20 1866 1986
 593 476.000  61.000  10 -10 1795 1915
 594 269.000  48.000  10 -10 1122 1242
 595 481.000 122.000  10 -20 1182 1302
 596 437.000  15.000  10 -10 1421 1541
 597 376.000  92.000  10 -40 3962 4082
 598  89.000 185.000  10  -2 2399 2519
 599 397.000  20.000  10 -10 1120 1240
 600 204.000 269.000  10 -20  139  259
 601 111.000 192.000  10 -29 4798 4918
 602 449.000 428.000  10 -10 4987 5107
 603 420.000 383.000  10 -15 3928 4048
 604  87.000 285.000  10 -10  964 1084
 605 437.000  98.000  10 -24 4455 4575
 606 111.000 178.000  10 -20  566  686
 607 260.000 472.000  10 -33 4144 4264
 608 413.000 417.000  10 -20 1424 1544
 609 140.000 108.000  10 -20 4285 4405
 610 224.000  56.000  10 -20 4746 4866
 611 444.000 271.000  10 -30  982 1102
 612 116.000 466.000  10 -20 1004 1124
 613 404.000 140.000  10 -20 5035 5155
 614 477.000 478.000  10 -40 1569 1689
 615 365.000 190.000  10 -14 5910 6030
 616 348.000 348.000  10 -13 3739 3859
 617 182.000 480.000  10 -30 1459 1579
 618  88.000 287.000  10 -10 1054 1174
 619 477.000 122.000  10 -20 1320 1440
 620 176.000 199.000  10 -32  299  419
 621 269.000 112.000  10 -10 5051 5171
 622 476.000 483.000  10 -30 1419 1539
 623 323.000  29.000  10 -20 4550 4670
 624  71.000 282.000  10 -30 2567 2687
 625 455.000 168.000  10 -10 3467 3587
 626 175.000 352.000  10 -12 6660 6780
 627 213.000 185.000  10 -20  239  359
 628 307.000 412.000  10 -10 1615 1735
 629 347.000 459.000  10 -20 1918 2038
 630 209.000 212.000  10 -11 6111 6231
 631 470.000 475.000  10 -19 1241 1361
 632 264.000 180.000  10 -20 6723 6843
 633 429.000 389.000  10 -20 1696 1816
 634 458.000  16.000  10 -10 1192 1312
 635 313.000 126.000  10 -20  973 1093
 636  64.000   5.000  10 -10 4516 4636
 637 441.000   7.000  10 -20 1566 1686
 638  21.000 487.000  10 -20 1401 1521
 639 313.000 391.000  10 -34  598  718
 640 384.000  16.000  10 -20 1402 1522
 641 371.000 200.000  10 -20  897 1017
 642 355.000 174.000  10 -25 2861 2981
 643  14.000 459.000  10 -18 1343 1463
 644 493.000 493.000  10 -22 3426 3546
 645 105.000 474.000  10 -40 1883 2003
 646 146.000 188.000  10 -16 4940 5060
 647 250.000 328.000  10 -18  995 1115
 648 394.000  23.000  10 -10 1615 1735
 649 400.000 103.000  10 -14 1022 1142
 650 105.000 181.000  10 -10 6125 6245
 651 492.000  34.000  10 -20 3242 3362
 652 346.000 354.000  10 -10 3270 3390
 653  88.000  95.000  10 -10 1081 1201
 654 149.000 458.000  10 -10 4655 4775
 655 374.000 116.000  10 -30 2349 2469
 656 479.000 127.000  10 -10 1079 1199
 657 415.000 223.000  10 -25 1219 1339
 658 196.000 489.000  10 -10 4121 4241
 659  62.000 453.000  10 -20 1179 1299
 660 125.000  61.000  10 -20 2447 2567
 661   5.000 281.000  10  -9 5486 5606
 662  30.000   7.000  10 -20 4754 4874
 663 286.000 244.000  10 -20 5136 5256
 664 397.000 153.000  10 -30 3530 3650
 665 352.000 487.000  10 -30 3607 3727
 666 404.000 103.000  10 -10  966 1086
 667 420.000 224.000  10 -10 1716 1836
 668 250.000 441.000  10 -12 3023 3143
 669 351.000   5.000  10 -20 1984 2104
 670 299.000  98.000  10 -10  667  787
 671 412.000 453.000  10 -20 1188 1308
 672 132.000 477.000  10 -20 1309 1429
 673 435.000 267.000  10 -20 1291 1411
 674  26.000  67.000  10 -18 5267 5387
 675 154.000 374.000  10 -20 3748 3868
 676 488.000  96.000  10 -20 4265 4385
 677 460.000 328.000  10 -20  876  996
 678  92.000  18.000  10 -20 4497 4617
 679 120.000  17.000  10 -30 1116 1236
 680 428.000 202.000  10 -10 3615 3735
 681  94.000  40.000  10 -20 4272 4392
 682 225.000 269.000  10 -19 5083 5203
 683  69.000 336.000  10 -20  872  992
 684 379.000 196.000  10 -20  776  896
 685 500.000 228.000  10 -30 3127 3247
 686 377.000 385.000  10 -10 3465 3585
 687 381.000 494.000  10 -10 1334 1454
 688 170.000 347.000  10 -10 1743 1863
 689  13.000 214.000  10 -22 5414 5534
 690 203.000 211.000  10 -25 5226 5346
 691 239.000 486.000  10 -20 5928 6048
 692  58.000 391.000  10 -20 3529 3649
 693 439.000  15.000  10 -30 1373 1493
 694 439.000 266.000  10 -33  741  861
 695 464.000  13.000  10 -30 1539 1659
 696  17.000 458.000  10 -20 1732 1852
 697 471.000 484.000  10 -15 1359 1479
 698  33.000 286.000  10 -26 6184 6304
 699 306.000  42.000  10 -20 1907 2027
 700  25.000 499.000  10 -20 1780 1900
 701 148.000 208.000  10 -20 2106 2226
 702 346.000  57.000  10 -20 1233 1353
 703 126.000  30.000  10 -25 1087 1207
 704 436.000 295.000  10 -30 2113 2233
 705 320.000 211.000  10 -30 3970 4090
 706  91.000 268.000  10 -10  978 1098
 707 313.000 493.000  10 -20 4772 4892
 708 384.000 149.000  10 -28 4789 4909
 709 442.000 247.000  10 -20  964 1084
 710 407.000 280.000  10 -30  834  954
 711 332.000 459.000  10 -20 1475 1595
 712 441.000 177.000  10 -30 4005 4125
 713  92.000 234.000  10  -8  939 1059
 714  92.000  76.000  10 -28 4556 4676
 715  57.000  43.000  10 -18 4094 4214
 716 391.000 293.000  10 -20  903 1023
 717   6.000 296.000  10 -10 1279 1399
 718  60.000   5.000  10 -10 4175 4295
 719 240.000  34.000  10  -4 6238 6358
 720  33.000 278.000  10 -28 5949 6069
 721 403.000  93.000  10 -20 1363 1483
 722 266.000 405.000  10 -30  868  988
 723 226.000 316.000  10  -9  221  341
 724 435.000  16.000  10 -30 1470 1590
 725   0.000 356.000  10 -20 4345 4465
 726 210.000 391.000  10 -21  566  686
 727 461.000   8.000  10 -20 1476 1596
 728 482.000 104.000  10  -3 3230 3350
 729 231.000  29.000  10 -10 4905 5025
 730 485.000 104.000  10 -20 3178 3298
 731 394.000 322.000  10 -11 4099 4219
 732  56.000  75.000  10 -31 5751 5871
 733   2.000 295.000  10 -20 1223 1343
 734  58.000 449.000  10 -20 1451 1571
 735 176.000 470.000  10 -20 2187 2307
 736 469.000 489.000  10 -31 2222 2342
 737  64.000 437.000  10 -20 3673 3793
 738 405.000 276.000  10 -20  937 1057
 739 397.000  18.000  10 -20 1168 1288
 740 367.000 178.000  10  -9  721  841
 741 224.000 320.000  10 -20 5135 5255
 742 135.000 400.000  10 -22 1194 1314
 743 450.000 416.000  10 -10 2307 2427
 744 267.000 162.000  10 -10 5797 5917
 745 440.000 292.000  10 -30 3760 3880
 746 435.000 268.000  10 -10 1247 1367
 747 381.000 328.000  10 -27 2869 2989
 748  48.000 437.000  10 -14 3215 3335
 749 124.000  56.000  10 -20  865  985
 750 273.000  55.000  10 -20  725  845
 751 491.000  20.000  10 -10 1574 1694
 752 185.000 434.000  10 -10 2294 2414
 753  41.000 232.000  10 -35  821  941
 754 199.000 203.000  10 -22 5829 5949
 755  80.000 117.000  10 -21 3297 3417
 756 378.000 199.000  10 -20  829  949
 757 417.000 218.000  10 -10 1112 1232
 758 352.000 241.000  10 -20 3169 3289
 759 401.000 164.000  10 -13 2485 2605
 760 272.000 234.000  10 -18 6361 6481
 761 409.000  90.000  10 -10 1033 1153
 762  58.000  39.000  10  -4 4652 4772
 763 125.000  32.000  10 -10 1038 1158
 764 426.000 231.000  10 -10 4114 4234
 765 480.000 119.000  10 -10 2514 2634
 766 149.000 341.000  10  -1 1616 1736
 767 132.000 479.000  10 -30  970 1090
 768 359.000 246.000  10 -18 5691 5811
 769 400.000 288.000  10 -10  559  679
 770 157.000  38.000  10  -6 4191 4311
 771 408.000 318.000  10 -20 2572 2692
 772 385.000 239.000  10 -20 3142 3262
 773 112.000 433.000  10 -13  940 1060
 774 478.000 300.000  10 -10 3558 3678
 775 188.000 151.000  10  -8 5187 5307
 776 478.000 118.000  10 -10 1417 1537
 777 178.000 135.000  10  -3 6055 6175
 778 398.000 329.000  10 -24  611  731
 779 389.000  17.000  10 -14 1463 1583
 780 257.000  57.000  10 -25 4904 5024
 781 343.000  62.000  10 -10 1430 1550
 782 335.000  99.000  10 -24 4874 4994
 783 352.000  63.000  10 -17 4713 4833
 784  21.000  70.000  10 -20 3085 3205
 785 439.000 156.000  10 -10 2103 2223
 786 104.000 349.000  10 -10 4037 4157
 787 434.000 359.000  10 -19 5569 5689
 788 406.000  99.000  10 -20  908 1028
 789 303.000 186.000  10 -10 5417 5537
 790  53.000 440.000  10 -38 1292 1412
 791  30.000  72.000  10 -25 1726 1846
 792 489.000 274.000  10 -20 2135 2255
 793 318.000 497.000  10 -20 3415 3535
 794 405.000 187.000  10 -20 5002 5122
 795 299.000 285.000  10 -31 5015 5135
 796  18.000 484.000  10 -30 1300 1420
 797 295.000 247.000  10 -14 5214 5334
 798 330.000 281.000  10 -14 5322 5442
 799 463.000 253.000  10 -13 4188 4308
 800 429.000 169.000  10 -20 3611 3731
 801 480.000 152.000  10 -25 4086 4206
 802 149.000 214.000  10 -10 1928 2048
 803 481.000 124.000  10 -10 1134 1254
 804 402.000 281.000  10 -20 1000 1120
 805  96.000  97.000  10 -20  808  928
 806 163.000 472.000  10 -10 2614 2734
 807 204.000 187.000  10 -20  701  821
 808  12.000 463.000  10 -30 1443 1563
 809 210.000 398.000  10 -10  817  937
 810 273.000 149.000  10 -16 6011 6131
 811 265.000   0.000  10 -30 3584 3704
 812  38.000 301.000  10 -20 1182 1302
 813  51.000 286.000  10 -18 5836 5956
 814  25.000 307.000  10 -20  998 1118
 815  47.000 208.000  10 -20  906 1026
 816  24.000 492.000  10 -10 1848 1968
 817 481.000  96.000  10 -20 1188 1308
 818 413.000 421.000  10 -20 1212 1332
 819 238.000 123.000  10 -24 3124 3244
 820  44.000 311.000  10 -18 1630 1750
 821  89.000 270.000  10 -10  814  934
 822 342.000  54.000  10 -30  999 1119
 823 389.000  11.000  10 -10 1293 1413
 824 277.000 428.000  10 -30 1961 2081
 825  65.000  62.000  10 -10 3906 4026
 826 440.000 241.000  10 -14 1205 1325
 827  67.000 335.000  10 -10  967 1087
 828 470.000 405.000  10  -9 3703 3823
 829 418.000 251.000  10 -21 4787 4907
 830 470.000 417.000  10 -29 2947 3067
 831 241.000 180.000  10 -14 6778 6898
 832 133.000  53.000  10 -10 1118 1238
 833 242.000 106.000  10  -1 5074 5194
 834 287.000 397.000  10 -19 2257 2377
 835  59.000 457.000  10 -20 1337 1457
 836 102.000 264.000  10 -20  535  655
 837 165.000  59.000  10 -10 3771 3891
 838 308.000 199.000  10 -21 6033 6153
 839  20.000 489.000  10 -10 1533 1653
 840 210.000  29.000  10 -23 4203 4323
 841 438.000 488.000  10 -10 1309 1429
 842 478.000 121.000  10 -37 1275 1395
 843 476.000 102.000  10 -10 1345 1465
 844 481.000  20.000  10 -30 1388 1508
 845  18.000 462.000  10 -20 1591 1711
 846 331.000 356.000  10 -20 2847 2967
 847 351.000 481.000  10 -10 1287 1407
 848 485.000  24.000  10 -20 1285 1405
 849 371.000 332.000  10 -10 2118 2238
 850 291.000 213.000  10 -20 5031 5151
 851 425.000 215.000  10 -10  916 1036
 852  72.000 227.000  10 -24 2255 2375
 853 236.000 126.000  10 -10  439  559
 854  27.000 464.000  10 -25 5164 5284
 855 103.000 464.000  10 -30 5092 5212
 856   5.000 445.000  10 -20 1244 1364
 857  24.000  68.000  10 -10 1658 1778
 858 440.000 244.000  10 -20 1064 1184
 859 498.000 456.000  10  -3 5624 5744
 860 377.000 432.000  10 -25 3326 3446
 861 253.000 118.000  10 -18 2189 2309
 862   1.000 101.000  10  -8 5029 5149
 863 230.000 320.000  10 -30 4768 4888
 864 364.000  71.000  10 -12 5394 5514
 865 330.000 308.000  10 -18 4682 4802
 866 226.000 175.000  10 -31 6775 6895
 867 419.000 459.000  10  -8 1265 1385
 868 472.000  57.000  10 -19 5179 5299
 869 390.000  34.000  10 -10 4241 4361
 870 133.000  26.000  10 -20 1247 1367
 871 180.000 283.000  10 -12 2975 3095
 872 228.000 260.000  10 -12 6422 6542
 873 179.000 286.000  10 -20 1365 1485
 874  50.000 438.000  10 -10 1347 1467
 875  18.000 225.000  10 -10 2765 2885
 876 111.000 459.000  10 -20 1435 1555
 877  95.000  92.000  10 -24 1011 1131
 878 436.000  25.000  10  -2 5129 5249
 879 282.000   1.000  10  -2 4170 4290
 880 195.000 185.000  10 -20  449  569
 881  66.000  88.000  10 -10 3319 3439
 882 441.000 273.000  10 -30 1129 1249
 883 458.000 213.000  10 -10 4513 4633
 884 374.000 306.000  10 -15 3976 4096
 885 206.000 186.000  10 -10  750  870
 886 328.000 491.000  10  -8 2713 2833
 887 268.000  52.000  10 -20 1222 1342
 888 343.000  47.000  10 -20 1108 1228
 889 423.000 221.000  10 -10 1033 1153
 890 271.000 128.000  10 -10 1382 1502
 891 470.000 125.000  10 -10  952 1072
 892 306.000 229.000  10 -11 5281 5401
 893 159.000 299.000  10 -10 4062 4182
 894 387.000 297.000  10 -10  561  681
 895 416.000 417.000  10 -20 1372 1492
 896 347.000 192.000  10  -7 5953 6073
 897 411.000  95.000  10 -19  971 1091
 898 370.000 262.000  10 -30 4398 4518
 899 341.000  59.000  10  -9 3159 3279
 900 270.000  49.000  10 -30 1168 1288
 901  15.000  69.000  10 -30 1167 1287
 902 186.000 135.000  10 -32 2871 2991
 903 146.000 376.000  10 -26  937 1057
 904 385.000 295.000  10 -30  509  629
 905  30.000 301.000  10 -10 1110 1230
 906 274.000 261.000  10 -20 6828 6948
 907 253.000  50.000  10 -20  903 1023
 908 419.000 418.000  10 -10  996 1116
 909  89.000  65.000  10 -20 2881 3001
 910 409.000 255.000  10 -23 6090 6210
 911 335.000  46.000  10 -15 5367 5487
 912 162.000 388.000  10 -16 4504 4624
 913  46.000 163.000  10 -20 3704 3824
 914 346.000  60.000  10 -20 1285 1405
 915  44.000 440.000  10 -10 3155 3275
 916 398.000 103.000  10 -20 1114 1234
 917 235.000 316.000  10 -17 2623 2743
 918  13.000 394.000  10 -20 1490 1610
 919  90.000 285.000  10 -20 1105 1225
 920 366.000 334.000  10  -5 1641 1761
 921  75.000 118.000  10 -20 1636 1756
 922 111.000 392.000  10 -20 4676 4796
 923 405.000 454.000  10 -23 5212 5332
 924  13.000 455.000  10 -11 1243 1363
 925 244.000 277.000  10 -17 5205 5325
 926 146.000 439.000  10 -20 1037 1157
 927 130.000 494.000  10 -30 3035 3155
 928 480.000 131.000  10 -10 2750 2870
 929 175.000 422.000  10 -20 5786 5906
 930 459.000  17.000  10 -10 1645 1765
 931  53.000 466.000  10 -10 1340 1460
 932 491.000 369.000  10 -10 2918 3038
 933 365.000  74.000  10 -30 3394 3514
 934 246.000 314.000  10 -30 5781 5901
 935 344.000  62.000  10 -20 1386 1506
 936 374.000 489.000  10 -10 1017 1137
 937 435.000  11.000  10 -20 1189 1309
 938  91.000 101.000  10 -10 1193 1313
 939 435.000  20.000  10 -20 1526 1646
 940 360.000 284.000  10 -25 2666 2786
 941 314.000 205.000  10 -14 6107 6227
 942 317.000 123.000  10 -20  761  881
 943  16.000 460.000  10 -30 1643 1763
 944 200.000 265.000  10 -20  610  730
 945 111.000 464.000  10 -30 1242 1362
 946 211.000 248.000  10 -10   96  216
 947 418.000  75.000  10 -20 1792 1912
 948 215.000 395.000  10 -10  968 1088
 949  57.000 183.000  10  -8 4401 4521
 950  24.000  65.000  10 -10 1461 1581
 951 490.000 286.000  10 -10 2089 2209
 952 398.000  20.000  10 -40 1076 1196
 953 179.000  75.000  10 -40 2960 3080
 954  92.000 236.000  10 -30 1031 1151
 955 480.000 136.000  10 -20  967 1087
 956 297.000 283.000  10 -13 5398 5518
 957 399.000 106.000  10 -20 1207 1327
 958 294.000 421.000  10 -20 6302 6422
 959 388.000 331.000  10 -10  580  700
 960 489.000 338.000  10 -20 5589 5709
 961 131.000  56.000  10 -27 1023 1143
 962  68.000 160.000  10 -10 4543 4663
 963  32.000 319.000  10 -12 1602 1722
 964 429.000  67.000  10 -20 2929 3049
 965  66.000  31.000  10 -12 4194 4314
 966 226.000 423.000  10 -30  788  908
 967  97.000 288.000  10 -25 5136 5256
 968 460.000   2.000  10  -9 1412 1532
 969  67.000 451.000  10 -20 4862 4982
 970 215.000 282.000  10 -24 5762 5882
 971  18.000  24.000  10 -30 2513 2633
 972  37.000 281.000  10  -4 1973 2093
 973  59.000 459.000  10 -12 1245 1365
 974  12.000 451.000  10  -5 1186 1306
 975  67.000 334.000  10 -10  923 1043
 976 230.000 487.000  10 -10 4518 4638
 977 257.000 391.000  10 -10 6532 6652
 978 359.000 179.000  10 -20  649  769
 979 241.000 205.000  10 -17  472  592
 980  80.000 251.000  10 -10 1214 1334
 981 267.000 394.000  10 -10 1037 1157
 982 272.000 420.000  10  -9 5543 5663
 983 459.000  53.000  10 -30 4489 4609
 984 487.000 320.000  10 -10 3431 3551
 985  79.000  80.000  10 -28 5528 5648
 986  87.000   3.000  10 -20 5732 5852
 987  12.000 358.000  10 -18 4897 5017
 988 457.000 492.000  10 -14 2032 2152
 989 475.000 480.000  10 -20 1518 1638
 990 297.000 131.000  10 -27 4662 4782
 991  90.000 232.000  10 -10  846  966
 992 406.000  87.000  10 -10 1252 1372
 993 439.000 268.000  10 -30 1191 1311
 994 475.000 477.000  10 -10 1618 1738
 995 488.000  26.000  10 -10 1731 1851
 996  28.000 467.000  10 -30 5370 5490
 997 351.000 128.000  10 -10 5013 5133
 998 452.000 172.000  10 -20 2433 2553
 999 390.000 249.000  10 -10 2327 2447
1000 268.000 400.000  10 -20  973 1093
1001  89.000 290.000  10 -20  670  790
1002  56.000 268.000  10 -17 4256 4376
1003 195.000 464.000  10  -7 6165 6285
1004 398.000 325.000  10 -20  933 1053
1005 102.000 422.000  10  -9  905 1025
1006 406.000 460.000  10 -20 2877 2997
1007  44.000 496.000  10 -30 1607 1727
1008   8.000 300.000  10 -16 1423 1543
1009 442.000 243.000  10 -15 1154 1274
1010 397.000  57.000  10 -10 5904 6024
1011 263.000 418.000  10 -20 1114 1234
1012 333.000 293.000  10 -22 2468 2588
1013 109.000 463.000  10 -20 1334 1454
1014 485.000  27.000  10 -10 1784 1904
1015 250.000 250.000   0   0    0 7284
