10 10 1000 15 1000 
  0  25.000  25.000   0   0    0 1000
  1  34.548  16.947   0   9  527  647
  2  28.402  46.895   0  10  143  263
  3  16.459  40.222   0  14  144  264
  4   2.980  41.789   0  11  154  274
  5  27.881  11.250   0  12  203  323
  6  12.338  31.567   0  14   22  142
  7  24.993  36.846   0   6  137  257
  8  34.128  43.463   0  12  411  531
  9  37.055  14.494   0  10  510  630
 10  42.347  34.900   0  12  193  313
 11  13.850  26.773   0  -9  549  669
 12  34.924  33.086   0 -10  158  278
 13  31.720  11.567   0 -14  176  296
 14  28.881  37.179   0 -11  180  300
 15  41.328  33.122   0 -12  228  348
 16  17.327  29.285   0 -14   27  147
 17  22.503  21.888   0  -6  152  272
 18  22.048  24.351   0 -12  433  553
 19  36.595  28.844   0 -10  524  644
 20   1.654   3.597   0 -12  244  364
 21  25.000  25.000   0   0    0 1000
